0.07372189843296441
0.9810831942709018
0.4087020081612311
1.7092981464861459
0.04751140669767499
0.22740554495858267
2.1175710150904985
0.30494976159158504
0.16379676973573687
0.6307966679276662
0.5575936394850308
0.44637762915645973
1.467709275557522
0.13499290885884005
0.012582734686900984
0.10943974992198528
0.0127421185108693
0.04746115285377653
1.8525100190083061
0.6365996636871774
0.30050741430877487
0.7125241474617947
0.2205241069368492
0.03241180065445799
0.17931003649131264
0.7489289350798022
0.14624905509931438
2.451860224806147
0.23870739970428967
0.5403534134847288
0.2716497266859949
0.7173325898827078
1.3427890892281027
1.0417630329946652
0.2913255970070618
1.1522645202344615
0.4298036101789177
0.048975407954559055
0.2973917892131414
1.6174487690658803
0.36497889525724264
0.043878701731873984
0.027654538788945353
0.6504173473299053
1.4257531093515752
0.7466302573517597
0.12968630335905826
0.43857189631436333
0.6003659507303722
0.48860610477660976
0.006225651193899461
1.232562403510102
0.10386928970210227
0.5037187012565745
1.0843264654669789
1.114772967411565
0.5179702669231696
0.47468748859752274
0.14367093872472447
0.8217035395878873
0.31878333878624293
0.19376905614993714
0.6447928463360063
0.28272190775507844
0.1154816545240123
0.013290992561201455
0.43513706459735396
0.04891902299364978
0.4530799825680987
1.387931833150701
0.10216381628347217
0.40817728431447575
0.5486557964121384
0.01894968251886616
1.749955716308069
0.3277157717959929
0.039614046202651965
0.06374691964053862
0.0979728962085459
0.16444316748468404
0.32521832730565897
0.42643677481856374
0.4454715993294172
0.4827537673694646
0.43675257581024823
0.4253132837326915
0.24575562784025506
0.44429272976859807
0.07345551960683024
0.4585757602010709
1.6008705069799645
1.5240998123727856
0.928665394949804
0.6948222820293654
0.3287111716048784
0.22989787999835487
0.2581853998814256
0.4580027088397354
0.5609283298867883
0.33500753835421987
0.11298011345392152
0.1824070608707659
0.5604635261003138
0.051451209145185785
0.8366950850336687
1.0436741401847365
0.16803240133380024
0.19067722457211214
0.2818835269900091
0.11848950727174853
0.18465400463634427
0.3046292067274226
0.3816182248954406
0.22328667125851967
1.3150974499298302
0.01087395709407553
1.454676987585186
1.9952558867904189
2.3814146001688017
0.10314006721554418
0.2904512025285792
0.6412996808688427
0.020369970875898005
0.8249473699968987
0.1861698460078484
0.1921899327542124
2.2484914152505935
0.14268756831077348
0.5062775740645885
1.280503244875445
0.46026249674349984
0.34298689841275115
0.15916863027496422
0.6252805606568914
0.337405160281733
2.314920654832936
0.09358778064295548
0.22108185220714383
1.761027230348402
0.23466617312229263
0.014264204274387175
0.8751582686877086
0.5341605112445261
0.10725900732335956
0.42786161958088537
0.8221826855951675
0.6692742279905881
0.18361034921244157
0.7959401413559773
0.8290164844363339
0.44965806679850473
1.312778985448388
0.7752695430257044
0.3711535925515984
0.1062486451823536
0.2140987099187298
0.9867066687928534
0.09995584377937262
0.3451916904692534
0.29928260114059885
0.04394338520970121
0.6167135671103902
0.914128626950158
0.4597214409079664
0.30123155469560925
0.5915698902829779
0.07798365480648044
0.02017128910906091
0.1820968006311939
0.7938047908514411
0.7004580280770911
0.7020825455393359
0.13633477591202378
0.04014226225136007
1.4389765036863604
0.43262736425258796
1.5564118273605374
0.22418501704630514
0.29018746803672124
1.2012550682069496
0.9000179165416217
0.36852755268717047
0.1494440560753105
0.8642967975712232
0.12733790372488935
0.7782548950650249
1.6962046040935368
0.9378143967716217
0.9573579948497374
0.03592399255770437
0.09851975494784644
0.033560785311387155
1.2899866520350742
1.4259102925796858
0.05330724440139285
0.5686267630837762
0.696776000750011
0.7890437163361095
0.47542513070790426
0.16925597616479857
0.48499917096100786
0.31775477588945433
0.2733812420532373
0.4177028684675544
0.7104122340984917
0.0536925347944318
0.10387796077081447
1.3309457748502938
0.8002066331053647
0.6600103495563683
0.21770872344111292
0.250031505138085
0.10751675521221252
0.13550274590195419
0.8125352116993325
0.8099653805364173
0.9595325993020903
0.7133776395941369
0.0695311128095317
0.7996083851485106
0.10156524343762577
0.28860427292273116
0.726956213388057
0.09421355873501717
0.11456148048844268
2.268208029184727
0.23040831380036625
0.33292782216835703
1.0368275160126024
0.8737046330185549
0.8144202397701152
0.22741093568835696
0.2555683306525685
0.18254569401374413
2.361391793640105
1.3393213479886803
0.4017345469613568
0.7643000751970291
0.44886310025401593
0.05648383504886795
3.2317098284700414
0.5872757115451311
0.5246039491579971
0.0982263724474914
0.816521341457877
0.09517712608832803
0.6721787692013845
1.318615674983032
0.1563301357990714
0.386552106943966
0.06259556017533038
0.5616174396565057
0.21510285583735822
4.196587960543467
0.1742769228932672
0.4638666373132402
0.5031824235533885
1.001174988286332
0.6252580544742367
0.6060056976066244
0.5158357781422219
0.529847868062891
0.5589937326730171
0.31023570930774774
1.371508182360152
0.8784360824785569
0.841640316499348
0.5012954160485988
1.071290996098308
1.8393269054010633
0.4653515384130357
1.991050811241608
0.8552744845212328
0.15720898391927016
0.2556412476778005
0.11982235235456978
0.6455386607778347
1.6900933866312864
0.20587106794828727
2.5337212353129646
0.7227341452052573
0.1561849902910468
1.5262403192631973
0.32703671987383137
0.15481996972142484
0.22644782527401067
0.908929472222069
0.9173163510918838
0.5110745738274193
0.34460849465427945
0.013028922550632649
0.7881360873187814
0.10150208387897099
0.030540812577682378
1.477521410237202
0.37547939322144047
0.3959219384091665
0.1061374344908363
0.08906130883942578
0.1987326391358648
2.031733527898303
1.364900110087251
1.0382642923676637
0.20219300152152322
1.0724670890248698
1.136444578996203
1.073165563474544
0.249266799073939
0.32067942266057675
0.2383942303353392
0.0775786157080611
0.13235935630711268
1.3845967079089325
1.4492298597182713
0.7822677718975856
0.489297583675543
0.6062247685408336
1.2881975190326924
0.22595744476195573
0.031091197762113203
0.8027188316143772
1.9372985645621814
0.8343105723989841
0.8882149108855614
0.460777986967321
0.2541298255979426
0.149083626818499
1.0870546059454271
0.72116831597266
0.595365648232487
0.3109406401211457
1.0321820940966968
0.3217825953232716
0.7483612773400184
0.29207689301790307
0.30095661824500874
0.4066549272001744
0.5730643870662799
0.24198930396761156
0.844811630383135
0.3826196398212052
0.44479195896600093
1.7038765437641445
0.22629068745890035
0.22356156348067302
0.5732735461162959
0.4607995666510973
0.2999582265220435
0.7993280184936555
0.14184145755095692
0.09546150044263652
0.7212236352630075
0.34509631088127185
0.4108437004137625
0.5656690757343367
0.17267713391279868
0.12731495264013595
0.29710401112667123
0.6218702422381309
0.9592699797265636
0.10411776066537741
0.12399341454659235
0.008321153155115585
1.490466542147769
0.47055446103150156
0.7516796033686629
0.44436733236715065
1.6958589462360976
0.20995853492013317
0.2883129867337202
0.527032370602899
3.305353679751647
0.6279484135798648
0.5937436042368668
1.3889265677021156
0.6607446110837601
0.7229694765423784
0.34643665839433624
2.6114534034070673
0.03398894159610592
0.27136811996656285
0.5421005314787221
0.07315117792464149
0.1050696412024445
0.4681471550491024
0.4924362096772158
0.2860061427396807
0.43995747599756585
0.07442026333282895
0.16145637641718874
0.1659295975492579
0.011842214593832313
0.09259574036592161
0.9355602815638481
0.5894794874044159
0.6745480656743044
0.8663021749274648
0.10600649846024472
0.10451315182686567
1.5856972438354786
0.20875259842715468
0.18411802277825318
1.4081712199424117
0.3068020142644666
1.1221702958354536
0.2260225657638519
0.12397811272207349
0.05202515434025164
1.0685415433914638
0.5875259935759571
0.4127931969623624
0.8066566728505075
0.7928501253055039
0.10384692698606789
1.0160717301163074
0.18188367477554343
2.103495136966509
0.0912083224486459
0.05984320380731622
0.5960561992052815
0.4869727457771868
1.0871645049292638
0.046921547791517665
0.3481233101859068
0.5465692517208344
0.592738265038815
0.5234493251711099
1.3954605910301277
0.1927066816646652
0.8407675823493179
0.3678344585776626
2.3691733480558255
0.5938310801489909
0.11576703774576164
0.32978321470109934
0.1745775629705607
0.02781522522105615
2.19065448216284
1.1946075103133176
1.113571420141045
1.3297727514969735
1.8631112291639296
0.46918300313042766
0.6051904633954244
1.0894887133508986
0.08825125817322903
0.3414856541069659
0.36814958942274684
0.04257980304565749
0.07327427042986856
2.1833613680633643
0.5521824448514909
0.029942606980749485
0.5037203075012175
0.4545501481979414
0.43049732704594523
0.28131488100977475
0.5236729534621442
0.6059475426200437
0.7743038205758559
1.0538474946657792
0.6250356551625562
0.2978219991768942
0.7702783863506116
1.4893710610988626
1.3600958874534093
0.12723285253320132
0.848362629422642
2.131531664040443
0.30750121201553404
0.8696552252737114
1.3072892528225792
0.15872893855030595
0.1967909655235034
0.4968073678310616
1.8425020121617848
0.5769166738862684
0.9454994012810614
0.5938895039636521
1.5241782351710425
2.173950971188988
0.5661362195363776
0.31126769125532633
0.5217438724017298
0.1112902110030456
0.16339682595324984
0.8213901898250843
0.5576941709334329
1.5010963398838078
0.6315904247150309
0.5225552131333794
0.09159404090265666
0.7621977046836068
0.3662593477390756
0.603925064718952
0.04293497190800902
0.6080795132594479
0.2600048445994106
0.06530342310715692
0.662042788427498
0.4693589462641908
0.5203443981264277
0.05729741478837881
0.39772657868647104
0.3559309267328402
0.13381507699844725
0.29340674462382993
0.5726771227374666
0.0887485786953567
0.7676111758580155
0.9710068422230806
0.5531987264042306
0.19801029810395296
0.45482507414276463
0.39537456538391597
0.18978364674608686
0.6036704419148096
0.10880491233676927
0.17393515052646072
2.6423103046615775
0.2999830171851999
0.033167292507906454
0.5575905162180196
0.8992144155658336
1.1995742689318176
0.16285316535925656
0.39380816038481997
0.6739535912874204
0.9018247120191181
0.32805678587050424
0.05822847257191122
0.9737330964810682
0.7512973949536647
1.4182561635327886
0.4934763265088477
0.24172260073559537
0.1339247316581215
0.07166078040742901
1.3792452807927076
0.028192145880576124
1.7346349484274075
0.5211651328865022
0.4655853630102242
0.06461528400164436
1.9091660484109676
0.0430141751844458
1.3663343937995436
0.14519895002380176
0.2987874790057248
1.7005212355426815
0.3538755422550718
0.43192008843651825
2.1412589609202737
0.13227165303155064
0.4496665260961137
0.8268968622935993
0.9247970246333679
0.951498136885778
1.7447152151997751
0.8844630383337504
0.43534372220052436
0.5375458434960934
0.2340734644302967
0.19777666211978343
0.06822439612135446
0.05285775776055212
0.005598531620073944
0.7586822152337144
0.42564146221040916
0.4002969127821426
0.9922926754977901
0.2345328320304283
0.08534785364729464
0.9092354444012204
1.1689876603364662
0.5258056712457762
1.062129113226605
0.6960972255901864
0.33731564979500267
1.1920516192009165
0.21747239662135942
0.56849071816348
0.11817239157419633
0.4564635207777494
0.10698672768724268
1.9214293920348318
0.7557476816895864
0.13748128664630194
0.12451604371298824
0.16144181950380443
0.6226866900347608
0.13351853959696874
0.3133293406800231
0.12337705243613568
0.25209286921654595
0.08736965224377397
1.4437696352899154
0.5998639563580985
0.0973269523983429
0.3713744737502431
0.01531147710506697
0.09611232363045802
0.021875894114532175
0.3373159021611474
0.014853804471345065
0.018489836784414546
0.8663140115874944
1.239482990435087
0.38060165653929595
0.019333733159932736
0.19105508605976615
0.15750141934412598
0.5961222954837785
0.006255469827326871
0.005886296414378655
0.17943872865268856
0.016689614620004612
0.05807846503690873
0.5398218918563557
0.08077496948009301
0.4560202277259478
1.2818604675014738
0.9437825722772051
0.21175387616658178
1.018910248904747
0.19923088921001972
0.2322572960830522
0.1545227998262703
0.2543756505014829
0.7798169318706143
0.6631325469047422
0.3135210786980762
0.8198156554541042
0.11162340683312677
1.8149433751423014
0.16280594037952761
1.541613028813004
1.337697636823897
0.7929968971673196
0.3920207920951677
1.484672781096768
1.4334779997980172
0.2819552636882615
0.21173319506564114
0.5346856492646411
0.1583358339294463
0.28435667060277847
0.32952595663416734
0.7733185927200094
0.3596212277741357
0.013709649478017866
0.5978066607761687
0.6255843237330184
1.2198176207772211
1.6659593118215186
0.1220346521853456
1.8092299540203363
0.11023786251599584
0.02743377232691877
0.012333649116986168
1.8804778373544007
1.2817079756998309
0.08023632446259259
1.0070762282351546
0.9064136862152292
0.048788012247814726
0.5474284834340151
0.018986620986078347
0.28924042748812345
0.8872394367653964
0.8558737027834525
0.5622976205981988
1.2576596253264753
0.3031615090659232
2.326762601609287
0.31934279035458074
0.7248374243592994
1.0371914671647517
0.8621828154250131
1.6090438136484218
0.1718266216439527
1.0850239900171097
0.23897480015720352
0.08912423136459531
0.6024240626055105
0.23044755325999625
0.33457826766365945
1.3433936061723213
0.06525893406005759
0.6915002530027111
3.2327481914100997
0.317543850084853
0.07100952897706005
0.9531909172258506
0.20307080221586443
0.9960252225509124
0.17445478597558556
0.4148819801346067
3.314304596719027
0.462190947649746
0.03269654597083849
0.04683329002676787
0.5337552415506706
0.160470965221485
0.10227132877682667
1.80237389029702
0.0230093366461585
0.050848170456746423
0.4154528689795611
0.4192273460412154
1.0079995834208084
0.20376028991777245
0.2990702813287404
0.35072421463311515
0.7269269945139795
0.16045960296663295
0.187434490903393
0.8355229540171702
1.2542927645740731
0.9496654303007356
0.23270690310568898
0.1485446570424745
0.5556579321914076
1.3317605843028302
1.3094042272177921
0.8685991923540981
0.028004634755741015
0.2742745720811885
0.9498317119278759
0.8502779191124391
0.12994647353857217
0.04845972823321912
1.274591965774954
0.13799550556751525
0.43535308663359706
0.9173227097614555
0.6225086010424237
0.5157975616735466
0.24137052704414352
0.062281539956773484
0.7071342756480173
0.4265771593783455
1.1484648744574844
0.4379191144987968
1.3267363838559911
0.3392969473341035
0.38965846353378947
0.21051868830322507
0.5967152930334011
1.3204161841623423
1.0661313310901854
0.19953755865430733
0.5103356561901229
0.5360755719743814
1.222938771970376
0.35175620009047975
0.3684794323100421
0.16599077537017612
0.030102723305568325
0.7521456782951281
1.3530141632455335
0.43239583010040067
0.36307595936106796
0.5312592309801872
0.15803302815757705
0.813661556317659
1.560402527355665
0.8515012391115292
0.4476753341485943
0.07569303370397877
0.063850484887524
1.4652910939245762
0.1503568982771697
0.10813277362878344
0.3698979404094312
0.02676172063986016
0.6141920171277356
0.8560779488001592
0.7810623622040316
0.3793217599646994
1.641636309806834
0.2839592299978279
0.22501678034503905
0.2502017222401839
0.28747979078683666
0.0872467884099004
0.3314356583123198
0.3734449592983416
0.6893300538856597
0.2738243462307022
0.32069185280782947
0.010900001863522581
1.4770106969370986
0.23259987471642515
0.2010170473779237
1.0819729369320106
0.021243145463791257
0.04860610333912182
1.1419727395672192
0.5040987579012508
0.6671987378583969
2.74547471705544
0.9979849734457628
0.20572923131651266
0.081456779196408
0.2927607745166208
0.7170909476484257
0.13370882322214436
0.02242076985524295
0.5512070106980654
1.7103630330480535
0.22076794449264714
0.6509214539461137
0.6772966464939297
0.06300576125923552
0.14786248488419426
0.5052383641598189
0.7588654547545475
0.7953386994261149
1.172505037397347
1.1463710851685012
0.382256490519297
0.6671364758549146
0.0208966436464773
1.6989345061614498
1.9625025609770088
0.015130380990494685
0.24717485381320653
0.22363223744222177
0.3168922518873886
0.7574050299082405
0.9400765220905574
1.4839357272944793
0.027928057116239188
0.3159081053035449
0.45775528390961573
0.8173194167223211
1.7274973318634663
0.2936314472143962
0.145686715294465
0.6046859665051377
0.13641590897598618
0.20720403259903603
0.3359426347450702
0.5806765629344031
0.11921812927326195
3.1340729807248597
0.968356544248186
0.8695486280831545
0.8254509008329074
0.12148355264585221
0.12838116500091018
0.2813626890153136
0.012800857538744801
0.10170413384285608
0.6852899465280586
0.1075624565379984
0.2544199745758742
0.8775499861639529
0.049337804479546644
0.6726880711086385
0.34504786027829903
0.2578368731553515
0.40851004266760765
2.7085018305643875
0.5525717282117633
0.1130157235959586
0.7671111826896303
0.06408134356100557
0.1830533611006885
0.10421023283208541
0.3596571806860924
0.27747616450336254
0.13360581124895335
1.2224288758397313
0.25333627110965434
0.40811315149915767
0.7131382134460282
0.22630506558135344
0.8846967948684756
0.6749127416297652
0.2266693322946616
1.292768425916505
1.0081511213448853
1.080284051850272
1.0968164699663006
0.749552065950133
0.6883171962772006
1.282382980925503
0.22969966100197511
0.5348137489440302
1.3630799885632
0.2727090412984966
0.27104225743791194
0.7775202011667963
0.4001233604911062
0.24419290054710838
0.5453012359975477
0.38063255026778847
0.052877290662981476
0.09584995178719463
0.2983275581596648
0.05013510061228434
0.08662374485564563
0.0784047999891039
0.41726356394695246
0.9110138609382437
0.04782752913825233
0.1613132126280248
1.738589690859317
0.858167292985672
0.17635226548401284
0.629226678150952
0.2288264621801302
2.0568995544509665
1.0490304945280058
0.5082282123566716
0.039862062115454275
0.5449993392036396
0.13528059165712147
0.11092699145951752
1.9005815981234928
0.27238042600367435
0.14454436203432108
0.40812570484984845
0.7989177062888537
1.0964880819601623
0.7029667123784926
0.10633132317420667
0.05690502734074357
0.754111524755005
0.34608514206376956
0.12475962530489727
1.5591532160636576
0.08956397936555968
0.19752661603889946
0.5436852638955252
0.28114354193005375
0.018577829477036963
0.2419081793128392
0.1402546484463116
1.3184774820254832
0.48223854959556994
1.4493844117809132
0.22825926212435543
0.42670208733690557
0.029068695854525317
0.04121328252669734
0.6585453610181169
0.6617434610015013
0.3249291235394001
1.5385633186640022
0.05003635936154192
0.06549146062167469
2.853803516212238
0.3933182110637309
1.192802381940877
0.2672253837649379
0.33622729868065926
0.09243790456973708
0.3457986663023459
1.0261419339388906
0.3518060491080085
0.0855851494476814
0.15821611148362894
0.21300187807241203
0.8458889149591845
0.47772605534715173
0.41975843815088415
1.021399667188944
1.2097274495135208
0.05558303877697032
0.7194453944170935
0.8526974209106422
0.017213146764254828
1.2073895636532876
0.2366272360236761
0.7202698590006342
0.13809069094834864
0.5053919382328103
0.11648210274037828
0.6235344258941227
0.5081355927005694
0.6903824420144642
0.31188763817746745
0.021673472688304263
0.0428582636599037
1.7447855252318774
0.8054313823585934
0.2659912744047076
1.1955280097826182
0.1311149076237667
0.3456103569396843
0.46530850480006164
0.04608918824491932
1.8143731985686427
0.8063140356661733
0.06139140369042968
0.04272279321627709
0.9912427087134222
0.3984460513187846
0.6208690105423222
0.5598537083404213
0.6684230774626924
0.18078495179208065
0.5056147596497126
1.6369931316178334
0.8186781886467932
0.685004976154878
1.4279831133815821
0.14850034232076545
2.2178192761995903
0.293860445939741
0.21141780387830925
0.43695243750978696
0.1381876978082737
0.0723505572656879
0.5303007495733223
0.2561539038513741
0.05021588737437076
0.1489250196271974
0.7906034403494309
0.8666673982248543
0.01924416479435365
0.08045479345624296
1.1497359491276389
1.1906271768614196
0.12894066922734881
0.5616571753687646
0.6207506867588065
1.0303848134054006
0.5853207791738695
1.0261323421730293
0.25815056336904496
0.9282291159968471
0.45225973235597583
0.36990130119794845
0.8275178459178738
0.03342009945985091
0.02756159204300327
0.13474930241520552
0.6774952305768983
0.7035536109107307
0.09651056486820357
1.432067007156205
0.047092734838588626
0.6532380280135952
0.2819727804015606
0.02239955714763607
2.267619697407944
1.4320911279527413
0.648744476011192
0.5980386710321145
0.5710939971223039
0.48410819844996883
0.8312524256177146
1.9319676325978945
0.36294633550979966
0.1496109341966485
0.31937317994374986
0.12672942946656962
0.13399748030793843
1.855268966169236
0.2950537008410833
0.7240747413638425
0.2872971067972866
2.951586088868761
0.11997166430392811
1.3199908474782498
0.42825173755606555
0.12164330708256617
0.44315573226443994
0.01830350443482603
0.8725170860710133
1.1106313345935348
0.09844721039860399
0.37609372163355886
0.767635209564542
0.07697459547839604
0.04250250467274423
1.4262559654027065
1.0307025234743594
0.09326677256541434
2.1991050004574495
0.26617888583692617
1.1884081186378623
1.4557811102672464
0.013038502909623087
0.4762980262123518
1.1338151151469738
0.5960886633208232
0.18396819842088694
0.6232849885181933
0.25116075031024987
0.22907883229571124
0.448558017092247
0.03718782915295794
0.7280503769925821
0.49401144069062597
0.031971298942645845
0.3190382356861262
0.30352227257622344
0.24883376698140616
0.258719386694504
1.1952431345620307
0.8056272404416461
1.2818500547577871
0.7062657467600493
0.11523202068251825
0.11262908458158362
1.1160133720136416
0.27123494415337274
0.11174685582266221
1.325482313204231
0.133679869646983
0.14474310157517206
2.3363638262541553
0.1643989486945005
0.10133866023719164
0.8606335535261065
0.3336300241229337
0.6651600972440199
0.6445089687517099
0.05037308662270991
0.18017555494709475
0.42534688441368135
0.10561152003571563
0.27698513405563907
0.40863391731040954
0.25599266319960595
0.3530012863486135
0.4456219071749065
0.31907611508210343
0.009180267597398073
1.2009419400659667
0.1232169225591306
0.041178909982007184
0.2158508094883633
1.204206139598944
0.12856179008287716
0.0640477012773466
0.17099548809727852
0.2555739239969908
0.35399850470178995
0.007219270817653737
0.6657692167787275
0.09239318699487248
0.5391974073223047
0.3282882190495989
0.5297608774554894
0.3344431637981977
0.2596340164966213
0.6928997530153989
0.08845719051996888
0.2674626331192314
0.5557876397263111
0.1927116224998096
0.4725662338686211
0.4304136267354002
0.44468373844249787
2.018938754636214
0.37013265294601283
1.1916709787249415
1.350573120673856
1.3085371046972036
1.6461725574974237
0.5882057477974982
0.5723720907229469
0.5763792536595349
0.4704282556230015
0.6119783483099646
3.8958592014749795
2.393684992008362
1.697225486048305
0.6145043737433263
0.6280052049748125
1.5183454384586026
0.18097853687258605
0.3978343168242209
0.06697056765270853
0.16376044594446423
0.722760873619863
0.1451575395923312
0.20143675898628266
0.8489348073418358
0.7574950025956103
1.254367206738112
0.1427089507314592
0.08541076026134319
0.6080755282643806
0.3092630555981449
0.21569163864259078
0.7521110076886662
0.24497109731097755
0.7341010804279959
0.032142385666356334
0.016271310755410776
0.7989287241393208
0.22650530195705865
0.02219838706016441
0.610636457575001
0.14331901829004584
0.6292759890597996
0.3256625751480874
0.05680642801844166
0.2095997226336575
0.5843866624499736
0.1474591121003779
0.04467324583339106
1.5236431763310876
0.06935610367863651
0.07068077704797175
1.0951666238374904
0.22637079836429752
0.7610000689865927
1.0970541193534582
0.14595533361545612
0.5156172779597706
0.3687485546340091
0.15814889799131746
0.04947086263140415
1.412749329722316
1.5664739810129127
0.6143996813186764
0.4725358547964969
0.14031801628804835
0.24850779964017236
0.7914809117450402
0.18245634829957638
0.03382792408986413
0.07293997718532298
0.22758670647794138
0.7214670130561945
1.0065779150046188
0.8540970986391748
0.5418944147161
1.9118962070494343
0.041157710345606516
0.5678201268982365
0.5587642977731231
0.1957987017398099
0.04464738072467909
0.3673924550031652
0.1035824837043773
0.0044599160447490235
0.4346990051154305
0.07634056154864509
0.2187272196124202
0.45997908177341035
0.22425689166595955
0.2095929657838678
0.2839389862776999
0.32203502324527317
0.8178576634945953
0.9496588009912037
0.11745980994818568
0.02281346211255706
0.5378560794304793
0.5412118675126596
0.22184030926520368
0.7240023802908103
0.6963695757114262
0.23818556056207912
0.6525009244231592
0.41440237477719516
0.8531740321742534
0.22728554694592581
0.7623039640121936
1.6847022923138995
2.1248501701971243
0.3595876879111903
1.0555697390153185
0.6074693299067933
2.5099925791829674
0.10940857960239044
0.03838532746337894
0.10321361726777793
0.13808126481382144
1.8090247810515003
0.08668518242122725
0.13714613234951953
0.5999705719507448
0.21431665942922312
0.35406955307229737
1.1807770537978997
0.07866307607672143
0.4096936253411259
0.5013705638991314
0.09814467065078852
0.2030656978966943
0.49167286038286134
0.405605128296327
0.7078246557794277
0.6416886013192565
0.8493387210638311
0.14120151536305708
0.5162170446237189
0.23042455405256818
0.4710734415977444
0.635965904799235
1.2551326328971188
0.029392317402520348
0.05962549056750025
0.35049538665183944
0.4058338427604541
0.10685210022614558
0.5388439788609563
1.0788312347425046
0.4641318187660881
1.406951117238892
0.6654184278294891
0.537290609238645
0.46174870430117626
0.4714599257601514
0.13740105745423345
0.6238463457009846
1.736236807594105
1.08519124223729
0.1505348128542766
0.08868057361895341
0.2275550253176301
0.40378220696620554
0.23345426697665686
1.3426105787791665
1.1017366452602206
0.2814601372320735
0.7235722072393032
0.03796479642398862
0.21907148155013406
2.6124623921112753
0.4978950966942012
1.2286131500450947
0.4185546297016397
0.14555631400380437
0.6928787708322712
0.2464873054008139
0.24838459511681954
0.3208582380250702
0.34191182902279443
0.01610869156953332
0.07128330105387165
0.2367436538538383
1.6199669720963923
0.5093019433531413
1.3072438665067077
0.043565254526177634
0.83128536303653
1.3716205173102143
0.2242744881799588
0.13662522511660588
0.675326700055495
0.05764628435958242
0.11300154046397112
0.3456717939625023
1.3172175636612817
0.9805725620927616
0.6291202436268287
0.39149749495154856
0.04209909731920789
1.5369107434608513
0.45908459646038063
0.7791758900039936
0.2732189163122624
0.4549997780802942
0.04703431485922261
0.10107303092618326
0.08940893171730717
0.5127352703657677
1.7233104043319891
0.17201690284795998
0.07954677442633575
0.9984167460822564
0.03453022520166815
0.1807904717144392
0.7347726737923624
0.4894337168931472
1.2714747004372093
0.5141273562614739
0.17251979817462407
0.6520222889960665
2.1321335103463417
1.6302097453317235
0.331998134730255
0.4317978586158355
0.2720520933300927
0.20699536190542683
0.3906490668556371
0.06968276925954857
0.9527033518366693
0.5722461024820067
0.5123467948501825
0.23698652440977783
0.5708905562068821
2.1065396442445414
0.0745957934232426
0.08017148601159368
1.9374174044365862
0.7472485129872267
1.353715538626968
0.4395609838003654
0.09888445670420552
0.22660767535223159
0.2094970914150185
0.44953888223321353
0.44641461534597143
0.8019091132512921
1.610162929385339
0.5382949197469719
1.2378952671905576
2.9983985123296484
1.223488421212581
1.3770886378722167
0.27632736028164884
0.09223105780629014
0.9678587130261231
0.26912717867376595
0.9334042226975987
0.3744972933142234
1.2240313038277795
0.5041401023282293
0.2881736378083651
0.13721817105020226
0.39267676872273016
2.127738203779591
1.2638543381443323
0.3220600694346282
0.023402799853448657
0.31478110368356355
1.7476707870635535
0.6657843129048145
0.5110613637769762
0.505490419564425
0.25125786672692124
0.4386880962391299
2.3240906409680866
0.05027681772089495
2.3649840127032875
0.5753883549778297
0.28272875522501734
0.8036389424894956
0.46868059336097007
0.5108930474627134
0.3186364952341063
0.3709280683329917
0.3436388554493161
0.22043111434475493
0.2998038703998289
0.34462944379676513
0.04831790702261887
1.2095658704867083
0.1227317524139906
0.14023005072672912
2.0282209595025575
0.034095620089091866
0.21932502984159125
0.26389052854026507
0.278926992519459
0.06514184350350527
1.1177068674563277
0.9609933863323727
0.37261917831582253
2.5519071555674286
0.6218746615973277
0.30196467489078843
0.48561407912092175
0.34559907852940813
0.1961042631523041
0.430519588271441
0.853934004981278
0.5586716799717497
0.35615317315445616
0.09700615561574859
0.10564632289238925
0.638766285600685
0.4790532465372675
0.3257987074394424
0.3752966448533706
0.061642796120420486
0.10536740646185613
0.41121980113386936
0.08464537464831037
0.020778290538641636
0.7560682972332087
0.5385045620833988
0.15967675000292958
1.212637798896401
0.09039408770801872
0.3955505845237668
0.046117452035155625
0.7482317482735852
0.35525771469085904
0.36701348968200087
0.2896640373381888
0.12606648757966754
0.581997239682194
0.13149770444226563
0.0481332734432597
0.6083155085270695
0.7655466807494014
0.5829282865873996
0.24190557386872996
0.8400226971789175
0.6999401891787487
0.0452982094987931
0.6340100468154882
0.40240648933319073
1.377045035794062
0.7063271368828019
0.3403830892705384
1.7074935128692588
0.7691092089841315
0.27057368063859083
1.0493973626934288
0.736587221256374
0.14124989308380084
1.1115859617135002
0.8461495772517478
0.16131261672632333
0.46848910682224715
0.11605221911009336
0.30240023440406044
0.49959270099816666
0.7246796474926253
0.5462178112820356
0.48297604763711127
0.21489314363363957
0.16790667751412916
0.25551668292413443
0.474058471570559
0.31544197696738807
2.681517526825514
0.2941466422332044
0.22030651718887934
0.5614818957227591
0.03697151925801161
0.5339975851704428
0.6370565365578638
0.13202119002375093
0.056927519919300985
1.3127713813264947
0.7365848542692477
0.03195909145079476
1.5491023697231445
0.4284175831115522
0.21586407443703007
0.8849122416561758
0.03308792572837944
0.056247233388586254
0.6925979805398549
0.24425057765514116
0.7614932807109078
0.23829786157472224
0.11165818464689063
0.9202253113094799
0.8133626341942695
0.10816732787968192
0.18435096869768047
0.6781983994512891
1.0636171606989835
0.028739666598019332
0.1541171942928157
1.1519142190440879
0.15121417462482012
0.624000678124438
0.14777178081308118
0.740856087747973
0.2630551191377134
0.6354059484346317
0.7645206371624866
2.0270930093067125
0.24321445245879195
0.2893138567733488
0.3251462548702183
0.989482170273723
0.2641015857131978
0.34774919836475504
0.5525597335139243
0.9798917015287775
1.255836371553689
0.16222434564346727
0.11704571487007243
0.5211162316275936
0.5394652029242226
0.06074809530152877
1.3532418442057736
0.46422309340403717
0.1691050628596243
0.08957187987339471
1.1046933648703645
1.6779224654840044
0.6719070464617618
0.43339989100197773
0.08085740017882345
2.4259385942740783
0.10067290046339421
0.13089608796134475
1.5982165362714595
0.56579140728442
2.3033333140197065
0.9690087204084552
0.6054094710645248
0.04965152529917367
0.7036715795184127
1.6367201566451572
1.1192472044650927
0.8924388881125956
0.14305683699718327
0.3352091744299821
0.362567218783666
0.1946600550899985
0.13693314803609372
1.0503969598956768
0.5375201286076874
0.5854855156180576
0.5278053066720355
0.04512479715186563
0.414547462752121
0.4945284862768037
0.6772442386693119
1.2898376595481456
1.1096966024137487
0.347521588252615
0.6272975757022741
0.29616823823511523
0.037745024139864976
0.7319592127222224
1.709226159305676
0.39032114269140067
0.4420518181414759
1.5517271335789653
0.25873217412565
0.794721381399474
1.526969829282355
0.7113400972589564
1.0738865558765063
0.4712129688619448
2.717907786909384
0.8038083307666016
2.0504462292358014
0.4892004303026863
0.5163104180037026
0.19965002286728753
0.13001029324692553
1.011396479699027
0.3213874105215823
0.5866310450559028
1.8011313861248215
0.47373903297130027
0.04334065654828271
0.23771778654297482
0.3489448000427429
0.18583314416690624
0.2980760352762356
3.0448803160419478
0.16118652879617795
1.3903677844738846
0.26451243195404767
0.02025551583716592
2.7019273130199215
0.23953384300129027
0.9953420873773915
0.9367549666344451
0.9485778286994792
0.6258714740671429
0.3850636393215893
1.9846695091639144
0.2966939696986016
0.10757414091861674
0.5390673995764451
0.5899188454543498
0.2886551908599265
0.5265356672857512
0.10937022858315747
0.01308171371839687
0.33611245996148525
0.38631004985931566
0.5821203384938105
0.9088792493033822
0.5364801559019795
0.7182257671852208
0.7342534950523016
0.3460066872010054
0.2900559168838354
0.7227939053897274
0.017959886478708553
0.08325057470028854
0.23450229588401741
0.964523825960112
0.949430034595847
0.1908604585159495
0.02497835824753902
0.05158293015240799
0.6251350366117047
0.3757136757891422
0.34267828627014246
1.1953034330244219
1.3086253916328392
2.152802812059903
0.308194973317594
0.135683379613816
0.23230762931189128
2.353609099426869
0.056947700276290335
0.9321315101833504
0.5099031290076547
0.3624535892245687
1.566983315647329
0.4590946149950395
0.06843587719139728
0.3364418092389541
0.4193303411320146
0.005201133999767264
0.3647790423625571
1.010965292064589
0.26484003203222994
0.18909175848288304
2.122923360666043
0.7409185063929123
0.17332160864065424
1.4166677624510848
0.05426304326374494
0.6132537628996094
0.12526253508608665
0.22670960247604963
0.005249910576332656
0.3894937805811017
0.6799218754894455
0.6179257668906516
1.0444322252981588
0.22606980364293086
0.22829497079833547
0.2744659228516627
0.109939162258
0.9302433304473323
0.46776287022263613
0.45807106286310395
0.9184499523799864
0.23941726035496652
0.11379135838067188
0.03773934865350205
1.4219104271214251
0.28045675357761574
0.4972794977711232
1.1616426847886991
0.22754046578925763
0.17831389841860873
1.8848157287414151
0.3692605569533108
0.6649866281762941
3.2675643058189405
0.43583119384786295
0.024734154614293586
0.04277928272714287
1.3492441237591895
0.15017870085399995
0.05449316721908183
0.3270961694667726
0.20689739486715167
0.7918557374113131
0.5453414508477881
0.6030671055692516
1.858593857475829
0.8373390314424126
1.4387795117863644
0.5222712016312546
0.32634286051254197
0.9889597745902116
0.46123527471340636
0.08537389539044937
0.06688080881039893
1.2493317247610831
0.5977104742608731
0.59118163840883
1.7465860757999268
0.13184610913558648
0.5936297880727254
0.6345201034273287
1.1573517026894071
0.1538263900001939
0.6683642189455714
0.07070193892238377
0.8021394670039778
0.5800471887076414
0.12036304124611226
0.3988990784429897
0.9056461657913087
0.24770028703792976
0.034073218401789396
0.2497276436254251
0.2213045928433372
0.022290834956201742
0.29069950341226775
0.5580573899264077
0.7872758260483314
0.3648564295566943
0.7232295219928713
0.6359256245653299
1.2631569147199713
0.7320609741862608
2.4546860011082954
0.7451856881244718
0.990152555007141
0.8763827199760161
0.6845332629754701
0.20129091879131467
0.013527322235054274
0.8242448589179053
0.4139391361592793
0.05036916739707136
0.7375417647273339
2.289017863337965
0.6816474867085623
0.13742377034699052
0.20997921397868505
0.03732779883439413
1.1712411869406292
1.3953271316296363
0.16625140390011567
0.8532918182656862
0.8914267761951915
1.0924456170913697
0.735630114190569
0.17266284817281433
0.1973090978267066
0.21273307518153084
0.13382812778751796
0.5044619812942194
0.600595526931663
0.3756570943201865
0.27126565875114605
0.21130955497140905
0.7469591732170716
0.2619326281657701
0.4563832433773838
0.07910188671496364
0.18001037170662898
2.640952556428739
1.9490370209382641
0.9803029104267641
0.5609188811425557
0.4196159882791493
0.048212186580779484
1.088325274077339
0.304018210700159
0.5061488528225295
0.36918828922987135
0.8295637000281776
0.1398162404051355
1.0367767779698982
0.03783756950573322
0.1792982850906835
0.42126676326619916
0.2545389563130315
1.64146289631116
1.3124229026316994
0.6557270567293292
0.24308748445552347
1.5838289715349607
0.4301482507950025
0.18294592281320735
0.7965926662038961
0.4802345637496295
0.6547162050912791
0.6634535084374352
0.1327532939791795
1.3555400612210413
1.469171710776295
0.196233074721623
0.19461226660821893
6.855471236302788
1.2108617674673556
0.08768249212440163
1.0465094322169552
0.2434258596490937
0.21214932933226222
0.808121078734809
0.14834116737033867
2.0992835082898695
1.70164845666241
0.7494264534211399
0.24967615846634109
1.2223036812072423
0.01371288661998931
0.23729549460994204
0.2582698712664632
0.113218211765518
0.16129342635925425
0.70715734003138
2.591806041429746
0.23922322179403727
1.6245529550907618
3.4282087844188407
0.3441428393633743
0.5632314247629727
2.2221905379998828
1.6370758745911667
2.247678599847934
0.2050175199805279
1.7718755992304747
0.9795320932534709
0.15213576425987224
0.18929418408921705
0.05555836833190761
0.7757627205536288
0.30123917837210995
0.16862257930557145
0.21523560270915654
0.08020586018907178
1.1668792431551767
0.16747226245804916
0.5909402208390461
2.469552239442115
0.31775470175990655
1.1905511605069803
0.2902881024626051
0.03517015699739976
0.0907807630281477
2.3442316310063402
0.24168658219645794
0.23485379045271804
0.2446110567825383
0.5694050992665136
1.2898905168463968
0.7181499869512232
0.31861747978233806
0.18827954603720914
0.9147036977784497
1.3711379036369984
1.4868374765225438
0.6607008556382946
0.1511901280285694
0.48284595575218914
0.23914137818775494
0.02415261989995525
0.3455167677104725
0.365651523751701
0.6276795287169579
1.5445791070344006
0.9070334104663728
0.05394681314924253
0.268070390796273
2.378935821320507
0.9098123798243236
0.38987117635288376
0.5683978071456008
0.13488505519772517
0.02265576385601764
1.5552121324243637
0.8495042993925264
1.4456195040132667
0.3547454472314383
0.5215635505454602
0.3553249485770959
1.0866332231292506
0.2180720596328975
0.6516696960241741
0.3466339375069153
0.29619733514029284
1.2638570500411999
0.16293392935536669
0.16916279476249743
0.15086400000900382
0.5697306344611188
0.2200175801636335
0.20669917323051293
0.15807628754712227
0.33560938951710706
0.14458788194624847
0.7078421679599732
0.2326867027244016
0.10698812022973857
0.2271318314873051
0.07630341342948076
0.046681300128927204
0.7874080351084823
0.42982163445244004
1.660624093691639
1.5931932876821708
0.42863384682976485
0.06952162877587403
0.4918270263605635
1.4251824745407595
0.9451765011680784
0.7262442508170879
0.7009275180046808
0.16719794825010523
1.8403429333821724
0.4439744250465628
1.6585777667214374
0.062990847559263
0.5579892292168456
0.693619965892299
0.12610365274473814
0.5671911678456132
0.2738455424066393
0.8325568850205112
0.13646811387125102
0.41654425200346035
0.8755576658992339
0.09885767626294176
0.10722615331621815
0.35382596045613285
0.07959706173583672
1.051268349858096
0.5356243390544375
0.3396536148329237
0.9117773188527815
0.6289172080309171
0.2469815649624125
0.19644470905411723
0.7369809196837573
0.2961514414127139
0.1540592623445082
0.8033289631021554
0.9147467974352046
0.17350226580468428
0.836078280510664
0.11793832903686371
0.4209789116743797
0.34985393438127005
1.1031492532073723
0.25591897251804047
0.6095976609194487
0.03273071409838562
0.23094147636581946
0.4819563282505034
0.893212176389914
0.22973201174181054
0.42511035604050945
0.02385535803131695
2.415040840705798
0.354345368510621
0.0330678466538967
0.03405814690966615
0.9045039664854811
0.20274765653453544
0.38439883351779325
0.32153304316581005
0.07022918747420066
0.38322834004033657
0.552273161610493
0.20346287734223273
0.45339180309624927
0.15985324086128663
1.6542379618604823
0.9331854431505221
0.18101927077600646
1.2710460367506013
0.29400471786139276
1.8933165998421606
0.6499435427667982
0.3842939828896518
0.013078409846937603
0.1318119889779575
0.38868382944726704
0.7002897831250318
0.6283422513954497
0.2438177356810952
1.5272202363627714
0.18044072799300748
0.3668702032766985
3.012852293509247
0.39771092086829646
1.304819856954235
0.4243538972572617
0.4060609428104865
0.018089800197829048
1.0390488423644495
0.3157558747458739
0.18547256965076328
1.471250929000793
0.29924284428628456
0.5287341914830467
0.3444480051905865
0.7993230536289874
0.24531757469566348
0.05393858582562781
0.49146406055114095
0.40170385474121534
0.24495588882153022
0.0034842716755908608
0.24554115615520677
1.7796227411077623
0.17367373174944126
0.9899720094171223
0.6744495577760432
0.11483167143890037
0.9980547026931007
0.9436443847875171
0.6574864135648729
1.1999996073700645
1.3511386098154217
0.8329603387731807
0.2690423877125717
1.1718908180527743
0.01852244588701457
0.3942634082066838
0.4240315996556022
0.28140776863178163
0.11147510584251984
0.7056754229607479
0.14673555455110016
0.2611000480564721
1.3113097467465082
0.987257038690801
1.7776442587063532
1.0254876567255868
0.6422222148544192
0.33726080855829427
0.272050208359361
0.9782100844811799
1.437044125871175
1.3763104475799883
0.6780558398590893
0.191140488041206
0.48536954198525417
0.17659635335060092
0.7417974647320698
1.4450925135665684
0.05371713743210148
0.8148196693815141
0.34658629538401325
0.6311348222005705
0.1482424970876619
0.262341121185137
0.20190758903443767
0.3249901478276355
1.226781711871535
0.17621696095224013
0.3599811406686632
1.583671567830773
0.1383933078460896
0.10876007498871612
0.7083382362326385
0.2924620970239603
0.06746334551214234
0.7559914821287367
1.8891272852207746
0.2968690710944285
0.36398726258596875
0.23709416423923188
0.31884426663003596
1.1761498695100314
0.3156324724893693
0.6490330945608289
0.18002728981046215
0.13822776612209473
0.09786757864131612
0.15102396769543286
0.5597320101526352
0.14157880309956272
0.029311432943431474
1.0462208426036304
0.6117511543008725
2.0309115127560133
1.550736797741038
0.13658172774302832
0.5257576236748603
0.23531747143221818
0.09011008037088415
0.7411217965677431
0.1580268062239475
0.11217256447644217
1.114881566964611
0.0950980783384889
0.4231243768465892
0.48077398327212173
1.458606659107299
0.2687166678867723
0.8737034130875891
0.5067245966237368
0.3422882888384197
0.7181530335546118
0.34281180537412304
0.3060997639889701
0.46616035546497114
0.10590901626346881
0.7304914969989765
0.15605577022114983
0.8056672759161722
0.9915029420664415
0.37756427116920416
1.308171578490336
1.3955201860568927
0.0977403074673899
0.25503087798829205
0.08623042444503402
1.9055649037884899
3.5471681692305017
0.7520322281963039
2.1584609772479477
0.30955022603407595
2.2016272171692153
0.9135243969986045
0.5110336311600733
0.7919124858346426
2.225604442482212
0.44566551028456775
0.7443187469126119
0.7540452024917801
0.6228401510537405
0.02884228466237769
0.12417463226025531
0.8292004393537029
0.7488210202031105
0.2842689372755191
0.2362695274791572
0.11559609455050629
0.3831367264046958
0.24265142295038358
0.6968510399755943
0.9588097118210807
0.33038358088702047
0.05592463081908023
0.5584343477221563
1.1266867103565397
0.6341893061913336
0.36999236474976815
0.4378076329101795
0.45754024799075854
1.2802050555294842
0.11720492498839978
0.13766340927217702
0.936281925363285
0.4883069560836881
0.6623586498240209
0.8466905416773822
0.2309325788955143
1.7969573278722173
1.0680656250893636
0.09164204787268074
0.20898025964445036
0.5094439612059474
0.01723776661381451
0.08975745308333677
0.07107919574889679
0.08060576053021282
0.19091393368175166
0.4491783332701541
0.5242738758174286
0.01154600193252988
0.09180352350252918
0.8615021756287875
0.08304075765937323
0.211766504493204
0.31167601007414597
0.09076144527502054
1.075400832008244
0.23547798687728577
0.5976862581746499
0.36735164539551224
0.08391956562258363
0.3980107800496329
0.949257834174215
0.3210790128324482
0.9815482135994907
0.8045039889733988
0.5953403188780441
0.43512424283031154
0.04863520208131508
0.3488623071107299
0.5146572749203459
1.4448985991886878
0.8385709966080062
1.4936401621377127
0.27410785493719786
0.022899489720200897
1.0476735910078219
0.19159721732559215
0.3524271380131807
0.11091116941375763
0.438878210958865
0.022260890078945814
0.21559375775386097
1.0208155201163103
0.05669353504475458
0.3987471408354504
0.8666803957585426
0.03514067236021334
0.14483452435290783
0.7053190398576583
0.17492260616335506
0.07126912837086563
2.2381199556394447
0.21598930868743185
1.303354950171788
0.34279209129824106
0.10485433020676245
0.23118703253714315
1.1118400946873201
0.1046000968050705
0.280373633354443
0.5319851975621632
1.141741063873825
0.1883150752809505
0.5175349678177504
0.08945699010537585
0.2567074135866555
0.5626109532993608
0.5458116437945375
0.27227011405558427
1.6561102374663506
0.16180025529446332
0.6651327002186098
0.2921931015805487
0.5036082082093276
0.22611091460133728
2.219011383322564
0.3024107145441473
0.6184154129261782
0.3992134252824305
0.3140530914201611
0.19075525934803594
0.6546890489485734
0.3288350410233145
0.0912715673996741
1.9009225116576611
0.6500315800645674
0.46273959958117666
1.0600804330557896
0.2530739879691987
0.11814249579150872
0.5440605172546437
0.04112892663999385
0.42649109890703496
0.5625857000739144
0.09829945939940037
0.35737909302509424
0.19274422212904924
0.1364988066809794
0.299325246973084
0.6469366398717786
0.48247620072298764
0.04695555223808969
0.23131427791312342
0.21941847881065907
0.3184674883228134
0.40068998488239316
1.3412465149492045
1.0297942251448757
1.1533608805519948
0.4931280354525243
0.4310841948240059
0.6875552995382366
0.9794424683176682
0.8934880009258552
0.4525584118659064
0.6440363539553304
0.5179432154453566
1.4064440448506987
0.20550420783426349
0.10399507822567854
2.0226968932470393
0.5003344278718502
0.21573592191432747
0.6671000628884164
0.835006450292292
0.45690931864114726
0.1438615338661188
0.4620305615231917
0.5550465598367057
0.5789194865951713
0.7494003701780709
0.2279564896520022
0.08950182921623376
0.02263034090902536
0.18948846827067475
0.407891282230951
0.11209786310201753
0.23107684281691346
0.3997823509214348
0.401281070514684
0.28904273380017054
0.6856061419035023
0.08788707138907073
0.40009910253660586
1.109424938789755
0.28241372174754636
0.07064414595299529
0.8966319409572534
0.40314249835037524
2.2086122990301593
0.9387397242059288
0.4729887381946273
0.13772375700572842
1.0783145877121032
0.7739100695609559
0.1141147315437642
0.16402767742447688
0.4039092085455103
0.07454054094196115
0.9808359048869846
1.057456705814372
0.21922338736412858
0.4486895574913472
0.16158138974332178
0.1356103195297742
0.5893140861726534
0.4860506603207093
0.05029658943686654
0.20501581495805798
0.011889439233732223
0.021176448578920603
0.3095421108172674
0.21019313047211846
0.0900229770769724
0.7495627546165158
0.315363146065534
0.04736621587075598
1.0174295812576417
0.21363596918889377
0.990639115389501
0.46075313725582
0.23989282440587364
0.44588399486346675
1.2156180087281279
0.37727479263845604
0.20553401362617765
0.2498018001278738
0.05571992844951861
0.35490295793003995
1.4223731077704465
0.498746899889478
0.0985641986464142
0.16413872184590267
0.9679435500898727
0.8382726840554351
0.1628307130367311
0.6564249709406063
0.012551903933879179
0.49891910722043464
0.19113284632950206
0.5190090895279269
0.3382417662563803
0.8085738849417163
0.5862591837977397
0.2849159664915102
0.018896606017719225
0.2507481129296276
1.7642084711274058
0.06273795076181736
0.18740199212013484
1.7433480083926316
0.814690408742266
0.5698994200925437
0.4545731522213271
0.25370251265174754
0.3621569608053325
1.6065826521155233
1.1714151768324075
0.9255591737511509
0.3941053904460426
1.3286747000038355
1.716870162120639
1.0206772361695344
0.2917490401720601
0.36747165840417545
0.36007145214065284
0.3012941508211598
0.06036339426339539
0.5211515296670385
0.5513830079279688
0.4949559449274652
0.27126127887363694
0.27757997032157744
0.13523576007717528
0.8784650004176264
0.16705887274394096
0.45583542296064294
0.058074304185796274
0.05534999913413876
0.20960911161519952
0.48202657235910173
0.838816915928334
0.3102603348288691
1.2411784929408387
