1.4396388598750296
0.4064270859909686
0.1503538310561173
0.8248777428939204
0.5304965371740292
0.09931592491566575
0.24729011849149724
0.03382276205313327
0.6551467493105929
2.06458586760042
0.12564087416112066
0.17953445662684947
0.26666353513606306
0.7901673274105163
0.11054307927496383
0.41164574483585115
0.20929002267848623
0.3417207236343813
0.16220042205634388
0.36868407229056577
0.47314203550127265
0.42393637615650676
0.24050439882331315
0.10445619208931052
0.6263909168607749
0.052617403532271734
0.28107734428861364
0.05532659187520836
0.2011067413489714
0.8869851209859063
0.5251661845149089
0.22366198076620739
0.7830136703237204
0.1095857806258039
0.3225674385603168
0.6297455916576422
0.46799892620627315
0.3609870184001232
0.027310066573856425
0.7089872529721173
0.41384054287830974
0.1713048831708612
0.2526846781536503
0.2774697408319092
0.5342324745537916
0.32097630695837165
0.05831441810396611
0.13013250319691613
1.5837187214408321
0.20618828582613868
0.026872278448351657
0.7904456495309125
0.8070599125964186
0.4477058621997308
0.7667579091922155
0.12077767958177939
0.12439632756971171
0.38878266872447487
0.054268229368063484
0.4871758579473183
0.5923905667313479
0.3080726905167577
0.20789756527412295
0.17118059346955072
0.103538304211683
0.04159617694499445
1.823349657676569
0.12510417446792513
0.7765555287075644
0.3165420891844188
1.2805236520272236
0.13786551238831338
0.5341766080219315
0.12122754578484077
0.16655545630712174
0.2852598570109744
0.19779497725321435
0.25375353317543586
0.3867673607935541
0.06766835785360004
0.0005764531602580893
0.14675748892573098
1.021983946003725
0.2739967379430188
0.7783143866024854
0.05652907254656297
0.22313038286006287
0.5905871136969331
0.22867990022959125
0.6208823607294885
0.23807215384636893
0.12690387140255982
0.32692992113513974
2.7145220635050316
0.3990690033498307
0.5701520171296104
1.1772067609259194
0.013219300997217407
0.14996331751459957
0.5012285729321738
0.6922326157728662
0.4684920613712553
0.09743544591479912
0.4925626878742426
0.30912682160172406
0.20676853682238439
0.9180664011363256
0.4200972306140354
1.2076224117439633
0.007837086290699772
0.04617957895571712
0.5193017212024741
0.5023398682207877
0.9974075267662634
2.8089550450505607
0.2763222597189528
0.6196775733451392
0.6522301943332649
0.19534438812984842
0.047782259538425846
0.6195456742658004
0.06155610922606658
0.08359475055511506
0.730913182308312
0.32658471035231473
0.6833970591977488
0.9452217647688156
0.5327787438237828
0.12438278289414222
0.1704382978335822
0.35950275830466694
0.589459231033955
0.5326973173966519
0.4801399595473759
0.028000937234371852
0.3605246126693734
1.3639127661819024
0.3359342820257919
0.9836903246955155
0.13403890761168027
0.16951166677657015
0.5278111509497254
0.024701607097026106
0.2654466642984411
0.5485007440748346
0.8567557163923345
0.39055092154860405
0.12955436973465226
0.34458243100972413
0.04407558301003718
0.5381342461997172
1.1554062049471994
0.28956431843167724
0.2566161362497462
0.04748774025228488
0.2926000304365592
0.9276723228385196
0.2501755200502501
0.06918299111966449
0.6071626024925727
1.9770481035876037
0.629782695437837
0.8292115457607554
0.09469229469980366
0.8943530535202442
0.4160649423641957
0.5090990138539846
0.7882347850053238
0.3480460353192581
0.044598045556380354
0.7710187977744654
0.011907871333663266
0.04094099927369574
0.14493051706145352
1.0679199338877072
0.13565030318532986
0.06494078401892675
0.9382168808789505
0.21027622394116668
0.18807989551284596
0.8332983052787529
0.2705622160782556
0.03810008410463661
0.22094044452837208
0.10261787852384269
0.11778284077964576
0.8483026686629928
0.46603239517240475
0.24722970634706326
0.7274262917918187
0.31966451846925187
0.3893363447545659
0.10278784033857108
0.2352459429904036
0.7716496097734902
0.16147673074522229
0.26174055438735516
0.08758101154777728
0.33135593124891094
0.2006004778732734
0.0603990219258998
0.35798702532090376
0.34511941357792153
0.19056384594524603
0.9850192209694641
0.10176755135882028
0.6120541125925648
0.48606877690480393
0.15461589856336178
1.4982881456357855
1.9039044816969097
0.08831501409839076
0.11953312291686405
0.1748302411513572
0.3305969901623097
1.560427505379262
0.20951335027541113
0.4097628072691775
0.1652450458932578
1.1333153385199701
0.19526864158125676
0.15995249121124175
0.0645505448184493
1.0176250558135915
0.05547713929591252
2.0094300009763715
0.06935307800306956
0.04621189159448442
2.226746587690981
0.3290587867810031
0.6284033425264336
0.07760871216200056
0.7309047122136805
0.7082755230804045
0.790203318564996
0.790330669219833
1.1583134249443072
1.6048221211505378
1.2741741252126524
0.5415265558234308
0.44746350512241256
0.21442584625674227
0.17248884891325378
2.3915074905022213
1.318900054387408
0.13655083326524378
0.31403911322108846
0.029190350409746407
0.08535413471131541
0.22142501436230777
0.14086813596770498
0.40854262853682266
0.5002860831029444
0.6603228280416614
0.13694163592476802
1.9370606320955128
0.24219438466760831
0.057026027929913084
0.5800196516311016
0.7075907794368487
0.2912027838752522
0.7059268023362952
0.18667513296516985
0.07791259973225335
1.5595272827115516
0.13483376973241248
0.04169274329017852
0.5081720077722719
0.47196002628383427
0.015789058549613773
0.3793996134670787
0.391806721810358
0.29064067033650226
0.5540089401463849
0.18915820757160362
0.7786119232032037
0.272042848591833
0.3563372491224347
0.7871479085742843
0.39680213211234105
0.10337827148702894
0.014524579331743205
0.5283789407372889
0.1991958343128782
0.1268089653249951
0.20323170483616576
0.14887045244584468
1.100067272149174
1.3893710181957009
0.07661590928941008
0.28033318666520196
1.1920959402927045
0.06348200902104564
0.433174203595168
0.2527545638683033
0.10838522312492582
0.034447681909890074
1.6412769586356262
0.041755888348580114
0.053266891062622355
0.4037489465059035
0.26300542220018064
0.14824139830616725
0.20194584206303523
0.01627496143814433
0.04576857834014726
0.09326134596596419
0.038645845207842575
0.17544155003932874
0.3076730209362699
0.3781764970526605
1.447869026720263
1.0525690730531252
0.25944805052109765
0.10336474425696209
0.13775408090584634
0.5804223180194416
0.4119143370554729
0.40980221585016463
0.5337151532809888
0.4383493202042037
0.44180248862434335
0.10968490110888915
0.16703044555607321
0.3997695507832853
0.2977956207275379
0.4489482012468155
0.7043035224236102
0.3328526057388123
0.814370297282963
0.16996768845005436
0.027933554736801237
0.6215160335325202
0.34557716704595143
0.2790269141215285
0.33008403659503954
0.15746014301078737
0.13221902623439113
0.009547860160306532
0.5540112498273458
0.4117490993998527
0.2296047807865349
0.2646533632526331
0.17648382005321192
0.19598743918060926
0.011673965014933115
1.2840779775270827
1.1809298261303938
0.31037044493241966
0.060859306495986844
0.033311376231093634
0.8092848026466545
0.2232896524364068
1.0247098505522347
0.36196746337196817
0.3167963221525207
0.25137744489348923
0.6051585667847875
0.7521051410861626
0.10147374479662666
0.3372038310015701
0.06673051508165896
0.18163860176054894
0.19691283154136408
0.6811066959967322
0.881571568976749
1.838648369421325
2.54885714096363
0.4902396105808724
0.13783549091854805
0.010464058592933465
0.07856268665728364
0.1686868167988268
0.8173360922457995
0.4343978083277321
0.5632789728989264
0.07115644033559076
0.6366848323768423
0.6557177178421211
0.4393354148757045
1.6200536162022656
0.5814951764817068
0.20111262665517252
0.27123617683605655
0.3612244712663457
0.21076249254740662
0.3486108446162125
0.48007740392063236
0.019643537562019895
0.12463211964505327
1.123350175000194
0.3788970617678451
0.7641332013989417
0.7375493799120688
0.10392297228765945
1.048432574872067
1.5600962257185538
0.7752603169506589
0.3044417975248214
0.7437212508264297
0.7242928685077299
0.1105455496832159
0.18006820300105728
0.1837627141907526
0.046621458168391
0.5697322169236324
0.13784167269865816
0.018954692690721267
0.5555349129984628
0.3185333920390881
0.34821863323172597
0.568957058918327
0.28946182820929695
0.2806809217167293
0.6168531159629621
0.020846090945296113
0.9675689311356194
0.4136782657956614
0.8613071653850254
0.6044425928929216
0.504394823740751
0.07738497764376699
0.23807811954922464
0.4188160377678328
0.37045998380524237
0.5263986739180859
0.6589741476500188
1.16445634293158
0.2923868389628453
0.39380394839691574
0.1625463281675106
0.44964177521564547
0.8242019566292627
0.058985275795455754
0.3632061139245352
0.22807944497437627
0.11816030578594115
0.03395021045342149
0.23180067327399814
1.0039522279632411
0.06741290727131119
0.7084677427851145
0.07697567367641019
0.0025771499313668156
1.339471496117837
0.1504905720874706
0.08858940264439603
0.6206354381011038
1.0717921358832687
0.33804908053677
0.9033603808501782
0.2856503704617452
0.6448758951940085
0.5052186574702127
0.026417103599527866
0.048777470411998855
0.325137142685283
0.1421721037736527
0.31059050402394256
3.038368279007124
2.534983007509656
0.25540971869261814
0.19271527272048863
0.01768310641129776
0.07897431957524423
0.39296653425234396
0.019806894719265722
0.02352447275271987
0.2517742059359173
0.08714880317607358
0.4836519445550119
0.6809915662739118
1.5114081490005922
0.09054014652617146
0.13729167466773845
0.04706312564461806
0.05858429060408002
0.3214769183938209
0.12541543912810027
0.6062775676532048
1.4797202315676474
0.5064216441263197
0.34870872792973034
0.12385894324949395
0.36153964454268955
0.6374492305949782
0.5423170534071373
0.1700543008552889
1.0469314976720694
0.2857961104150177
0.24130292303059545
0.01657658524373776
0.721112470508881
0.6960470991517812
0.7957102369688
0.18923329395467403
1.3240786948970888
0.5330306871600708
0.9136499782526569
0.49587234104765965
0.19214740745135037
0.7480461282438858
0.104198495496659
0.2176958594562843
0.2939649404189225
0.43440214891869006
0.5894878210015954
0.2869257612535524
0.16648280606810462
0.3092677807160916
1.1412747848004507
0.5120686020244076
0.1832554680043738
1.5813517372874504
0.4175932379952739
0.5484677369888714
0.5806790751082601
0.3686289565149355
0.2479322605359726
0.43399536173251985
0.4079435570960669
0.041219101957926704
0.16296162960868923
0.1961234960023073
0.06338254867441641
0.526045384478916
0.05028406051647283
0.12318726275054605
0.5890333146315303
0.10109768279408855
0.019253978381823446
0.10073270795277962
0.4877065107668577
0.2725419230293426
3.804895420190211
0.3012269889391677
0.693057505595796
0.25219574323638005
1.068394422472134
0.4045301090875423
0.2798438980979591
0.036506892857372714
0.24365756490838839
0.2564340076592811
0.5907240424520159
0.047074498970112504
0.40337053610862283
0.7427985348539792
0.5759248879808813
0.8149093891874285
0.5324181669790111
0.05905299055656714
1.7645434582910722
0.654800306341748
0.05983550017216733
0.08412278577137128
0.5773491616721708
0.570023071077442
0.7873981520507631
0.07944263698375897
0.05440262256146916
0.13048109856150006
0.4583802271157942
1.1505790647205878
1.6733272290214596
0.24894429227292358
0.19111861018854134
0.3257115480690608
0.31771558838160513
0.11409517528045517
0.5082051102796196
0.3838242778674318
0.058724639255939154
1.4464298118355583
0.2459022781639187
0.35250956779016845
0.35704193637026416
0.008855029615994367
0.049182704501078714
0.6786553129252902
0.24989181590906664
0.09341110378584777
0.14655262279426345
0.29265893831077594
0.3360290690520226
1.1725847363760882
0.35611946022460345
1.0772621714106183
0.8136497741494609
0.25783409300517385
0.0076689773022696785
0.5530648658491456
0.458212735810642
0.39876673165253207
0.5860283689648511
0.05023367302674375
0.0028803399295599733
0.9526287713979914
0.7694347141801953
0.31420429222296864
0.3134861897108238
2.30266830187343
1.1967424358984078
2.3339182200101325
0.15372278544065238
0.08715502636848343
0.5997398812702639
0.13625217246959037
0.08178949615340961
0.8721201831802963
0.13148462598009636
0.17367594179657528
1.0246449258265997
0.22837069355355524
0.1374290259349085
0.9095700600992165
1.2460031209405604
0.12305085072540184
0.6758197132286704
0.06464840721940783
0.05946680560927191
0.29020595128667237
0.029826689110613442
0.15213246900058514
0.5833785107657004
1.0781696779528656
0.4222211237019637
1.581688714589653
0.294913148313375
0.8545713597841734
0.08042649893701703
0.05004410022031087
0.00502910067329902
0.7468421603691151
0.28951880539632296
0.5240218282217151
0.5178584603448161
0.8454890121835339
0.07657587923708488
0.0447303079203012
0.05546701723490742
0.20762977316232106
1.4120432343159657
0.17111701471390597
0.47386353250856467
1.9556873557642387
0.35851737497698694
0.4089205462488037
1.9210491624659123
0.15843940184895386
0.22785936694766465
1.2868654824173527
0.181283782590617
0.1483311359963893
0.9530611011666552
0.5529865340095701
0.8746442612694107
0.43174222151437497
0.7656733802261455
0.4252923740289746
0.37004325964677837
0.6296862123226968
0.2676364369041817
0.2847976911999145
0.3927796877465684
0.36292680482404477
0.8625596277325088
0.29150373286349024
0.11765886888415554
0.5552320259161463
0.20762100614547704
0.3685547452027676
0.3730541247085802
0.43781951359503146
0.1911956886115038
0.34489095717586804
0.13032598680645777
0.3439786996749142
1.6194095009455831
0.35174093329233425
0.196282411076001
0.5569242785683541
0.015124587463699839
0.17177198257276605
0.4549086659858616
0.9069207445545132
0.7564068537014299
0.7421637317922635
0.18229454842959228
0.24880706711219894
0.293881555743504
0.29622835818132737
0.026594044477536827
0.044210441617451864
0.07341167202996561
1.5787268929844065
0.6143924937737868
0.7443092829914786
0.5252030247679568
0.7010181195496596
0.13844524674700368
0.05411290644273036
0.056746340867162584
0.5451279592693995
0.3552011022528687
0.23001731170836687
0.4202081671293681
0.6207644766971235
0.3041748423731142
0.4971490303992935
0.20376419307699295
1.0920590625795026
0.16795754846511585
0.29152925274605007
0.6116372864923478
0.29753380369930654
0.05832892221209513
0.3483292752310078
0.6634703064436857
0.25352881008796435
0.3551838975364382
0.6144585652997175
0.028631869214233344
0.1261511271644918
0.3614577881154694
0.2040376489967612
0.07795876181450002
0.01856525875004648
0.5172103296105063
0.13775237094217727
0.6411860493312983
0.3351295828394796
0.9768469188591756
0.44830875523816177
0.07466670137476883
0.024011775832813158
0.571770417214297
0.055752556592824604
0.7857485447293776
0.46001583750723923
0.0337989685217758
0.505356626810913
0.2122814919123667
0.6584896139056101
0.037248485273885815
0.040793656906283976
0.14954190266605566
0.6120656331294414
0.0986996728049906
0.6947824191301596
0.22650221299431852
0.6544466905069107
0.035450178927699576
1.1404339927252773
0.14039238708980437
0.24579379054173195
0.5017268053352711
0.22533422785460405
0.16500084394679396
0.2727807089756668
0.17680261822274163
0.6678038535800972
0.7205347527385766
0.17371757916617833
0.14280574940818588
0.7557634260160837
0.49778344910579264
0.01503433034088381
0.8329914546353246
0.43764746490049206
0.31068983039723075
0.7516787672927329
0.6859174739615008
0.16498706570502086
0.43625598817558836
0.43357305114939715
0.1590730695663213
1.151195101339702
0.8655765893308782
0.18446007223244218
0.19514438415881158
0.7268985551253948
0.17946933096582313
0.26387565930513057
0.7933442285030425
0.3510445531174295
0.5043211776899521
0.024990937419291738
0.0032145198498661925
1.2307172951011356
1.5887831450752457
1.5634640799010238
0.2680846443932055
0.3127237465214983
0.3345514682821192
1.899520437905837
0.5643968880315064
0.38309403342025405
0.604177389598924
0.6449482541464964
0.34966862234390156
0.16113876791029216
0.4496669251918266
1.3538882654868165
0.46303989024337133
0.44758870494295505
0.48038053696525085
0.4064857603282693
0.175252377321173
0.42727814554592475
0.9647986462488573
0.3320338895164653
0.11585468823136903
0.3600096054014755
0.6844802470157965
0.13006472910926015
0.7805689228783411
0.7467152465216219
0.45817733420412066
1.0343013202698974
0.09177091690313649
1.1048311703372864
2.1779869280362343
0.1946703293921083
0.6240934040856956
1.50707898816193
0.629165152900724
0.031169982428005772
0.9771127761308176
0.21879248342657823
0.22790192383870977
0.5579607076014111
0.08003582864797977
0.25952720701488213
1.1188753620041896
0.056317118398533615
0.052343219917881816
0.7559669073486823
0.6489456736396534
0.3439144943821355
0.2794029906187162
0.41692776775216234
0.7353634016113482
0.5668220625851716
0.061444874447816586
0.19588648806691483
0.33268215834361425
0.12398401932751288
0.3396252203231213
0.5253103893565059
0.029479052303952754
0.16904132401322217
0.23782925954409387
0.61164065898573
0.38259717730631543
0.8516861837592061
0.04493828097873949
0.009069782420884133
0.9518009255560969
0.40068578077847067
0.8646578112829462
1.5059755872610614
0.23227335406754637
0.40148941828067614
1.0350327223839475
0.18100100061094165
0.3813526212132984
0.2867403199063877
0.4687230963760868
0.16712389066599112
0.4254771115791398
0.4050190117477602
0.3152468776860188
0.36328078012120113
0.5858432320706178
0.22014806117038097
0.2386346467144298
0.10508598034988371
0.11138124707335662
0.20531044821302574
0.045021201350517105
0.1154267831279848
0.3756878690129587
0.07010153968903281
0.266897310486845
0.02806236838872914
0.030246181449677386
0.43727660323762974
1.595255479689666
0.5456026031873639
0.1318091143828395
0.9203198110207501
0.08176433010808554
0.1646623161895077
0.16176555492055406
0.38529149493787357
0.916114539827544
0.5559793771825555
0.557592956081041
0.2589505450346122
1.8986169981528485
0.42961720875926174
0.25818303710240276
0.4468914493689258
0.8600425922246883
0.17716829214068702
0.6179287014061506
0.9633317207381288
0.052297783108663586
1.5854706323272274
1.2851125297662447
0.6616664115702691
1.0378933764060396
0.7170932138039339
0.8519040930938053
0.42256595870049646
0.11109407476875036
1.100870080175488
0.35996240254832823
0.2487907779066198
0.7072612242773626
1.4168063418443482
0.19617319619785525
0.49767925451339684
0.7707127375162297
0.10186413406478426
0.44166806568383454
0.1040765811671518
0.0761900362632717
0.0888431719815288
0.1459870455582504
0.7104166433856315
0.13987893765679948
0.3384454314333072
0.34414838546477716
0.3032957911357922
1.140201527149174
0.3156342495100594
0.3831215543707329
0.614251056128467
1.0036392518616877
0.051220371528774095
0.875472685802435
0.6368871024941037
0.8740586776320446
1.1881998630579709
0.17927923619154723
0.26884365729161236
0.4785914779937663
0.50482156492555
0.24559180962892532
0.10355798088168888
0.02251953950049928
0.06236140904595539
0.27103937136831624
0.8915932556036962
0.22080578302026765
0.9056463844404574
0.004312400664259307
0.12846350330745457
0.48318184915780515
0.020807629230802187
0.15478573367967446
0.5707062142490728
0.18331859371030146
0.14380110289435863
0.31401327488237
0.22485933776684788
0.08031649525929885
0.822862645493958
0.48031801366624965
0.11011087198110328
0.4030002785408708
0.49459084684872473
0.264292325677133
0.2039384881601169
0.012762281647132775
0.05707619022157511
0.946797855435863
0.5672300197523426
0.21490735578994982
0.7507181409016178
1.6510865898460687
0.2654802777923142
0.25378908046372084
0.6834033451941652
0.4265993114716923
0.12198517181561169
0.2791542343647928
0.04600173845482206
0.17704655213295667
0.0667169782212233
0.28143518640321635
2.3679723561309602
0.22912456189841265
0.13143187533181314
0.6170606105187295
0.7094528955701251
1.0535354384239262
0.36054911016809577
0.26413928194705105
0.15162539328018085
0.6559936620944748
0.11578969072999357
0.2684501284560419
0.23480703473173256
0.5949483413974681
0.44976996304999783
0.9037104767985318
0.5807385847538669
0.1300848233081394
0.8524453229227387
0.3629309045831852
0.017943955578288966
0.9944816984680231
0.28623137005019433
0.24215974866479878
0.47262998764243913
0.22651990179015907
0.0330186173838482
0.20114599659132784
0.5344544126389581
0.16095276221217758
0.21924062390886156
1.2958799945970683
0.2676018560617039
0.6486217500328845
0.016501504044529283
0.7697507208058029
1.2815886815409263
0.601477642379763
1.0975634485822867
0.038208913148098614
0.6646136812897426
0.7167882629934575
0.2353248991053945
0.09187916243956083
0.10489864897452301
0.7815144771392669
0.254467421011221
0.6529621088697346
0.9712862666814539
0.2258506706819527
0.794065192310997
0.09773931311490647
1.0478924011703201
0.23162746983380353
0.12859233568528097
0.049298927244365
0.48974764338090004
0.41390668668179914
0.1412430734172331
0.06965727597524914
0.6049006052338242
0.3702484056047115
0.21506348044489507
0.18569868766133324
0.20534908907729948
0.6820157094069027
0.7702487931439275
1.2634522047004597
0.12233288926339654
0.4969990827888514
1.079405617270211
0.6847922644502148
2.3774570969756046
0.35233736736511917
0.3449456640629638
0.4117597944050464
0.37189244975268015
0.6265039499300732
0.0764220012913945
1.6237126090265288
0.21174246647241973
2.016614916576347
0.24491865892103995
0.34632582411795154
0.5022678101387357
0.005306711761777043
0.1443723920559853
0.6354060793940227
0.05022504990872506
0.5623992352407652
0.42622786596127027
0.02653852460174234
0.23412604063959586
0.323613805831579
0.6979758602144847
0.29031767879927817
0.23781772434698564
0.10783486841940174
0.4007725738499947
0.19846634256540663
0.23641003554441864
0.22316792856443926
1.241692935929902
0.34803584927727776
0.40096488111729195
1.262583396912937
0.13271495840385303
0.11633590304810754
0.27016978637949784
0.6311782727291976
0.24377789779057027
0.789483038216619
0.015155892240526563
0.0022424455716767056
0.3541216242398975
2.0165417461368857
0.07552605263014243
1.9097349665586916
0.39098315682225704
0.02382437282607581
0.07242856713316811
0.6679892429411298
0.48002484782216426
0.6584147057835747
0.2170595278511388
0.4776354081050193
0.38536976681059865
0.20142835078175433
0.47155081606459615
1.1279354175698864
0.6172471013737474
0.2559554041427581
1.0973755267476875
0.2986563433262944
0.408036932022147
0.6269157477533669
0.18557781663771183
0.18680581639426366
0.5571350794872613
0.06566584370353443
0.6117769851265477
0.9529515025897023
0.11756730361616066
0.30637984024336173
0.71380824511321
0.17915123670253202
0.2183942783464477
0.14059808784864897
0.07255622897933532
0.1900871582224192
0.37283521889072985
0.48920880684072093
0.2702214007114563
2.717619812206456
0.7023697095169484
0.059628577806634095
0.3528923320708303
0.5412777819460266
0.6647939132923046
0.14789745250559613
0.5049021275748165
0.314264891475454
0.20179782962879333
1.47638535594392
0.034912651401415015
0.22598928666722726
0.6494328350270685
0.3650992980438871
1.9428762142977591
0.3475619651567594
0.3140997674296123
0.3524925871905067
0.9120730605641687
0.778052871515679
0.1302665649232788
0.27397852269511336
0.047425113685551704
0.07224440127882806
0.8703288152478443
0.7433057589481007
0.42972411179785214
0.9195058056933205
0.16863602544322942
0.4620133043730494
0.10609769833148278
0.26355115558057196
0.3862557338668217
0.23705224198636812
0.1663985357565875
1.8065348436759674
0.8573719798918764
2.256718338061161
0.8301061024327854
0.3722905107515419
0.171031170996237
1.030003057088295
0.5095641982332626
0.4721176808350699
0.03896559699632345
0.4473667378320148
0.599360761603746
1.6106034686665618
0.17536044167222928
0.19038360487942677
1.9444478958134928
1.0584934378218886
0.3336706022604003
0.5550404224747292
0.17146133041440362
0.004173496146206727
0.9891460203364671
0.5179496673512997
0.17330563596591017
1.4575169597130064
0.7122383313879261
0.12355161618120537
1.5148559384303473
0.170653440757573
0.8367653415479969
0.46849314995370894
0.08251070138387515
0.5782023542193591
0.5721242692028239
1.538337447403619
0.15385069537807347
0.7690778112380264
0.922079077384117
0.3526570446863157
0.31236440558598316
0.20287053321724768
0.32862385640487884
0.4539778463790098
0.7893814145814197
0.002191965465763196
0.2484457950038283
0.5489626463679856
0.028680567667139546
1.5310084625922564
0.5620635842078618
0.9132491669877573
0.0890731270839844
1.0102587881239693
0.22480621942855927
0.4618177813314464
0.46568422809249105
0.8869079071816673
0.46785995520660417
0.3222870470162589
0.12250704773705619
0.42095416067107294
0.6398296758689003
0.6090120967739747
0.8820073537117356
0.26930989074404343
0.2152225205383258
0.4601661210300935
0.12363611412496754
0.14172026514378316
0.019722868194303536
0.08823792756735445
0.06434587117023226
0.33161907218688175
0.9314080433027931
0.10281545400332431
0.7084247025191408
0.12231834451858256
0.04552736222092615
1.0409126121219314
2.4797732717155627
0.03407596834547382
1.2440175255261636
0.15953788606684038
0.038661275625865445
0.20852536447273584
0.033325667555160164
0.22667275451441543
0.9036387776166401
0.7675893171054808
0.05259633199811464
0.35292134788915963
0.6881222804322297
0.5522215997534136
0.4373283247130362
0.02767522512621889
0.3485938778029936
0.5637367374610741
0.49349743668149704
0.1907430858464333
0.006808564094356327
0.1033859421158481
0.1966145142235466
0.620151779727696
0.05808073348997919
0.010372635728765461
0.13062196840385476
0.07025795867891542
1.2388124552920652
0.3967599459002027
0.07199093649920482
0.4985898267334979
0.7617699852884497
0.9789450785956826
0.025852880017028845
0.5778591377580395
0.13153843780894323
0.21670026534705542
1.0042446256635635
0.8476046042394692
0.08009044782830257
0.9798848227784412
0.24034417246062983
0.6186958958429184
0.5198059217675791
0.22509390663798162
0.6539722603211142
0.5227144425764886
0.17672034555080018
0.03509854185837874
0.7831859984375217
1.5239677278456196
0.8173377263563772
0.26786113929797717
0.37188777945334583
1.50873511592914
1.2988628752184683
0.15353908587126147
0.04462668712086082
0.9511604623501686
0.019475539680500822
0.4006306770134022
0.6921970746652881
0.4050852686652026
0.1327203329914027
0.23988314086444346
3.956569134923394
1.1486736173427343
0.21106576952676318
0.43972975846086915
0.14526216539481998
0.8607563421790854
0.7431570030796031
0.022813612818552074
0.15891926676363582
1.0349764935063035
0.756903680266538
0.3979656494951598
0.3109573727986742
0.06564616028739269
0.0887811670271495
0.8386547773423975
0.07968382446865155
0.9113742367821824
1.0276663492440075
0.6385043934318136
1.1776676328213842
0.419518527110472
0.5720687939618063
0.2596123122798589
0.34137143910023793
0.24224865257870898
0.15882910668229805
0.15597677789221331
0.3660935084465961
0.8848359914955047
0.41208894302844085
0.025465910723319777
0.26435685426441863
0.003877252211205781
0.8210079848188675
1.1027078378294328
0.1927164988628073
0.2080027577095752
0.588087980294428
0.007507841300952504
0.8097294865648226
0.13982123138988137
0.613332745496993
0.22465496800716542
0.9735651292911751
0.3082581224006587
0.5552940103638788
0.4799688315169929
0.3248575637597642
0.21187877793441376
0.2766073224963255
0.20542716761013552
1.4245971334689296
0.6626429405494421
0.9330284675767133
1.0940867089318336
0.18952621404887177
0.020851870314506558
0.037792665121475257
0.7117300617976263
0.49399296479657195
0.05310535354899094
1.4253324650664732
0.04691972389953624
0.18351441273043967
0.7906486551969399
0.12859237243998642
0.12587853904204566
2.6044459916876783
0.5947240639356097
0.10040180629287272
0.6525378491343652
0.2360080931931076
0.2552723138944159
1.3000494061221926
0.7851366745003874
0.3185377194972719
0.5320685483388276
0.09921103481188902
1.5337525546163895
0.811866095100981
0.08683025488644272
0.42984755490101445
0.3327687689005501
0.06194614418454574
0.7004194111306713
0.2074248163366863
0.4013978351173077
0.17072228385309277
1.6192129220954532
1.2548506234838495
0.22464893852640266
0.8670361602710209
0.17897012699078424
0.07519182006116948
0.7158369283720363
0.1976405541643634
0.29303238335952037
0.9324205826760227
0.46090600911463137
0.11934307396981529
0.646293171725169
0.09411883203830694
0.09017870382482539
0.7079777976437353
0.19062296985005087
0.17884733306731793
1.845971903083788
0.09129637976164295
0.6728425220890922
0.03708828488664225
0.244677971421129
0.6508789555020273
0.39354932843426116
0.16233480406164083
0.1508180817371605
0.44774773607526325
0.3560250665040673
0.3574110319189617
2.356865401509658
2.9628807673000375
0.32850648479798933
1.382292588731992
0.15737837877899097
1.047388381449612
0.4087200593784439
0.1477417934131335
0.12577726367357725
0.017522789180258732
0.30845852137144103
0.33063859574735843
0.5282419585448813
0.6264964305498738
0.6220959247895415
0.2669164349854226
0.32480009450087277
0.30635612452501004
0.6880698966199059
0.20223842671606357
0.14959472520980766
2.1845073601588743
0.07508625158309144
0.3791531766877504
0.2965888510359221
0.38544360528030563
0.8786181953869079
0.09598501255737264
0.1756491311003951
0.4077983350338382
0.6508025212393214
0.07343221921414124
0.06254231067682264
0.1415140151184298
0.09160348428797094
0.35380922545192706
0.9727922376120213
1.1798514456668105
0.05609574323654502
0.3737106432104203
0.176752286434125
0.02518619626775879
0.21421400279558533
0.31682661911789284
0.15197127555952514
0.32281336523924065
1.036252519531987
0.5341843908403242
0.5652967147474314
0.4295378403739737
0.27739862846284835
0.6404590871932371
0.4105105463105092
0.04018002818443196
0.359199358378732
0.16720305719722278
0.06388944602647051
1.1588527082185434
0.4134408306559542
0.28056113802837324
0.054468899909362226
0.09418149826734647
0.10944954022649364
0.12323451441058714
0.29271055422822817
0.21961075559155743
0.49208864601633634
0.07352845152300337
0.1824573933934318
0.41252692864579094
0.2049823061345401
0.18587217560007951
0.12381257765301353
0.06300690751131212
0.3886809344255633
1.3351462943002577
0.11292270670814104
0.08575581852760203
1.133932359620274
0.5103043179531258
0.11241672182186287
0.19014790470646045
0.2269345424143578
0.20336343533903203
1.8047110915701337
1.012614443592885
0.7109840323039711
0.1503524136247373
0.1676383841902233
0.11770981337719769
0.0755367953094993
0.053975019291430025
0.06159662167528627
0.4883645615786493
0.06698909180131539
0.04259860904803019
1.3612753589391062
0.31267710500175167
0.8510062185562293
0.31616368512794335
0.42232321737809403
0.12803338993543298
0.2785484461778206
0.14210741224110346
0.06519174019718015
0.6168270829690158
0.5843039731514237
0.6484068282465704
1.7774380975937392
0.3632251626814981
0.5087507662894732
1.7947624796954873
0.3129366943068913
0.7204684181015576
0.30317278360951455
0.20726901667678696
0.009685496341314817
0.33792501605325753
0.17050220305955122
0.05811949262954171
0.272797329010997
0.1816624069589142
0.05400103219233761
0.22584303043942974
1.6956693326222354
0.3415890314578396
1.1537580470280002
0.2452317183594949
0.6972835341250071
0.7997033352325543
0.1067302928298325
0.20399963810439548
1.910390955810902
0.873335497755754
0.2006826726145105
0.5656670657026751
0.20164632020253706
0.29082620848982593
0.26674267263026474
0.10892131652660089
0.005711796032374547
0.4962574443545848
1.5685223872578358
0.12219028053669014
0.23549903013486453
0.18394939272615823
0.13780733950340046
0.8457066707437872
0.09748261005125047
0.2534749132252221
1.5101693320967269
0.43532520183750256
0.5313782013117831
0.10170876898802433
0.029607020546048718
0.05140233523766101
0.1991625792470374
0.2611545398478885
0.2961605945546228
0.7390632347656552
0.014723486713754834
0.10430497961521133
0.9905389783359851
0.34668097542161924
0.06355268801594802
0.864786092398734
0.7122959806868258
0.10300735189320849
0.7502608213003865
0.12345018614742204
0.013996305623120502
0.9112992570555191
0.6642325564713345
0.3750571729044878
2.0657234393499744
0.21478936586135686
0.5335973643199702
0.09984668975524076
0.09325303233558635
0.2630308195232481
0.8155262491918475
0.49874160945114177
0.3542385944797634
1.0780225531981955
0.07640328867755757
0.2043385052455813
0.24858756294091303
0.27841884387051574
1.0573219864243182
1.0452275129293604
0.3639686096847501
0.2667542690801991
0.22383847228752257
0.6283644930945124
0.2761080098415346
0.6225823195172272
0.24529806156848058
0.3108279094675052
0.6728057502187642
0.15881470264963923
0.026022148634767095
0.6916044592182945
0.25631399639168395
0.5036115520425265
2.3198143796488098
0.7104843240594034
1.1196885486861798
0.14112974523303548
0.03619956195300075
0.008385747276963068
0.10578086167043099
0.5113053446836884
0.751367712938505
0.06947694525656196
0.3380433019799684
0.343154396608366
0.7250408339690038
0.16632857597810338
0.014996437838644934
0.16133824197057914
0.7902032292821982
0.9694459487822173
0.15198607116468227
0.37293522268521506
0.017651602690263144
0.3375569611299014
0.30996252526421186
0.2047315149410724
0.3990348305668975
0.13748900073297757
0.04084451912546574
0.3125438937367193
0.03117031858849657
0.1367876365468069
0.632957604450866
0.06921567052392974
0.28825295929593175
1.0500901809518441
0.0972758015831327
0.08749407056304391
0.6506671809312464
0.19576478996980054
0.27931867308608654
0.32178392888117646
1.6210427916633694
1.0875992763307882
0.1315153318978133
0.1843158858489682
0.05921751013950061
1.4588037692779507
0.4006751568386345
0.2576807473598341
0.1999143949580715
0.955684534183021
1.0662208784615161
0.06579518855644684
0.4584955167278736
0.5299179242998044
0.7594841816673323
0.3197419694837268
0.18509052946124432
1.473833332919462
0.1408757135838622
1.9274409694318884
0.29765998143068073
0.054420284680989854
0.05543105282579792
0.10594341298443172
0.46045125139457393
0.5668527502602722
1.37548643614457
0.8292217595001022
0.6120772827210699
0.8736867734835343
0.06180410604764326
0.27609255996972604
0.09972822086827313
0.032577495076914396
0.4215596024759056
0.5490103109568665
0.38437806230917054
0.2068672299222527
0.5964842898268993
0.14648316411194254
0.22044540459462242
0.1692069504910237
0.3289733050248685
0.5841187996381786
0.13557319189895
0.15774314874493253
0.7086225019126984
0.6688541718153936
0.398945277767188
0.8566414352215564
2.388835121641838
0.9334657343004855
0.14732504165135032
0.6588725083864191
0.8143683181764734
0.7964175427091549
0.10671608857795566
0.2947714610520846
0.4806656523564827
0.772646758950419
0.179523755760312
0.0085141631153264
0.12871562417125673
0.057493416453695496
0.10319978486193097
2.225417566489873
0.20847129606209588
0.3201819048750173
0.22826295942784455
0.3879341738379275
0.06009364170289469
0.25229929632074793
0.12136315029492965
0.1584147888206652
0.9569458393839281
0.20223988798327253
0.12372166003071217
1.4796809748227995
0.4173593351126891
0.38882853143584084
0.7701114902846213
0.0976687973351082
1.3970892077218513
0.2948336549992374
0.8848767082470004
0.19535244751781625
0.7160930002986177
1.1012263579571986
0.428486169219867
0.4747674562437697
0.1791677035337649
0.1286739167245257
0.6045584971284036
0.44176331672443064
0.35485059516560435
0.2384396048976987
0.34542965276789894
0.7016216383810431
0.5712940163583788
1.7754887940735449
1.5426182323151174
0.19938982827367185
0.13940262237927434
0.1327500053311946
1.5065699603846914
0.22396872097063933
0.01625223717943273
2.2962778179177565
0.1621024137684058
1.1650570098443496
0.6020731962959729
0.44558798821512147
0.021024276465697045
0.5746001094508361
0.6107140089465284
0.4148834156536608
0.37692148470226833
0.1770362122684205
0.47086664770738573
0.6741192697363079
0.21861989454902345
0.009183150365701285
0.1448979953648164
0.2726599349340283
0.1697009001908629
1.24344508705736
0.47906851096018416
0.5385335628567315
0.35019536900193565
1.0470965592226005
0.8050202199226958
0.8815695228261974
0.061244655995508435
0.055691507358427914
0.6019539871115002
0.21689442739752537
0.15839266725910273
0.3760768620959789
0.5790257511225805
0.3252549912569862
1.203493710307586
0.6931533808860619
0.1381668231871571
0.7478620963137468
0.3199959132122873
0.5213839370905425
2.539698277471806
0.34969648288232924
0.18827007241505692
0.5023413703754032
0.21991782369933915
0.07111499927267673
0.781361606603344
0.27961824938899327
0.029067945685094358
0.28788164301107244
0.22311896275536586
0.04020406139834313
1.0078226659566012
0.45803985124286556
0.14900336297427064
1.1982255643827853
0.6068246190884659
0.5296724126999713
0.9408414913404274
0.645860652194874
0.2506870442617724
1.5678128579840034
0.3460152164390413
1.0734270346080341
1.5863220921574313
0.9189031076335082
0.4109360401438392
0.17670021602342345
0.406160506877765
1.0497035896332567
0.24455607334526744
1.224922294453789
0.24551526560621578
0.12975498621264758
0.44186526617768557
0.029466259553085107
0.0825579133061501
0.07637471362533742
0.6681947125755288
0.521140704774432
0.5730826666731549
0.48788791090595174
0.5116129064860381
0.16713581831764662
1.9751011204298783
2.1381883782032807
0.10576985255527603
0.22988336397599587
1.1737697310353246
0.08311195721463298
0.1997113772887129
0.14353483171777162
0.01040413190167275
0.16827990510103039
0.05128669556005173
0.22224679333877603
0.17194379153136619
0.03646897676287184
0.30145320308158263
0.47063043906333657
0.23406092995554606
0.26168100309109343
0.35374879769552064
1.3753952120312904
0.04146927635382777
0.6499946089816964
0.2272017160447201
0.5986017271081802
0.15415668200597388
1.4666605744437542
0.0744294398117689
0.16840664509591152
0.5175433282327162
0.4618771189818289
0.3475206770349279
0.6053658749448181
0.06277345877660453
0.47151475094111645
1.5117015791081934
0.15585202176184604
0.5487929731317994
1.0764082008839067
0.34342995848304136
0.3404189977392601
1.58305900110889
0.27677009231829225
0.7578070582640791
0.8038417441283167
0.011175067460767716
0.38394860723971513
0.6242038538982553
0.1678934325202506
0.9246891867392364
0.32563444624525695
0.2720613049072865
0.14579307693002025
0.39792251172825904
0.13564960492874636
0.2088790683153539
0.39521526329421497
0.048005525171733544
0.5966603929333187
0.2913837246708294
0.16697514231990335
0.059357947751205335
0.3078879428211809
0.44141329556125675
1.0866363538607635
1.30240157357456
0.06840572565994518
0.6080288111982778
0.4211483208407379
0.10108831772970758
0.4934852882402827
0.29065346653350255
0.028239435166961382
0.15664115424679434
0.2101812466009268
0.010453228317911014
1.037736706563608
0.7899728405103059
0.1597554602948037
0.5034183541832884
0.38293852157417385
0.5470550772891398
0.27883008082729976
0.4525322238353078
0.12319936923940736
0.5097326139240966
0.40828903634992875
0.09620938944643131
0.029982611030880353
0.5935834548443333
0.586920005566516
0.06141801257556399
1.9095199049050282
0.440791138802914
0.06422264854493406
0.22601652417707732
0.6122889725999242
0.00827995756215645
1.6945662516023827
0.21776132354161623
0.5910962474658434
0.5492735069058976
1.9887920221587911
1.1692958970355751
0.10589114562882983
0.11350390623434485
0.052083537178784084
0.15003885636308628
0.7547527332922386
0.7020728721658258
1.376593850479507
1.0265067562068764
0.34218268948204017
0.19495209444952305
0.7154825453380771
0.3605767472113307
0.4049474109622655
0.11236880924501505
0.22464561801014585
0.32265593044647617
0.6729743154439282
0.5574820001978464
0.7222896352304627
0.4071492437174998
0.14905926930911603
0.8321300408201253
0.009342470516652077
0.34130432126062155
0.7554205964933817
0.44880251842095364
0.6935607794879742
0.8026814602473759
0.17035507486555632
0.014065888481525972
0.35570560060164963
0.2635091079751114
0.38140846042123716
0.5543633665063835
0.3331983311643707
0.40945052546165756
0.12486018716158558
0.6343300852476987
0.8623141144446838
1.9837452321383158
0.12548671175408982
0.9402871767994345
0.22507284108474865
0.4464916017400013
0.2858195155910154
1.571918982632841
0.26653826170882666
0.739904308760991
0.9744897669534448
0.052081008158636026
0.12262256846343556
0.32058106901161354
0.24877250405790433
0.12653777773969158
0.34209906242490107
0.22568215587457274
0.17591905690857654
0.4175574254443284
0.09722684479889426
0.06912650538501201
0.769044932302495
0.08039322758806126
0.04014312962553245
0.8217395078347637
0.3021963560212812
0.09214346133617035
0.34876456119350174
0.243539277508076
0.10729293766666699
1.2653433575410296
0.3116736040742724
0.6842732347783553
0.05101013924878609
0.5251848191341708
1.9313644063816369
1.6188771843925989
0.6750811989397248
0.6147566948411943
0.7707561741667645
0.4039248508286961
0.31329378920134404
0.06508895463246471
0.6571236245845096
0.8903692184531988
0.5721913768912021
0.14254384368119885
0.16484487807132076
0.4912876901529732
0.02994470914242846
0.02711091504008849
0.4798176444439123
0.7598846039547915
1.2710908397013596
0.5362350414381074
0.162531799926994
0.15807007141961282
0.25853444488303945
0.8185181950366103
0.1433722705892787
0.06002064406093403
0.13619122835137412
0.3005289303106028
0.19499338886274953
0.33954948151161474
0.2872612824797609
0.22831434482393895
0.06888009269773558
0.6166896474581737
0.7138573867744589
0.29741918742465784
0.3787480081983104
0.4240091685462144
0.017897246396282963
0.0039796991645389655
0.6894452834949114
0.16157456354373875
0.4051676784342604
0.46071322810960547
0.24105626519418014
0.17880933868034501
0.36492498742462104
0.3410210880846254
0.26635254781847917
0.5763627179169257
0.3689675913073396
1.2370072653379505
0.49252726948476383
0.35626518193134754
0.2874831803408833
0.30915654750886234
0.5514476296067407
0.17558700665429694
0.35494370145748333
0.06084219217508445
0.07631418517110775
0.628236518298134
0.6475151665754866
0.3011701655058685
1.3396602673370028
1.5185552125281905
0.5097571299523008
0.7993983365489157
0.9136962388525678
0.7617471158712158
0.4301262147343703
0.1405619991834712
0.9267897061142363
1.1217316229353353
0.09264094863267987
0.3296955186054493
0.6747389168620886
0.29197680201062415
0.7265005969241877
0.1805818418533634
0.30456964741712417
0.10589202020410751
0.7576342346677176
0.14973087492766268
0.32210553319323426
0.3108601842002033
0.7112677313029169
0.6395785929257402
0.7871298882854201
0.24935712218051634
0.04136521668460564
2.145040451982414
0.3598837511002871
0.15027328929786427
0.8042205049556368
0.2134676103431741
0.018452572917094918
0.5880411088912768
0.6106772546436736
0.3440683825431591
0.33740294635077467
0.20871425455468884
0.15346816341717553
0.255270426149468
0.09329696335642966
0.13612971381835934
0.29666260982312537
0.32080901789228633
0.3866759243394893
0.2814302814361999
0.34231470739726416
0.02023153480665521
0.3283062559659521
0.5119310765085563
0.24257298641277214
0.5683442600307222
0.6981598995733344
0.16276462280820506
0.3578617073171395
0.22758326663062803
0.6387715548193
0.2510472459685914
0.4353050267182512
0.4305694502027816
0.5157678714001005
0.2928421249614084
0.2726290796643838
1.320833969320319
0.36558100582276765
1.109376716427987
0.35350164405359913
0.05723738693432773
0.03519010365130566
2.198063087118338
0.46387099503296175
0.7577496512477552
0.633868747658536
0.21999879095274671
0.7350198383524297
0.3585260419045524
0.13902212692467272
0.11977411487652319
0.038647933045597514
0.2477040574988313
0.7304987029767651
1.325106051249006
0.5586488285335283
0.105834174575145
0.15573020551705802
0.1896031946846801
0.28781078072828126
0.575079624420677
0.1383911166342657
0.8972069995121063
0.16790066456508015
0.41160100232017915
0.003277307215624611
0.43896092487487487
0.3821830418062212
0.07194616359261718
0.226117017833869
1.0874699101848166
0.34199487762238484
1.2714655258003682
0.14415755472021022
0.13127943674148618
0.5541597605720968
0.02905303553099181
0.2982283053045823
2.069346611601498
0.022491879410532215
0.04264787271267161
0.6622274135642688
0.12416756594860222
0.331169119692087
0.9154542115921572
1.1124283018101142
0.6941293531686952
0.7693249617574565
0.05967095345806538
0.16482200385241236
0.42521871764791574
0.16744194798831386
0.5868857693173991
1.0102018951865055
0.5810745635201279
0.07652227869214197
0.19149082928783323
0.800806492240277
0.3699599727595027
0.7946210225997525
0.28755007455401005
0.1729431609522492
0.8459211162987427
0.28758682097562677
0.5853386656219739
1.1576854151026714
0.23886283724314405
0.04233368347886053
0.16960350060869397
0.18365625874245925
0.7642280473404676
0.3426324700196264
0.10909884545818352
0.20061575203993484
0.2877694813860299
0.262522250334767
0.35061837475236485
0.21165930568829022
1.4991668734235384
0.7245361708063852
0.1168843410248665
0.32073298248087356
0.2168683049966186
1.2850144343802916
0.6255455621975914
0.12265628971920095
0.2745545673495351
0.27731341906394463
0.22466691275965822
1.2527265640108354
0.09118573007603611
0.3283416057929351
1.0229983216272869
0.5512620162015202
0.16428786010161595
1.0982827921745995
0.015293599594943757
0.24973437726982495
0.8832766065493523
1.2618928637204572
1.6112246764902614
0.817150576316426
0.9353801904257595
0.35896698314702596
1.187748780150393
0.4386378453884866
0.8042604143953849
0.38869112579209864
0.2056997068323088
0.16223169456469627
0.32950858859235244
0.9246441789178145
0.5489841866592009
0.529858711163186
0.6265430051584086
0.3017988931048033
0.7791326253684662
0.07112178305181831
0.16771476891410003
0.260454102821746
0.2714187818678737
0.41785492953421804
0.31688738955817364
1.5659454389816787
0.44451332877984584
1.2234174253829473
0.1383887036129427
0.17934836445952113
0.02737025936839894
0.35038846678583774
0.27677069813972577
1.235013470808843
0.4566928993481535
0.8008896517198998
1.40439774322705
0.7740977038764696
0.4736558332692751
0.29116020176114504
0.17036008069306482
0.7837990320451165
1.7222583059023162
0.15743555071295792
0.2058434744765197
0.19312243987124436
0.034009947496098016
0.6017655640992153
0.45127439495432015
0.12000712071819165
0.6719614277375558
0.26573386516572356
0.6181864388167732
0.031692401395103
0.05005901923426086
0.0924159531903173
0.01956209439922987
1.570652594223462
0.10367530746729492
0.2897305693313702
0.5409178071287558
0.1964556781229147
0.37018769828815995
0.24178076482508368
0.02793866786206723
0.47481823882064333
0.8659766660275424
0.2391638239218724
0.09247941714834888
0.468956625560467
0.25122512536236924
0.3041211419706904
0.13359895910494943
0.09484823813477465
0.14771824120487367
1.6089595771275387
0.09636279360763557
0.1381276269064852
1.098675031476878
0.6826675466036375
1.2335579430747983
1.3106454342850915
1.1300069455254487
0.318031071510726
0.26944359325679
0.6781058774685148
1.4172630693569068
0.2974693906818498
0.40899410920133733
0.17717918916604933
0.40664592687751333
0.23067728409972907
0.641608841707718
0.9498278935671371
0.22474719472458304
0.3257332766248835
0.14919626021351162
0.9898147426545751
0.8460056390318129
0.9172692036361556
0.13780615499041077
0.17318992569982503
1.0469724802990976
1.0509511046205189
0.7839392436057921
0.8760257766851435
0.18320618796555224
0.2913797807942079
0.7229835937204622
0.03429137946384644
0.031751056448561334
0.33183457871061456
0.26698416486374354
0.2198745611870396
0.2886653933500458
0.040058923367072535
0.11901954507570736
0.25235220726572505
0.5467360810192528
0.5724940006867574
0.3876994514628596
0.02116535232159803
0.30551964103688506
0.5195016692531613
0.03620226504614845
0.03239261634935271
1.3069173068119617
0.39784075151512177
0.23861267416551477
0.5272893444081812
0.11385100253851754
0.27883203075159163
1.5719627769040727
0.06290891914935477
0.03800810610634433
0.8724051445700809
0.3807140439330646
0.23056782710493143
0.49871456060034924
0.01179535632249487
0.09899128289006587
0.7962416745173709
0.3335928821763987
0.1880548483335827
0.20358953698170582
0.481756151938518
0.8687719812694294
1.631432181087735
0.6395910241448705
0.5341360528217808
0.7273624077113562
0.030363369065539984
0.05300880457858059
0.6990150815999409
0.18029572433733226
0.32526969582831994
0.4030947091818094
0.02982079306128024
0.28716890621428814
0.901722274824113
0.16880772710817263
0.1483053054771762
0.13000978359366835
0.2188679873472932
0.30207804302977204
0.7845130134842362
0.5105665151927486
0.20917613773295968
0.3975076354180296
0.05436704558555902
0.10708061965191897
0.36143495273979115
0.9451539184955955
0.09456345922863187
0.5965872656685508
0.3297315996435347
0.10432988488752405
0.45743081446056877
0.3568853918175381
0.3443432831328355
0.9721672886944255
0.1179936482498243
0.43679497059680633
0.49753983229083043
0.44624120568716585
1.0547518082218381
0.12347308230068478
0.062332494321038816
1.2045436711205966
0.7492782326231757
