2.2696402832006233
2.8667420242591177
0.09434717122495041
0.824123588959955
0.4880017283112342
0.12690970623374204
0.1948014569586638
0.5826620474762008
0.5806138729587365
1.6431755487537867
0.5167780081217365
0.39253856526114783
2.8185822964324494
0.4001532984384114
0.36480442738223956
0.44407469930677723
0.1259435862107733
0.9470878276663398
0.4409880183886821
0.2863378434229652
0.09442411473302612
0.1586669200996474
0.25479419330032665
0.2670746953908105
0.43885339582211313
0.2463699052606361
0.4694079387816435
0.8250909272320404
0.7999904862600107
0.08763071853205946
0.217308805541785
0.5291013182550507
0.26982463728738526
2.184034692434113
0.6989462145326247
0.3036412293098575
0.4617687077949838
0.5699062241440064
0.729461901569506
0.9458820555397633
0.033700141985554745
0.4827620551045454
0.6824563628610035
1.0676259279861833
0.5192508601000003
0.860342305148914
0.0440859335124501
0.41482858697290936
1.0225697663566398
1.2555265562931759
0.42191556111641987
0.7051418497096713
0.03268560671681509
0.05990754835645608
0.3766158714712451
0.002938207009079802
0.06625713388669478
1.3245737360408845
0.21341844317678346
0.6383952807659489
0.9088837248011395
0.10988517999816723
0.052993994552014305
0.4720152119105054
0.7887487883052361
0.5905991536413158
0.6860066964811363
0.008990383162512576
0.14360577371574662
0.37875293116871156
0.04530974460952502
0.10838102332883147
0.5665344150226883
0.6138799478555746
0.5430365255289764
1.8586869193175062
0.1794024050080498
0.6403570523230246
0.3748960603610131
0.16872946976453312
0.43768549871010254
0.045303281167176204
0.6745857182353272
0.38802982997912416
1.6380587646590397
0.7289684341077586
0.5423721183961914
0.26915348170850206
0.5692922372812141
0.4648349226557259
1.275782465569469
0.3122474068730573
0.0804391105215744
0.47305502705437896
0.8046783630506719
0.5058630500397865
0.3103889315137008
0.4803953844832235
0.05546429715126752
2.0308547086080053
0.40791219461827044
0.21741942514600454
1.1941010224159199
0.7171181387218145
0.9460251121020752
1.7022390531221812
0.8214081923526441
0.04788653394362634
0.8401807890120987
0.19252459812211933
1.5780372691287556
1.2821207893139466
0.14942675354420895
0.10273050944289762
0.04382096226879687
0.06480700983185507
0.007941745198908935
0.35642143641600843
0.07873078437924955
0.07075253747665877
1.7347505393230205
0.18284763810804386
0.08050493149009863
0.967558990547185
0.17023854146416934
0.35388419765518064
0.6117965367453332
0.7694904230084005
0.15540634407426554
0.3325781090892398
0.20479217866005237
0.0045988807081898415
0.08803749179287285
0.3351591695233382
0.18019747106493833
1.028157630225801
1.6969827602841472
1.1915955436776835
0.01616682839638854
0.3081742806765693
0.005228233679748185
0.5366578938194748
0.9957758745352578
0.30488630688216173
0.20380094714131577
0.018574311799823818
0.1501064893818716
0.1450761424687377
0.06678536456222026
0.6078406390546823
0.3081414658817419
1.5150602971709433
0.17019565904094788
0.682935429142508
0.3387063244336654
0.9029332286382318
0.44732097438246304
1.1906062890419669
0.6606193421443382
0.6310879629030708
0.2625200489351714
0.11667585662359971
0.8060882733725442
0.3245306674765343
0.8742936305606631
2.3101258646465803
0.29792596299774843
0.4508909967966774
0.9077327395476713
0.45719423957237676
0.2040945742702393
0.9530527675277064
0.9448015566002396
0.1451475709237497
0.19276324169949774
0.4693879918060443
0.5745018787205592
1.4798114906502657
0.025408104771398664
0.06470669770628164
0.39194389959638576
0.6538302673836989
0.45186283689965256
0.4830600031392018
0.3637811592096314
0.3973916684441859
0.09396917286704043
2.334784399888945
0.792063823682367
0.20238323414336185
0.9414324046447633
0.49064148211704744
1.667616787623866
0.3517917846759408
0.38861441273767
1.5091750892824047
0.6737057197535227
0.37514087997249224
1.0095999102764521
0.04763259358169875
0.5914724384747605
0.359302755889424
0.3664382694764659
0.19237163201941523
0.80656009601113
0.19270134342536044
0.5696767697601851
0.7403555868001402
0.18706344263263175
0.16831695721704049
1.630796361721742
0.35128476036020206
0.2331753499707661
1.617140620527109
0.9677857219878472
0.20981051166542808
0.5182773865180507
0.6117604938425075
0.05214058195849571
0.8014072923773152
0.23405020845602492
0.08070369114297724
2.222496391907997
1.0627423896233954
0.6889887021650158
1.9631721651012704
0.7485540730195639
0.16764756886308735
1.1032723776123214
0.09473669450332207
0.7580013093882495
3.0466773643896836
0.17026534919353786
0.7172481681963615
0.5240262627214342
1.32571153469389
1.1017017786869985
1.308647003674742
0.7963412438709994
1.4191983159245731
0.12393074353234475
0.3756594826445927
0.6073015487335407
0.9547564221797185
0.17190928127820307
0.43856129126390997
2.604434892807866
0.16321817445154604
0.6580162913001862
0.02138638131237433
1.0003560900921051
1.3122303352002835
0.3233951057894666
0.2189644688895489
0.26378353290765355
0.53827184594658
0.5988078240684679
0.5736438606679884
1.3362462013381817
0.22734340130862862
0.19563600803235104
1.1678433519919789
0.09423470721163324
0.36419543253994824
1.9682474420978173
0.594270713416649
0.5404188389205172
0.07306183707955159
0.21206909011816796
0.14268210569429862
1.9841789399931804
0.4624702510301993
0.07952831929179306
1.1140055523723627
0.09372563410878963
0.1307614659999359
0.6115638506467173
0.30988245697262323
0.6923814657087254
2.360889916698843
0.5284774482132507
0.8240865990620093
0.6596352741161846
0.06001102889572376
0.358306898542146
0.24038101252309446
0.02177495756930038
0.7891927059417577
0.0713426928631754
0.09010698752421678
0.3109930784482357
0.38395721729318805
0.6162735471603462
0.22534262504184457
1.8033356884501464
0.25184042976332033
0.36716160787929847
0.505652273094814
0.020412088277574573
0.07649362265896298
0.27196100186774513
0.40031614712449165
0.10930614219676334
0.752075870542689
0.2693556850127123
0.10679921792665265
0.10865489662692109
0.5744132835418161
0.02722273458172799
0.7185913471815512
0.2846724910416321
0.0768419086066625
0.005293572526180798
0.16551887814641672
0.4323419149161775
0.35575588138349906
0.5591803363646721
0.23052376883024156
0.10021444108019457
0.4353932848082842
0.4522216672737372
0.5670012372961485
0.846259397588472
0.09161372647663757
0.4756007739616594
0.02692126267434576
0.19094760601060262
0.4404797578074384
0.14704263996401412
0.5449753628530715
1.3334736831439773
0.06298829672397353
0.6645020455283633
0.789939865505066
0.17728865799281374
0.02424474434166585
0.2665039641369523
1.2267995710935697
0.24427706295043608
0.5850302417014598
0.07643080100813841
0.02199762097576322
0.06790455587275276
0.06583138166201113
1.7737120378668685
0.8530208772582362
0.36298622962802174
0.03971581520923395
0.5953612986114756
0.3030644141940913
0.33255840354690713
0.8145957579725445
0.32771599052982564
0.2828848105926139
0.017271494793421733
0.623505703126358
0.21407184078388974
1.0747485239728036
0.41793525096768114
0.28789946355308493
0.17241813658645508
0.2586647940130256
0.19903570107509647
0.06170448499226175
0.029323222772803588
0.15776473363366023
0.06584857544546333
1.5612331039066714
0.2857815720089806
1.0592184215046745
0.3701330387436853
0.32640157182294494
0.663593532943893
0.17198313822392358
0.2164521186818479
0.25460352614385956
0.2236850942630037
0.21672041716344392
0.287037628788108
0.11186355660752537
2.525432241297283
0.3788824192337047
0.07828721189507692
0.18950905277691507
0.17442085918622804
0.7193489800190556
0.367737112112409
0.22588680719801282
0.22240071733146632
0.24394370683002106
1.2874940777175263
0.8544134936604442
0.25561321632163764
1.0417814575989532
0.2050301153903859
0.2896380279903545
1.074910335125766
0.3960814466489358
0.7653692875450998
0.17990594604574672
0.17611548340286132
0.40959663418066444
1.845492520435235
2.8658471608233484
0.7841497998485448
0.7815606654517488
0.5709991853701951
0.04771048783322903
1.733075342033939
0.642500275992984
0.039854177245285304
1.676009651704363
0.1314701299181981
0.3439992982665913
0.11024587117807015
0.24407898021602756
0.08202694331198665
0.3200248432420375
0.14454125842573914
1.7912468395090808
0.046190721807640195
1.382900367903106
0.04984526881828539
0.20216427066123935
0.14930585496264767
1.2599606509117447
1.4731124589149127
0.4560033431518543
0.944459800176106
0.40127709973387127
0.5112459269988685
0.2762197919355214
2.581247250525579
0.2757680698565493
0.5369948277417795
0.3695975360063711
0.15439171719668532
0.23462076407432877
0.16662688917141985
0.32730006851117754
0.2644406137792351
2.1183627832708454
0.028818878340109846
0.4146132731669709
0.4849829858090567
0.5155528135163263
0.2322982715472126
0.949969514441948
0.24731875898358852
0.17583099676317857
0.9948301524535855
0.2649127957549888
0.07288741529764507
0.30606139701089563
0.09963325641564591
0.09895807636812552
0.17412087456401482
0.5569771750759196
0.6734280143610879
0.05253127063538637
0.13711862283808812
0.2543240932279358
0.3753197018100491
0.021921451570373746
0.08938180913284238
0.6994726851676477
0.5157203690222032
0.1852455128921643
0.4718624994562681
0.07078749956004034
0.091671938832702
0.0030214440056404567
0.25055706590480553
0.7827082851061565
0.3994676732041971
0.36413871047844676
0.3558470468594591
0.38973617140739186
0.026257186454924596
0.15458174693287602
0.6727904389046466
1.9667566494173268
0.02105221406650024
1.0299571311423008
0.34108325897627323
0.20012891123043428
0.5734207511650059
0.894018977748704
2.3077349002121696
1.6717286564037315
1.1720592593153307
0.5180245182047369
0.4682589440740498
1.8088039332982115
1.4764399656943774
0.1387731918323754
0.09918013901716699
0.8995312273245947
0.6133501694020255
0.6274426978648953
0.6765595391178015
0.5631137160205893
0.8471653526526342
0.9393293322109143
0.9184313458073805
0.5278871746676927
0.0641115255104975
0.48106005366659405
0.08947324354787017
1.3046204703034532
0.43548320152255654
0.43461966120917495
0.16592583346094691
0.2432848908126109
0.03812602752630622
0.04547711258855874
1.3547630509079662
0.3863658442387633
0.6338592190046481
0.5435343730936736
2.273969719372632
0.607897201994844
0.6233277716625437
0.45702146109591363
0.3105292781686569
2.7289965803661067
0.2677715844143306
1.411625322792002
0.7647383757944085
0.5203372942113823
0.11699354191694865
1.2804994656221285
0.5078011675383867
0.35192052942941954
0.912552275606945
1.564478613472933
0.8728555858937326
1.0900338434159136
0.13520625195102504
0.2846230775382799
0.16363939800648997
0.04202601270572092
0.11907009482024673
0.15946680501832505
0.8750573582056885
1.0163632189016507
2.0052377683850358
0.45591268793209505
0.8793965381289158
0.9679794737035254
0.1510491802915313
0.7310085432978619
0.47558806472944737
0.9038636217916163
0.7777706259484204
1.1302099360661302
0.19266106229206387
0.11878006826489852
0.17931307579917358
0.25685577213969757
1.2226909031846778
0.13293285796104473
1.3093698262578324
0.11392886608803957
0.2619813438653799
1.4370612753896421
0.052598631419490324
0.589875573058622
0.18279880794343287
1.027812554793429
1.2234433573591867
0.9502871325177007
0.6712179555971239
0.43974469302608704
0.037922929501148894
0.4973158877565957
2.69605096658709
0.6168572403730176
0.8048792759578125
1.5502430638892024
0.31265619442407794
0.4242120399422545
0.7901406567204363
0.06963848394026786
0.01573804728121926
0.8867783370928588
0.1294332148162247
0.15512769681562444
0.24508072971151013
0.09122999667807583
0.0007748983757033149
0.6582591546272458
0.3231940453443709
0.8281977005599114
2.079210714467182
0.06216701514979729
0.08551879289296656
1.3304331601720563
0.06643076443233657
0.8891961628940455
2.0121123045390203
0.08975592374265548
0.5774924225588923
0.43693993309716683
0.5309259810865351
0.4313003706260545
0.9822014773951612
0.2335291121077097
0.23531426916199757
0.6896614696239302
0.07662565651371739
0.040689307206589906
0.3464747681413858
0.34357142901834514
0.9204182203954191
0.2501670004105635
0.2215532381469018
0.39915472903841065
2.429903862638704
0.0020488004218885817
0.19649816784032648
0.19683462742071958
0.1406043510804101
0.23192855652654942
0.7853682802702904
0.6326258829622277
0.533831510119502
1.3480710272334704
1.0326378807254126
0.6291072614531533
1.3784747993500768
0.8960232032478596
0.17248460094100543
1.8841391297241006
0.2340868541192765
0.3254937395613003
0.44818646693677994
0.6553376176565057
0.5984121236180618
0.1098835648761367
0.17146522401219
0.21945172355103984
1.8330806721920687
0.4101869078445738
0.12341479334702761
0.6362563784510044
0.11021471796742784
0.8305311507881589
0.19282901803037245
0.03850201368625303
0.28155476351020314
0.47449952681775814
2.7519852525045816
0.035831033347517506
0.42821792612723386
0.6286653320417296
0.0948358023615802
0.873872331245628
0.49788475796340703
0.48007495656924287
0.4292617100922296
0.15072620564318154
0.1688260088474658
0.027221946184024695
0.11870255442659836
0.08456532591891837
0.2105103857483319
1.220350564238963
0.7362321762147322
0.5060554428608409
0.04761306032804059
0.40821464236280647
0.13231900211525202
0.10389620862902339
0.22056147045246388
1.836229941796871
0.7636581162731957
0.6597104638606622
2.9734668654051304
0.04574739901726587
0.8758857513655883
0.911660661443859
0.053264005831230275
0.08757102267887923
0.6356809739755321
0.14571829414198179
0.37113599748311704
1.7623026516682836
0.419674895957101
0.3006613950554331
1.866883837221991
0.2550073056351696
0.0659604664796195
0.1236609754937786
0.9825111526132476
0.6691266166624233
0.8529914445607136
0.16397116952955174
0.10528314718221218
0.3469265453992179
0.7618007240030776
0.6975470273856681
0.8160809796718059
0.11226031219954337
0.12246717281949646
0.165884252987023
0.4698909509848196
0.39375744809844854
0.6276812460816578
0.5755861018302363
0.04383272932837576
1.7893262372455725
1.8484176396094905
0.5321819682553898
0.22641043270570047
0.3300429545490713
0.16561172431786084
0.7779669462759347
2.0266713134775114
0.30118496180572635
1.52720891375868
0.6079973816365639
4.24924531497516
0.2485445493912567
0.6252655307266871
1.3578649834372694
1.4271151173314574
1.0885881943174156
0.7581300931725243
0.5989080441681741
0.30634358523666777
0.3958450446648466
1.108378812277397
0.02437019537485174
0.26873961472286934
0.19521866663431128
2.186090427133121
0.13394980994447606
0.4463169510667087
0.31150942635419704
0.24699572054699265
1.0269843843929847
0.47688793220145576
1.3028752073525445
0.17425518205044951
1.822495043202443
0.10058473890500672
1.382087665058813
0.3623104123396847
0.9930694510721996
0.9905419345235811
0.7496336943970422
0.7176003549936337
0.16899662818614505
0.1964571875962302
0.009577926926293914
0.8041927343463766
1.8907488248930144
1.7153010496456107
0.3892022344144214
1.2516088982523095
1.2343885131388461
0.5031603290634364
0.20410484906507134
0.6754617351319643
0.14062441238568343
1.2951534925849364
0.9174386663010983
0.1375417658521363
0.11556708777836326
0.10233282754144236
0.8313531827602192
0.3192815189758851
0.22634818262875525
3.944332449063832
0.8018520372065128
1.6001694362940213
0.29001249869571555
0.1999901110988104
0.2805039573997064
2.7721247824062547
0.6473706676796418
0.8672077047047235
1.930378320089646
0.2704244184226275
0.09472283410892063
1.1502693449802648
0.24758472718100882
0.39250268344035744
1.1137227940407763
0.6516535927405942
0.779590446819944
0.44155657602394704
0.5047295828991443
0.6117372142839803
0.9794848824135983
0.40923171249034596
0.22140715583917908
0.4524783840939642
0.8202570063137052
0.46282603474295736
0.7748304437883788
0.5625476037223575
0.2746584496423522
0.754229147551463
0.10279590717177652
0.10673718470524196
1.1029252700175824
0.09611057796250815
0.24481170097865673
0.8404902244217802
1.1639001703894916
1.026642959092236
0.43990619093234234
0.3764753401393114
0.08587454583274975
0.1349602635361486
0.5924377581759839
0.061847884698153416
2.0524261338946173
0.308430872896521
0.3933463196560007
1.2535811157381966
0.8262238935384282
1.3217143357663141
0.21758990316700738
0.01100636621775223
0.03229687515400798
0.5992039985840979
0.0166406142823353
0.03791111599656141
0.5222791365473516
0.07667003955050083
0.34125689818201094
1.190878024615075
0.24372641964878794
0.07521913166104682
0.3468897192791242
0.037365985982004704
0.10834365456755314
1.458403578642718
0.6416009149710432
0.37815394891448517
0.8749038763848777
0.4835926238268676
0.007496685869354745
1.0252422733385511
0.33480173316716616
0.3112290736198263
0.7497111681799028
0.35713553512164997
0.36363812529830103
1.3663979952506202
0.8083812164899498
0.4263024061003245
0.2228849347859665
0.13576177102130618
0.08732053062297603
0.34138786255817766
0.18792835137501243
0.15323344780490775
0.6059866879357888
0.11221351523384376
0.3844507303363492
1.9481087123828849
0.1565244189808092
0.31301836404620276
0.037145854312999306
1.073307817570803
0.29557148648932396
2.047600018903304
0.3427478958794834
0.29044085203888026
0.26837837240926654
0.748012465649869
0.48281114381094753
0.6112130696873225
0.01304660690094843
1.0816626526723878
1.650670749998293
0.1315236147878974
0.4043138941440931
0.5763960188632083
0.4182185567230807
0.04918198249955359
0.6918698434265528
0.3072335144031258
0.09484869737229801
0.07660385862223862
0.4101336603112218
0.04653209461201544
1.0351596297338304
0.38651906872628794
0.18680281530195247
0.11417003189576551
0.18477268519516946
0.5759772549224752
0.3158633897865227
0.43251288125153553
0.8815298254108865
0.8013205652388823
0.1680045998711913
0.29869876733635137
0.6290932366593586
0.4076713679756732
0.5973386204392926
1.6229990573433424
0.5191865476056317
0.0509159660839297
1.4160676828657897
0.4271411788469228
0.06516311141932915
0.40680717663293836
0.12393939706424144
0.2200679574185222
1.0820418512107421
0.1866117990725735
0.25812090054315684
0.4436778961827343
0.006742291629569609
0.38436363559839504
0.4413104954913592
0.033538885528111545
0.025252741255393656
0.9975849668824831
0.9771498754581733
1.1655769451226012
0.49480769554168014
0.22058730239947916
0.0783889489663858
0.684418500374247
0.7014950616249084
0.6464403271625251
0.5209640127019676
0.06669150923475034
0.2490436173499455
0.6289468890979164
0.2946723444155739
0.17087700362903444
1.3534371458727
0.2687625271422122
0.42119877808513323
0.6687852862957366
0.45129702023743296
0.8573549656346172
0.1336500262504142
0.008227077357662631
0.27142260473251323
1.216297244820775
0.2718319734184127
0.059607667019449015
0.2973279215979199
0.36914818418982
1.2071080819910465
1.1748773455664814
0.6949651029187283
0.25601121262486065
0.5211182591088238
0.11624841712504014
0.49915421202355975
0.2020208665035693
0.39192167340237477
0.33854991221585795
0.15757826107995954
0.2172553645598278
0.5929093186339671
0.3691552838521754
0.14634558900187283
0.0538754667258289
0.4380128991985567
0.0849478887326333
0.1392845798557489
0.24790041733268686
0.1020124993608042
0.12044229797410348
0.9688397579056129
0.47233311903932684
0.8239545343983945
0.23247295155150763
1.0599188799713326
0.7158786268126912
0.867078968627281
2.9406873825923845
1.601899624857341
1.6471845252435675
0.38079312056508313
1.0074199813227354
2.0856154701287832
0.15598249032928957
1.3806075712669232
0.6293697382752724
0.4698689466824012
0.45277117064283245
0.05235679344278859
0.020623951411744685
0.14176263907412362
0.26203124090017027
1.171150555013647
0.33883643232027716
0.14577759753685351
1.9702126282362116
0.05691994477358324
0.551651878823763
0.43092538576776446
0.13876027833786217
0.2803135737515626
0.32315672065713674
1.2815170980342492
0.1894340807905049
0.10045883941767397
0.08585544840529157
1.458500386636959
0.7526787239968376
0.1877350525101161
0.2197556583593999
0.12630500734403238
2.1322558406932917
1.3583565415368406
0.4407010895154119
0.24812682235537467
0.8029778145036071
0.023971242028626463
0.03295524479911545
1.1012952544327874
0.3643894579826396
0.5983183744454647
0.5919123458435087
0.06865073160489522
0.11336792941620803
0.32786648502231985
0.03057344525531464
0.2970539303814636
1.0199077553669087
0.34321150153344837
0.10040990051415392
0.3795566503471961
0.20442386979714333
0.26813437670141205
0.4734764152164279
0.16638319135386054
0.6247788348904592
0.9323301209314767
0.864936030714074
0.26454052057983674
0.7129521600871618
0.28240746436350095
0.42398927965203415
0.785377112070757
0.07169915480487543
0.08603877414698828
1.2897441650770158
0.604083986272236
0.6668289841458958
0.887272937078336
1.2073787311147504
0.02439326175611012
0.6763083870982335
0.03176325363661491
0.14634787974366073
0.8615903535942554
0.30261834254443876
0.4196840976864748
2.226385986648613
0.546596987359743
0.09366165381137895
0.8329140625913116
0.05765888811681973
0.2643181467034186
1.6360334400364724
0.21682747757075255
0.38831794315518237
2.05747786696125
0.5942662059443619
0.2903910109141177
0.4433475449589773
0.608569098409442
0.41648441214440984
0.5409129985353162
0.9169264749474775
0.4974145676070911
1.0838910145633491
0.24611179466376892
0.075271483114652
0.7273666607557581
0.8306867298148769
0.772515961850041
1.3384202989355694
0.13655953584889088
0.9983701484652814
0.3160720440554557
0.564560028663153
0.1580562986499586
0.2875217698868833
0.10498179260301554
0.3350753818051813
0.4206357911140129
0.039030475126579645
0.07917507334649809
0.568920708291725
0.3350651401981476
0.701016235860947
1.5859839538196767
0.1488831831657605
0.5412076358963089
0.9426265463949818
1.331595051386839
2.4208796223707334
0.05281593200799294
0.8780344211340366
0.10020130174042415
0.6864153949173464
0.26177868885567135
0.24227541548593298
1.2851343139241225
0.12328460552552023
0.5830754564962551
0.5185124429782099
2.0079437861488296
0.339733940414313
0.8444562002257746
0.21029045196504112
0.6017901286037209
0.71045819321622
0.2027538708803782
0.5127504780415021
0.46003514171376053
0.9472849141044221
1.0584959450889684
0.42425457401990896
0.021518415153128023
0.259571688263204
1.1050443891525616
0.09168592237924893
0.07107084041134541
0.8798055988475112
0.2758745165011424
0.21438690377342007
0.8973750843487507
0.15263233383150324
0.09504460801239635
0.9649725521537174
0.2186560245856747
0.35940934753950704
0.7880777522063426
0.5775487688444642
0.8414810401982441
1.2266167802914727
0.6685427962476602
0.06857749160049549
0.45400841065637426
0.03422408470559396
0.1634520530895993
0.9211140047865237
3.087972715893541
0.07052841262875559
1.5080836300905376
0.1499896232600039
1.6002243468046546
1.0334009709686656
0.7303959054082719
0.377024975210416
1.2428297909630068
0.6019560895766819
0.7221482652648697
0.15555484390491145
1.0444106345294557
1.7215500760164588
0.26633752048837106
0.27978564311648396
0.09403584836628473
1.2373224843994384
0.12403398119012092
1.1170040991518648
0.20548019191198744
0.36543324928947213
0.6879504842743305
0.24734255709612757
0.07619628067268894
0.6892166242861617
1.2732226941185758
0.06353735364827565
0.2702061971527609
0.3564814337391392
0.7935072273318954
0.9328022605237677
0.38981506469824206
0.16897035097292715
0.033336049896278
0.9236769220984539
0.04735085246130909
1.3733327521155962
1.6672220096225179
0.169502544728966
0.21499770729406034
0.4154475582887019
1.401175198769085
0.9368263972880213
2.4011346323297573
0.045074703826207735
0.25358802203972336
0.19592620939822328
1.2806212349063706
0.022464655586454566
0.9144817637386287
0.20692043152599238
0.734155510547154
0.9545716216494647
0.5301925737925808
0.03090712346438134
0.9612726962951379
0.409497485463261
0.07911226131022189
1.2764769080830944
0.19062994808209952
0.06585482666557912
1.3944154488817586
0.538908004511345
0.01953349320676085
0.28092898997317944
0.12600514453754574
0.24960012927127462
0.49732140186910184
0.3486510447328442
1.0410483147468983
0.5038318449388405
1.045786761450564
0.152985963897212
0.9021064192821907
0.22143738571288768
0.3278101269249637
1.4879485572290478
0.034008956758850815
0.05444399976984129
1.2678656158089394
0.07833147665284187
0.12205398707829833
0.8675517977110111
0.643911958792938
0.5981256568031799
0.9756874422095307
0.3929153013977797
0.03252854035820288
2.057407128705749
0.02862639352943716
0.32042050503643205
0.5212134760237949
0.1715785015118081
0.2690013551537838
0.22929444508593982
3.3289145856074644
0.5929513178280823
0.8771233941803953
0.6590719945520702
0.3415888612955362
2.3013378849214408
0.39780267839444045
0.1688069588180767
0.8147753612508245
0.2623138358887933
0.23845821819995464
0.31912235615924184
0.41222934029445835
0.3352531118630424
0.8846379011237848
0.19481214851514483
0.5289814062932852
2.1627172349196626
0.5103084898449682
0.885795231896378
0.4288016417309495
1.2751314000809457
1.5727173901835876
0.585663318976907
1.9827892578274662
0.8244997321358443
0.22893451935389988
0.21269460056281786
0.41040066639567785
0.3771365936734037
0.12052289227490022
1.4254307323639421
0.3300194009746632
0.021103349022214245
0.08814756830177954
0.3180736832370388
0.04993348633961516
0.1980861107509131
0.5610568245703372
0.06677711618803957
0.5988839295404196
0.1659471933447254
0.169207956546957
0.8051318738126686
1.3275861797570525
0.2639684871922856
0.20884792393010854
0.5176170271828343
0.2030790231537721
0.13410859468723024
1.3600739572896654
0.15761839862143817
0.16376098369458106
1.4145135420649726
1.3354026981325162
0.387921041818691
0.582860555942645
0.0981736882226735
1.3207155281795695
0.19246097501988188
0.3513990490017958
0.05288808145678975
0.7535152673836072
0.13009222204149945
0.3476379557035996
1.6714178540648796
0.25682427216890125
0.8898794312897047
0.27478908305309746
0.5258801748547349
0.4041198368775964
0.6448993366992959
0.3369967388799913
0.3742379689363851
1.034146704732151
0.15402006651850855
0.059064803142640086
2.5648346203830865
0.16146520916517446
0.2537155533451531
2.209306939706244
0.5162170222805433
0.23168950215536788
1.497609982780333
0.8003246058724724
0.8982720373917472
0.3538317173766036
0.29414436097518937
0.4014474118496202
1.578796877021779
1.2244070204596165
1.6124176614434063
0.571747965831568
1.0942892391328571
0.5893080883552291
0.4955059987713319
0.49207270045078055
0.8390940375836701
0.2848773341955359
0.28337470175366464
0.45713185312772425
0.397384650421369
0.05258423380333118
0.09470778059222613
1.3208872498937994
0.4421259977864536
0.3694318697518153
0.9417605607386033
0.09125961145183765
0.3216718862474278
0.9310909328035585
0.48535171658229903
0.876978806299872
1.0168191296754976
0.3426848386008726
1.1363224378410592
1.2445825863676128
0.09480306803281689
1.623702965428204
0.25680851277057404
1.3139101158595792
0.20903772651452932
0.6765053081984647
0.20413748428461426
0.17778422689386442
0.016799530994648686
0.308763187042852
0.2664116072395532
0.44186127516134077
0.11412668008837457
0.060600773622233234
0.4755439265010087
0.8072655544922726
0.27703588405550383
0.27078168131171426
0.12892187894569967
0.08269941604511649
1.0976556360662622
0.038285040334222864
0.051185901595211164
1.2885565250371447
0.09918569174711749
0.15148502604348252
0.9446019359712006
0.08408736319493368
0.3287186464926504
0.5946843238332835
0.4868715527375263
0.14806640792072087
0.7504023932097523
1.8830464775673736
0.7515721394674025
0.443664097478421
0.8009165423343629
0.2925487706988083
0.10998070961481148
0.05181128214664638
0.13542809926307636
0.43357292914470846
0.4002258248468364
0.43130430888691274
0.3468127555632643
0.1723401726391854
0.31722084367397585
0.43958618943404476
0.031137373455111552
0.5166181673860969
0.39062078491062674
0.33320691922003787
0.16468760968964513
2.2208235146425293
1.6537917880639161
3.0047075850314284
0.046755053293570825
0.33167452239485196
0.30511195065827
0.9456766872430037
0.18422402379199806
0.5300707575253225
0.3687996050493336
1.1443764119126927
1.542352269134972
2.1273899826126432
0.15053874251019514
0.11197290155625131
0.47717126466876425
0.35706077084892834
0.1066707616337501
0.43278475454392323
0.11259279748019672
0.2445294713540135
0.645145806814927
1.228773354673089
1.0202788252655834
1.2385992962448542
0.5247112937671579
0.305488304201678
1.0442938290695087
0.707392107082337
0.7395463537477276
1.0518324399773746
0.5278665333578207
0.3584268312521584
0.5973210848287992
0.46727603123737405
0.15567487939503322
1.1770876200435285
0.4940039776913717
0.6639908600529315
1.4097957856525876
0.23502308679066544
0.4045860639210651
0.7957483356135
2.197930290255636
1.7417701708632058
1.9584460133601016
0.15750816548646887
0.4678236319823644
0.23336757542326045
0.0997861407259078
0.17935372551455292
2.032510887471784
0.2115607663564439
0.02168174012302773
0.501550149748982
0.05951975068024653
0.7287288002270339
0.39041912733229844
0.35765704784503616
0.1516729960891654
1.0673035169333862
0.2735238210188045
0.5358941344324621
0.5629522962630933
0.338508878083093
0.29014716152440156
0.532384176338979
0.8393237706514307
0.2061767377144792
0.12497407244472712
1.632971141906678
1.6303885594879002
0.10701717649470201
0.19335529825191106
0.055856484590692444
0.5460700827513775
0.6020636407219035
0.24313617569273702
0.5968619490376063
0.6261619725251105
0.5360414565541672
0.47775419980228284
0.3156848820910628
0.03689698752758005
0.6790446957381037
0.13596277397645193
1.690200957548325
1.344349097585275
0.21858281687122022
1.2388705968311966
0.773478341302773
0.5586155908555781
0.2304143886332905
1.198351595840305
0.1409107211270661
0.3335623660455583
1.1087800193072008
0.1880278290840151
0.8216128382891514
0.14146237875820827
0.11024843037767006
0.0066649539561500284
1.3725735356552573
0.2991689413164619
0.17415030449542807
0.565981460755973
0.434325517853496
0.24703437880899357
1.1358102979989422
0.07636116143040861
0.3511246301462894
0.3562463779079111
1.5909423502793765
0.09617961702267544
0.03179088871232917
0.41121200822485904
0.02992144389370953
0.15362466272373834
0.00664682360725691
0.8492710201268914
0.6242240111175176
1.527296271506472
1.003022044581297
0.16887554461708956
0.05892861211640585
0.13822892744256857
2.060183428210812
0.2119852688227163
0.1061806808792121
1.614209368133783
0.07187053659876845
0.22208456585100184
1.3185765552483095
0.2889062823951808
0.9373126347910138
0.6849520738342966
0.8060838319972637
0.7258517790024696
0.27153083726351457
0.1526187757224525
0.22800141741635252
0.6402095218215272
0.21061655599386458
0.08205138169149681
0.6529202048746794
0.206394608474132
0.15063185664823378
0.8510101855721531
0.240792473618884
0.665821471472318
0.7894119046695686
0.7795868961378737
0.3059622423449558
0.3736990531240798
1.4408952140517788
0.7052374267365772
1.009584101723756
0.1517434622963069
0.12780514192310174
2.4447599725751075
0.8179133396691938
0.5883570335929386
0.14711082517301902
0.08953073243372706
0.5370433646186438
0.799835205006651
0.5172544507385195
0.7019787957183816
0.38812472930155056
0.02404224877240999
0.9807649859761675
0.3593374837025859
0.23089395215662162
0.43862688231039126
0.022557116458148056
0.0330047589529838
0.6028449468203492
0.6620683296737169
0.07210063211415645
0.5595614131385611
0.9276750488946386
0.07942011314725857
0.49840813265174794
0.6538001186450283
0.2807425060146459
0.07795385919836219
0.36011593463392577
0.12766310359110586
1.1177147153011153
1.0375323358837953
0.5427994369663425
1.1375496665402152
0.2954011460886559
0.40888166489598715
0.4652162402582011
1.1018748618784622
0.8419705376667531
0.43911769529873035
1.128093815818176
1.917196423717408
0.3763635207562146
1.5908334516209597
0.9758345833978471
0.6722443362641638
0.04686333689693881
0.22434386180513116
0.28686839073958187
0.14366773165795968
0.18812441657619297
0.0739013006229963
0.8954585675550245
0.029376075511088496
1.406866582295733
0.030751744304761217
1.197955279816058
0.7505075867100687
0.7281663309118878
0.0961574423088306
0.8858148681547666
0.24716120825210172
0.8004174596235543
0.0004711429790083059
0.7111465581082294
0.18096420077414088
0.20793566375738945
0.45552106296293654
0.24467210064325168
0.6814778915650737
1.8779545077710096
0.17516934333746656
0.5204932878708789
0.7613687696500515
0.5856983138503095
0.5029524072030264
0.6630622086177395
0.23626940092210552
0.43835918930116935
0.4740072071766785
0.0555996792546007
0.054880771578500076
0.6008609167759169
0.10025750524799004
0.2103367166696238
0.8231935719348672
0.19586443249379992
0.6426296921460634
0.8588923695053109
0.7618905937148297
0.4337093314184034
1.3181642143702719
0.40350405092770186
0.14653639650781403
0.7281167397924978
0.2661689765813021
0.3378495813942753
0.370740353301402
0.6551453269473213
0.35065291910739804
1.5274843344324893
0.34334376118861126
0.4300123025675735
0.40605762727330796
1.2137367868909175
0.20955087014581378
1.088651713920143
0.16292281932622865
2.021029888788791
0.8935376520645909
1.2262466435158306
0.9096153657876499
2.1420461071885737
1.3659030498966145
1.0779541561510495
0.2721157080948975
0.046018445432505425
1.0313594148963778
0.46284345050449954
0.22261463833409717
0.5788180058310435
1.1477797971976842
0.14976955331461947
0.43476738630924816
0.06271302016350389
0.5144750329340316
0.02920545315043782
0.6998102590369821
0.09402431850403148
0.0067526776259817
0.9722399563469338
0.674249630999938
0.10504803210759621
0.572370133562772
0.1378897496117617
0.031165140427864498
0.050809933379285306
0.25659832784605563
0.987439891096012
0.6416614267970567
0.05398912524134766
0.017205582105178543
0.04802272974334183
0.11227158878658118
0.2932443255204736
0.2992210547005215
0.00803297692542503
0.2044937082863667
0.5550498345434427
1.0063459222905395
0.7925322419561996
0.3440966506240631
0.1321848628961749
0.30697246012964646
0.5877081726447515
1.424001621712753
0.07907574284653829
2.2693081856330406
0.311130234283513
0.41941564913804646
0.025230743311265246
0.7524572928054577
0.12809040796707064
1.660993121111486
0.2529250197176985
0.6772810700735146
0.7675886514375277
0.726078651202692
0.2005947809365129
1.6949680923270503
0.07765693572336235
0.04319993450785876
1.9432466008536233
0.11287593637677086
1.3555004043882333
0.7778151799295886
0.36346359434039816
0.429111585036704
2.7311617519633384
0.18421432362507525
1.779678331374264
0.3967586091696613
0.20730360362083156
0.5518173724289194
0.4396891682273111
0.4490949560653123
0.28861174502207937
0.281472387022208
0.6169341898938481
0.3034815981845218
0.5095485428406653
0.28040579465224946
0.3269932711074936
0.8038628127478117
0.8480981691007808
0.10870924788965411
3.362561380930362
2.104165483681901
0.4164536611095035
0.4196255760965429
0.21079389636610607
0.05810781279788887
0.4130134348608803
0.9139664779071663
0.7605928363478075
0.10114315398026515
0.4492315366905601
0.3409425494478916
0.8101219288190546
0.46996398129072203
0.15039550767612891
1.0305640516910857
0.20021356803983179
0.022129370334624535
0.48237777674948423
0.2228979305425069
0.5964578514471207
1.252049608074984
0.8903592751545943
0.08145121612325955
0.37149096743402077
0.08923025273973903
0.3957303653886204
0.46798784547250405
0.7130357025149565
0.11692291192281658
1.5638057339784683
0.13018974879495482
0.5502130523518568
0.9315484661216983
0.6985345097780027
0.2807218465025137
1.4318212863804727
0.20875863361710145
0.44775916045628567
0.19341924175735373
0.2518099137239264
0.670237501252715
0.30159250271257826
0.3871822851001634
0.3283285161987325
0.1610357646882754
0.2741668715677792
0.1566457075512004
0.589450863575308
0.24761102231194476
0.24465799951546843
0.14801460256264637
0.9201663375721162
0.17372854256027984
0.22712279491500237
0.11990687256813527
0.6309992962164341
0.0651804460764105
1.7393951179814002
0.5221253884848501
0.12926063096095586
0.19512181315011304
0.1671107026922322
1.0049656987605933
0.41422252541241067
0.9021314372618607
1.1709196583269612
0.4082904948857869
0.05734375625105161
0.8337536429218488
1.278298798432078
0.7694731268808643
0.8351175574292885
1.6697558283818397
0.16363229720508418
1.0949010148294693
0.9181977986686873
0.050341904156491174
0.525882494281138
0.14583751401191408
0.13330717117723748
0.3082027583758999
0.9243485945724481
0.2768124212614394
0.9528845037460063
0.1502612729333361
0.4291886249889144
0.919524990367292
0.3902377601803019
0.07692158645186002
1.6640228828155978
0.165650412937184
0.3097423361483062
0.21138318198879377
0.31018049111772095
0.805112017097275
0.34720549366112685
0.38070663570241536
1.40986551638737
0.13679279606122655
0.28300852615982103
0.04614566636442854
0.2290904386699968
0.45917313340637184
0.4272513313937147
1.4396540215487994
0.9370315761207416
0.40883995594309613
0.3880653663039665
0.014320915743249443
0.3362607065371951
0.18592220169372736
0.18533470335034447
0.06594701514142838
0.6808858363312176
0.4155732167683296
0.2795526836385522
0.10042536340015754
0.41935769457859906
0.2673524319265348
0.2998377462681263
0.2515848772301992
0.5221361119184518
0.20239129296943548
0.48484075354664313
0.9762141185700691
2.9627625356746607
0.1507051655017244
0.1427906818708917
1.072426367723439
0.32218625159700426
0.32587058223749904
1.2073204843747056
0.4569111594557523
0.489409254408658
0.6125847937767739
0.06287814522947774
0.009578385128938258
0.06353736524113511
0.04811904233833744
0.4130750177608556
0.5553351944856824
0.0965109885839024
0.028789054813456623
0.5937758117235515
0.7744941981049855
0.6239499590082804
0.10772280248206377
0.3334043453081325
0.6869400830732745
0.36359990080344706
0.6141918099887932
0.027832197197370987
0.5465532896468949
0.3475918284278907
0.3294714874842226
1.6567946056009186
1.1662126988312977
1.1090350762936623
0.20879945851589063
0.12763552339626602
0.31795771258436895
2.279968408513057
0.271399760591727
0.18274659507941984
0.7228323474369067
2.5516653598907
0.5578166659665863
0.11669647317732802
0.5272902620249086
0.385681204652877
0.5729541073985779
0.45431409540369594
0.9674379678575659
0.7865909385821328
0.265571343330892
0.14763228337119877
1.2908146103807978
0.6584087267405698
1.0353706868238302
0.7340947170628408
1.2872827335712729
0.7635629551036339
0.37434988328482577
0.5600333060064463
0.12779723545377533
0.48414507479182367
0.025169879668094062
0.06767721130257498
0.4272117008090848
0.20078063698282156
0.8099862908969305
1.5482122958979179
0.2721630914042401
0.07869019345544256
1.4005705995697884
0.10186080452713316
0.12317916639266649
0.48206793770095235
0.18204599909587013
0.09390358066012279
0.37639878796513593
1.2737618666765178
0.3096760312222763
0.4654006359418397
0.44507343126924537
0.8254055735754025
1.3903318225853256
0.11211109041541494
0.2787299048226308
1.1580893581215446
0.5343886439264631
0.677853444209197
0.10545713202097162
0.3622075082878515
0.5110782203424572
0.6053382335604037
0.8023518146420375
0.6106826173359173
0.4432151373148621
1.4226654954854412
0.5510454085605705
0.07577422287446707
0.18413908999194367
0.3078477636036005
1.2003513511532538
0.4540961133149532
0.7347361960751977
0.6623854704895051
2.4116172519988592
0.04612036730525491
0.6127206338999021
0.02468097690901779
0.07970679316606961
1.653269211672618
0.18605426126929553
0.2986351882706709
0.781668472701635
0.9446085488927509
0.1162989049560153
0.4711455792042252
0.339321805059291
0.008273287112942269
0.35886255270966577
0.6076868811273216
0.36411509264846337
0.42559599330413206
0.02507045725339613
0.06286201321188266
0.3811223262974625
0.27832606771927265
0.7147926811168039
1.8417378981850074
0.4496860146634846
1.6895290441830577
0.5165794730321154
0.16815895174481874
0.7055158856114129
0.30984685736403816
0.16114950114255652
0.13025126875794465
1.5145478111531785
1.5677675455611007
0.651879336858524
1.992681787366026
1.407378670916382
0.9956586347811349
0.2194023457657059
1.3742997601895013
0.0846797503771219
0.3659565598844164
0.29287260430086304
0.3715192460328917
0.19195100043237368
0.349034393903588
0.17333988750851093
2.0474064336845763
0.7801796714533629
0.5854736550757481
0.11047452452571474
0.757883173809325
0.9226223180243833
0.4169366974091221
0.10543252022402619
0.5315346722721636
0.4999544315471068
0.07898208415294423
0.062128738416223614
0.3995655699220467
0.029053078772136143
0.6773203739761281
0.7497396674779823
0.1679090311051811
0.2268966790700362
0.29076055884251806
0.075292290173197
0.7337975027859747
0.2571804351929437
0.025001836728260216
0.25930952005058894
0.7558692074762448
0.28057968367763486
0.5751794239386709
0.5280414311959027
0.3572124267892565
1.272797085602073
0.9937537392893394
0.5508788478898105
0.4036118687897083
0.5157289942940342
0.12393946962729187
0.7775834974592636
0.2865303219455101
0.09748037458651784
0.1478141350876981
1.0707092377796208
0.04321507570987795
0.029456095973285037
0.037774844965772575
0.0025917202050640777
0.17299896533615794
0.03344149109545824
0.7264805180070277
0.39901041143948146
0.14896240668953434
0.2649407738395353
0.31775162666682677
1.370651932189554
0.07750851205171766
0.2684738855638804
0.30477461548473667
0.0340742669944864
0.33743388280082587
1.9222433817260094
0.5864347238177092
0.12612471259211053
0.2225378346257788
0.19264009434837887
0.10570582456701595
2.4224902930419083
0.4976708432942599
2.992594692413207
4.518233986142575
0.14343365935197822
0.36971001200357284
1.0176064659577908
0.31886132063899586
0.732297669777657
0.0060166041433703625
0.6031720037520593
0.36187279466979516
0.8997861075639365
0.26991881273308377
0.8228149521782924
0.48943396134384837
0.9084623441386539
0.7281665877412309
0.5226328598855825
0.19848947556042182
0.2584125715003099
1.5735904479841938
0.3828488136236608
0.04166126685871346
0.8387518869464651
0.7512770665147045
0.6725326901387118
0.3527047244650296
0.21491735572801493
0.12526846479986212
1.2443937475168299
0.22187611383861067
0.18474039496493685
0.3238794990901703
0.11704120039700427
0.16064051061670667
0.1725356602454497
0.35939914919835825
0.048237806355349
0.9530705621919657
0.8624699927465181
0.5319327860590125
1.702104006776872
0.12299029589632733
0.44664437553076636
0.17782959772446444
0.07595090866947783
1.0356805407968417
0.7110941180511601
0.011050387259635861
0.5316017713443462
0.024955823600089425
0.19510474232409283
1.7294068153223614
0.3400299978779646
0.9969627538996899
1.4133754875520057
0.0992701683101493
0.6249530059198146
0.5537666352102242
0.10804826364756356
0.2712705082641981
0.4376248931645168
0.5948344447535132
0.15517203322672846
0.10342671951973896
0.0815654707527158
0.5862926346936167
0.22591758455873054
0.03629572709540796
0.5191804177722035
1.043997551081781
1.3430501963091936
0.08501714707904467
0.2129981200627957
0.07714956583895738
0.39508308294732736
0.4941391517623353
1.5174598192574311
0.7014979297849698
0.26414426974676897
0.8427966449035399
0.1102810021797988
0.43873083807520064
0.7346315866413992
0.5022262095760807
0.3151232286263122
0.5165015455678
1.118692130066526
0.1377885050063995
1.5662715060576058
1.0640265416775099
0.4030663801785904
0.5064551433421851
0.056962077068472124
0.02047242459589906
0.23826026623577906
0.11090380310553044
0.04081831477692169
0.7943489631532785
0.6397963185686885
0.2598321394974513
0.5480137091656401
0.06594839684228744
0.0524834256429047
0.32365414297404227
0.06622053437498615
0.041481346100565177
0.18074915099989639
0.2871584575204875
0.46541736701299874
0.01693453976767239
1.1032300868932636
0.4821377347237197
0.8816503986910121
0.7860561002686094
0.048800108323562415
0.7041181662383617
0.9858609061582234
0.15405434582216934
4.414521581451931
0.2868750953421258
1.9787233750937636
1.412263361130836
1.0501766133622714
0.4615854820173733
1.2004180370192505
0.873492618834281
0.19469875994656624
1.5499003671537201
0.08251082909334148
0.11093350656864902
0.7304468627908555
0.45898429860096596
0.4149235376236159
1.2894202959216154
0.23109565692707548
0.09152001425439632
0.12087745980177148
0.5384303698157128
2.4362193609511316
0.3651229426061338
0.21726888562027477
1.0368075775656134
0.09650943313395534
0.10980636100260566
0.09560570425822897
0.15137295332576609
0.605075849095569
1.0870674677388015
0.43508575195011373
0.3521087812125526
0.4671265228293184
0.8892783527211651
1.230604434196562
0.23693629484263343
0.7808100721408879
0.33585981412565225
0.5108358384139001
0.5894667659361199
0.18739558366274892
0.06776264096927023
0.57519253854308
0.2538944281467073
0.6008230074184268
0.9594523943416939
0.5327722007031057
0.9761777587627337
0.39940859035128545
0.5347996709006217
0.03930361728585641
2.1383010935785918
0.41412727975147073
0.2920113516498891
0.6649143359603741
1.2041289289485229
1.4680299500374074
0.845630344519907
0.38054295573902064
0.5408893753996805
0.4432465205259913
0.15997104016636277
0.2674486345040033
0.08770338180261625
0.18963450148986732
1.4138950692617078
1.5159610649668385
0.1660699647308086
0.07576802753963112
0.019333408317465644
0.15264266625470213
0.48401853869342537
1.7327433690476306
0.08939499810096309
0.21695455769161054
0.2064869796235153
0.8086655958819051
0.43850167951512825
0.4686522556871573
0.35613482529593776
0.38622999398030244
0.7269301538900285
0.7497935437936596
0.17580126141754884
0.3006411600864375
0.09407614135760332
0.26163092903178703
1.9004109052391027
0.3151711557992184
0.7753713387354221
1.3890983016460434
0.42317753602195163
1.0966660188579427
0.35220305245248296
0.20912402643962982
0.2579629577285553
0.693716386333649
0.02836280689324812
0.19371596402622993
0.1684754240192081
0.3110476438071142
0.9379481778100487
1.4780022728231548
0.4958451344412712
0.7371548990807142
0.32127447428855554
1.1620520583945386
0.7719424180227852
1.2679503547385826
2.5466045097309604
1.2000871155614397
0.02285811069262226
0.047983777914219206
0.7935148574759723
1.5837203137447067
0.46293691233966555
1.1812912099048252
0.19873021859289788
0.5608761711647946
0.5712522136114276
0.9537425003802131
0.2569406483983334
0.16546696560407498
1.665381261915217
0.6477185192324383
0.4105054107866334
0.749674738182641
0.3469868518346609
0.6567339290639737
0.6501551480615125
0.2534521349440578
0.2813427538470197
1.0001970243120035
0.35022613826833743
0.530207520160546
0.8911694108343496
0.2887406547014051
0.8111490150426734
0.4429416158439254
0.030491488246266116
0.4246657907097102
0.46836389596184014
0.5278804727039539
0.22955138605261172
1.4113752074014403
0.7848736898642413
0.16873980312975428
1.0584519124403577
0.7142152451107491
0.49936909943040636
0.7218849775405802
0.3230006034305764
0.013610762222906523
1.0755952953124197
0.2584608035341991
0.6142249227172715
0.9891137595064338
0.5245934809245638
0.1515662434807873
2.102172615508033
0.3337892938985396
0.35932353410229795
0.7352114580046976
0.6325828159760307
0.1727137887786584
0.22207666126568507
0.628965578229776
0.7814385359804995
0.48468520551840144
0.04449930453126628
0.014246685193802481
0.528296194671322
0.1742776928360278
0.05197548041509435
0.3980840056922508
0.147712757290557
0.06925777063453327
2.0037057762151482
0.9097323293193378
0.23973964597816028
1.050376371647158
0.49862829825190336
0.8205591246794243
0.31435456928116423
0.891814979733941
0.1242807988838219
0.7311789380188218
0.31346658025608737
0.26310962994865245
0.3245708619642069
1.0545349709206786
0.403282027731248
0.24873755308676646
0.31035886845527066
0.02163963500340949
0.6464954473774521
0.11036246534341865
0.4354741077927472
2.9732758047764953
1.0577382733704506
0.30961458484110455
0.44848918700377655
0.05259475474675418
0.34715342459991005
0.5278124094172341
0.4972289615609195
0.05042547014828198
0.7487400922855142
0.5730700423857966
0.6028353226495169
0.9518940651970871
0.5275997265455997
0.7906984514413224
1.0113724182577946
0.4828348158004384
0.22729577011159843
0.46304645336127886
0.6444521537326876
0.3583845899542671
1.4314123002333445
0.305077509946769
0.34152429902139375
0.7769078971177891
1.2781281284690258
0.21863374932861765
0.5464218641187398
0.20607031681519755
0.31376779479660943
0.5222316197218903
0.2320953197643526
0.25642626138839014
1.4915338835624574
0.25125526415032334
0.06604633286387249
0.17533401747505042
0.6914083013908181
0.06098678745715752
0.24587707793999505
0.7345984720085176
0.09710078700510902
0.32402373840505755
0.20559572558186914
0.05439495791766101
0.39926875368020337
