1.6498775097824423
0.06979388168450812
0.01169142137625727
0.058299438633234044
0.045381863795228634
0.11891126511020665
2.90048214958016
0.17888400659282583
0.07262255352990539
3.1414288398190053
0.44353552106216415
0.23945757252490946
0.20037204115305227
0.2966544504596862
0.10572518246960767
0.27283869341227557
0.00315706755385485
0.07188959778067
0.30145400432840325
0.23237818409571526
0.5733742466541003
0.7376794347638554
0.14586330638766173
0.04851736549450662
0.800478192474891
0.14732592965992775
0.13427051485800362
0.21598895749256122
0.1722456384755337
0.1543731834340533
1.1190359389518523
0.13128713570977238
0.021352172205187342
0.6071310296928826
0.11455014701209146
0.04903179479997757
0.07278316002159496
0.020347765207832
0.03082896247838618
0.5983009433824444
0.08948538465652756
0.07712750614445217
0.10620882994072305
0.005950881126089666
0.011689816870626132
1.7922453830474447
0.2576822796009089
0.5811436199376604
0.3750694313340852
0.06382293919106347
0.15663057993114135
1.0861370832752892
0.021636263983368934
0.19919173214962124
0.14036647443422362
0.02664915835278095
0.05363788035946658
0.7043396773206279
0.1942426982947717
0.5405552037968181
0.581883792398605
0.0744207661783834
0.034229639387011256
0.4853979634206636
0.1268286064434549
0.038875105160755506
0.07794704660396035
0.20527204818797953
0.0604344328884167
0.480204774123881
0.09479765260194346
0.04646750614765605
0.6176988761437647
0.4860077130486665
0.1838751567452617
1.4889336615481892
0.06645436274755845
1.4266732425046456
0.5085497231555707
0.1844432592417579
0.22056962381010875
0.5585633466721305
0.08847024396584541
0.08997560073084136
0.2660867839694637
0.9790085796173111
0.744299194005098
0.12451535584658735
0.019387880302137398
0.018670065042332377
0.2845307981692847
0.08018380913836153
0.1061311673620193
0.5487286208334736
0.05238007987568005
0.14120591943723113
0.27134718157946974
0.1897749030970588
0.10520501660215884
1.464174427684327
0.24625044421170816
0.03275608406473847
0.24263379443788152
0.13502737133458148
0.2528242538839943
0.2626974943653138
0.4303234367202874
0.04726080095625362
0.9492737345455824
0.15953660939448597
0.16243679164588964
0.6940089497677205
0.00489855676842924
0.04956305878206073
0.06275137466108335
0.002315253080986321
0.12993330569467193
0.052774480599554224
0.11109255536564193
0.16309131917835412
1.2271188314102839
0.09281092369702451
0.02589944898675203
0.5302012334619943
0.20142464807885804
0.06924987523755698
0.3038808756012686
0.05422794597951143
0.08211724066494314
1.8337866643289842
0.1924295454659801
0.14296606797249561
0.14167921636110425
0.10844939447132056
0.10254951506219542
0.7737216650791755
0.28444972502313537
0.2559514131072634
0.5328193932856151
1.4175087853460688
1.5070086882276628
0.14831248490447274
0.022936260164743146
0.07772355823523984
0.5686823545880128
0.03548600245534252
0.06482377167318668
0.1239662221101609
0.26167360201047013
0.01520957215868216
0.3188235908084962
0.32525535208501705
0.2270788616757561
0.21130498817910673
0.2427818604489773
0.13675530577959705
1.1766377757107773
0.928183956629469
0.29344300329674305
0.1290280310117548
0.007159455041097676
0.021551524044457634
0.4294530568275334
0.4151394922400837
0.42435474880246377
0.03556292236219759
0.10459858704091192
0.2963036512471365
0.23381725167074266
0.1140918924420746
0.19336162346447722
0.057824663474055994
0.555193726573751
0.3736832809014203
0.41523928247146563
0.048582916874136066
0.16292474960307704
0.29214413671554357
0.13551543571279856
0.017945110882347945
1.0498432845273262
0.15637444999883282
0.26947508542736687
0.4065646727230872
0.10637584150162674
0.21750079998738991
0.5867088879594172
0.07445452085200872
0.04029369755899771
0.14375544414467864
0.04507910272860973
0.48259604862280225
1.276017930947664
0.4209993056394002
0.38178625646265135
0.37389906522426075
0.3368815314733869
0.13877768525034023
0.28695163753306696
0.29990759706567643
0.2750569082488855
1.0973358644598292
0.7056841029445334
0.5627614603394855
0.8931873533415012
0.17825107814202437
0.39231987110246136
2.011921917037392
0.3242145596119111
0.29692875525916873
0.5017147653182212
0.20657526634513043
0.013373803813057372
1.1369887115329491
0.17173635545578506
0.14419767519158308
0.14133421695645182
0.0784182707436338
0.10688927742272641
0.5417592053286326
0.09334486683995857
0.030683367537908183
0.3304889726798714
0.06937212262109262
0.2499437553125171
1.383230604426075
0.011008782180139034
0.1752142698903757
0.485915942657746
0.1891127170149245
0.2677326287360744
0.376248153968856
0.1126046996184225
0.21389321232710257
0.7635170897944996
0.06925080492498155
0.22083833381108037
0.43832604041017387
0.1561801011547412
0.25125013384758976
0.14429616732021702
0.08688211342285816
0.02014958361637643
0.449029135802598
0.18909008563941368
0.9390590768297205
0.11838959892281214
0.08727188071868401
0.21497514450508737
0.5788341498833806
0.11677405023192533
0.11607094017667616
0.4468802614830132
0.011266596694962579
0.16528541828585547
1.0457793188443625
0.13372478369331312
0.09316299713901516
0.12486913847192083
0.23157379336019768
0.036796533700104085
0.08621548571088955
0.12746286414426142
0.029413949557375745
0.3178230685246319
0.07148285479074916
0.04937838741838955
0.44712735811150334
0.04704772265275272
0.32726481941745367
0.772213756287231
0.24929735115380336
0.17310289250688712
0.49391601234741983
0.5053628231004231
0.33505343918911085
1.0011746899047043
0.11576404269118445
0.11700180826418136
0.8378346056706185
0.118048090793986
0.1841683660271561
1.5853723580642607
0.22775403247706308
0.06578114715468972
0.0343187731684195
0.3303514151849148
0.040906841305716625
1.8549788772343743
0.16638343945781658
0.2798687943199761
0.11353171113687849
1.757971966062062
0.3435375424243183
0.3787769179720783
0.171397633934254
0.02075226225512722
1.367251889378779
0.14711584015266635
0.07906746148037741
0.1897477016869871
0.2549735701358084
0.2822994644206275
0.2875902412984867
0.18054574288311173
0.018715504684237716
0.49033021382223996
0.09038900315301408
0.08637391682425985
0.4726143933516344
0.1765244252610882
0.1503384483571472
0.06803898863396189
0.015867360192513943
0.02278674013150505
0.06787108640703884
0.5351386520572518
0.24118374953008276
1.6564971019100383
0.08410391008153785
0.08166054698189872
0.28716144176716535
0.02665715808608668
0.06361963376381864
0.15002738022018738
0.04364552081380406
0.027602806853764754
0.5041016100713201
0.03922052111516925
0.48507560569473884
0.44091476377695094
0.21962631899541457
0.1241682069668666
0.6051694394544147
0.2159584737264182
0.013637181077110904
0.2999270967822181
0.07430478909011658
0.02215291568662576
0.5491657121072088
0.07027733884635337
0.4679899757752255
0.4536908901095089
0.019713425787907662
0.01483929382721978
0.3125699728768103
0.10965545590630925
0.09801447953471691
0.7268839482966208
0.025205710319431824
0.8108259602284897
0.030519691085585207
0.01851781966225352
0.021069278443222532
1.0177444162658011
0.18284972102956007
0.04218467274645609
0.19188340346246777
0.3259669017583338
0.13976684174474144
1.2424994000195482
0.1468945192488235
0.07573904675396168
0.05129332241209164
0.28486080669402924
0.03382076908566683
0.8494346678867482
0.08596222510019408
0.006952634377492564
0.5837003565826835
0.22654700820322377
0.08729286297152083
0.26834481683882316
0.4161075086599329
0.18028003061228193
0.1907494548154494
0.040948043839709444
0.012027143150497343
0.9502405481771996
0.06256453160337434
0.07518198631642338
0.19312211921129793
1.572692823595762
0.23758638085671455
0.20359574526460503
0.012127862786521754
0.05192888053713244
0.4760624296611637
0.028882526135249133
0.04174684437122653
0.5124369838225808
0.17263382751067693
0.17821481816757268
0.26775582068102044
0.06130753402754104
0.0018709718882540648
0.12026159976982938
0.5573077183022819
0.1800713572838586
0.6277026823643623
0.05838653278283497
0.007213065187945281
0.450985962866112
0.21069097162143396
0.02091223594651832
0.05432177471261656
0.03958395406677399
0.38568324852405056
0.9544231491903772
0.21520864756515823
0.11093948625197028
0.43351154146335225
0.09230383255435513
0.08265079891330696
1.0977171440448006
0.4211117271399818
0.2551357017210022
0.6341447365462476
0.07371944856919317
0.13349304604300652
0.5135795481733921
0.36520926249627705
0.030535414832995274
0.16372129977951053
0.04206695238205594
0.11464957253494924
0.03220834480871736
0.04396737912296321
0.1202896127210935
0.9042055068089242
0.2696504116626314
0.10111455471667453
0.22030256066851725
0.01752248757149205
1.0167031761570602
0.2269424113001194
0.15136779428545788
0.30635142901691736
0.10666881342210614
0.17630525028806732
0.6453466834227819
0.4349303023163972
0.1085996403881178
0.1888238860688918
0.5279035828907486
0.16307843959532956
1.207461243356229
1.1801521905612073
0.04009940145403119
0.07128419469174499
0.5744809115869265
0.15190753357734518
0.4343155095111875
0.033800306257577344
0.0194440247622801
0.1469689574226945
0.30638143752730373
0.284882604503276
0.01903850232956127
0.4847166316860615
0.01079526647824342
0.15681853837456972
1.6967745212696137
0.5659065208024662
0.32284497007696217
1.544893899973346
0.07295785356349554
0.21371645457216945
0.3941539547021376
0.07451108862646638
0.22075927626711644
0.6108595259694852
0.009651177037824225
0.09921856392823991
0.48442354273415195
0.1174178139676393
0.07226149087378034
0.05543190174201648
0.18601655010666712
0.041754195966362005
0.49094535258166044
0.07206220409887822
0.09120910171037044
0.35753799040717016
0.20872145895897556
0.10256645105733257
0.6090857451903651
0.1827837881794993
0.3454480009261062
0.22402916651937455
0.37753952785529354
0.04090653194943634
0.28735899668203796
0.11135511261540683
0.45580463465163534
0.2628380348362338
0.2698456618936078
0.24075398844370355
0.41547703736867353
0.10163300215741868
0.04714340740568144
0.8888291842347138
0.06541750315581622
1.5204045088291287
0.1683004679874887
0.5041786552379007
0.5203892625237083
0.317276844808022
0.3020915384445547
0.15576584638672422
0.3526293149680776
0.25313094084356363
0.025352845315662027
1.0254933700949656
0.07658819594225162
0.5401659549280998
0.7383856131119277
0.2850226895516117
0.3057323372525847
0.1075381680925776
0.027602389447771894
0.017073660519762068
0.3735866614323678
0.02320750106420487
0.019294098440260875
0.09668372532522947
0.017851045740798082
0.21461079711165154
0.8911698335725718
0.044885432843919194
0.15832719612159718
0.17071521886110191
0.18788563625272015
0.018587130237883484
0.36394471395180156
0.021175839094300306
0.06013491495126329
2.3115771067813786
0.24205479543477526
0.19995029494712338
0.5191420749441522
0.0579240630983175
0.0648316399140347
1.0786242564868311
0.055015610316288814
0.09395358821324479
1.362376394586089
0.11340647795618886
0.09104959881325315
0.09814791972811168
0.02170145930912972
0.024750545865014996
0.1731781144145297
0.032110924610695875
0.7640564304422737
0.6094575972982702
0.028837318365089792
0.05259828327178718
0.63540434277336
0.041730199177854005
0.03898378217115593
0.07065529258122685
0.06272541615688648
0.0015936089949851935
0.8739697717145196
0.23093384106542944
0.09338496952135425
0.6442415232201453
0.11103113531618707
0.01118762921896666
0.4110213935203971
0.7796439865976901
0.446868032368519
0.37776976252204547
0.4694666331438634
0.8359119486835628
0.23162670753116912
0.6000429770181713
0.06859266751393311
0.5181051984007972
0.11276691208229359
0.3038371300620358
0.5001945517898218
0.023170613314617117
0.1853678688235359
0.09380290340491254
0.07679893415028184
0.0282409745673013
0.4217509103201595
0.03404645934609295
0.10722060415108861
0.34813999056119654
0.20433651819609427
0.39059531014668963
0.9799549049560277
0.7090734964332094
0.10245201448744594
0.053725060804172824
0.11508474252762424
0.07252339903761759
0.10675887143726964
0.03546682003575077
0.05664034451329816
0.3051075665325002
0.08233942970447693
0.4604389977968024
0.24184813405420955
0.3720207380466791
0.2938146684073657
0.12646772564458983
0.04600057427971965
0.05406516913752354
0.25023879916682706
0.11730656697390669
0.010237492979471484
0.48222053620744554
0.07258873910867428
0.053068569488836266
0.9198335473092333
0.35272988520754
0.11992476724561067
0.07593670758028156
0.031587869865518134
0.14452701161575995
0.4668297152559824
0.0712083474444916
0.07604975939461821
0.28386836425794576
0.12450973316260991
0.26243806228812844
1.001038796442812
0.09681258176955237
0.12056252177009867
0.35860188640686075
0.13447865955730312
0.3353873284881147
1.6286962304661652
0.0389228009158275
0.12696953882628562
0.6232913646005083
0.6488666806016152
0.030149126880163378
0.3550042199614495
0.2155764254391503
0.030651691858724742
0.26680227848506866
0.18833964470950623
0.28193040497389577
0.1829494636056411
0.0493089499973959
0.12673087465658198
0.41464233821630814
0.14194759580385713
0.15665715505218503
0.6119343269247419
0.08484062743925724
0.04569748993246429
0.7223802518828546
0.003547557900932188
0.17418807415752768
0.37490198960018845
0.061789912063484824
0.11758726392960929
0.9185692432635781
0.11911291084237187
0.31180430664287734
0.7534778809994304
0.12042284696720866
0.03932323791082284
0.33979045505333505
0.19907635872971288
0.014472242200721935
0.17246386890491558
0.03455348180200689
0.02752507529156189
0.23805853586554201
0.2550389100413741
0.26658285776092056
0.7663950536609011
0.014351873538759006
0.038799419887752075
0.3052302952551405
0.291282235375633
0.43771416404210106
1.1841779790049571
0.15326208953099055
0.13901649240667585
0.7537008965349302
0.1991387432901882
0.08685789573799034
1.2312229476599905
0.07487087713536553
0.07231015721780523
1.05264743034566
0.1255407862554046
0.12973437075941202
1.2171078637598718
0.36218710684828104
0.15102342003423433
0.11121664985142526
0.06284683118993986
0.07690946742009255
0.07291666602892621
0.0476198161470023
0.2816630853237124
0.19995131266399024
0.17429491789230214
0.3229496528325726
1.3176447754919212
0.31834162359036694
0.1292039099692088
0.9086478120324442
0.25481080215212853
0.1683850684725701
0.4980128408032835
0.10897689210815577
0.20846183877535282
0.9334210476550914
0.11631722516300655
0.04687234169288046
0.4370240189566667
0.0838120117468963
0.06795987019889276
0.13969652670830754
0.03185305247421416
0.007699783608382058
0.1769210160341232
0.770008744881086
0.08832620665399313
1.3820461706861318
0.15533904627699702
0.07395259940598806
1.4870612271346775
0.6063151854595661
0.4637104899027273
0.04010117390132889
0.46203219727413963
0.07200909365262723
0.5542032510221956
0.31683782998491045
0.24458432648785267
0.6964456768188233
0.004334368714770325
0.08116001935962337
0.5093166925719154
0.2807933006102187
0.11787470132108385
0.12871537747567455
0.0335746648360113
0.10418688598851504
0.2350285313426259
0.042949372119205506
5.87005852669133e-5
0.8789098902609823
0.03990886560752552
0.09315565621619197
1.4843449379614846
0.38722107520453203
0.4948156297489515
0.8584874566194268
0.3985472104364602
0.34320052562796166
0.3150683640517132
0.26120195527600176
0.263854865881933
0.3637420155459986
0.29143304671607007
0.5502820136612584
0.13088337571156258
0.08029893521456323
0.05282978869728973
0.6177847462513296
0.018146180670952198
0.5440346530186306
0.34982141456897564
0.053508602643255916
0.14287856245864153
1.049781166723053
0.2605687773067053
0.14497493649090007
0.10166530715409862
0.16521108781196406
0.21658889433330264
0.5270077585868778
0.14062067654420696
0.04715175628675693
0.7943427423466191
0.24003704566063297
0.06850312065773921
0.7463128792865095
0.021109460494503577
0.08321155479929968
0.5105774572950755
0.03684996587068897
0.020318037256604075
0.22227919742812052
0.5036874341468655
0.07997914044934196
0.21665054052892252
0.07672072957248925
0.06332716354260665
1.85289961811123
0.07225705973753337
0.29246503011467406
1.6497611115377475
0.32868366097074075
0.17977174719610026
0.1892894471945972
0.019451757595895812
0.38563569611910986
0.39224980365578394
0.34121948592058277
0.2085043423207006
0.8226031453159055
0.656369093427259
0.8436839314291027
1.0002557342472027
0.3942042125758263
0.3551954272889266
0.47837630229558264
0.14942413462650872
0.04674684054475811
1.2820398981447134
0.7587286787287303
0.5786942817736194
0.6027986454964118
0.04883806304634699
0.047849264965890224
0.39069005536726364
0.18898627047490574
0.1849095785229239
0.5081220397528626
0.35644323447026277
0.03381134245378076
0.44717113035555733
0.14740365635268884
0.09411945754264413
0.16681445021942312
0.07590514740045766
0.06288497033657385
0.12098186133050835
0.40561124532666964
0.08069520329303598
0.8707479313156904
0.07448645970880957
0.1052067286286859
1.0381569406495175
0.09848372375070912
0.07054124464365087
0.1857573986059635
0.06277975621642264
0.026503176092895098
0.674471970234778
0.11936933351015143
0.14813612067089024
0.5265103410135102
0.04866081754611639
0.048676941981925535
1.069273685105001
0.021056942721342984
0.022522697001185053
0.7254003167534624
0.1354573803663109
0.34677500373340897
0.025944279468388513
0.03240139634803241
0.18638377056050157
0.3602911386493718
0.22246427069821592
0.07069484664148294
0.09848801341902118
1.1925394313412434
0.17576646725143183
0.6417898563993304
0.007460218173327386
0.2393053485662452
0.18177362989528578
0.18171829104236845
0.10308999030516637
0.07460494134307895
0.13115350827389474
0.010793638339276174
0.08508318367608203
0.15985550022301176
0.14448627067505307
0.6414167234787065
0.4742728358372265
0.24459426641641693
0.074600144607079
0.005873863537805147
0.1531080094187985
0.27099694936121516
0.32870228383208205
0.15122477390368794
0.11104685216278774
0.05679716231172948
0.10556508513204324
2.079538117163384
0.5391829734454516
0.121799043049048
0.23298434058788126
0.06846744355143884
0.027041646612906284
0.6228509438582926
0.23332031368529896
0.31581248728413286
0.628751982896921
0.12990908801555734
0.044464810768661225
0.7364495331722585
0.11663134715245427
0.02600243907430677
0.5198891998368178
0.09200764894415778
0.154754962733309
0.3131263942371646
0.07871565066383027
0.10148885293731313
1.3612551770987749
0.43666736694051955
0.18714886139475606
0.7222364918255471
0.017779403107755925
0.0637857638924144
0.9967450444773569
0.46209232250576177
0.17053704315804902
0.3187619982303784
0.07444231254548783
0.11229097541191564
1.1968322453749798
0.001620255266575496
0.11291353558876073
0.13246081514722485
0.22733473745921687
0.37832222519445546
0.03641735398626433
0.2835610886435253
0.004025920218013819
0.3535209840200558
0.23694051306313554
0.010036276348968092
1.2560664372113175
0.06075436344815203
0.5958751493077804
0.3926533546525546
0.0353220523351696
0.03918347273557501
0.26593205934571823
0.4525992388393585
0.1054553483410461
0.325037061977621
0.19071403627243977
0.01674894360410435
0.2091907709311003
0.18338817110573982
0.13236546930883314
0.4212534219247643
0.0175988044370365
0.10642520949077981
0.16270964427999385
0.01270828688515898
0.01634373039106576
0.18574545620346022
0.10455958745996217
0.09775562911986904
0.25185392365227877
0.46418420681946826
0.09640777834274793
0.23714413022663067
0.021625794070463757
0.06809502520625658
0.6395509659094974
0.2789993828219639
0.38951345122738845
0.11944773386058458
0.1377109493858201
0.08877515525113774
0.33220209239009885
0.24178015498716363
0.03862785677065428
0.4810583068100481
0.20803893165613038
0.13717430176108047
0.30849769921266595
0.0803841502746566
0.28421730114173244
0.5167890626597674
0.10865154018045181
0.003994437067020164
1.390068202832214
0.03698026752743388
0.21354628995311184
0.7121572733931189
0.15591822135886213
0.038354186629995936
0.38016150897384965
0.010015990263928807
0.1383698272342408
0.13938789700237156
0.09788498818932384
0.7077703425528961
0.058359615464464505
0.016315256955058026
0.08311260056019117
0.6008786028995982
0.10194992275794514
1.0086833429736919
0.29594810260533055
0.19271883570194853
0.0051628194830299476
0.27391208104734466
0.03802463938659467
0.06547048154518698
0.3024320847712577
0.1817317450334933
0.3600265831096303
0.5588405693345863
0.013298027033528488
0.16613540738966218
0.28444305365086076
0.26431474797090126
0.19621825630725676
0.1736333339611115
0.13867336002729913
0.08570109915671924
0.38028496008290474
0.18791632468194883
0.14567071421781647
1.3598358385040321
0.3878561875151741
0.1881720791201156
0.5044267676146781
0.025011058833218344
0.07258109823356854
0.26838694790384965
0.28783740744306024
0.5564863303914346
0.4869122518472626
0.12260030280177904
0.217264475013719
0.06449223666725651
0.5130950558960298
0.004259576801749505
1.210802238108388
0.3252550292478599
0.20350894516725754
0.3294934916054105
0.16653812469372542
0.13685191998123022
0.06277994262306662
0.33731549113729725
0.3048082522704135
0.26087205738669395
0.04563740995887535
0.27419968983183773
0.4995448189151811
0.10609227824800456
0.14814725404308798
1.2232531751751456
0.03265824861589865
0.010863719029526589
0.030940256068999684
0.22652965721022708
0.5318822511932282
1.0880246482955067
0.29404335957333705
0.17928335379502244
0.052346323878696414
0.27558084001987926
0.003746173051169726
0.7187955580787314
0.03861478358563422
0.5223259524830008
0.3435426122040777
0.5188315033222616
0.044363391963959296
0.4054246262212673
0.023217765069279556
0.08487635982005952
0.7104868352652848
0.6130363303081018
0.12401521903127762
1.0639459011622217
0.2651711436017126
0.04302655170413553
2.0068850254200448
0.07680146379960344
0.3430271291530796
0.9543215133407861
0.03963320571324093
0.17732899712920724
0.21973596079123173
0.015576115419074254
0.11336545249182362
2.098468194604045
0.019710595085339944
0.17736820028402916
0.9992239521210914
0.05617000984466685
0.08808128449922964
0.4388070571718026
0.033643625077110356
0.13513742662384728
0.36809679078082913
0.5240713373026562
0.01889478526730164
0.28870846231868563
0.6970065330333197
0.15247334948446847
0.21852542934726385
0.1327915046226108
0.12736528490693702
0.8925772499477671
0.1274964287968838
0.1174834389653205
0.2831622908499055
1.3208350471521464
0.026944769090473622
1.3281749761536634
0.11461403300312407
0.08674166689064737
0.9599245027230492
0.049018359555180864
0.23017926711849954
0.416240292293085
0.2785512671503464
0.17319440561781838
0.6622084028459471
0.26650414536692013
0.09032335440666049
0.27861999796704917
0.1499681797653712
0.04771228587879761
0.041209382432331944
0.8209185005186801
0.1600782604277983
0.2413738463650082
0.02823280444250865
0.045341565702463664
1.0258558617384455
0.0983432890043533
0.23064475587832417
1.3262617670939725
0.13568147954460655
0.09975948355994958
0.11722727254787958
0.4142597506601964
0.19244518932902047
0.40862646418433235
0.1941633122737402
0.02975441941053604
0.1538965481170267
0.04059136481588664
0.012091836933496788
0.3795136104669327
0.1567543281217974
1.701031193896324
0.7638511295047539
0.044604851861891726
0.015094597952922128
0.6896363359334462
0.2988614636232081
0.28121324030260053
2.4326806615519447
0.5480058214061138
0.11188929263575201
1.0261315889856237
0.37920749485373095
0.3712753466879055
0.5938870004993633
0.032529792671778225
0.011959759525345604
0.05997686582111169
0.30813481093802875
0.021274076526185338
0.2518240596135224
0.06744759724600888
0.36567370889626655
0.1541754702211972
0.0323921229802543
0.07076214265568116
0.18154249126505106
0.5124379733753394
0.05667751548246046
0.0193355126547625
0.12534199960695191
0.2439698233537458
0.9372456989603505
0.11450645259765987
0.20637193203803772
0.7768156532580514
0.023369296969331092
0.10252628781565476
0.636140772522844
0.09818815997900542
0.05480472355207356
0.038302433127428995
0.6570293295492172
0.4188836253114208
0.7826722937248966
0.3486193575943424
0.10425951944325465
0.2275121292663336
0.05734606978374817
0.06270103551342801
0.5119693367883612
0.03746888080975692
0.006660502464904046
0.0906346111150409
0.15767806105034862
0.22663343719616563
0.7626332545544716
0.3785253645108881
0.214747409607023
0.5542326032938492
0.46112782989548173
0.2212483800527798
0.500527738958398
0.18000826317044794
0.13705042830382527
0.8877525639761583
0.2881367341743902
0.42112420294076836
0.9286445586869955
0.421840964670453
0.03890727115317932
1.6373517116683294
0.04232526655861766
0.10170369652618366
0.741198219550533
0.43176049754173274
0.3248869438562941
0.8846248578328505
0.0937014580516408
0.0020421054229087425
1.2681638936631419
0.08220787060186133
0.15456698476587333
0.887925586944464
0.20993752533496776
0.026831075688637705
0.35846462955433356
0.009763072969295924
0.06890930187269388
0.3936680041459075
0.23699964102597876
0.17155885372810653
0.5440869750637223
0.1183915739304419
0.057749246761775314
0.27390087205720803
0.06338583832138349
0.08885382560164656
0.4466338635497442
0.15199005268739763
0.31662347103758653
0.03938172843351062
0.019826007498550187
0.022986681236465977
1.1205090283361028
0.4075219818801468
0.12578883999729987
0.10688916627162169
0.005899885157995331
0.07361459719055281
0.08787519666912706
0.06464140320887338
0.14301170055419482
0.1646586146611542
0.29580974381016223
0.4505834408428266
0.24985902254834483
0.17453687760350156
0.04352751891325489
0.6760877654703439
0.12631131173717278
0.10294400545461609
0.4124891009045021
0.02960465983423826
0.07359505564659839
0.283918990675413
0.11070414808982917
0.026423598072562914
0.3653427571339296
0.13297255151500081
0.03656874593620871
0.07500793199902338
0.9996161296501598
0.25661520689220046
0.3838030550173688
0.14917858300391568
0.10338671900091334
0.4565333769059414
0.08771869389108548
0.0439914229795361
0.21115192574447372
0.08111377794113994
0.3742419725677966
0.21505432081021375
0.08046911610566153
0.14086338494109488
0.4952357844520105
0.022970006032937983
0.03902395623465013
0.1781724345011568
0.04801215877894161
0.10244327238082392
0.580450700468428
0.28566247491177016
0.02929644396006324
1.422425792446445
0.30645179587318394
0.12530067782790502
0.5067430857550252
0.061799776472637416
0.02999660602019241
0.12391169408511005
0.1976210717514197
0.1342602877185934
0.32287552770670525
0.1256082150517163
0.4116709488155704
0.2497124219880319
0.0626644331091873
0.017945115194164335
0.2979698046293333
0.15129531904242
0.26294195645879104
0.5935929833328429
0.1419792503696065
0.13808062573857358
0.19831489005995676
0.1846919128315808
0.09141887780727437
1.5783660785684956
0.08639799977998754
0.22144790448787757
0.7359284483216628
0.1202076458214368
0.06091781120128508
0.22929942948908313
0.08736719322327917
0.13282799743141288
0.07407811035713693
0.09706852681066531
0.08601087226175547
0.5983715318489522
0.21963017040313595
0.16355653765480593
0.16014786203460454
0.24179376198618766
0.31321184861899826
0.4461989501619644
0.18315986352626246
0.05530763896599086
0.4801610247519504
0.137915235030697
0.16221470632642915
0.7930169357866497
0.3357981250062771
0.39486899580222723
0.7880254813717088
0.46567707584985973
0.3896472252312576
0.910201714242108
0.2088430864519858
0.07323010532668964
0.9734966472445227
0.027217451486368692
0.5630423316026797
1.3365622437847362
0.4235156874376178
0.1197850480508656
0.19040572133158787
0.08262728559231837
0.03957135600811506
0.7391988896192879
0.17677624088395325
0.2190230506587773
1.2807648487521106
0.3667823175342468
0.014527508547533041
0.8999342377542625
0.05200905436159131
0.1366087734022398
1.0760819087542115
0.07916465894504732
0.09369656359371134
0.8489057111767306
0.1767497658593102
0.4110633696464421
0.1284424806761885
0.03261611317321543
0.014363209926372824
0.14399120530601373
0.4523722222551922
0.29820976990806375
0.7840871921577738
0.05625398209308464
0.15413495477932498
0.5180599221698151
0.3446481332293862
0.6207533281915579
1.5152668757761447
0.08022790992911025
0.447887318860859
0.06285662724764664
0.0395189479919927
0.2070811931608537
0.11762758069348951
0.16094181938205782
0.08279698049234469
1.2918958554871371
0.11800125124815904
0.015603907584703083
0.7403412114162014
1.1370930866895976
0.4830207648131413
1.231042201134526
0.11260417379011506
0.11533809035287025
0.6331416702330547
0.24922502089695042
0.13601460463605486
0.6135326002518373
0.12973766852766522
0.7030368983304511
0.13280330994358133
0.018592085780128137
0.08158862966571237
0.12829883080645993
0.1256788051905488
0.01897789797675467
1.625968241314059
0.08578673675915433
0.13267140338801403
0.1826450661445444
0.18677647808088244
0.04257836519119621
0.2754123164970241
0.028952089281001233
0.02502116204664571
1.0794085880825373
0.07076981798587673
0.46926676841548093
0.18685077596207003
0.19721003127336645
0.9973274990984665
0.20390925266127047
0.4097390809800594
0.4522439161766758
1.1579771491537574
0.33807050912453696
0.18700742400240145
1.4821505905592693
0.6456456279853959
0.9076606031300607
0.1501029844516075
0.12029247119420168
0.061959417878987934
0.18368451892230994
0.19697111815938997
0.18310306700932308
0.4734474040693675
0.27012401368126293
0.34147092215951624
0.5298706609013707
0.16151906849004008
0.07629044571210593
0.1331081870032313
0.10333891073845371
0.11716854977578334
2.277136423152821
1.9277310003087684
1.019773016674704
0.48848547554938704
0.3061855794329569
0.0700273818987115
0.9508343213964665
0.6117347516998543
0.0951181042503451
0.9212701160348981
0.07731886466188198
0.08273568364378558
0.2406479723804031
0.17428449170809993
0.39763011145539573
0.1668341103277312
0.04887518553752099
0.11042020805531447
0.5529301301623449
0.14754014642831165
0.2885091325757253
0.47661113039161185
0.03954523082344935
0.057359678931693185
0.6200971270513636
0.041032875973760256
0.2576327909376691
0.06164256209337433
0.07844848168413761
0.03960951846291985
0.7846356002379534
0.03985492306199652
0.04360840011125008
0.4378596496337749
0.07660405699225599
0.08334465520234263
0.7998221031773287
0.05220013288878739
0.22420815456880994
0.2785654903218272
0.17332922901629194
0.0479056331636393
1.2762944317333296
0.12078273931298007
0.05488937372512904
0.39331664259669064
0.13247004585696687
0.6491370758761035
0.8280758555980099
0.1337567238628216
0.09382007454234312
0.3170872288032091
0.31251087366214686
0.2224394526618195
0.1787078628782652
0.1556204666551515
0.018285647131110506
0.5950409486730664
0.05032759120015937
0.06408070329325401
0.6300208128730533
0.032981337246405895
0.06028696692818078
0.4723462861030396
0.3664671947806082
0.09005388689448617
0.039388218263588445
0.001470089943100354
0.02569015415919887
1.0241840194468137
0.41412027104164245
0.07227682234947251
1.483012580615181
0.6750180965412731
0.08044221943602078
0.07746674506164564
0.2694424494355578
0.19164512812919765
0.05443123792216568
0.5408165863537795
0.06872541604656107
0.5484645927190389
0.243990780231979
0.47902942196453524
0.11988332180702738
0.029286769199523926
0.09032850015519173
0.08327081066269243
0.15222064430473795
0.1821852101051555
2.825429399209334
0.3018227283153081
0.14203584436220157
0.7229627854176428
0.09021221355521235
0.05174395725701975
0.8717763769228
0.027033088590734
0.6091611191482879
0.175993781848037
0.24574564065090806
0.14504404436274485
1.3866681842131046
0.07626640744040351
0.02735795019266477
0.5215153962382598
0.03189723663566211
0.08678272603253394
1.3931977838771663
0.1808137728633078
0.07798159436115673
0.28123899407904107
0.4695605608502162
0.18975712631755393
0.146055482649741
0.22033076958680622
0.24218487834550226
2.619856967931978
0.06868085483827092
0.08785594236649148
0.052833617916627856
0.13121270718405723
0.16529833062512242
0.03413209667016505
0.4055510729638701
0.07137272502060515
0.17219448474135207
0.04534097881543176
0.12749018413957552
0.36348977119463993
0.15774663694051924
0.12710161491559774
0.943312272636619
0.06713120444191523
0.14298898386731687
0.48528110618714976
0.3190623478215283
0.3887751268812021
0.2965151078258596
0.5354560546205249
0.28692983609033873
0.3724880776785767
0.6814321714651873
0.3925258816631754
0.2748788514515693
0.05024503736741325
0.22880164869274155
0.7675041343580536
0.2049042396007706
0.07127309223745207
0.44606164853025876
0.1714150529117853
0.13157258423366572
1.2909393348623834
0.41045640939479205
0.2957012635221267
0.15112661332513147
0.042608072556420656
0.07108105617457591
0.10580176564142514
0.38487280085549425
0.5914415569409756
0.3195139341305837
0.1332896345968179
0.21091456857420937
0.7978838550142562
0.02509568204672471
0.2869187750582376
0.5850544705600542
0.13592757851453632
0.29032938302742417
0.5645373123922206
0.047327279446860174
0.18705948150850737
0.35498285838060145
0.07987654522195062
0.465763001488993
0.28067866258216106
0.0045281777015373425
0.07167157209874797
0.4220147567695479
0.023281546258107105
0.1619811009468674
1.330967764884922
0.33567966137653793
0.5837818272292251
0.9615981283542279
0.050391742102210424
0.32486625733881086
0.9301342322264872
0.25481682297176633
0.06959962734306203
0.7598640627817587
0.27299588619838516
0.09940486526064705
0.979637752019854
0.1296539571296675
0.2181364446733205
0.9439984663315379
0.21913439472838028
0.2877523552165672
0.05147940876332156
0.06571186337323985
0.003518989048245237
0.23943686157292995
0.10926733239523642
0.23553320410648404
0.24719675768874322
0.032722472980588974
0.181808742686484
0.30573842717524485
0.2724142103788248
0.10662179456587266
0.15372160402666843
0.06967728391940713
0.26044337317275057
0.39448601637820957
0.23979487273862082
0.15464017265307145
0.09126817661528377
0.0388331147719762
0.07160018229272543
0.6354268420212911
0.10339934853017675
0.07855550381171474
0.08338005687188353
0.15153113752806566
0.03331717730638143
0.17087889916047036
0.13813619631140212
0.04038397952684817
0.3066139269603431
0.16985800294989395
0.15628337414516072
0.5494384681339196
0.08637985134670144
0.3539059965498128
0.4340593519401789
0.13165162079550413
0.046628560721092234
1.0534960272517295
0.26923275731200835
0.19383165865358987
1.3523122838437487
0.35004526993100626
0.12079187552889303
0.9335577515431082
0.035470773835855056
0.15864047919217594
0.9915222579113631
0.20256981924477624
0.07881877137772436
0.16376245525634098
0.254030185873356
0.3199596733738267
1.2992064905198875
0.47702032642119707
0.18992764172217222
0.04068001196831481
0.031307627410765045
0.1989535293942393
0.3699787783730372
0.07137606499201582
0.15278253699790648
0.630043706562215
0.31329397852849405
0.3046769214203175
0.36892085233227284
0.018822198322215905
0.03184919076375882
0.5880436078438857
0.15756141668849621
0.030586718566948837
0.7412031083746197
0.591814120650075
0.029239286143994927
0.4849420526049466
0.5047575850893177
0.4343558537083227
0.5498262398306393
0.022098563928923093
0.056944935291413395
1.3953889239314285
0.6141422463960061
0.16125673423139905
0.825802240562741
0.14390434906739005
0.11982217803731295
0.027377681331049317
0.21046129281816173
0.05876662583969693
0.41222533596487587
0.04381617857087387
0.10971928230585043
0.34648081816839266
0.3649351795848128
0.12140050836405732
1.1978937514938643
0.03227800990365054
0.03301902302691065
0.3241455441192453
0.05922629326273193
0.22639013967313726
0.3200811946105121
0.1706709072837409
0.22815581191204762
0.20107670941163722
0.12826737326850848
0.06542698529256027
0.7481403699580422
0.04549537379118813
0.020036075255446876
0.2729856159864282
0.4213425522105557
0.1005388986148556
1.073713965976266
0.23327350637207103
0.2997330730461435
1.110456252741003
1.0806415689198035
0.2550440343306256
0.7982097604139154
0.6701606245339502
0.5642175172191992
0.7722001011248122
0.011256642500731143
0.018127701608718533
0.3310693208092639
0.007834307288520397
0.014290864794362363
0.1831556001160382
0.10860327003855284
0.06615323803865775
0.9923330986639489
0.02951406498394036
0.4975476991406283
0.20647554000061108
0.22183576264575425
0.2818559081264517
0.7171532211068185
0.38789917864406515
0.31243899513987033
0.42767521281597304
0.3852836780456707
0.33368977781066117
0.6292199861654003
0.12325052487543038
0.037866768304513
0.6477458142341528
0.10462329381367695
0.19215157193980392
0.04325565378610852
0.32094958601381557
0.2617818673538307
0.6611787912090819
0.40405006499850826
0.14046361324129492
0.050770990543784915
0.05789326776148626
0.31628218674656666
1.0267903272107464
0.05083875547780853
0.17935389987273764
0.4654563173733804
0.3481803536799285
0.047843544128692204
0.2637956398022308
0.4775123813241047
0.05501438272543561
0.8935594051089064
0.18124427664043105
0.24134665431846097
0.45002356532515886
0.1984219640480042
0.11857736341158813
0.06250694566609431
0.08132711801345872
0.27906345892870144
1.8823458795753396
1.966199888038505
0.8087747450951673
0.4659596808300531
0.056219979603806626
0.2766464853174804
0.31227422458122606
0.03764004415622651
0.03096596911490775
0.8610138884556401
0.055874413090277075
0.22788654719135015
0.33990158367373957
0.19886238388014024
0.16636863029990742
0.8793316941716443
0.5012120675289177
0.05585669715470345
0.2601686096526142
0.14221932620042196
0.1054150034400572
0.22007355124201183
0.062343009346195334
0.1719144978176614
1.212561491784025
0.21811823359503626
0.15782459128026363
0.30722916362002767
0.07228967946761486
0.3227662496653994
2.5316664983014814
0.10208387275481824
0.09978426273997118
0.05107127832300193
0.026962219617902194
0.03593750408774255
0.1431378353865362
0.2066665167306191
0.5355109441920207
0.07553272825312264
0.019938284726043
0.013438374408816015
0.18278787920591932
0.1988967154798481
0.014936707231136909
0.7063606791082812
0.06896067221008768
0.07590280618536498
0.8936659021930067
0.12037216783429144
0.2955147823937045
0.13238696867625183
0.021892789835078568
0.03675965617628424
0.37140753004641974
0.053154529575212744
0.07482310933893489
0.032404179543002315
0.08198240143832977
0.6937418560932579
0.8178853619162958
0.43982604157126004
0.8421643185953543
0.5522822517468072
0.34844497226994325
0.8360195270338509
0.23038511971779208
0.07924346960118253
0.28266319050607747
0.22012462561631913
0.55418034985822
0.12149295973486929
1.156855251913564
0.2590607775307305
0.3969690558704487
0.30328982915309416
0.10104020778135442
0.19787259011231628
0.4280514018359862
0.00632017374416098
0.17173179362250526
0.9897069064928161
0.27176727614611285
0.19288383633057052
0.3403945957546153
0.08506618210426611
0.36129328099948427
1.2106564786057032
0.012909249311510003
0.042212167550539643
0.8897785166630826
0.45018185919639075
0.3780281811312319
1.0307604650703794
0.06381188809595127
0.06509091293372671
0.31859426520616874
0.08628486375218143
0.19346958136959244
0.4647647767353749
0.11223933342734839
0.04001192008171152
0.050043177216715855
0.009681395572526716
0.08471807247503223
0.13731914794497788
0.09545076144377755
0.0557174501887958
0.12602608526075557
0.07729778683303064
0.3236245746029866
0.04632163225340757
0.1020308301044961
0.11228312706195016
1.4026822681956348
0.07253043818156925
0.1637108666273271
0.02811352189275412
0.0025219268221542187
0.0027798989022324535
1.3178281620281014
0.4858719734253603
1.0468233421205897
0.3022168346973831
0.018122858884095684
0.1804021029852331
2.925166788502703
0.2572947234745103
0.10351217590511134
0.05155178471569704
0.1716562196177364
0.16464221812650648
0.04544513834032491
0.0550348620772946
0.04186972300922096
0.5793899640849958
0.10544103082007057
0.7631303329634097
1.2268662117177824
0.4448211827954866
0.373631849907595
1.0710366983441004
0.010353539906932788
0.49293598005521916
0.5349264048934038
0.07373143724344886
0.23364962903223996
0.551020381149797
0.3470589152139038
0.17530622177001626
0.3676792187385545
0.0025682681531955256
0.03220052948671691
0.8740684271225312
0.2550621375713356
0.020925052699051025
0.9014451315464729
0.46492497512093245
0.6117912150077021
0.21573595204581197
0.02720125837700519
0.19643575922800016
1.0864339784442714
0.08599852760573777
0.014556447647622725
0.7268925485825328
0.2782009618715757
0.2535176906782309
0.1501099968194128
0.08329492667842564
0.4301272953313573
0.39548596562459615
0.9063176929681772
0.16767061890234652
0.22904515019620195
0.18267721663337474
0.5813807622734125
0.6176044750708642
0.014800757597765309
0.049394855452880596
0.6501332450873608
0.02887352277743521
0.18218389059478038
1.0055384625473884
0.0573369592435459
0.2051189687023524
0.10316079678465623
0.05013944789155408
0.055261016619520605
0.2778061206220227
0.08564446036570707
0.13117781756327387
0.5975263792808625
0.4651398987743727
0.05904105670914684
0.14488120562146256
0.3434369102761494
0.11613111397107276
0.895000100859496
0.10699192101607631
0.058308173978298586
0.49225734349040784
0.024871588901465198
0.07179709502710732
0.1952589701866928
0.3583256367397554
0.134506583075166
0.954243001030856
0.015110039013543896
0.1058137084941718
0.308152261326085
0.0016061764526641455
0.5073923368747175
0.2848390878393887
0.02730077980159666
0.0326857536537927
0.1684176965836395
0.20430368875197616
0.18866655511631397
0.1969831857225542
0.034013608291472174
0.4376712696058506
0.347035670960521
0.04658627455203892
0.128699799354461
0.3258382259399672
0.008951061591231617
0.03246484509907609
1.38037553272393
0.5144211461020745
0.021189806327821425
0.3168934871367486
0.026875685939179182
0.14329680472937723
0.8652630751019793
0.2864264511604075
0.06301967663858682
0.8830456135630678
0.2706889902317407
0.2497672335015644
0.13043674338494998
0.04549418768130372
0.32515941902012446
0.1003523505553109
0.15269070103492072
0.07666294020628475
1.9534409227955893
0.09491283026362658
0.8041714465866675
1.6265960923617704
0.22108130800985598
0.4979602420061377
0.0520504894484549
0.004214933153837134
0.048667863105953967
0.5622679500262179
0.02449782896177148
0.036249480248357224
0.18003882492899817
0.01342099512954165
1.5029956490289402
0.6289495202273001
0.2122422516682139
0.018025422950094433
0.37009785136211043
0.290419191437221
0.33124219067070576
0.37871745726074035
0.6217126882179086
0.08321596992554514
0.47274474637479896
0.015945926095416237
0.04627651240348549
2.257096795320497
0.35142759659501477
0.22780244369265715
1.0291422495480465
0.220151092991155
0.027834206037176023
0.37601688954978363
0.12125458321498712
0.10439379389970513
0.8718591574566685
0.08206249676515211
0.14815596935364506
0.12237561023827372
0.22823240134065576
0.0992350417296571
0.22387724348441043
0.2528723284268475
0.10859043808236084
1.7422478556703251
0.018582896083673976
0.1253671639139285
0.05073761175522433
0.2311047814234874
0.019547440716830414
0.7047578513314331
0.4532308409279853
0.07224217718377182
0.4469721555949029
0.06959940880489193
0.38237665049981445
0.7177263949424331
0.10618256383668072
0.18047152139135703
1.9476358775673244
0.23684260585871014
0.10373895150210286
0.38047194607516344
0.10336086682395079
0.18236509592539715
0.4460623576468873
0.4064630999937114
0.42330682342838183
0.8425079812398565
2.650185144090995
0.18667786778724219
0.1727444331884201
0.03228452278126247
0.012842813476151531
1.0173807449039272
0.159621309685069
0.09334484293556614
0.8737108869923994
0.16342491145232094
0.03240557848146859
0.11528339719969076
0.11220718314366684
0.05850299331514708
0.26567470513907254
0.05414288760574299
0.07972723397265807
0.8955655701709153
0.057333726144151276
0.013109552881415975
0.2646467516127761
1.2424120361978142
0.18556157720955602
0.22386478829162032
0.1109197892656938
0.04424291957427737
1.7227606227392727
0.17223581521544928
0.11308339295545887
1.7213216060792111
0.3121773527065331
0.5989807632110292
0.4769905052311372
0.13767722307464042
0.18672995643781287
1.8028462727129992
0.2714784754096104
0.06109364872942657
1.3057897039065671
0.08146368215146751
0.08806350083494416
0.09588551777098774
0.012491594679157106
0.11798616313549756
1.0776640416089251
0.10926793565238235
0.41684667796925357
0.8886821740577177
1.0276240828947671
0.06077106954243262
0.3379131447971778
0.2499524205342847
0.04065667091023177
1.247272456573036
0.37975050491956563
0.19834459181777767
0.4070102970565767
0.06217844681160381
0.0774834116953363
0.20249969190045625
0.026752019874555773
0.013156531768171527
0.8946654846513539
0.12332668990587486
0.09426293374801345
0.7181586567538925
0.17790530081635325
0.15017115976147477
0.2763829579186984
0.017200514707075298
0.03828487559856062
0.2834464147383271
0.19299438494865068
0.35053050129386937
0.14334185264852856
0.09419884149677273
0.18040694653609413
1.2119266344729556
0.5240428654173486
0.6719579679321758
0.08576633483277092
0.04052574439880074
0.007860828374512588
0.6279612678356195
0.15116424937415904
0.4974661984012411
0.8090092278431666
0.1411513538473877
0.16894332073079146
2.136341349179764
0.39490445516138967
0.2100412012527892
1.4507538216280078
0.045778769138319984
0.03206565759428635
0.6703207705783518
0.11145783974421623
0.15284135553141626
0.5769989466583789
0.05490000207985281
0.7228739957269784
1.9160550005973471
0.6582182387915796
0.14226083969145034
0.5719320285169622
0.0098425872628571
0.15684507908221154
0.595314492009853
0.0322663289686987
0.12032902559521538
0.1518417390848075
0.24487304852121805
0.3542895765568224
0.11840718360564922
0.12206666349257796
0.3135735226183852
0.07092861308470688
0.02150667136936523
0.012603931677818776
1.1704793102676243
0.12183287875101266
0.12385710749742605
0.07464676134618507
0.12647340763673798
0.116302113577902
0.8722627558067948
0.3561906070497277
0.08946254364447775
0.42532006887104584
0.12598662300473112
0.08020530042690457
0.16012637107406685
0.06622265208697617
0.08759024723947773
0.6524296161352636
0.1026919919404492
0.2101497294658787
0.5791543142993963
0.08895886336969358
0.4001166773243806
0.6314410116645605
0.09565814852660302
0.29671261375111996
0.12967146142586836
0.150683831708676
0.10793191594918847
1.9547294231472307
0.0827411394295632
0.2516175307816353
0.09862606724120032
0.05866696010306657
0.01857833697581745
4.374289737155614
1.470386746080727
0.4683446931362778
0.35313843287822333
0.15377807075847463
0.022377492427357187
0.971484366742916
0.06777464891274264
0.13637674918450593
0.2401758935780458
0.0637567364877182
0.3457032246568106
0.4982867980691181
0.0343337623317222
0.24901729327264172
0.5131535554315643
0.705012560321561
0.4201296093844738
0.4304522443129923
0.15285162313333056
0.022451673131815227
0.07413261499591493
0.011112045683634697
0.04800250854769715
1.141187195563471
0.03983321378323849
0.194380162220004
0.27984312144112755
0.4826157231542221
0.07662847036422282
0.418758533445124
0.1455974878153835
0.6357174521983552
0.2715771923833251
0.017015923475793192
0.12008474817524827
0.16696757630994385
0.06680101563390946
0.151451811847694
0.06005539356012564
0.07345492920683652
0.1738198223947364
0.27248409553295444
0.06297727427841994
0.04156261833698758
1.1021742750278076
0.30450833636330976
0.6387834654203292
0.22168567700316438
0.5024511173186726
0.11202336845433046
0.6950739348044126
0.1274636874494873
0.39121846369491253
0.31786929803590913
0.10103911594985408
0.24220750331683014
0.19174288453283278
0.13188786479629339
0.4839225708684356
0.22245019289389506
0.6903313728758828
0.09452710738648813
0.3414304790209997
0.12214770205169269
0.17291644371791418
1.2512743852679753
0.1793951434419772
0.3994105599153448
0.5516564605162831
0.37562873049974566
0.14723855598482752
0.45818780279004273
0.1327304472893268
0.047353423605595364
0.40275159573515057
0.05965728297572538
0.02569548311003477
0.5848910968645066
0.009245407217663475
0.012232841475999597
0.09173795408617165
0.44669675908382256
0.10894930682948864
0.07487498320483968
0.25998749811549327
0.005260189245392143
2.1859704344243154
0.37177861609209134
0.6312466525954908
0.08378102091051208
0.21931008621910944
0.13210095328690533
0.616261478123686
0.18056392356532447
0.6015444154698435
0.10741253620269972
0.03658636516894449
0.3583045582445382
0.17771452721025002
0.011328895317003328
0.04224773997558352
0.22962656807119503
0.26850809464363723
0.0544773543246147
0.2758036017891639
0.10713272743068109
0.10244311137527927
0.4113380891862883
0.044874242664796025
0.010639572074659737
0.8607090097697699
0.0883601016587904
0.11995443176701409
0.4022998241123474
0.18534025063109488
0.011125206306810482
0.6870743195145468
0.32373895987515794
0.39683925095347106
0.11566484138379289
0.16686260130051297
0.12405581953922756
1.0287290007033305
0.15381897104558034
0.08364446580053198
0.0231975030542809
0.08990915927389512
0.15641904109179816
0.6476906112798584
0.41062705414421036
0.0703661096777218
0.297750393941351
0.02085779969658294
0.019840005816823436
1.2404367504704676
0.07107890577350885
0.035834242622969255
0.7536908307360001
0.02923116813024747
0.01358119478831566
0.2681233823192891
0.04594265894774871
0.9523475793174648
2.0800236561950425
2.141186009877554
0.9824510511248187
1.4681916741214056
0.04213235182435721
0.04514053906096906
0.5640375121998488
0.13226362687471838
0.43444679696429406
0.11556307589304515
0.045489378545809867
0.25906543238777635
1.9852033480526952
