
36.592 36.611 37.195
36.592 36.762 37.195
37.133 37.835 37.451
37.380 37.796 37.451
37.380 41.891 40.862
37.435 37.549 39.527
37.435 37.796 37.195
37.435 37.796 37.638
37.435 37.796 38.379
37.435 38.307 37.451
37.435 39.013 41.374
37.435 40.343 37.638
37.435 41.086 39.527
37.435 41.432 40.136
37.968 37.796 37.638
37.968 37.796 39.561
37.968 37.796 40.136
37.968 37.835 40.136
37.968 38.729 39.119
37.968 38.880 38.617
37.968 39.115 38.379
37.968 39.303 38.379
37.968 39.303 39.119
37.968 39.303 39.527
37.968 39.303 40.136
37.968 40.343 40.136
37.968 40.343 42.040
37.968 41.628 39.119
38.156 37.835 39.271
38.156 41.086 40.136
38.861 37.796 39.527
38.861 37.796 39.797
38.861 38.307 37.773
38.861 38.729 40.136
38.861 38.880 38.617
38.861 38.880 41.374
38.861 39.013 38.954
38.861 39.013 39.271
38.861 39.013 39.527
38.861 39.115 37.195
38.861 39.115 39.119
38.861 39.115 39.271
38.861 39.115 40.470
38.861 39.303 39.271
38.861 39.303 39.527
38.861 39.757 37.451
38.861 39.757 37.638
38.861 39.757 39.527
38.861 39.757 39.797
38.861 39.757 40.136
38.861 39.757 42.040
38.861 39.757 44.629
38.861 39.930 39.527
38.861 39.930 40.136
38.861 40.343 38.617
38.861 40.343 39.119
38.861 40.343 39.527
38.861 40.343 40.136
38.861 40.343 40.862
38.861 40.343 42.040
38.861 40.343 43.557
38.861 40.420 40.136
38.861 40.459 39.271
38.861 40.459 40.136
38.861 41.432 41.374
38.861 43.470 46.883
38.861 45.083 40.136
39.008 39.115 39.527
39.008 41.086 40.862
39.416 39.115 40.136
39.416 39.303 39.527
39.416 40.343 39.797
39.416 40.343 40.136
39.416 41.432 41.374
39.416 41.432 43.557
39.416 41.628 44.171
39.456 39.115 38.379
39.456 39.757 38.617
39.456 40.343 39.527
39.456 40.343 40.136
39.456 40.343 40.470
39.456 40.420 44.171
39.456 40.459 40.470
39.456 41.086 39.527
39.456 41.432 39.797
39.456 41.432 40.136
39.456 41.891 37.638
39.456 41.891 40.470
39.456 41.891 44.171
39.512 37.835 39.119
39.512 38.729 39.527
39.512 39.115 42.851
39.512 39.303 39.561
39.512 39.757 38.379
39.512 39.757 39.527
39.512 40.343 38.954
39.512 40.343 40.136
39.512 41.432 42.009
39.512 42.620 40.136
39.546 37.796 40.136
39.546 37.835 39.527
39.546 38.307 42.247
39.546 38.729 39.797
39.546 38.729 40.470
39.546 38.880 38.379
39.546 39.013 41.374
39.546 39.013 42.247
39.546 39.115 39.271
39.546 39.115 39.527
39.546 39.115 42.851
39.546 39.115 43.222
39.546 39.303 38.617
39.546 39.303 39.119
39.546 39.303 39.797
39.546 39.303 41.374
39.546 39.757 39.527
39.546 39.757 39.561
39.546 39.757 40.136
39.546 39.757 40.862
39.546 39.930 39.527
39.546 39.930 42.040
39.546 40.343 39.561
39.546 40.343 40.136
39.546 40.343 40.470
39.546 40.343 40.862
39.546 40.343 42.040
39.546 40.343 44.657
39.546 40.420 40.136
39.546 41.086 39.797
39.546 41.086 40.136
39.546 41.628 38.617
39.546 42.118 40.136
39.546 42.620 42.851
39.546 43.470 44.966
39.546 44.146 43.754
39.546 45.083 44.319
39.806 37.796 39.527
39.806 37.796 39.561
39.806 37.835 40.862
39.806 37.835 41.374
39.806 37.835 41.598
39.806 37.835 42.009
39.806 37.835 42.040
39.806 37.835 42.247
39.806 37.835 42.851
39.806 37.835 43.222
39.806 38.307 38.379
39.806 38.729 39.797
39.806 38.729 40.470
39.806 38.729 42.040
39.806 38.880 43.222
39.806 39.013 39.527
39.806 39.013 42.040
39.806 39.013 42.851
39.806 39.013 43.557
39.806 39.115 40.136
39.806 39.115 40.470
39.806 39.115 41.374
39.806 39.115 42.851
39.806 39.115 43.222
39.806 39.115 44.171
39.806 39.303 39.527
39.806 39.303 40.136
39.806 39.303 41.374
39.806 39.303 42.040
39.806 39.303 42.851
39.806 39.303 43.191
39.806 39.303 43.222
39.806 39.303 43.557
39.806 39.303 44.171
39.806 39.303 44.629
39.806 39.757 38.379
39.806 39.757 39.561
39.806 39.757 39.797
39.806 39.757 40.136
39.806 39.757 41.374
39.806 39.757 42.851
39.806 39.757 44.657
39.806 39.930 40.136
39.806 39.930 42.851
39.806 40.343 38.379
39.806 40.343 38.617
39.806 40.343 39.271
39.806 40.343 39.527
39.806 40.343 39.797
39.806 40.343 40.136
39.806 40.343 41.374
39.806 40.343 42.040
39.806 40.343 43.222
39.806 40.343 44.319
39.806 40.343 44.629
39.806 40.420 40.136
39.806 40.459 40.136
39.806 41.086 39.119
39.806 41.086 40.136
39.806 41.086 44.966
39.806 41.432 42.247
39.806 41.628 40.136
39.806 41.628 41.374
39.806 41.628 43.557
39.806 41.891 44.966
39.806 41.891 46.255
39.806 42.118 40.862
39.806 42.620 44.319
39.806 45.963 40.136
40.176 37.796 42.009
40.176 37.835 38.617
40.176 37.835 43.754
40.176 37.835 44.319
40.176 37.835 44.657
40.176 37.835 44.966
40.176 38.307 38.954
40.176 38.729 40.136
40.176 38.880 40.136
40.176 38.880 41.374
40.176 38.880 42.009
40.176 38.880 42.040
40.176 38.880 42.851
40.176 39.013 39.527
40.176 39.013 42.009
40.176 39.013 42.851
40.176 39.013 45.707
40.176 39.115 39.119
40.176 39.115 41.374
40.176 39.115 42.040
40.176 39.115 42.851
40.176 39.115 44.319
40.176 39.115 44.966
40.176 39.303 39.119
40.176 39.303 39.527
40.176 39.303 41.374
40.176 39.303 42.851
40.176 39.303 43.191
40.176 39.757 39.119
40.176 39.757 39.527
40.176 39.757 40.136
40.176 39.757 40.470
40.176 39.757 40.862
40.176 39.757 41.374
40.176 39.757 42.040
40.176 39.757 43.222
40.176 39.757 44.171
40.176 39.930 39.527
40.176 39.930 42.247
40.176 40.343 39.271
40.176 40.343 39.527
40.176 40.343 39.797
40.176 40.343 40.136
40.176 40.343 40.470
40.176 40.343 40.862
40.176 40.343 42.040
40.176 40.343 42.247
40.176 40.343 44.966
40.176 40.343 46.960
40.176 40.420 40.136
40.176 40.420 41.374
40.176 41.086 40.136
40.176 41.086 40.470
40.176 41.432 39.119
40.176 41.432 40.136
40.176 41.432 41.374
40.176 41.628 39.271
40.176 41.891 40.136
40.176 41.891 41.374
40.176 42.118 39.119
40.176 42.118 42.851
40.176 42.620 42.040
40.176 43.492 41.374
40.176 43.772 41.374
40.176 43.772 44.629
40.176 47.657 40.136
41.027 39.115 40.470
41.027 39.115 40.862
41.027 41.432 40.470
41.027 41.628 42.040
41.027 41.891 41.374
41.027 43.772 41.374
41.027 45.083 42.851
41.094 39.013 41.374
41.102 39.303 40.136
41.102 40.343 40.470
41.102 40.343 41.374
41.102 41.086 37.195
41.102 41.432 43.222
41.102 41.628 41.374
41.123 37.796 43.754
41.123 37.796 44.657
41.123 37.835 44.629
41.123 37.835 44.966
41.123 38.880 38.379
41.123 39.013 40.136
41.123 39.115 40.470
41.123 39.115 41.598
41.123 39.115 42.009
41.123 39.115 42.040
41.123 39.303 39.119
41.123 39.303 39.797
41.123 39.303 40.136
41.123 39.303 40.862
41.123 39.303 42.009
41.123 39.303 42.040
41.123 39.303 42.247
41.123 39.303 42.851
41.123 39.303 43.222
41.123 39.303 43.557
41.123 39.750 40.862
41.123 39.750 42.040
41.123 39.757 40.136
41.123 39.757 41.374
41.123 39.757 41.598
41.123 39.757 41.935
41.123 39.757 42.009
41.123 39.930 40.136
41.123 39.930 41.374
41.123 40.343 39.119
41.123 40.343 39.527
41.123 40.343 39.561
41.123 40.343 40.136
41.123 40.343 40.470
41.123 40.343 41.374
41.123 40.343 41.935
41.123 40.343 42.040
41.123 40.343 43.222
41.123 40.343 44.629
41.123 40.420 43.222
41.123 40.459 38.379
41.123 40.459 40.136
41.123 40.459 43.222
41.123 41.086 39.271
41.123 41.086 39.527
41.123 41.086 40.470
41.123 41.432 39.561
41.123 41.432 40.136
41.123 41.432 41.374
41.123 41.432 43.222
41.123 41.628 39.119
41.123 41.628 40.136
41.123 41.628 40.470
41.123 41.628 40.862
41.123 41.628 41.374
41.123 41.628 41.935
41.123 41.891 39.561
41.123 41.891 40.470
41.123 41.891 41.935
41.123 41.891 42.247
41.123 42.118 40.862
41.123 42.118 43.557
41.123 42.118 46.255
41.123 43.180 41.935
41.123 43.180 43.222
41.123 43.180 44.171
41.123 43.492 41.374
41.123 43.772 39.527
41.123 43.772 41.935
41.123 45.963 46.255
41.123 45.969 42.040
41.123 45.969 43.557
41.123 47.921 39.119
41.545 39.013 42.009
41.545 39.303 40.136
41.545 39.303 40.470
41.545 39.303 40.862
41.545 39.303 41.374
41.545 39.303 42.247
41.545 39.750 41.374
41.545 39.750 42.247
41.545 39.750 43.222
41.545 39.757 40.136
41.545 39.757 40.862
41.545 39.757 42.040
41.545 39.757 42.851
41.545 39.757 43.222
41.545 39.757 43.557
41.545 39.757 46.883
41.545 39.930 39.119
41.545 40.343 39.119
41.545 40.343 40.136
41.545 40.343 40.862
41.545 40.343 41.374
41.545 40.343 42.009
41.545 40.343 42.040
41.545 40.343 42.851
41.545 40.343 43.191
41.545 40.343 43.754
41.545 40.343 44.319
41.545 40.343 44.629
41.545 40.420 41.935
41.545 40.420 44.500
41.545 40.459 43.222
41.545 40.459 43.754
41.545 41.086 43.754
41.545 41.086 45.707
41.545 41.416 44.966
41.545 41.432 46.883
41.545 41.628 39.561
41.545 41.628 41.935
41.545 41.628 42.247
41.545 41.891 39.527
41.545 41.891 40.470
41.545 41.891 43.222
41.545 41.891 44.171
41.545 41.891 44.966
41.545 41.891 46.255
41.545 41.891 46.960
41.545 42.118 42.040
41.545 42.118 44.966
41.545 42.620 42.247
41.545 42.620 44.171
41.545 42.620 44.629
41.545 43.180 41.374
41.545 43.772 39.271
41.545 44.146 39.527
41.545 45.963 39.527
41.937 42.118 38.379
41.937 42.118 38.617
41.937 45.083 40.470
41.937 45.969 43.191
41.937 45.969 43.222
41.937 46.822 43.222
42.113 39.013 39.561
42.113 39.115 39.271
42.113 39.115 42.851
42.113 39.303 39.527
42.113 39.303 41.374
42.113 39.303 42.040
42.113 39.303 44.319
42.113 39.757 39.797
42.113 40.343 42.040
42.113 40.343 43.754
42.113 40.343 44.171
42.113 41.432 44.657
42.113 41.628 39.527
42.113 41.628 42.851
42.113 41.891 39.271
42.113 41.891 41.374
42.113 41.891 42.851
42.113 41.891 44.319
42.113 41.891 44.966
42.113 45.969 43.557
42.113 45.969 44.629
42.812 41.432 43.557
42.812 41.628 38.379
42.812 42.118 39.527
42.812 42.118 40.136
42.812 42.118 42.040
42.812 43.180 39.561
42.812 43.772 44.966
42.812 45.083 38.379
43.207 41.432 38.617
43.207 41.432 41.374
43.207 41.891 40.862
43.207 42.118 38.379
43.207 42.118 38.617
43.508 38.729 38.617
43.508 38.729 40.470
43.508 39.303 42.851
43.508 39.757 44.319
43.508 40.343 44.966
43.508 41.086 42.247
43.508 41.432 43.557
43.508 41.891 39.119
43.508 41.891 44.629
43.508 42.118 40.136
43.508 42.620 42.851
43.508 43.180 39.527
43.508 43.772 39.119
43.508 44.359 44.171
43.508 45.083 42.247
43.508 45.083 43.754
43.777 39.757 42.851
43.777 40.459 42.851
43.777 41.891 42.040
43.845 40.459 39.119
43.845 41.432 44.966
43.845 41.891 42.040
43.924 39.115 38.617
43.924 41.891 43.557
43.924 42.620 43.557
44.147 41.416 44.657
44.147 41.891 42.040
44.147 43.772 38.617
44.147 44.146 38.617
44.147 45.083 38.617
44.147 45.083 39.271
44.147 45.969 38.617
44.344 40.343 44.319
44.344 41.086 40.862
44.344 43.772 44.319
44.537 38.729 46.255
44.537 39.115 40.470
44.537 39.115 44.171
44.537 39.115 44.629
44.537 39.303 44.171
44.537 39.757 40.470
44.537 40.459 39.271
44.537 41.086 39.527
44.537 41.086 43.754
44.537 41.432 42.040
44.537 41.432 46.255
44.537 41.628 41.374
44.537 41.628 44.500
44.537 42.118 39.797
44.537 43.424 44.319
44.537 43.772 43.557
44.591 43.470 44.319
44.591 43.772 46.255
44.675 39.757 39.271
44.675 40.343 44.319
44.675 41.891 44.171
44.675 41.891 44.657
44.675 43.424 43.222
44.675 43.424 43.557
44.675 43.470 44.171
44.675 43.772 39.119
44.675 45.083 39.119
44.675 45.083 39.271
44.675 45.083 41.598
44.675 45.969 39.119
44.675 45.969 39.271
45.261 39.115 39.527
45.261 41.891 41.374
45.556 39.115 41.374
45.556 39.750 43.557
45.556 45.083 40.862
45.963 39.757 40.136
45.963 41.628 39.561
46.536 39.303 40.136
46.536 45.969 39.527
46.536 45.969 39.561
46.536 45.969 39.797
46.611 42.118 40.136
46.645 41.086 40.136
46.645 41.891 45.357
46.645 43.772 43.754
46.743 40.420 42.247
46.743 41.891 42.851
46.743 43.772 42.851
46.934 43.772 42.009
46.943 39.757 39.527
47.670 39.303 39.271
50.172 41.416 39.119
