0.22491750755619141
0.05747899068471148
0.2426864002258485
0.8263664155081524
0.3949115693943032
0.4449050870603698
2.4522141254273633
0.43409620273420263
0.8952407537324745
0.9909610764638289
0.5135836612834536
0.18721239509918391
1.9481452849254368
0.752558836960095
0.10345647691979726
0.006842709889761531
0.5521627867801988
0.038000010743179394
0.5934636968193394
0.1595280105792856
0.16393375243042926
0.590119233897848
0.9845413903285726
0.08804095579387433
0.730552743787348
0.23410688665300697
0.3720782678722837
1.0793578467706126
0.23644290687031796
0.05912376763698016
0.4878570408970255
0.49677537571169456
0.32962311353443136
0.913114988074485
0.2621294108703092
0.3676687476274635
1.10566955088232
0.06473596261262078
0.8045595544581947
1.2550096891837426
0.018404755536453536
0.32617100942570243
0.15824777888436975
0.349703296563631
0.46207979340540645
0.5500032078907355
1.1046132227894863
0.7687980457879201
0.30815747663055143
0.023649489574269694
0.10798275194409235
0.4135331808095736
0.5937997030363178
0.42753361588166255
1.9974187770569476
0.14924317059468112
0.2679167801465607
2.7295180188651353
0.18974812840935887
0.26888338939774076
0.41734172923772506
0.14683480716831376
0.011144373621792205
1.2752846197081689
0.9841043073809855
1.0765262033132792
0.4033045205083715
1.8205959243332042
0.16796107759761406
0.7945042749809232
0.5138346991757625
0.3600348101514192
0.8114736503875747
0.22691076244148498
0.3476641553744154
0.3754211233401221
0.43552016328317733
0.5777168405074687
0.025724851896373472
0.09933895308478059
0.4098749977671564
2.3201691723639426
0.0915143657348384
0.09803498228620285
1.1966678547504317
1.291317144769357
1.3829283087050501
1.038617584579033
0.3747022037630604
0.22411390675001058
1.1050636565566458
0.40031837181629726
0.37484996270492177
0.4806108145573266
0.29201084029623714
0.2788349882315086
1.4112283761881452
0.94528301686126
1.0397386761949718
0.7669167393011133
0.5993730619320697
0.1123967156235276
1.0762593334067434
0.4078059630786091
0.08187752870370682
1.0976453747669952
0.26165287492007294
0.47195670072401946
0.4182591769340074
0.0798463258034944
1.2745673628054959
0.647425410538248
0.5247442391864573
0.07165523940470374
1.2779452509392888
0.8882254684887043
0.04264322207413547
0.37614854688343907
0.27113964589730755
0.2326887682656158
0.13048955252366157
0.3104729431434057
0.663842731035401
0.19470822118020034
0.043813681054062886
0.04808078891039494
1.3149274590640272
0.8479009742508976
0.4439746075013926
1.3126658400690756
0.27144872502745404
0.22838515919579855
0.15152351197037411
0.04707693563533209
0.524828011472606
1.009923298896883
0.15030279837326313
1.1445042789890338
0.0073535923401129525
0.1697135952499229
1.7412120004905436
0.356728439589408
0.056339197992796984
1.1325880507500172
1.3391507052343803
0.22554379133371041
0.5917392918824815
0.5720031534523586
0.009776163293215014
0.3994864975638111
0.06205142104038151
0.44656344192550884
0.3751052501403375
0.34402973586883895
0.4653410649909748
0.16575098352028858
1.5040776238808709
0.20822976492050946
0.4553226340359376
0.514060883556264
0.36377553365509324
0.050035012882726985
0.3638853270892457
0.05093046572631261
0.022867299113192206
0.5844902001451673
0.07224064780479077
0.04809302315766124
0.4509420484363453
0.011183344522533464
0.8461686596445684
0.4732784332180121
0.6871134332872288
0.5673403177586966
0.3578719353014673
0.0018421260448576219
0.24207169755519395
0.6083869436839353
0.055509215413033865
0.4364098207455151
1.6019447498901
0.12929594443332493
0.3115734167394039
0.3137108090675988
0.21874089767343338
0.22284536246650463
1.0267809921102111
0.6106399286070157
1.534714883309955
0.11074126966800099
0.9059601005828561
0.63333431469373
1.4174957554111351
0.359927441680388
0.6920309827730784
2.4466572077998467
0.15831429765918412
2.389946580390808
0.2552743485953735
0.3431519745197169
0.042749027740237186
0.87506856812056
0.13645083670657449
0.11750209532542971
0.8415526220403828
0.23657212905148506
0.329802162036953
0.6256083116719356
0.6267919218715813
0.07628608858327854
0.6349578520196235
1.2365356731227242
2.7812816808674206
0.6925101197225786
0.20873439848166753
0.06623633799803769
0.7741926452899397
0.13954498869935786
0.31693781647245906
1.3484688232242652
0.16793074942129343
0.501443453911729
1.1505825773658094
0.2907276059704326
0.3685470704890986
0.6627735657834007
0.5629413206618825
0.6516117055798765
1.5232001327244813
0.11092564184621444
0.09955178999367079
0.2616405174150613
0.08041114561215507
0.16381111844055207
0.2163653570025389
0.09268039613908312
0.22680056734190432
1.4985242587274494
0.2605492962833058
0.2106663165895368
0.3895355967740249
0.10909053660204208
0.41122828337713585
0.48732572532945684
0.1526302480143448
0.14186077286446003
0.6362740881362648
0.20966345569012979
0.010015097730557398
0.8257450840778101
0.14492615383419552
0.06250716900510203
0.339964442645541
0.150492569294678
0.06319939386413657
0.5970927342467709
0.11657661196555379
0.0366748503814924
0.9899528327545253
0.032828355036460186
0.2926863102288263
0.3412395096411193
1.8159660438980771
0.650288217917083
1.5970160185464088
0.5003602547525255
0.41149600782138573
0.25650571356306723
0.798976166526178
0.6725227590434998
2.015437202236932
0.749269850202344
0.8530786858803676
0.25484140090737356
0.07908494164324492
0.059919659908323986
0.9083414729795133
1.669690992327982
0.6004854387431086
1.4025412910878081
0.3626591632375816
2.1397586064805636
0.3773662509913136
1.7174663510559287
1.0533015279063367
0.15995969905164423
1.0885974944957928
0.4279639335080989
1.6229239605174943
0.9183780061162701
0.22173366498248928
0.19827631195669382
0.06961842276381301
0.18693290809951882
1.371170539454569
0.06570719752992008
0.09314821013423659
0.47230475112727355
0.09789239294816779
0.26628104075892123
0.2269732777155062
0.39385773949733127
1.3648740371257961
1.5206371614096545
0.0721672868534864
0.7162681297212962
0.5038695255006714
0.2555546197824494
0.16169502341306813
0.18330366117914493
0.5461267229597875
1.0368158543964814
0.11025655139258192
0.2972772138039246
0.11812125897104421
0.1468128491584471
0.7022108030933395
0.5009025518111021
1.119576049994426
0.1075626650657325
0.26810232256608996
0.3604423126423419
0.43538281102606285
0.08045519684632885
0.1229291470600591
0.1997990207813184
0.34198020106692234
1.463696084462443
0.1804582517623191
0.17213131642457155
1.1962325865387817
1.331982284843167
0.9216566389787345
0.14948537281772178
0.4401430549051857
0.06315356744552916
1.4159932024238444
0.09192725279298512
0.2876729118745833
0.6109432677205295
0.31962278292643037
0.15839670305715914
0.13931874260227203
0.11457452376706921
0.04757197375497368
0.6120787559646368
0.3145927149680094
0.1735088824753655
0.19258699885219002
1.8308746205941522
2.2894943895316278
0.5479756404774827
0.998736574363497
0.8471913956932795
2.408073746608008
0.254327357698718
0.602615996635134
0.043211422734002775
0.005555838608347161
0.5416126564554716
0.8610108369948142
0.711641990006396
0.5839051560037045
1.8221282957155576
0.8761282381567874
0.3888007021646987
1.076362130547657
0.5707940456813506
0.21424811465762028
0.6450302047624791
0.7195166818632548
0.3939109226286391
0.6767147711168249
0.18545270243173712
0.29539248744668656
0.6377781343880032
0.3036964552629004
0.09244154481110207
0.4506329067990234
1.1539276959559968
0.24679526326117862
0.6152315367701308
0.6653868771508126
0.38065240377309445
0.21850908447955142
0.4302983697551562
0.2864123554233199
1.3407611724056967
0.0437960273804985
0.2526621968535523
0.8718066940091553
0.2146147036681213
0.2325316953366317
0.37582724026859426
0.3255500454812899
1.0216223524347203
0.27691593742443005
0.35306040456484616
0.21261617191606666
0.6318629734993042
0.3959103746560466
0.5162927419747322
0.12030002297094271
0.5598237178823864
0.7636698839205786
1.7537070587768062
0.09570010299298308
0.0299480424418097
0.7448404685240538
0.15701202338062353
0.08823908908147846
0.25706115544200925
1.9465989596256132
0.29938059047973287
0.24266539419471667
0.014103340291262149
0.1343865963381428
1.0143954266106614
0.03622609764591065
0.08144325926651219
0.18912879061451832
0.7125033312300648
1.0010229859809476
1.6406449297947345
0.39695484507482287
0.1985183395815329
0.009811623636147468
0.27897823200596716
0.3660108814853351
1.264325561668148
1.0928948530940013
0.5390397847956938
0.4032390258252452
0.3612222163301662
0.48894880318568174
0.9887641977213891
0.19568523689317951
1.2110219261787676
0.8528143984911505
0.9831787273670248
0.5254539894205879
0.8755134852593343
0.2423266779592831
0.7237782633665288
0.403072856827619
0.6959359695268837
0.27707375156436514
1.4124888759000502
0.06535582492007633
0.1345311933939784
0.07003188648001389
0.28831884678074354
0.287940202369112
0.22788230633514844
0.7135929179509954
0.05002522804941249
1.4542628446690438
0.3259661565174959
0.4074890057224589
0.42196789331296397
0.7482468828164204
0.30927130358155747
0.17539255883087257
0.3185236944403391
0.06392230668186509
1.6672153874352413
0.02457915614842779
0.43489245756879547
2.511305013881556
2.6414291988048935
0.2230512734489944
0.0332569127262886
0.6746923189820639
0.398510561225745
0.6149690237453226
0.034674159222202884
0.19550427494744904
0.4949217650449515
0.2828946735063122
0.14096180786134332
0.812347381704178
1.7889109751019845
0.26324009109993757
0.7417763573314834
0.4736733208408756
0.013898152869720291
2.6437857487254752
0.7411968099786173
0.3470559866168955
0.33408796638069366
0.1777545768273977
1.6543150298257308
0.5262303010983734
0.09574773249681287
0.16882610244311683
1.0473153187320863
0.7226401405771529
0.32603045226189314
0.08961204997123372
0.1875103743753276
0.684981149511767
0.5846790020668959
0.38264560209065357
0.47007695432619345
0.48064604950422735
0.10693157529008493
0.057738321941937044
0.3319649893258909
0.17381193664870961
0.371623955117571
0.11397458504411673
1.6615715890528653
1.9706296441467497
1.0139315700551668
0.19826960899064422
1.2962774361297538
1.6411803561941716
0.04719291744573159
0.8338705842733164
0.42172096488491934
0.28144505469764286
0.49284660398999347
0.444617059145995
0.0463200930696103
0.40813515676065376
0.6305301643185403
0.6623271645815614
0.03544555326061062
1.1863161981458819
0.10426312864711054
0.2380067116559419
0.48922887874689047
0.1216940103169822
0.21049701123722298
1.0800725817966714
0.4297601089595341
0.058444436861097404
0.5098552414503256
1.3176483532712688
0.17214139647419854
0.5616973041806845
0.0687609764583983
0.23270710400733913
0.024581314355339577
0.387683601501825
0.5276156617743986
0.48945354977918604
0.20535942775623703
0.30220452883412885
0.4937256226387923
0.3003154744745091
0.26039606641934254
1.2217909680425099
0.6490973301684965
2.094058930008261
1.1462874210112035
0.04257491856784554
1.5757132954925468
1.7492646391014204
0.17031499502361658
0.7782379805695253
0.9138199423343681
0.1221921513444273
0.04274343097313829
2.1308485691219436
0.7080294306522276
0.008148962356662553
0.42706071402399415
0.04901877330959466
0.3541011518195988
0.5730917043162318
0.22177562066352052
0.3933002443156335
1.749306100833985
0.11174169687188941
0.08751866153721621
0.11712937774587129
0.3816478978031735
0.12379336419679869
2.9312168844162882
0.2427994020117053
0.21689431237182955
0.6353404266726458
0.12941640232957966
0.042083690189454195
1.0919847946712993
0.02821975748717071
0.17214993179488677
0.11786087027889809
0.2402782122965608
0.3030003189298535
2.032539847585434
0.11469071592667948
0.3954545767700232
0.42518226415272364
0.03174088073156644
0.6502342297264704
0.22960578843040774
0.4465994926967285
0.47164919455150406
0.7296354793250837
0.13799278044179122
0.22358458635995399
0.41076023814979373
0.19843822107484216
0.029776269001947075
0.4958488840852376
0.3546250180212583
0.4487622968475345
2.602973654302966
0.2534624324803083
0.4345879511345957
0.22601939266349452
0.0066687738757486
0.17239949428807838
2.359823941396582
0.07788440190602507
0.4501192858452367
1.13978243469317
0.5088370750588547
0.3091102323607764
0.31692689612674396
0.015699167444919778
0.2126015422755429
1.9466236705195719
0.243298536480025
0.1920185720835268
0.06012151709552064
0.8089838451213868
0.7716868276674037
1.356249438867711
0.26171535104177146
0.2829195533554635
1.975812054135485
0.2279085537562537
1.3783547468053672
0.5952713142613645
0.09411461977922804
0.07007161425645456
0.5797478992858429
0.5419224331006796
0.09218304946441458
1.2267295779834182
0.37482084391543474
0.00921967455893777
0.29579400221172114
0.009962885416606357
0.034160762340168335
1.6479468814240625
0.024356920223644732
0.06540754192337771
1.9830830395022698
1.2655794130614568
0.21094336192596522
0.09823447807009246
0.12996440964851677
0.0827429426138954
1.7684841861608203
0.17686965821847228
1.8285435981006708
2.312631671893568
0.14447171587809007
0.022540075735627597
2.0675267152137984
0.16388416759172703
0.3143808287254583
0.44917688567189606
0.27657967897551483
0.9674592871047822
0.18769044798900467
0.17547924663731396
0.23200735864877173
1.550888040676606
0.04432657311820839
0.3522246012649168
0.41852746761899484
0.7560320802537551
1.1155211673706777
0.12631692255850668
1.5355035794193297
0.3871025139039354
1.06528083057075
0.151603237328157
0.23505495267436216
1.2075678046414695
0.6111587534964725
0.46817949815845566
0.1956058016907904
0.2172299437856226
0.0006377270887205795
0.6213916136794142
1.0517949111930116
0.24607349733010733
0.04280215793040244
0.1455392538556638
0.1129566355105002
1.474794334456647
0.9220661388548648
0.06346813476986327
0.4725744522989079
1.432862048515945
1.221605668315596
0.6782376776115364
0.27489309476376794
0.5353195960065832
0.27141577736475736
0.40838753222593416
0.016374980683310045
1.1184398712592885
0.31162835118367016
0.28755492867647003
0.2355694043789207
0.623628230993786
0.4417656431957744
1.6763096388155991
0.8297532228645565
0.6118714358325232
0.8080329125076868
0.1705052791804087
1.0850203254674224
0.2567524216771474
1.5045524446588212
0.5616457447936519
1.3296100235090609
0.2542813166401722
0.1563118685965646
0.7402893952053617
0.1391915713216589
1.0738682660516508
0.12928129047166387
0.03595243676409061
0.7196861698347079
0.09827855093104229
0.08631501440238377
0.08075420359732384
1.0864182776715985
0.11382973594813285
0.5870683492068405
0.892970160612121
0.2997997738489279
0.47883227598956546
1.8670473832330845
0.21788408470357792
0.01656600806016892
2.5328044651048573
0.18246543145098085
0.28546131957000304
0.03205983194236436
1.8735556679310685
1.0336697149235177
0.8813650715402552
0.47781846439185804
0.29350089032493876
0.17685277819873285
0.037023389626883285
0.369517738723742
0.3148341398354335
0.036011208260533605
0.28618210738348115
2.0134945969817197
0.8477570745806875
0.189982414965525
1.0159430598068093
0.2789705430630966
0.21599814881489776
0.4688504006614437
0.4361879767184265
0.682784809337072
0.5782362793529113
0.2314575376981508
0.47350770398518954
0.2189650613814807
0.3683855881093885
0.6141415354853874
0.5177446774116963
0.0660675025860197
1.2035509467687913
0.6498322231514891
0.14913823197240272
0.16717895227125484
0.6044144412221619
0.37076129184912543
0.229890224185413
0.2113784161888088
0.17861769847638712
0.1473775114447545
0.6222640612269127
0.6921315169227916
0.21516428136715235
0.40293710830823554
1.121729248011889
0.7787422220647195
0.9202995409168883
1.2845427703438712
0.8095087529784384
0.36763105454423584
0.1477498673211127
0.05884811293159845
0.25018384935279137
0.5718581491877996
4.7556663200902545
1.6408720888035822
0.011896027381715088
0.34095245532279966
0.40500382038441474
0.2473529458473051
0.2155514761537251
2.5767699628537097
0.1415725288799641
1.0865828415079437
0.5032823803080831
0.2396741790148036
0.7836100393859341
0.4367573091365777
0.46343812764617714
1.0688286332601074
0.7200893766503246
1.0785885308833933
0.11557115768336257
0.13199110063513952
0.02641281999425988
0.12730975107018663
0.049632403244264114
0.20922410591303367
0.10524682998321634
1.899731726679447
0.20701544606019534
0.43236849393904203
1.1430487355953722
0.1363262039899434
0.698828688686007
1.0215763851538329
0.11310706270672125
0.13063455486856226
2.2649434838245712
0.333406562977212
0.21079963097920768
0.1842285539454602
0.3929156827164781
0.27273159922600354
1.42963420176924
0.1516190859136443
0.2366057539868728
1.0056945882601427
1.7901694495289664
1.254068284206683
1.0469326299485082
0.8234888151261531
1.5830520178947587
0.6556847077515212
0.15387425806456168
0.18993279600645196
0.8778117194662296
0.5830140144790669
0.16294069594748786
0.056915934668827335
0.16264871379375526
0.31765178704618907
0.8380326668904506
0.41288309399139445
0.5770761404981638
0.5523381117566539
0.006158513195661983
0.10983256507474282
0.5847308954474213
0.13438871032328284
0.13501352471272565
0.08954225872214316
0.14021677610323674
0.24230084579423206
0.5068656956683694
0.14351553822721874
0.727657960025371
2.0388361163017974
0.47326823823198527
0.4024678565045853
1.5964302784905748
0.24348067259918718
0.22629071671353243
0.4096228496522154
0.07756850117545878
0.20306049304110066
0.8255456966850361
0.34463337865262883
0.46612125772491053
2.657573397526871
0.6033297044093712
0.0707991098806043
0.1498649072248951
0.07343957639473779
0.4663771940368104
0.6602092377967143
0.5903742802560795
0.24144952327984098
1.599534447990293
0.2761275722170261
0.2836591038221549
0.6831356358033498
0.10907946614665898
0.2430556100075233
0.575734503155243
0.023375769020683404
0.6889996799390579
0.5080260468491091
0.49465589459916226
0.13540313314291758
1.4467285855251657
1.4790794098512212
0.8110317368092322
1.8603702914345357
0.19291908569824906
0.009130388343165555
0.8349339545504276
0.051404982158756975
0.2140417385484098
0.5125578818493604
0.05678162873190992
0.09814871358231789
0.9015106570602058
0.28760820042335
0.13866481659891752
0.14340787489344872
0.3158910766762335
0.4376661672872467
0.747328540570067
1.2983729696233468
0.3702040701508347
0.37045986367856565
0.3189692053811245
1.1181690625436993
1.1104371067347714
0.2952115446987421
1.101462936720391
0.1555997283289831
0.20793548606385281
0.08543459100858947
0.593633751571985
0.41246035346351206
0.2545744729446269
1.9426977523255524
1.0860944712605576
0.05953503452274606
0.8179206018991965
0.9759395827580959
1.6290028296427377
0.4646526604723501
0.42510084845427165
0.8016958999193303
0.4436913107740952
0.1519878430940287
0.2640929486213648
0.2558273500952649
0.9204187170799271
0.955176276398437
1.9341425182205338
0.2687756063961721
0.5238021437013446
0.47755120577768667
0.08188891756521934
0.15192841098008247
0.23665142029061345
0.36117985495668553
0.3632030722915205
1.0144299209968004
0.2431852354220702
0.9369901883962662
0.16726096192453532
0.023490198036762302
0.3614826931489874
1.7030961536648934
1.1137137456755455
0.7761836900831637
1.1742208119104152
0.0775424190089632
1.481265359117168
2.1563243816588407
0.10002689383123703
0.5024195133157932
0.6461345176546023
0.048818441723104795
0.09009240383943638
0.42044507936014136
0.23910807614536478
0.3237667660885289
0.49792871601551764
0.21988801272630748
0.026970965137554075
0.6176177452589554
0.10492119105125079
0.36363727158056064
1.2272596317441529
0.06774486063525266
0.2909649612866744
0.7623170972399075
0.10686509518614057
0.34828709651778117
1.484356894155966
0.05767577079731755
0.22028779262442802
0.3875873840757517
0.057929573619174085
1.235770164695914
0.12591054562128604
0.4647917265512741
0.3083653644178639
0.15296587601694506
0.47917233988132635
0.3948595159302042
0.3479750817548048
0.32847427913255856
0.8326315607294913
0.19357198702780581
0.8357965849931797
0.5504884554518301
0.7202681680184189
1.362455981260238
1.1364531079686109
0.8339244435385079
0.15655526445158563
1.3084203095958755
0.5002683221546623
0.5552265383094341
0.27392923011356446
0.4968074351502725
0.6728195921376805
0.5341988270054147
2.0784960015728107
0.7623441739047595
1.1658956527219493
0.28716075185143597
0.9390817726981834
0.4565913750349712
0.41889069414672536
0.03469558417441638
1.373202268399559
0.09099177616794446
0.3864440753483317
0.5507890746021127
0.3978024898060489
0.3213575286466258
0.00635353901957387
0.39546042614101073
1.0337142233673824
0.31828097878671285
0.5515761909809132
0.08213911181569211
0.04111634106385912
1.6533094295003603
0.12748705392093443
0.5067936296961356
0.6224965074650124
0.7978093603173209
0.38188928440289815
3.115416684768926
0.3014761858881439
1.106513106468045
0.26673303991779895
0.902994181886024
0.16117188147889425
0.403585985079613
0.46609736151300424
0.47860890818634294
1.9930549442010623
0.09953969168015254
0.19945323671944576
0.5645281917833452
0.11734256700933658
0.2798530791489349
1.316439916373515
2.509210604483242
0.1585064543630194
1.141276052300643
0.028987789774251316
0.5894053893334295
0.1429998635382288
0.32955999528476615
1.0539919785341412
0.21166638808555033
0.11826049374424312
0.8845204371513593
2.125639171501634
0.5480700677896218
0.5922524637712251
0.7117438554934299
0.053179229842429745
1.663491869921979
0.5317599273554667
0.2707425562729633
0.013863239970415983
4.192765516329419
0.8115691059190195
0.3297813472729455
0.1348521871676481
1.2213194152521807
0.02599221659588068
0.3448235165039389
0.08314649010914639
0.4395542019139132
2.6051287327803054
0.3419233941489364
0.24951699070483854
0.17562326950976245
0.41677726367728446
0.5752876526516243
0.3849193693081097
0.19308170807275435
0.2812357738234065
0.8789769210359321
0.12948127636744938
0.14522432919957007
0.37082694012395834
0.15461776859785514
0.24014306890847226
0.4540399109770524
0.6522580780572044
0.20618711477850585
0.38436192757801785
0.29588264995897245
0.1033614928991541
0.13251806709912603
0.8465370601380471
0.241952473467097
0.5203249419853933
0.18205499575752424
0.26241524923048
1.026659013455818
0.15477762136734438
0.11345744360162258
2.6712034586920272
0.09183818730477883
0.3660368949319836
0.12640676581253962
0.1657228244031413
0.17059303341462334
1.0095436265157682
0.5890017090386549
0.3829158297300203
1.499713389158953
0.39047868278087294
0.09968485292038537
0.19925044917560852
0.653624255370765
1.2732888631153458
0.16412838307977992
0.2321960973096116
0.5043484659855371
0.8988686572019983
0.17631046140164275
0.4267893411165768
0.13087477919079735
1.2322858858647439
1.4853419987105028
0.651452714371793
0.16032154232703058
0.11489553000765147
0.7349321173574122
0.05711567589268954
1.939066201902382
0.7444396312408229
0.13379995455839586
0.5058884054044535
1.2642071434691826
0.28694728752191695
0.4189140120141157
1.8063330919051321
0.7878136325501732
1.0485609627287151
0.09801283816687373
0.76046315331071
0.48789621343680695
0.8612598193090572
1.832301274066745
0.327067530652068
0.23588771749724036
0.1735130259579846
0.2558256355399192
0.48438462279455935
0.4162007428445371
1.0220577228377936
0.8673199864417227
0.8469739307280151
0.18685543100418495
0.5685692454811853
0.4169379693703057
0.05165071277744131
0.21198190547292894
0.02326256381438077
0.10193792033132716
1.947545515098866
0.34807659758230614
2.6768359069943783
0.07056693919685726
0.4005940165960058
0.34229773705528543
0.5854924205682592
0.5702921026229317
0.2664122715198147
0.8757751977935097
0.2602433709898184
2.502791543701736
0.4108014266732559
0.4086706360441141
0.9183725188514641
0.8036228920605538
0.30796786907246626
0.7709825975709096
1.6948457366446479
0.4411400917571418
0.2369233230902572
0.6092083068985015
0.7153762907263074
0.5942703478906133
1.2933508714780004
0.2077729299750636
0.21432718903885586
1.1974873880994763
0.4840634626482663
0.45336210529895543
0.015724970165005615
0.3037484682953353
0.06428540125666321
0.22980245077727343
0.35162970598216636
0.9092857437030462
0.29352787828630506
0.06201454776071026
0.03592601155080129
1.2252434101373106
0.42676062116937696
0.19429231457318172
1.1558123000819263
0.5431827707537736
0.6571884268522049
0.43156304337655566
0.08334813907200248
0.07683926470511943
2.164540390077832
1.3152041400884362
0.15868273877437764
0.21640883954907195
0.5041986968923592
0.14138163383583424
0.7149456325626734
0.11789284209111907
0.0674244170028841
0.4523492253062895
0.30344089504555394
0.12244057653541385
0.3705868489233998
0.25027111325931917
0.1557353946959757
0.1780653759804704
0.030931973228220413
0.06275670345041652
1.2527038925502494
0.15913660819764813
1.7367104997272576
0.259928375901043
0.3329012003687681
0.07628009106747617
0.3074467040593982
1.0449236319753223
0.35740138624290413
1.2444083542881679
0.07361278415669613
0.12282410388850257
0.43123589601322804
0.5745495437980153
0.42274185142696813
0.8032120955273085
0.9824427145554429
1.1589641383728617
1.2369388098202498
0.14530785680498187
1.2876421188281737
1.9354302885095584
0.3505103060204429
0.37953970481640553
0.2739624943395812
0.14082237922072338
0.2617114443104821
0.23269096519423196
0.18701235724748982
0.07479519263505664
0.5924971147791727
0.4799409899952253
0.2917393201812858
1.1547268670655415
0.9285708153364134
0.21423575935358935
2.29436464215406
0.6975533716611637
0.2346630653796053
0.34408530337439697
0.19708534350097465
0.12953910539000218
0.9243601504970113
0.24949801425343646
0.631602476399776
0.1150501365544746
0.19903185690454622
2.394394993912254
1.7842764930559856
0.9541399838109715
0.3532520950394786
0.06461796027092569
0.12389929264651442
0.012010363440703418
0.7798843592702105
0.5003417092160384
1.4960328088230443
0.7097660607562828
0.7958905870866487
0.5125257262205087
0.18852473209289203
0.35850596726601014
0.05515548467350526
0.1794920901031089
0.3010928356198094
0.08566960927702859
1.2713193406815404
0.32242409605266303
0.2666384692817453
1.6263516637421676
0.1728421398990043
0.2469638516706148
0.11148500388593428
1.8953366293649896
0.4312946997905115
0.5824331664205915
2.2499601317884794
1.6431678743541551
0.4985920556510371
0.027221307457833605
0.12006707246687975
1.15722022474775
2.0323202978596897
0.21859616761475253
2.200910196292594
0.3156602312076314
0.27963247173493355
0.5752670722641505
0.024694446373322163
0.2755991269951917
0.9325629246053789
0.13471716025345326
0.7824261413518271
0.4668477042518428
0.1918286876673628
0.09650301506045839
0.853017674992686
0.9000685030731888
0.524513452471872
0.7938601227983884
0.6573808622095015
0.07669747131086906
1.416104491121809
2.5798000439535853
0.7273338042617472
0.3434028712382596
0.17079443958975468
0.047156964386545826
0.984541303667421
0.8043844244304138
0.6560654909644281
1.0390132659364368
0.4725894101213441
0.6070924248914208
0.24667183035028953
0.1679412010048796
0.08130896808235054
1.245611391159904
0.3802993971146151
0.10980766463425636
1.2179833255281953
0.5828598714231631
0.1355105315156536
0.5692341094289396
0.24973372389951315
0.4487489845396159
0.8596520497153092
0.5371795979285914
0.8725389853638171
0.5743105736410844
0.4795799426482633
0.41662887623449
0.11269041698030882
0.31503977457479826
0.5116704482997342
0.31972861631137317
1.0619799031670996
0.21583898142788022
0.6598338624903715
0.7411088868039788
0.6831698526996833
1.032544236718751
0.3687972029294772
0.217634185381083
1.3142183640836116
0.31009993253510554
0.01195527848157769
0.5062486798157049
0.33440091927684185
0.039259759623454314
0.4846457751126185
0.3433439104731994
0.5605695524514321
3.042873098551553
0.7448275831930977
1.0351130880566421
0.7797393294947768
0.38192147875451365
0.2524019816323186
2.6049494209863227
1.0996098309762448
0.6376482780843205
1.369175688606401
0.16005986201711075
0.12571502392430223
0.37151041067409285
0.06700585397065671
1.216236887109577
0.16884677332994807
0.08611410775711249
0.17476300236023481
0.4132596503455439
0.18425643744598377
0.5881164101153868
0.20238775584135832
0.14432531116005926
0.40490712885318625
0.14311045642498693
0.19797486484078633
0.5083951877969503
0.3732328817207868
1.6440229866788258
1.6057754864636689
0.6764961163910453
0.5831219042140336
0.02567464201841136
0.540009820752617
0.15611777627698098
0.022230880573252846
2.866242572661453
0.14782746765629248
0.6337629700846874
0.926832437006396
0.053702194262430725
0.17343244107189845
1.5942644620022592
1.4912674575887759
0.13214266502741914
1.1730629147977039
0.0524243524327942
0.19808901127553782
1.1101170658928465
0.12319509424946339
0.6234501583672061
1.707411722106792
0.771843298989938
0.39140221507345896
1.057166390538433
0.2601622596501413
0.4478432399104949
1.2518042026622105
0.06915845575973803
0.10618661872429501
2.6673768463076004
1.1321837661496161
0.8981110234243508
2.158305309744482
0.0646634299267876
0.21645349104584835
0.457081689695649
0.07920202894974633
0.2711056966766692
0.611533683933328
0.014444972174164461
0.03336298098228649
0.6664391815282362
1.4078602905332476
1.2217809069242578
1.6202132534042282
0.7572392876917642
0.0962949248680915
0.49287099443935445
0.029876673807724075
0.033050965283768774
0.9575880207040623
0.5063262863563989
0.2225540658721782
2.68787173290095
2.539838480087225
0.39749315052826967
0.49647392731171425
0.5270352188090458
0.38395763600325683
0.32805854382034705
0.0934015199801234
0.03669690417500596
0.9501476531249845
0.4070682543085825
0.19628126004429738
0.6761963633945753
0.8718763517144696
0.7430658311313247
0.503858455902459
0.3283032426359545
0.041075070222991096
1.4220647653111713
0.26347614923747403
0.45244757730224494
1.6707110698516048
0.08930828647548994
0.1507477757598569
0.732580444937137
0.44267408699654276
0.20506649600889273
2.8295491829784667
0.5613669641808005
0.7015001073461199
0.9475099537311733
0.2766464797365054
0.1646033333543031
1.4833184010218186
0.49166715231422997
0.14695618002795627
0.26933645564125885
0.36154682010719963
0.16540748626048013
0.2209756759667905
0.6621734256447473
0.15678571294928279
1.2690563578137308
0.24362931656324607
0.023518814238454692
0.023488544830516652
0.05333780384167379
0.009306424607687895
1.0737301827288
0.059267897213001505
0.9906289472951867
0.5783076256414843
0.09302424011927737
0.13414163985017644
1.4170331193038987
0.9532360885108683
0.4951551550485821
0.7884401117310583
0.1601146782875961
0.5376669317936892
0.8452085544258415
0.2790863844825762
0.3789723968983838
0.682480358937194
0.793346511388908
0.8654210585597787
0.9334004446571157
0.6358513698335982
0.5569741838692397
0.4566934157233543
1.0758114322624335
1.4417042613874518
0.04282870229803548
0.4520898948526646
0.170320184333792
1.179636647392332
1.739273959535161
1.8092257771198992
1.0437447343007533
0.2991382029037028
0.535649491563259
0.027577226794036815
0.8904714231441355
0.17335451235837684
0.7742634391099551
1.03344132059096
0.1338920080164223
1.203199840338695
1.434976175429922
0.07420812188793828
1.0614534988780056
0.21635495351995612
0.32587833817436046
0.15248379786133268
0.17219559423752753
0.3639554526352793
0.6953289426542333
0.3177499153921787
0.22262957871809422
0.4080985214201235
0.23481043517802244
0.14958480709928423
0.7117726819296882
0.9921232293446329
0.8193007663877347
0.29592254543914465
0.1903040070352077
0.6333356397394752
0.47526993728723527
0.13941973810293784
0.12115741295975976
0.8032590740762353
0.3200441284558918
0.2822370427656373
0.6971499969764794
0.963753475862825
0.22802973410148894
0.8527263933158974
0.723894609113063
0.3630484741831962
0.23219548674451776
0.30529777778086187
0.16970157504177444
0.6424200622448751
1.10770616377212
2.2236380642563986
0.8170909733478209
1.8015680950251538
0.5582426825227496
1.3033332102129256
0.15472093915058066
0.34993742871176065
0.17541859872433696
0.002620328277898114
0.2987747210302725
0.375815289214353
1.8334445666592136
1.0980645611902533
0.3197716045324859
0.7208626072099656
0.3578098122278134
0.14091362355912476
0.15007039945762424
0.4172633741494154
0.3649687635578321
0.4434468237118045
0.18571766430597136
2.4700671825740006
1.4137791174003635
0.10468184481318787
3.616372476218282
0.7383515694470145
0.20929005376513
0.723679377218431
0.31677928414538825
0.21471748935219423
0.13470822127019155
0.09708006333631457
0.34749240185746866
1.3162579550018116
0.2960025167978752
0.4739679200898762
1.5472057185271861
0.1310613512209138
0.6080259411324236
0.5125804373149994
0.2703685426183714
0.3196916880876995
0.21204768895349507
0.16847621737767077
0.30493645263368035
1.0776355761324992
0.3725601458067513
0.6710118528018345
0.5272004843403465
1.2022844834768665
0.9682446830944718
1.048816235238421
0.0649606689300562
0.12650732251089797
1.0754177128682063
0.16315163107901814
0.08924668748096636
0.22230390227628444
0.2269613053379719
0.24060543986101923
0.026405992626682407
0.3807409983905657
0.28690034689319693
0.616150657079448
0.8765918217670607
0.6767448151220088
0.226971501936875
0.16353599378273617
0.08498391327131026
0.4366225419051751
0.19279956865925385
0.5196866027403139
0.7282719215617296
0.3931537112928958
0.21860050566653838
1.8006244556491735
0.3684425075913465
1.5764257810818016
0.5619381723667404
0.925101238109017
0.08749096626068008
0.4354166800385318
0.026749532705464357
0.3096508870703211
0.47732997654654846
0.08343546352654105
0.6494659770103041
1.490759443205089
0.475557914622126
0.5380590490701883
0.42774929893315705
1.7395275644240187
2.2405779137532678
0.2505246198231583
0.4975594231253942
0.031733389241035144
0.15236625765222703
0.9895891485619305
0.5735992852134798
0.8467761141295985
0.24686855444802014
0.343083428777665
0.391321787859099
0.4516858305607928
0.4747475894242068
0.5415441745354577
0.8841160715450603
0.702795889346539
0.388900136782342
2.6812069772347207
1.551152890482564
1.2818282216412997
0.13698326307268635
0.602027857914507
0.09643028460391155
0.07170078401012599
0.24553173274924994
0.5119841695000896
0.8677185223072779
0.570039326244262
0.7624756116366508
0.4585914837049632
0.02219822666732853
1.5933021453112057
0.7225096823744284
1.1868814699044425
0.567961440470899
0.1867756266676245
0.4229124517478838
0.9465510269497889
0.7898925783756343
0.0730185809074449
1.5373300052783323
0.039439372161494256
0.11267970317174696
0.8836735761010698
1.256859384743623
0.40149052778008754
0.13056405047994596
0.194363239597672
0.15655600743630693
2.1403480018708754
0.22237026173384258
0.20560950935206038
0.36709573240902327
0.037166363677199596
0.10421398473592722
0.868545934596093
0.08880013018269861
0.2359357644851667
0.2197565554243671
0.33338165245496615
0.2559514048320134
0.573826004694855
0.6747906399205358
1.1317727741960006
0.17089622111258207
0.31402896469662683
0.12464206393427316
0.20490110406357678
0.029431734213178115
0.02424882410648056
0.25277370817139927
0.22053663814024616
0.5474790175107815
0.3358685689872088
0.1194197925848945
1.250422724667381
0.3154559587850008
0.11682347468133183
0.3264681776937012
0.918732955962189
0.8138158170748955
0.6457213453533204
0.5381280962597037
1.1215337141115889
0.2324521216192245
0.4479185837982062
0.3297713422624546
0.28634456388982404
1.2101489697241754
0.19943888398461956
0.26096052082123394
0.12209440174013714
0.011515578578669841
0.1325562476362478
0.0841609974191147
1.4801246663866325
0.732931980636225
0.6186763496701438
0.849196931853493
0.6035979500157775
0.8756840351598346
0.3997421802168866
0.883721367933412
0.803069432340059
1.883427312395236
1.5554884705769103
0.25184424654342114
0.02380940080761221
0.2313801002341486
0.4508061591061423
0.08626980860107224
0.16995379944199443
0.4724512101239976
0.1530198856932242
0.07063389138918241
0.29072028200591493
0.715196412468195
0.05658594426015508
0.4953521718761985
0.11066851459164438
1.0777448850897702
0.5074836966299773
1.2335349594445473
1.4178071939205605
0.17371557863586617
1.2653314735834953
1.3666657105525257
0.8921053577526481
0.3391059678088966
0.07142851348882566
1.3248095043802515
0.10568687371912969
0.39497645360575967
0.9843423152215053
0.4015667160040288
0.8143188354398698
1.018517735926077
0.2930249431673284
0.16620927880148637
0.03407186052177415
0.16033932750570828
0.15873169495002618
0.5008285817115348
1.0229153744036712
0.7695636826057891
0.8144801158362063
0.033863452884855365
0.009288478593330873
1.4308082789623022
0.2667637936243487
0.08732330308376575
0.594286007759693
0.06740481690936022
0.2525125481741775
0.5435965370561999
0.12519583775760776
0.084876383105894
1.2026497649293955
0.2442845927912611
0.31403294253429775
2.5877939725861845
1.41364129181863
0.22762424796145297
0.060658243503346476
0.29358224655249565
0.13882713899931332
1.30344461814143
2.454138868926133
0.4897389860559495
0.7104014240772363
0.08394839634516685
0.6426622945215112
0.7307814643260705
0.37642956004348405
0.39198079050188606
0.5783291526793638
0.39497148869877075
0.10452769287636189
0.9656075385140829
0.29366917063972975
0.1088731437249876
0.5200183619809667
0.07259526105775721
0.07449748799063795
3.1188120587119696
1.3653428500246492
0.38979872760044804
0.7695149321079869
0.14010243423453883
0.4791354189945468
0.5999864378972402
0.6591374847151241
0.12958271844341507
1.1793718877272925
0.4276176943343015
0.2543482026157437
0.11153217633567247
1.1306326591299123
0.2855774750704662
0.4981005076670454
1.1169293883244276
0.5725690456720239
0.36054281575765895
0.5258049684374048
0.05602809787640513
0.9475679208975505
0.8658029525828093
0.05480602874061609
0.24481118889279058
0.6502638419205915
0.3946340069364364
0.5020188759869728
0.5243968972540891
0.03249829139611737
0.2539500730170591
0.08247038766470044
0.09793009808084009
1.2018379067290355
0.6698580597651915
0.5640555505408904
0.874366498972256
0.5095496786638801
0.22497458229145464
1.4832826054234325
0.7308737186725155
0.3020171108498963
0.5909333730106195
0.1116877705476351
0.06687165269056218
1.553746852362537
0.15357373964118032
0.5821766962272771
0.996014066596254
0.22028149299284708
1.4361124162110384
0.09812035590346167
0.019508900376482684
0.08554523169105355
1.3986663783481676
0.48046856279633376
0.9044364503412587
1.5064361395713335
1.1454984485363908
0.5615988297111353
1.0020215415147213
0.11654770304580148
0.28864244860789123
0.7939086051234983
0.11148451223968105
0.01820166546081005
0.14035669334946638
0.36046251532979773
0.6317366728078188
0.6628587154194371
0.10352200136413078
0.2876899435837577
1.0932550282850753
0.15550715482077754
0.6966829807278638
0.27211652006148496
0.5781830422089899
0.03599566653895713
0.8074873272593096
0.4395596918655039
0.017830291430684445
0.5953388068183781
1.3338975049193236
0.1629669388556077
0.42684871067152824
0.889012501407267
0.6836546230118802
0.9715337729668028
0.3259468638089898
0.021297299387151112
0.8964171847255485
0.20338181629082255
0.14494696867630444
0.14820667560944567
0.35124471670359214
0.3091010420444329
0.7214892705019433
0.14647213680921622
0.8686293848873037
0.1636096508047331
0.14233836714263218
1.0566832742754655
1.6184245374041981
0.08374040011004967
0.29034227375293437
0.7394791676583338
0.26185659254848526
0.6485081581166757
0.35081581195354783
0.03758455848883072
0.21076357951503075
2.4165226596502
0.22900290188907974
1.202872492820999
0.9767229587527566
1.0206376456726298
0.4133088582727041
0.16624359391277474
0.0602345052504724
0.03390499485370746
2.840116655547874
0.1829371298904655
0.207912252480139
0.36509753860961774
0.17672451214786003
0.5627122582333072
1.9191387466544738
0.08685557857435305
0.6987083136224602
0.6274298640115699
0.5624940309910488
0.6045750119797403
0.7507889547642213
0.6381858766881199
1.5043054150878348
0.16717254103217205
0.2490155987789155
0.02923578161917874
2.0772083785776054
0.14749413179107213
0.36043991651648205
0.6758527563202151
0.15415057218188472
0.06574080368404361
0.17847669376850853
0.02878631639244664
0.370400864530275
1.5123506042903618
0.21986954561396868
0.059293274131088286
0.12028347645430056
0.06386128455329511
0.038283135927207425
0.331983142920042
0.5690493598815811
0.13540187591633848
0.25941260162919605
0.5986196559271377
0.05158135405825824
0.47762020829237706
0.18965236752353656
0.04938615209464169
0.19816136116247055
0.2757704392289586
1.1488327200310486
0.5838131709006646
0.35016464022765126
0.08582620619044933
0.6497636682456478
0.16714139878894974
0.3058815761609331
0.6881193941347606
0.8290321341415775
1.6850607231880705
3.0490762440383556
0.8735431725689143
0.14865970561589492
1.3842826504778298
0.20407211357784785
1.427052460487527
0.7114594913479084
0.4036321755961369
2.4044541602746716
0.33144122587500946
0.6731226385577342
0.17986684256166025
1.0329291796628262
0.7178290136034525
0.18982653091419482
1.0995119437435672
0.21965841220781168
0.2486503717889638
0.4390043011915
0.8084654762749746
0.8494674134711028
0.1109945881127139
1.1541048449146423
0.4879821766827214
0.7172792590775887
0.3103630296650154
0.3372733662232699
0.22520135030047037
0.4204564426380719
0.5678409457771935
0.29096177305216725
0.16347704450277256
0.3629753479925702
1.2514594279071447
0.8977229977002399
0.046562746331373514
3.1589193211788382
0.3766710265069531
1.732278488367534
0.33593416230400835
0.017933206577777378
0.04334214691540308
0.12424114970209862
0.4070305775338304
0.5706992571547365
0.5174208185249972
0.7866528760295114
0.5483053188794444
0.7836295994251141
0.1322555616852337
0.45203567630178376
0.8982261015396085
0.7884056715364625
0.6836808176126907
0.804742766434449
0.2339225984544052
0.3833042359509489
0.9245938789204645
0.1296389844067962
0.25358941468416835
1.2127556962002493
0.8448063317727428
1.5336266844282878
0.6798980651888958
0.08158190231657576
0.5005413575916167
0.47299922624134744
0.32029762368555115
1.6315637392496103
1.3090357095054002
0.10616765495509786
0.22445748726771203
0.11207253864307401
0.1778793472644787
0.5761952741835815
0.16534735273041518
0.13656970580279404
0.11835745774055124
0.8211308301484215
1.8530580822922986
0.2300464995559424
0.059913080201610555
0.730833869120228
0.30530475230999865
0.9338860153395423
0.541183297477381
0.020997550225467544
0.4319270334753521
0.5878229889444727
0.2758503490667266
0.8408039565849527
0.3344205908004697
1.234843699464059
0.4876345321580854
0.5792576857562362
0.18114987495193993
0.4368506428828694
1.1598780134527455
0.3523129497743704
0.3956807158834153
0.11394449959010007
0.17662420722059757
1.0257727714409992
0.14240155833519288
1.262443609714284
0.09267320078716554
0.030370403504080573
0.3979186562384703
0.5381940835480793
0.3087918305412905
0.22948804889177535
0.6959544276863073
0.2367215098269933
0.13356725097518152
1.3223488074825132
0.7028867211457417
1.5511642345664216
0.9389969890691799
0.5616386262643497
0.952082775502998
0.42318925308336414
0.569684064494112
0.21816370955727915
0.19754451798097225
2.1989144065234916
1.0411261601440183
0.1182383248701974
0.48114838607800614
1.4534826181108813
2.9486623426627636
0.86304844932986
0.04119685518685205
0.9582784403592006
0.09154285547244528
0.21808445793463954
1.5427612939714601
0.1887329818333611
0.7881219482512232
1.5419567444933557
0.07306206454288845
0.499618879473365
0.9748597499456676
0.9397338171382785
0.2503570226147589
0.517801464311442
0.12569128370617416
0.39971195510754143
0.4195925953165899
0.012573948727184038
0.13897786504765575
0.13417164500034673
1.1038453189158641
1.2726524466024123
0.8090538913701113
0.19005933354606966
0.3817746485209032
1.0565150320206427
0.11301336567065962
1.1191774703562314
0.9038459836527766
0.23835533596196562
0.7913364054262969
1.6488420794696104
0.10955263051063098
0.3980508322851329
0.4220470687265647
0.7675879813652423
0.1765088581003481
0.41175678819477024
0.06061352845254663
0.11450199819377568
0.6388144202652123
0.5827722761284756
0.2298434767933651
0.49659720309485933
0.1550204209862037
0.17573079473398295
0.04070307373386657
0.8802719918543659
0.4600259853793776
1.204565980179127
0.5234304730651557
0.003946640736662965
0.077710846522291
0.7854558511031321
0.5182442346359916
0.9218888689061006
0.09425488513385874
0.06416969654190172
0.4051224145533515
0.6179219432762764
1.2542556523095096
0.3085861468674163
0.8547810058569986
0.8462389669189198
0.026867349167711985
0.47799338854026824
0.4682265854079695
1.303143727790605
0.24094847496031466
0.08880257821746902
0.6750824525490398
0.009347274397251935
0.41934309217416593
0.004209119677473982
0.28775815636219887
0.4189906862751946
1.5627106621652238
0.16823945784747485
0.5886653776318836
1.7444026216708297
0.3939229292161493
1.4131639165861676
0.026439408563258535
0.15393658227185952
0.302315251862347
0.3112399383641564
0.028005712330184496
0.08469398349320292
1.416877172539673
0.5883466876131349
0.10859046443293836
0.21619105926232438
0.4737484441669313
0.392250518921679
0.4902276335953681
1.1042872392822243
0.10342448924286189
1.2769331653463423
0.07031981096085413
0.9615512486053653
0.30057775412809573
1.1603289349646944
0.24335166372315248
0.17343101224147983
0.034706730477254207
0.018536536007310495
1.9620222115515566
0.2891820398005302
0.39955061154059307
0.09155229028778492
0.3154452768409412
1.030486313368323
1.3356872611878197
0.5256383039732045
0.25431524872304995
1.285608918199398
0.4418943244651293
0.6917912338732942
1.7706314255950761
1.0914229031027662
0.8460454144249734
0.13697996900238113
0.2694206287824067
0.4617152316856408
1.6745694555813022
0.13552606683855103
0.24881144342265613
0.0961950369529038
1.722742510085807
0.3051155247765633
2.000424429114292
0.4265971739946436
0.19138494846468737
0.11323843494149077
0.08427998581971614
0.17205494007838232
1.834646294143181
0.20228855971867185
0.18185997708812543
0.8049687519607093
0.35551699519112817
0.8070325802190326
0.595646825544466
0.5983491699061192
0.14865622048521215
1.6565481135177482
0.16948683690455016
0.7294651264935345
0.331570351180253
0.10333364232575808
0.24539895511883555
0.23216002386542323
0.021478000181185803
2.047367391408089
0.13078316513626803
0.18177150237902973
0.8338327115600241
0.46442518655285764
0.28988112749510897
0.39098015296342603
0.31054587341753215
0.8288340343607462
0.4234529946894689
0.4307515365400778
1.7118814085961
0.25491195603354394
0.8501532783765402
0.9121011328763715
1.095742896186084
0.4339306761857181
0.19596520241256196
0.033796651392390936
0.21886483595432746
0.23382280105962325
0.6110267029196671
0.6186624104395025
0.22316375263987112
0.48956572855202773
0.8628472503979142
0.15845737743884813
0.47537256559991575
0.38824422500760297
0.31554905281782797
0.18699702457537937
1.1097056858005578
0.5370696965763065
0.3720918935031334
0.29396822250905774
0.17124805529605677
0.20562628630039143
0.36183249536254924
0.06911231639268293
0.10919866645086648
1.137242343750152
0.31705944237541317
0.2694392788293373
0.6040301981751994
0.05327433986367442
1.1288398029631046
0.1941783485953207
0.31093729431444955
0.2807203972947527
0.6409510045370213
1.511053591987168
0.14175556830324773
0.17940358716666951
0.5203500115668823
0.6382929811027503
0.1076003189533588
0.30263603348568413
0.208061930898854
1.2765491786225576
0.5911666004446325
0.27896334176289556
1.6394328777937184
0.451768434590106
2.1450624100247744
0.45163177191961335
0.02214806555369311
0.07017457135570035
0.15475328130567356
0.2100167865360011
1.621706056343948
1.8403138163833122
0.04970277142967486
0.0542199616805914
0.22401244955852853
1.129259689163536
2.2657668287319543
0.14616776815440366
0.2576461438011506
0.40940059876827206
0.20880761644668414
0.14927799946585618
0.9613070183105596
1.8193050742904502
0.7012523829794973
0.5597387957843658
0.5047673144005499
1.627847744441718
0.1531060952445615
0.08489684709070922
0.4622551242616041
0.29111574611777125
1.047112741158259
0.7792453024173736
0.4152166107053751
0.3625793070255397
0.3868479326264544
0.9521441874627896
0.291612935996788
0.37642732158191305
0.2872067356070113
1.346212899775263
0.13156564854776973
0.48611819959973157
0.17866784429007773
0.8109809239246425
0.10207235319422449
0.5357974801642637
0.09194716756348864
0.4246887492086056
1.1812786310344403
0.9320356882738183
1.0754948193192322
0.0271293428107669
0.43991162548250357
0.20901558441829082
0.586897161656167
0.32136608985208587
0.08859240773195468
0.17168235867860418
0.24888573811885775
0.07900397073563001
1.992295585546664
0.1561456448658924
0.1138958391759606
1.5909267282656838
