0.29884693086956504
0.26422653382599254
1.7352203599886264
1.5143795635017543
1.0538778798805006
0.7147952399901066
0.04315082250818129
0.041033482806468895
0.061444917322142
0.011083879644467947
0.15915767124014896
0.3298529134533905
2.206117636248121
0.3808426577549855
0.8042036701205291
0.8837719267755874
0.3656660239191327
0.17114689211762218
1.19059698263979
0.4292080521361757
0.02828499561292717
0.346487474654056
0.35266877323872525
0.11021326757576307
0.8217328762909505
0.716304507303922
0.3116782715097547
0.19555212364348226
0.7190979347872374
0.9275826699626831
1.1602961141296815
0.7054999777731035
0.6201599385750406
1.119088975838662
0.12346848155471384
0.6112010166424203
0.2922890006484871
0.05455029049516662
1.3599510597854034
0.052816644305714415
0.047872106921978026
1.4482823369454356
0.19236009295713338
0.030531365310652078
0.01680990344378618
2.0639015386675137
1.1911436727450315
0.07029844687106256
1.0143669673096436
0.6324124070793626
0.5788427093647999
1.6976596743550014
0.13403273006432342
1.3959304337325305
0.4962543974789174
0.4824720518523628
0.784655537406872
0.4422825543465819
2.743817884076913
0.32891739620894084
0.35913005316951896
0.17949006752318392
0.05797472704703753
1.6742685084926694
0.37110389156671075
0.6866669546317975
0.9089397670854064
2.292831785296786
0.006623798448818523
0.20147138464914524
0.031120736616929344
0.22173447030592378
0.8869130382724949
0.7218191912094964
0.4000769811314631
3.131403981197659
0.5877303070880194
0.42914209023814426
0.127908612222755
1.1763823420925683
0.03866360864154707
1.0130946998223986
0.025205759189997307
0.266469221757876
1.3779314130809677
0.6896053812109544
0.9055212085676532
0.7071873972600664
0.21552831199350717
2.1694051573345874
2.1474357756181863
1.962941332269603
0.6851725439472888
1.703481360869397
0.7403454568691135
0.026729438135721827
0.2363351187859264
0.1553765689783921
0.30345214318997665
0.37394462743064977
0.012207544028278847
0.07405061616106048
1.0353407395528766
0.19580478077724342
0.39193422918874093
1.0780475549468
0.5060874919598873
0.41511201501953904
1.3327193090312819
0.3816032895192603
0.31902554911585995
0.7900946185673092
0.01673966517854362
0.5490395137001295
0.869977055870787
0.23148575550560446
0.24531296033088185
0.4525535719738645
0.06286261032306699
0.39005859676506105
1.6479464016541059
0.0754728476203073
0.9287331601144617
1.4409532900621733
0.6509117272783018
1.0415221447602503
1.1012560136361138
0.11693027296623942
0.12061533706891037
0.07338292975432806
0.9713287308770002
0.05795272275763674
1.0692652341972466
0.19385771950019468
0.44102971560463367
0.32564251726454574
0.013731327769550772
0.04292905022430271
0.37517933853703084
0.8417338228113822
0.04858258976184046
1.257489686780936
0.16140586552505276
0.21776973438154745
0.06755201677090279
0.20031235503699107
0.06246571512555958
0.7132316263614417
0.07157907435013729
0.1595515756619067
1.0036376650039842
0.12427680364867018
0.17119463619142025
0.4039710921900489
0.6455989105849917
0.8273502359140337
0.46804075689267705
0.4020387467912812
1.1957274394321264
1.7915119745164119
0.12830380666734312
0.18279780757631803
1.2046345460050984
1.267186279771791
0.34543886568969934
0.6245504646912519
0.14479332880213427
0.26348105478516676
1.3139138104084473
0.3098975128695141
0.7747560192009466
0.1891391395521489
0.09873227344866159
0.03260861939050938
0.15441010072436293
0.3095807741779307
0.7680240630148407
1.6906012705199904
0.30898541368632726
0.4698831221916415
1.0780911942829068
0.07304342584738321
0.09709643590296611
0.6169228214970526
0.808665052475578
0.9358225037256923
0.6087125216909856
0.5708931795619562
0.09957904289212223
0.7028070107616174
0.38172155807666713
0.3003108881371174
0.11931935540719828
0.6084141589855045
0.46317241263664555
0.7279822485072734
0.07741568077499825
0.35483393073830216
2.0836470837071492
0.9092795489012608
0.16113148265247126
1.475876380552689
0.18340621790206874
0.373922522736192
0.26941687036929457
0.5182198003199027
0.5182137739500506
1.2060032055627448
0.5509490555215811
0.7534477056699133
0.19339900127435936
0.3265127697802116
0.5514763434207763
1.3957978642716307
1.1764640050582822
0.6035788232717102
1.281214766888093
0.11996662274890972
0.3037662992409085
0.22579717927697932
0.23448106474399744
0.24407519410778128
0.9003204172266127
0.8044509653054356
0.47310457614256785
0.5927141223411534
0.3751177822078557
0.12592023809908007
0.3565024289581787
0.2827824679945355
0.08101639983479572
0.3120202562433099
0.9078153581372861
0.3330570749468385
0.10978895167321938
0.08266531538326757
0.08517998059940972
0.17020472574611406
0.02293973736571115
0.028028008810715103
0.7400342031974991
0.30778285196470395
0.1986868561044551
0.5867204608869575
0.03878141751770501
0.033308252942999446
1.1721781773204327
0.6590738927916939
0.3513144840807404
2.1309475956391757
0.26855374295270174
1.1192212731762552
0.05922248766330366
0.0994746954178224
1.9152161071922378
1.2021687809758865
0.6329696839693872
0.41923690598509417
0.6008583129394854
1.1368035710662767
0.48434427021942833
1.1560748991574774
0.3783804848323965
0.24562084618945673
1.6765166407641794
0.3833598431696823
0.049860953956821885
0.30746908178215526
1.6567726629954105
0.39428974081564094
0.34361298214181096
0.05804250774069187
0.09400051619105726
0.4974732314485402
0.6843763579869607
0.08690954254092631
0.6110455391075728
0.1928793801718914
1.5272362827775334
2.0747007717882187
0.1406707314436296
0.2730812577470123
2.4989947731241156
0.09343064122509434
0.4729974373601696
0.23862563724176314
0.5559844491555581
0.6220101171853011
1.0681469644055588
1.4675762529809497
0.19009351758332937
0.6080628144350578
0.07481929059022896
1.676733246295304
0.7528458473929847
0.5890251380018168
0.8253772161633993
2.702481804310481
0.7666740089051254
0.2643134103804279
1.7293671336958496
0.2301758845388775
0.08806345853214469
0.5147069558826761
0.33608957975558845
0.6760715748313423
1.6195746304267051
0.23132808378893524
0.3800648170220122
0.4724684187407415
0.28234155260592764
0.05674808527183466
1.184348223838131
0.48594164678044177
0.5637666922043687
0.3945254711374029
2.2306708244356517
2.2195596509149293
0.2415762324294263
0.8745032986992621
0.457224831468404
1.6532080641020266
0.09789305493793618
0.22290295876629537
1.2053072042161048
0.15223009038975063
0.23635418758680143
0.9796410030252133
0.4552719686897485
0.5515131468601403
1.9172928179860442
1.1518204648809767
0.5379005148004139
1.8866384459767798
0.5756408138649229
0.3003281705230593
0.9555148143041899
0.37443648513872047
0.18485888254173377
0.5704193911374013
0.08462802767209046
0.09497205343020476
1.138634570090875
0.1971215142774331
0.7329648652418851
0.9307843352094638
0.29523775315366263
0.581541184650835
2.091039721555916
0.3383261553717027
0.7830236611001735
0.5032652774940874
0.24336202914920785
0.35977112089276303
0.47814696760999814
0.06961917695330828
0.6096049039641375
1.486610152343374
0.22576387026930708
0.4316463391955707
0.8399249956609899
0.6641347390047873
0.0629498744188262
0.6708381829327107
0.0342200348547499
1.425381519976103
0.7248888950232838
0.20333163495901907
0.30498974510821963
0.5193071284195265
0.24939208799775384
0.060836719436057986
0.9065492380637346
1.8267053834864446
0.66156700280438
0.31630236436671355
0.342132386267238
0.07171947930202809
4.524333340182868
0.6123957564294916
0.9362432703064636
0.3411878899974799
0.07803368696512301
0.8345633464593664
0.22744885103440257
0.16797171909821887
0.197280050556428
0.6395388183211639
0.21406626308388685
0.1026317652636935
0.17792951780472158
0.9937943723842912
0.912746167427035
1.105572696374849
1.1794370238362089
0.9380639147075761
0.8762926521515574
0.6174592449836642
0.09263465888266767
1.1059017590659872
0.396950285794123
0.12062385650107456
0.37072613185874054
0.883743240206497
0.19789276737160846
0.3771981713715218
3.0810275788537207
0.04781177381947067
1.2461100475179
0.26432996716710605
0.7639063718571142
2.808146752479071
1.2170130839813662
0.7133344866965284
0.4349020196317888
0.8694281310993094
0.6577438457868443
1.0244869873398965
0.7957642028662181
0.04620790135707494
2.359781939007428
0.763903731581076
0.5355233942889117
0.8363911587089533
0.12881025630023676
0.2737229767837343
0.44251497064644163
0.0655811460352129
0.13761969034459567
0.43257252024501225
0.0353313535118174
1.0615855571298982
1.7447799010106815
1.46590732160545
0.13801709093711645
0.11236828021565924
0.19287369716110195
0.09477231005124963
0.8172369139611323
0.21120965490602406
0.478389335883171
0.22790812029335544
0.3530277118981934
0.23851931792691267
1.4854386888414215
0.20493510808372403
0.6082423354220008
0.22687594706390649
0.702791004349052
0.5039595684493846
0.02360448562672931
0.02765350833908909
0.4290777178743703
1.5600542482768818
0.029381437056725825
1.283397073805804
0.56069724345119
0.29880245159327934
0.645660879298043
0.2911099533057706
0.01749397326399497
0.07852839362258837
0.3547481121759685
0.1520907194223011
0.9341535617493526
0.6302862861070779
0.5415691380597885
0.09832330823455264
1.3060689482670036
0.8503062621167977
0.9087486264680048
0.3665422816052755
2.2237916718098414
0.946898464190857
1.1691423391821771
0.9962116166643286
0.861414200335076
0.1461200677038482
0.575889215353761
0.8383869856984829
3.1686663452021264
1.0791304463392126
0.14940838693905154
1.353788084771772
1.4303115376079036
0.49560450441577075
0.4581389273751369
0.07976064021056505
0.7070156050403795
0.39438881293889244
1.287487472683192
0.4220197100149474
0.5341086111094997
0.5717004266824961
0.4175178684728068
0.29604974837981135
0.09258933502413882
0.6592992385596509
0.3596903360661439
0.2815033024233653
0.18462023685515264
0.8747888229284412
0.1995631771210734
0.04806840444794283
0.9557687580928576
0.16250932584523367
0.18299013106177947
0.7162918646598654
0.4404064095591705
0.0639935388619629
0.3746206331708104
0.19171200297506372
0.17010774959312075
0.6087963171835724
0.17480631223272164
0.7724090053747019
0.6329389540297798
0.3764335299817388
0.277442062840181
0.5107742514125934
0.13115726207619094
0.23872583948343068
0.5286812439846723
0.1817253057730556
1.2976872846432619
0.639150089326839
0.8208722607637919
2.0033341333502723
0.9057169641595988
0.5284958078972627
0.5858988688258308
0.5051427481219667
0.04446861912100964
0.16999315485201638
0.37743523313824734
0.1664300963163209
0.07577675202532774
0.27361290581256487
0.19905599143062266
0.12875475598073347
0.4934801419077993
1.9328876313568788
0.6496274421473547
1.2703274392055857
0.5568848574389086
0.3028896520027492
0.14620269105025419
1.2177507709085982
0.12363514610836887
1.5359997408795683
0.41982144309851444
0.21113752167472782
1.7872593620731596
0.24675250585457437
1.4108353894348171
1.5626333351913952
0.8984047722075393
0.1723955127629146
0.9662080373608065
0.9704895255415797
0.3873174037687681
0.8735459299161188
0.748423651315175
0.022086924910315033
0.28457242983300607
0.4302090825280322
0.2567291801567662
1.578972489021049
2.569342416424917
0.19561469448120214
0.32335417528226584
0.2013107677336506
0.762390660267045
3.512664888681708
0.470050943630483
1.5721045055149787
0.7959572667527389
1.673264659508485
1.1181265761502939
0.5203592474507392
0.3552709585019362
0.3703829977324258
1.0222179812653063
0.3813835914002803
0.09565149800219334
0.58443859311675
0.2985970199520609
0.029047944966881095
0.23348117771010482
0.049139622015644105
1.0507456139740516
1.4046800538336004
0.49065855095124966
1.221950526227277
0.43094543912089545
0.04249761502789577
0.06482564160623937
1.4854010129076398
0.0901719593653943
0.9410309372810061
0.2591633972182789
1.0621957916611164
0.9660384733418902
1.1732332402676064
0.0685252197360718
0.08973354774212437
0.5453706973317618
0.38710788208659364
0.7723187888396302
0.7449099445399556
0.6541452713855623
0.2104840846163841
1.5922803921873747
0.023540391376583446
0.39383999542023546
0.158714657170789
1.8569619510504105
2.258253900023822
2.453318839412925
0.5375283547664675
0.6482823571352069
0.39636351323164604
0.11658594521719103
0.9041379722424402
1.3797246306521884
0.1645502598170975
0.4622872376139902
0.4619025326304485
0.7935286124719424
0.3565951381509599
0.7359780052376189
0.08320596171637125
0.08288019836571017
1.1412279997363004
0.22826151200175315
0.45375219857531834
0.9753857982322671
0.1088727529655389
1.0810295553812364
2.20060033849416
0.243460053408141
0.3720741164429044
0.5662030062854707
0.06743199284989607
0.08718960573668597
0.6785509765448822
0.17612756438945562
0.16546330774329365
2.1635294471943047
0.09135673604285224
0.27805837744038325
2.3675311979816542
0.2206168250222546
2.165402523606262
1.6332874143443306
0.19791751704731408
0.1438986172554676
0.29230910140865884
0.10541375272227516
0.12627377374419813
0.2722667268312932
0.09493084608012
0.25461046318120456
0.6975465316717404
1.1290224182072726
0.2418858683504152
0.21013810360410234
0.7930030227557018
0.6790200867315028
1.7776954104767482
0.18763484949704684
0.047644565792076383
0.22577353289538396
0.5477015515914914
0.622609990075718
1.0719140093183084
0.12234809832915432
1.0576895793705061
0.608328530383109
0.22344965977183334
0.21902654526391982
0.18916380564304036
0.23216729017430504
0.16461831468850416
0.753901797013651
0.04969309813612297
0.4346946287096188
0.8738125312835927
0.31062006933480996
0.03590927412807402
1.5946630672740965
0.18301987963806113
0.2324480847051841
0.669098244389754
0.7902045561737053
0.4618669880311035
0.20243261534527252
0.05214198649701474
0.4374128116665357
1.0585522117084623
0.26390455406099517
0.7495694552451404
2.07623316645462
0.7477913435330037
0.7197395018251563
2.130841115115353
1.9998436152346417
1.2347529785157219
0.6130956705849998
0.37711505723829136
0.23474966374482162
1.2558755713320062
0.417903417694798
1.1608542042160175
1.7737988262159536
0.02316032989957548
0.8872897590395507
0.22306090741246123
0.40637686668860445
0.40098879996607045
2.3600735772976553
0.019863513403105743
0.026362761132617284
0.3971286801093934
0.3324472668225388
0.24599450068955395
1.2666405351054086
0.7657547301507955
0.7145636923097277
0.8499390832072665
1.1448273377527396
0.4671392782842619
0.3643383365182822
1.855949125521646
0.10226120736264376
1.1745497805024763
0.14520074124098367
0.3007239643855204
0.0005987604752909337
0.05705971049927782
0.9901528690627305
0.7166077485621155
0.5791823589330634
1.337086051168698
0.09896142790642697
0.28462144341253975
0.35116509701859944
0.8378845878168607
0.30432618206796563
0.5751903597263797
2.164620131575285
1.4220370197069983
0.2536531778986262
0.1803132549054401
0.7735635577076722
0.76847950638484
0.09998699032831448
0.2522656502899401
0.019327567714632836
1.444365181659944
0.4718563086812647
0.7246623550811483
0.044518601054842795
0.28289378846038876
0.4478727180242902
0.0661503076264258
0.24291350095232997
0.31773747317606404
0.4825242137150204
0.4118569415718902
0.5271178671691771
0.9512127308680989
0.5199281315055955
1.006778538275
0.5727808976101587
0.0415624628553596
2.4415218316098644
0.5588837360893527
2.9985471379136945
0.9448168086538954
1.474415043020163
0.3729816353454667
0.5468293884536976
1.1244039898588727
0.07677447169761746
0.43997490750631685
1.361587566155009
0.8164068535282302
1.088076611087876
1.087453131203148
0.3372185473082393
0.5342814792651484
0.054795307914363774
1.4537419526361381
0.2838002228190269
0.052728211695864155
0.027073668443473572
0.03756975616244488
2.8394389344543027
0.2934907379972689
0.16711641819641332
0.6223318207582518
0.6036586340482304
1.2049757287243432
0.5922673441570941
0.028170111833755212
0.17656422699055474
0.21430996787129655
0.3638109856558033
0.30338473903009766
0.6822704087119924
0.3399248026149155
2.854669945272011
0.4768495523965584
0.05294483084456265
0.24528486900679702
0.9695295243886085
0.1488023831437403
2.508787075006138
0.7611011002569771
2.2441601321963227
0.16391269870058
0.39922552911994824
0.21502482170414697
0.057041577695495546
0.6891053541982015
0.32214138233388107
0.4851074124851325
0.8601567245471134
0.10709465743763846
0.3943313115005917
0.04611802207500905
0.028875038877354466
0.05711148415980225
0.5703776686621669
0.18562710264757606
0.44452328922492707
1.9411025796046617
0.4069125293838651
0.3578732395048443
1.0102414676710294
0.5637088816136979
0.7333146287664721
0.5394905942695404
1.174310662294058
0.3829188931869254
0.08151013124898726
0.22728294814905303
0.154228584178058
1.8315219385395423
0.8012470962063709
0.6548410749678635
1.3164332318889487
0.1419579891362904
0.24544836177372684
2.128583999246998
0.0662044293546202
0.08160463363557487
0.44238205289226196
0.5040609078715015
0.2729764745220004
1.4021858680982735
0.08541294954678795
0.06702997948804272
0.7111023422919525
1.3394274391697367
0.94152515536125
1.2429003940804384
1.9827761771254289
0.10747086043215857
0.9270204296130853
0.22792255382905371
0.09167190142077941
0.22307040031448325
0.05458117778594705
0.3306986244589345
0.5179921106616268
0.2906411902493673
0.1285389047769116
0.8040626351575805
0.18307769461407844
0.19326613241223767
0.8312186841744243
0.029501343547046813
0.3308577609140162
1.351369421689053
0.7232608084269238
0.428160226247435
0.07606770449414967
0.15219305449875617
0.24451617867683256
0.39695433484359566
0.7806088925802417
1.2489964435970087
2.282734654603688
0.15593902226456363
1.5410913051641986
0.1819242539943654
2.291453817946956
0.04341420865278487
0.365090231606767
1.0553794048209515
0.1595040339735672
1.1075263013569256
1.348367880478442
0.17615255301849445
1.3436669333125386
0.18089258306755518
0.3917080572090092
0.9129035658420087
0.21044979052396776
0.11406073928648255
0.3823197468215907
0.030941159881638917
0.07115132258093232
0.07460124313902418
0.052251160803002746
0.06347476677163039
0.5692483679111316
0.5564368077659847
0.5596335156289746
0.382135330733315
0.5768203402422694
1.5941401449022579
0.4268780463098571
0.7815811597262444
0.14571935829307736
0.4307985143145323
0.13916899535631624
2.6421825967992745
0.2516229444481511
0.06622076004325494
0.0713519685908035
0.7191141678069232
0.5912210842135067
0.29212206672908597
0.7370333297023856
0.18977087463088302
0.21088307195575298
0.40825404155095146
0.046035060332237546
0.5455040890270302
0.10905386011874679
0.03528569821918772
0.07511441129617986
0.3154573247168802
0.2748315221090841
0.044114489092339546
0.647861281248188
0.4327944693668074
0.0897029105697429
0.3075515651627449
0.24465295391022493
0.07572414590373558
0.14920129785201464
0.32696984380109656
0.011476755021509204
0.39464172662181657
0.13497813429760347
0.011061373143897619
0.5646441859922153
0.28334042381382885
0.1054242233835558
0.34604469982440766
0.32663814044261946
0.31086056837970394
0.2496076221673862
0.19620542377357378
0.04103118361303712
0.6184707020034743
0.13762862988630528
0.20731081639605678
1.699425316506823
0.7810222185207315
0.31032041518545495
0.6369121385967815
0.14428424451059724
0.16677486079309584
1.3197231817520287
0.08602523814743483
0.14285911888167152
0.5105226325112007
0.17692241125480537
0.21962307594394972
2.7738391982702213
1.940786497085743
0.9864227852973457
0.3330772659665735
0.041999527139630205
0.1070864304567196
1.3418474746175078
0.02221911704312322
0.4024693431774092
2.419126406081263
0.8690241981976979
1.1349610601431501
0.8722336150237691
0.17685336009766675
0.41196484260646005
0.7950278445077262
1.3123846715484755
0.7800196923469435
0.05492859219430922
0.8084095273634988
1.895120811481864
1.381851788066782
0.15294608866192969
0.35065835838819437
0.6577894611933167
0.23714427274093633
0.1630733034472993
1.3205532467614591
0.4067558073041415
0.16886625756676707
1.209509652521915
0.20599049112165937
0.09398134846555659
0.6215918712977839
0.8995013142653223
0.20012709278022076
0.3684073679016158
0.2731646983700625
0.2357021206287566
0.18124127540557483
0.24266814975835707
0.3111663411171825
0.4078353979909663
0.2442109601834698
0.22904948405508097
0.8349560552560431
0.03398241515329018
0.32104929577824265
0.869165067687159
0.29694722698265213
1.1079579541625615
2.499849490480462
0.8846405031699155
0.2649692346194106
1.192967058349445
0.2985429974991596
0.14174017837902472
1.0383907112143835
0.15570975073181767
0.28543117108337107
0.3775173425276886
0.6267606188800595
0.023915485069566735
0.37150042769750924
0.10288027069021363
1.332239038601615
1.1625304807877792
0.018311673487000715
0.09078973656618937
0.5216540095852016
1.2297253467197566
0.021189627652839174
0.3890405623257836
1.0898349877494014
2.1599575212208433
0.39108228630513053
0.04206296347857584
0.5558081036100541
1.8593937731817347
1.5345837527466821
1.3887929191139845
1.3638593145630031
0.1765825145664882
1.1477438689157233
0.46562879620385406
0.17967750871133925
0.18181573304085386
1.3276252086610676
0.41242013679132444
0.18848034346951428
0.5646599951399006
0.3684542989547213
0.9234486229618649
0.8107363932827328
0.4175409273234869
0.18067673914305352
0.4096451748285826
0.05567673968468651
0.8922359539295186
2.307093201383605
0.20556518062036364
0.021172468457739287
1.0373709064518322
0.19277905394911224
0.11734862054015806
0.7590014219653749
0.5312897774806046
0.73484216845192
1.5526373506458753
0.34264067389303776
0.32061027610659015
1.2477416165403392
0.4353317835237636
0.04298720756381451
1.2627209442814165
1.1440912115196384
0.07492517002364499
0.8206849042696149
0.644084050372842
0.15980571005584626
0.9001109393025092
0.18230312837465368
0.6980192113362927
0.1575757035409279
0.4379831969030093
1.0127908269354087
0.6470945907917264
0.2766241069926043
0.18727979039475343
0.6568065583970064
0.016657543891123963
1.4204385098771457
0.3352795683476666
0.023802582604616096
0.1262341616595472
0.4808891429317746
0.07011680640211904
0.1786187730168339
0.9407129455213579
0.2240794256259653
0.2649056233255081
0.504898867118687
0.11300227675693325
0.2844227429219604
0.2993343451824039
0.9300061171878494
0.2497194191400623
0.26966226509449687
0.16162035958894136
0.956412219806141
0.5061380224735503
0.718109222139482
0.204370716418544
1.824030959598853
0.4109265586324901
0.42090102875031066
0.13718546791138997
0.27373633376063283
0.31188221537982624
0.7477528562095425
0.8813202007456895
0.8680273643509205
0.0935849843610051
0.22068994986642965
0.9236587828507709
0.7879867037050576
0.5151547223001147
0.04979805931576152
0.34376526718191075
0.2328550582599668
0.15296351111738044
0.48746166508234096
0.00339431496657865
0.21641544742828164
1.470380232188527
0.6827915335648137
0.12667068305276669
0.676087831847656
0.08453648398447756
0.33137377383332906
0.3961081987004414
0.8853018438211486
0.02685759949342136
0.5035644020548732
0.15371878771486713
0.153670861760151
0.10428085457994493
0.26110934778328065
0.3225389125672222
0.13757835212500227
0.1666706099318236
3.7254024454686134
0.5221592518628322
0.7800937481520452
0.17448639684974077
0.14848711465520795
0.02551895353000614
0.015424413563868623
2.9161325863471084
0.4513118697293756
0.6098647580961095
0.8313249502366209
1.245034193915592
0.7402947486885277
0.7017348486593555
1.1242112618635918
0.12795935826841975
0.4186494485155477
1.3874759023410932
0.8719935880587463
0.8106383653083141
0.2098521794267513
0.3370386315579155
0.8898560741988069
0.2563584044850942
0.43932228436884185
1.7439907917362043
0.3749060686372861
0.15494491707854963
0.22651577509386883
0.9421542517006377
0.1209485581605863
0.9489798427723763
0.07206167079004158
0.25703134613023343
0.39721413391060206
0.15088624278362403
0.41178812364298706
0.430301229093904
0.3899482267309407
0.16523338348086958
0.2751941539904894
0.08638072637344775
0.07936930701346609
0.05747363520875173
0.12765238250131122
0.10944852220837202
0.13004413516109933
0.1980846105710788
0.7312594053294149
0.5348805643794576
0.4202302072488209
0.7409787371822262
0.30972216507683037
0.18870428071628348
0.5030403167695392
0.5238998252445766
1.3758987304377268
0.6179633694833229
0.8455156541803899
0.3963124395396438
0.049197924482514074
3.285043889008472
0.7546910196978871
1.2436923274587215
1.649757127608492
0.24740087437293848
0.5543333814367093
0.25280214305728704
0.052296074369807044
0.018582836882085677
0.5445504454131125
0.2643684313307129
0.4180781056900811
0.6119831505485137
0.18473417793648966
0.33183841708468587
1.6402292849279765
0.6004306389450381
0.2161889670993302
0.4353398603824354
0.7329755863130848
0.6781049409530767
1.2280728025464893
0.7140784863841084
0.14769735348266136
2.2584759171565265
0.17310269339131135
0.1875819679919641
1.200219013308281
0.651208869023374
0.49533293324825367
1.0762629205216245
0.3601703229437001
0.44973252645436373
0.3846947816845602
0.18645951577501313
0.27802363697472743
0.47152161050281255
0.8682458208625906
0.6532720135744297
1.042835271138513
0.40793077379830933
0.9520189694430424
0.9615032179967316
0.3329865502577885
0.4658163609921671
0.8064994861377748
0.5001072162139756
0.6019185377922162
0.33176038788002216
0.0020392713060703575
0.6559624127715997
0.4171532639396
0.48629460071296493
0.8993493774760408
1.286209610637322
0.12250539401960743
0.3040342216091437
0.8401711641186664
0.2301767323091813
0.015101203327070843
0.16864412640958437
0.10027863913840511
0.9125296468016978
0.550213786240428
0.40046520160150756
0.0846730570268689
0.14732880765227158
0.9584146355274981
0.40911210482935
0.5676312986055877
0.7140347031952747
1.5215963008344713
0.20058580662311531
0.153986208470227
1.57738762709331
0.5417649508961088
0.874015779293329
0.17547688177438825
0.9762352316963742
0.9729576829313993
1.1194111223115062
0.5092147349894516
1.1963036144970136
0.15676749489038172
0.28303175784264034
0.9687719919528547
0.37888877512029595
0.4796555874264755
0.5981059506952722
0.276264269435082
0.35533701537250423
1.2573896435703922
0.0247476622561308
0.2338541396901516
1.8020391336624852
1.4419258364588556
1.9916448370901088
0.040455567420967994
0.3760299764766924
0.8308673028235346
0.5420953604329597
0.3249499417855275
0.593525454760592
0.7170502427228604
0.5098527327163728
0.7321314647831944
0.154138414688458
0.3012076062685987
0.410585189618086
0.710379495050535
1.315611004123748
0.731750235760303
0.4467633591014666
0.517500606353003
0.4040207108151602
0.5381398309102451
0.1980742466931853
1.1256240690885289
1.3845289230594848
0.4261573424345838
1.9138871777168223
0.6392104531472321
1.4978849593328099
1.023083220764477
0.26912894971329276
0.07381921575002183
0.19255130152969083
0.09973138752758623
0.7958617239240207
0.9140524739228776
0.2605414240892029
0.14829679612689287
0.41085889232863904
0.2259842468487593
0.34980960844985015
0.5361213647832622
0.24693057176837643
0.08342138574738682
0.09459892053350485
0.05985809975574599
0.07266756572874421
0.9527207203439816
0.24169080913164512
0.662011733395594
1.683729871871477
0.05346054536392916
0.16099673705725437
1.0099856374464775
0.7574551446146839
0.26015252563580904
0.650448675058435
0.06852557787106026
0.17262834048255968
1.230072790328685
2.5102843256664773
1.2967065078733089
0.2916291784365699
0.12875753199973622
0.5404330439507057
0.8595726976363338
0.6421466421209813
0.45720039856328826
0.23126300952842144
0.25071666824067157
0.02822381492976687
0.20704933172723106
0.4252325605336185
0.06612246839058321
0.7545756207166185
0.23836889577337497
0.45765598389443385
0.5872892786037394
0.516995344330211
0.9818691732641471
0.912186418376907
0.1053806225390439
0.04762980014754586
0.647490227646963
0.33532680629092926
0.5886302895337625
2.2929302387161288
0.7964928043643236
0.18830319783377852
0.3594647789812089
0.6139049378459692
1.101450476420198
0.7515639833471396
0.8434135222131393
0.4402464480404359
1.7286415399034991
0.02863641340799862
0.2186552903361871
0.5352287678010751
0.41215723576160873
0.45149309304742546
1.3378585365799136
0.6464299506672639
0.9703060970099142
0.9283163170064326
0.11073480267833927
0.02658682752466775
1.1337407879971957
0.6788714584264792
0.7415333272190219
0.5258077370621427
0.24916152463100139
0.6801380237820736
0.8263185072234901
0.5734811857228598
0.9750435102613327
0.2818501677830187
0.32574590595484604
0.4845656637936272
0.36594969685086887
0.2922417156181292
0.24828677195569468
0.628750284612328
0.6020738128506608
0.7416657395043924
1.3792310125377032
1.9684009065675827
0.7111460090261864
2.8836352209054583
0.22805091981817166
0.7682161226376645
0.27971204251154447
0.5224042031599888
0.3402671872501661
0.07854323157510854
0.07431937913062565
0.08769248634087476
0.1498262651941647
0.9213292470734105
0.20633406744724267
1.8115367620946283
0.14232277571063992
0.24808868208555682
1.2641877683743004
0.2252682069463726
0.04938815908437095
0.688069940916879
0.27566242370608396
0.2570776614046389
0.429220521729313
0.20835882496833405
0.4242519011379959
1.2488979350345215
0.5589926294230995
0.4564724890420955
2.0727748452640657
0.027584772439158637
0.22871191970035473
1.759595616234044
0.18682636381758158
0.35711886578815283
1.5942353680040606
1.557364759113796
0.5101045992165553
0.7998687679564068
0.4248273607386231
3.0118664409322395
1.5008961580610711
0.7881706401007894
0.248776305876124
0.7651597160596477
1.0870850993400794
0.9924849753469989
0.40827963774564635
0.15473483832092572
0.4649849447574498
0.21608593557288072
0.291280503221134
0.11070567643874173
0.09799981240781325
0.050427803628557664
0.06795664521096009
1.7030606820541985
0.131429925382003
1.2305951155634172
0.5502807868283417
0.06223854548527045
0.13660227316805518
0.11672461547843833
0.26992253076051326
0.3348735305281941
1.7811156578085066
0.18325730834611556
1.2570662643567025
0.33958700318130464
1.6317686844924455
0.05185871736339365
0.6829506989867656
0.1504036396489617
0.6710165665768456
0.7701510761371556
0.1924156243399686
1.5146639385265055
1.2373373103107144
0.14663976439240556
0.6096209197217259
0.4112202092945517
0.10654967924976719
0.32749505659385075
0.2770135532235325
0.1487811232604367
0.07587179440654955
1.2079678477284057
1.0599800321765573
0.8786582106141373
2.750463498727453
0.09587302707613399
0.24965379996851417
0.3140190788640357
0.87200840669619
0.23759188957187471
1.8619737072966844
0.45300175247471103
1.3872276345303483
0.4322046440399361
0.21670898748288034
0.3933712395031895
3.395914087486223
0.7142942317035047
0.19551730342649096
4.423330769447294
0.22593660787826897
0.24657279947380792
0.5717790624408655
0.16312436569204888
0.3182548648486133
0.4518097513957309
0.06758291569871375
0.014313706576520499
0.3530191977195242
0.40480926627746927
0.20176503721662262
0.28048179486156133
0.17926505884226418
0.2275619288756383
0.08186059575768256
0.3919317147103766
0.43909216796500583
1.0420321191163684
0.2462286122936999
0.01808934585096978
0.7559068685669198
0.11609507661137604
0.22875960289596928
0.05995866228741001
0.020782386649933787
0.2708619842812671
1.6886104274397993
0.392727848138535
0.6353593394361962
0.9422309263371913
0.4299839393744244
0.5062128742585369
0.5002486045251227
0.5078807905991967
0.20225387854084603
0.2577837717727676
0.44436214154069303
0.4091558105414108
0.23515494316578955
1.258416229151649
0.09157019573177477
0.18067535389768424
1.5813274131574324
1.787769169482473
0.5609580236085017
0.14061219447121434
0.061085593784773955
1.7895262134509529
1.3242708926511648
0.37287518110040385
2.287264802720223
0.0509517453498119
0.4388137709547693
0.23001400716775977
0.11841329149652556
0.12840820498172684
1.189711962150972
1.0099204182353319
0.5484601142761873
0.29485415641504403
0.6653845901643662
0.017932417087156136
0.22079058417855027
0.35080338029547264
0.5756600051623663
0.4849968353973391
0.14588830233052588
0.02740720311192603
1.0070610124961377
0.7035110375223141
0.17219076797297977
0.1046224779168992
0.013413984305920524
0.03301230065809349
1.0451686230049337
0.1797387309873628
0.13359066483863097
0.4833279869672616
0.5778050556225295
0.09271927935789573
1.850669381907514
0.07431443617348925
0.1312241688196811
2.120770906803957
0.030223590758351154
0.732455397928873
0.13362781041847333
0.22662785113278583
0.5528932958678182
0.4908647860196485
0.13507602101030003
0.041482641816947434
0.48819300678682404
1.0018895969251416
2.232215479259488
0.1846449850342477
0.28707729172195645
0.0749056714293369
0.0585875903224883
0.6930449252640323
0.755481632803782
1.9684934757373949
0.3289382359119653
0.5959991697903966
1.0645757058286502
0.11138006048669141
0.24392276549163508
0.40800476537237834
0.01137537681133417
0.2862276446524201
0.20979052675914542
0.40830094334234274
0.11512666877162163
0.7079841948030796
0.04393533451357182
0.20004797808564445
1.2118438585870028
1.1595829067879757
1.1800044580136433
0.7933498517429826
0.2807494190817494
0.11095543930604829
0.6797801956831366
0.02971548312702923
0.030363420921986094
0.16393288780066032
0.2098912488627968
0.27341341703908306
0.5937535456228964
1.8214994142166507
0.23427522774438836
2.015066628129989
0.03885187025613254
0.31262595293002027
0.8018297391133121
0.27270096290896134
0.36522584744640524
0.3888148312073557
0.8527175465736612
0.02863929416978153
1.3564244838695407
1.0209625306324344
0.5803585773455557
0.37323950653524635
2.3850981150699813
1.7728491392976675
0.28710648291759866
0.10837099180399992
0.36215282399495213
0.48747865576840754
0.2724550452328794
0.9606651989200778
0.16620583438783976
0.03503304526375349
0.30142316334231284
0.4085216165525924
0.0873662578833685
0.17176297835602472
2.2092684835480023
1.779450359960421
2.987294099794365
1.2392369844916131
1.4674678303780528
0.008532366707352279
0.1016967869343311
0.6999517786311962
0.5150670576737115
1.8094264139866234
0.07947538350771835
0.3337626122954509
1.0952032691988158
1.579653741865574
1.5664036294148727
0.7044809589885105
0.3606187977764682
0.23309199566396224
0.584957314176218
0.48526263701780886
0.9705071314474093
0.7151683426677201
1.3840492094781742
1.270626742437927
0.4584512148661298
0.6224409415979029
0.027824262041691535
0.34087875857402833
0.277105531530021
0.9436896524495519
1.6946406346031937
0.4416551829453425
0.4016102767528066
0.7710275728862834
0.33552278460603957
0.09905067056239672
0.08148056660216134
0.6649403221452913
0.8667336272541643
1.5034035410362647
0.22670421336471602
0.33085906097238366
0.35185089004747566
0.7449699183289257
0.9856256323443345
0.2516778711397308
0.4395172229995097
0.41864185732123044
0.68204479236617
0.18193473549607805
0.7596679634043099
0.32848838039208295
0.335265728864878
0.02226221389754503
0.5794472589360593
0.2503564068920188
0.1132931897195379
0.2947750488510681
0.162612135466446
0.07073947015252072
0.8090149119924563
0.3338818753708924
0.43029032297271486
3.1351690482576866
0.10452544074875135
0.18844028301603702
0.23326723827142348
0.03626984023813787
0.06019568550059332
0.48286219104717926
0.24149371722182203
0.0032501836432273167
0.3664156462225215
0.4152545820795625
0.1842911738360213
0.874254029826404
0.19134936704165978
0.30249140438754796
2.1735088415200052
0.19162370045162888
0.29101888669208076
0.6868161635120872
0.2368222748892895
0.06654809440827843
0.3126189295202812
0.01923046668727389
0.4659555213240195
0.36801252988794936
1.2172490975986061
1.2356233506814007
0.8193713919126152
0.29785415930332837
1.7549975304515173
0.5820736918044401
0.43856509480969263
0.5316434369843173
0.24479388048533166
2.9058471756514774
2.1873307784130884
1.2874259854092567
0.35404886566001037
0.4156376903818347
1.3373822333455272
0.1912862462819151
0.24290308003053815
0.036440969684232966
0.6634797379321333
0.6311504263705239
0.528055709060349
0.15765694123142762
0.19083782450179873
0.9432228566581286
0.5681859264366619
0.3905790452328878
0.7504502718569861
1.1468538982729073
0.7975661582870606
1.3052762747606867
0.7249257993744431
0.18939464433091524
0.3392602082882483
0.023845161502475735
0.605378502762251
2.7252804632406247
0.39095095089876464
0.5952986762819776
2.503922823734058
0.08226424016744928
0.18338224829881603
0.3513521744078321
0.08989732814656995
0.031413527162109364
0.839327541396837
2.7267443223848904
0.6749186969040815
0.5367026722694442
0.06619182783106041
0.23320450649759306
0.0907487231988753
0.137122419137784
0.6286621749672774
2.2382016464374495
0.8761747339202832
0.3315528816091006
1.2575467647191778
0.029524418964765053
0.3618836871076273
1.2956025282794066
0.2689744542555309
0.2836109705611628
1.4869851988149787
0.10368464424567528
0.41647799170171856
2.382530802008037
2.1007443187876618
0.9917624236751168
0.13085499263546982
0.18838258181387993
0.38290725585323887
0.4781783250586735
0.16924707480632198
1.0765834209442515
0.2728879099230016
0.21385552593470739
0.22210177528110514
0.0478997566418997
0.5575009581415349
0.6124779434806612
0.24611875406048206
0.08490889254395372
0.2446333680791686
0.22955260445945472
0.32626493169026777
0.22084941276738962
1.3164115641918075
0.2644089017375455
0.33628020186994906
1.2297325306532105
1.8244365322790355
0.3052299377966837
1.3186178674094675
0.48564923883347
0.3305149017067114
0.4295192819499921
0.8064227005196168
0.4369424099863626
0.5189835302355292
0.33550129001009
2.2925857340242906
3.4157451574846247
0.38030158422561444
0.4495323061027758
2.557044181668509
1.1087592079358302
0.17106332053390064
1.1399851833879548
0.32704173930387687
0.4052783322692592
0.5641201150476787
0.012643925889129076
0.03673096984678097
0.35447652647903977
0.6661078264175423
1.3406293590882101
0.7089579467841054
0.4199578899722927
0.24261942319419363
1.081110209736958
0.38714132335350687
0.19033623975340552
0.14728626834541728
0.25327950131416344
0.16374298758283126
1.107313121397841
0.14312608080088693
0.15666819588711967
0.3778533506569721
0.13978589570620314
0.01181105288780545
0.4743678966515998
0.12129074030842954
0.4680272161977409
0.09287232627871307
0.5362550281149948
2.1116339707173877
0.7731298878426728
0.6589018451580883
0.08376196940711929
1.4457981823375914
1.3164303774486557
0.48630986482619326
0.44537720701878325
0.13428706733064855
0.2713162511522288
0.7088927922816718
1.3917978547548584
1.1562928961747427
0.9900031937909757
0.16421278068461798
0.4439493544365818
1.527991801040642
0.36733562522417174
0.5072077356283735
0.5642609678211752
0.232763290672422
0.43846696423525816
0.1522581629955741
0.7092857884847963
0.9602960128700543
0.1701951751582398
0.16774653411262921
0.3594004612165373
0.29389644480185306
0.12250033665378691
0.009424567937470915
1.0201294895198232
0.2514620365373871
0.6263876665106937
0.3411002624626546
0.13231234493716348
0.27658449135954294
0.42641561043188625
0.5308145725996024
0.2451969448887798
0.43256626788926716
0.7826212759961673
0.3802301961058707
0.6625501546747582
0.2063997089075194
0.1188422294579121
0.0615207723345824
0.4793481507762937
0.3707218377764594
0.740159732607713
0.09658019609953745
0.3722686193785322
1.594501926844242
0.40380327191444737
0.07267547531464605
0.5826510409985644
0.4940042801174924
0.9770573939764058
0.23168950783835007
0.3981985572261043
0.6931160460958292
1.2932460087898026
0.3441519148315251
0.17485109025620338
0.4339544180221109
0.27450817154909257
0.0572729064507383
0.47753866018169
0.688323773522754
0.24222129205212803
0.13568155750641053
1.2541712055932244
1.3527649727391606
1.4732219516361786
0.19707676954679665
0.6438127065932672
0.764594388847061
0.09207078492853248
0.045606225555884616
0.3423461110623469
0.08730020676142881
0.2070943134672664
3.4404285865290403
1.5619217749364624
0.07340901347815988
1.0158746889535326
0.3674022308292624
0.9098063032186793
1.4610075192003806
0.07722269698496106
0.3562358799746834
1.0719925351687416
0.567622447244945
0.39205215702182505
0.29956840128525847
0.7286159070166763
0.3317284388759452
0.2932706029110722
0.07801628161768522
0.08636298806607627
0.07512203493654127
0.46838953499462005
0.21415829894117755
0.19175881297933814
0.36557009420214215
1.602093751356128
0.5577378885145389
0.6080088828539894
1.3505193369807487
0.24705198663176403
0.21572298784961744
0.3502621374752977
0.390518658081731
0.46631447561632233
0.48031083725114876
1.5950297014416452
1.2794321694722053
1.2299328676849086
0.484442779324349
0.29452994296208684
0.8936462408412419
0.10152636593796739
0.10569559210633593
0.022495475566554266
3.2977667076626456
0.29661416997023526
0.26695588168223855
2.5991619213973736
0.0153963825300723
0.04820310099284378
1.5094235716691202
0.4644159346880477
0.13154345564541453
0.35905014050352485
0.2705394912109199
0.13930413164114178
0.16633750980046585
0.19700437731636622
0.7449117425863897
2.1182356891882774
0.8877972159145946
0.4384941763021756
0.7514557229043897
0.3535422531712078
0.10329696532317977
0.6473716148632466
0.7318696862498015
0.2899442730585068
0.37705645775055335
0.7150135865439666
0.38938935064494706
0.12267126063345055
0.5724004892042891
0.6031726380201072
0.4584957874187952
0.05388173406714972
0.028199071514559634
0.912188822843746
0.10245369099779125
0.21150334214080732
0.7205555416264636
0.513117849140978
0.26390432683094117
0.6919142301485576
0.3195386441754082
0.24766362172375497
0.36034105447423415
1.2396249587066173
0.5871740474122842
2.9760438535447338
0.3953124576341402
1.1631199057433206
0.773213914628498
0.4613225383469191
0.3732448668657542
2.838262064828375
0.6670959379002637
0.3004621639993131
1.5642124619906617
0.28685191481569394
0.042019260117024296
2.597296190320489
0.23338778990080516
1.9880214437134343
0.2726665227524656
0.5765979114137063
0.9369021874187695
0.09580849702731985
0.3167645529775613
0.12436870269517168
2.898289456568967
0.37176188013032707
0.5238296186698916
0.2887084194541171
0.18025563438269396
0.9552310313835716
1.2167171733172928
0.3646473595761249
0.31705034449943614
0.6015599751597257
0.48256321902402555
0.06232378041662667
0.7906786072362403
0.15798115154804376
0.08849445806706888
0.2836775281178821
0.21235561339428388
0.1958665772416671
0.6648047232047625
0.800283177849077
0.599991872222565
1.152342141185291
0.06638145023140592
0.09020323860019279
1.7150897473295863
0.7987353974926082
0.6047151244584065
0.922067287185734
1.025724068211611
0.505900618033871
1.3599060416436648
0.09755689124437868
0.40063605123876106
0.3958371293477406
0.16420313951199159
0.02188196361738886
0.19814127361793152
0.08889295241933483
0.0750431489624029
1.168947009743437
0.7348381456227664
0.0473613719802389
1.138163329045747
0.5896906184633364
0.13745078199039482
0.020843774822362656
0.8058921071014262
0.37882923274416386
0.7219985153445135
0.0030123710260808153
0.453377493866487
0.6373664262996525
2.5871884638936846
0.7790362390851321
0.8759686156935929
0.2663788627759048
0.36658908315903144
1.0863749815411696
0.13941896446939026
0.1318425594285688
0.29350740350970245
0.16026307992761674
0.009816661605793496
0.748946551511824
0.20017733570233742
0.03355216350579599
1.261532111219083
0.6695200370239687
1.4510642736055879
1.5861075825863444
0.7913863018653428
0.30533821895101265
1.5800110079356742
0.49452403159688385
0.34288654029327814
1.7073213625401324
0.13068081978032522
1.5897777145552556
0.5793661528654336
0.19605538925052762
0.26169191555189947
0.3961030513783602
0.013645631300857428
0.09759176868358027
0.16512080740884272
1.1525152471885596
0.6657233164599363
0.71397459186831
0.652987329473271
0.21547520690144958
1.2296071652881784
0.1571099116625674
0.12087202573948155
0.510225773039459
0.04598579517399881
0.033355968643767504
0.4620295543765838
0.20045243009913463
0.09477994781237008
1.3471887633588602
0.7966947977809916
0.28983196757957824
0.5513655111444923
0.851650876472246
0.7849913487988714
0.23075790335986812
0.8824339617189517
0.07184756024741268
0.11718133170484772
0.16048817346264865
0.3431180108744445
4.366153310852953
0.8914137330813211
0.15282654197450737
0.5569271677270418
0.16977067515626926
0.23486635483515836
0.09933897539923692
1.1660286106833722
1.7180564645407745
2.7206170280799826
0.0989398016046414
0.6188032238920992
1.5698916048431473
0.2852170802081603
0.6745300387136406
0.7069240547340455
0.8523228679881015
1.0995731826856383
0.9414087720840706
0.4579096989344063
0.1707401055494821
0.3227674786362857
0.10524105606836262
0.35464578580463735
0.21293596584515503
0.30207071529892987
0.4671790321282321
2.1860094461210986
0.05079313920557221
0.25317178588715056
0.08791861150530812
0.1093402329758484
0.007028954916803399
0.47414849267808534
0.03692093220336526
0.11436983229764368
0.6187483192123585
0.8027854719016838
0.6562750761705279
0.9326815991606839
0.5989689978492085
0.08445577856415873
1.450331295659728
0.1599795330019502
0.09115453636529587
0.8132815094337862
1.7276527560725952
1.8959461185392372
0.08315295769368439
0.2299061856796181
0.7124577393008605
0.45701113129460036
0.3354036754039843
0.3617392993971399
1.8768021755505053
0.16180899125151257
1.4518619368559935
1.1029714144792673
1.3071005791699477
0.44311935161277505
0.4753442888179475
0.17668367160319498
0.10380098295400603
1.0739492482937347
0.4356449587516053
0.5200497846718792
1.0710252835369454
0.3920485956862161
0.09205388606276917
1.0344883910897384
0.11729195366402444
3.4036351578389867
0.5774430673408187
1.2448352517603403
0.4009944873338272
0.25260447773913575
0.3632536269637836
0.024391682891948648
0.3071628239566975
1.6133698634799323
1.2829907251664403
0.715699101919799
0.05856287126430982
0.05269726310580703
0.4763261794491693
0.04782244979484754
0.18597269383397336
2.0226845721034308
0.4556169650801193
0.8156391427956416
0.45371971750247636
0.25567189879145513
0.09397800303514843
1.8497727308500878
0.38075516049706715
0.8287598741810941
0.013038607865407172
0.10061228146981514
0.11966656639493424
0.7045507305948564
0.26961648348054
0.0458612678057708
0.21003410138240963
0.019856401836666895
0.10578335750235948
1.22688079155632
0.7849424831255031
0.13490102087352537
0.32413058360458713
0.1387237698215024
0.27021455185910725
0.5268687273123652
0.11442006619864722
0.3270591410790606
0.9853788861032304
0.08777934930217719
0.07653772698603441
0.9880428991422306
1.6097652811621488
0.2503165224185398
0.16389078122789413
0.5286199550025257
0.4440427700744818
0.19703933943903493
0.8174230228428053
0.1560845199885463
0.3348640680113938
0.06374802646756585
0.07560964282387499
0.586919049133771
0.19643628558044018
0.27066649438945184
0.3155126695692882
2.599765233331928
0.4971594750209337
0.7667688118138805
0.4578138835399383
0.2715929907776602
0.11042232099780866
0.1301785921202435
0.13196859815531078
0.3601146305912072
0.16369960519655957
0.8997323707075571
0.4221965242559353
0.5124264897844897
0.5700274645972782
0.12129684565318687
0.2404168044558942
0.7013833536988081
0.3176945643443101
0.27913574883228826
0.3852188767438943
0.3736641784189916
1.553250159777367
0.12427624499153406
1.6977011760129834
1.5462579930957139
1.2867414217149022
0.63250901791868
0.45321168435740716
0.8409400376299424
1.9124580466636978
0.4499596936285627
0.8518419678419333
0.9977071531014552
0.23830040379435685
0.33402598676914946
3.7414668101212283
0.32678282486163723
0.9521888789723214
0.5048424011121293
0.06974349684952962
0.17458090097271942
0.8500381580268814
0.05292538643582949
0.599529410945235
0.23522705798182128
0.3186110557322548
0.6153926846387384
0.6982139931970445
0.23827323056500097
0.38276868564539435
0.1459937885823711
0.3460563616605404
0.40653135981591126
0.15353752808165594
0.32123795889815143
0.2974175613278281
3.4335366600674186
0.6168892608199853
0.4262454442840043
1.1294038258907537
0.9482450872446089
0.053010365631381555
0.32207925838256457
0.029149533390734072
0.10802149447746676
0.6379121216631851
0.1653536322978819
1.525396297271844
1.973644860737869
0.3832969257299209
0.4182979822809105
1.5046050638787758
0.5317643565406558
0.2968737483463475
0.5148017990717247
0.5154413991822049
0.18201815845855962
0.6465914676420854
0.05761797119095251
0.4538695634491007
0.8856892355793602
0.6317934112068666
0.8633668746545772
0.14608797243099003
0.30666112198411244
0.6837079631031618
0.251642324048151
0.13574481683471218
0.007333291678620431
1.8644134898038836
0.0939199664960344
0.6145709978053859
0.5951904492329112
0.23230948448444863
0.28919118607797145
0.7922375829695897
0.26734249946483735
0.4280636840798844
0.7467065120005424
