0.44684568131107344
0.25594593416599837
0.08119679708198053
0.3539285185573042
1.1071744594391175
0.919965946575152
1.0729871478643316
0.37772496378396014
1.0007386111842402
1.0212916176341202
0.21747614779695298
0.21465994823797915
0.18045585925385108
0.31933117757951984
0.26524567416572226
0.09724377958908738
0.12686213519320133
0.0316878561097411
1.2045742424862949
0.22459953419927337
0.25839323212991827
2.4864885499179565
0.09578041751071022
0.4748565262265817
0.5731435423634225
0.3071986995523957
0.9100924423867534
0.33286620414592727
0.12525797258744165
1.4337564593810506
0.3035332461531721
0.18831744748073553
0.26397206764358244
3.266396656735012
0.156538866923403
0.6895305304057375
0.32370493490790925
0.3024841097787763
0.3943287173337252
0.060297823589348584
0.23579343403550196
0.10985417729320975
0.08574185864611414
0.059749118722212474
0.4457176295680011
0.34905018264724536
0.5015623490138655
0.1559747183737411
2.7389980403650425
0.4470133159371748
0.12814971355114863
2.371450768644263
0.1064999973316305
0.21110295010158242
1.1021688610807825
0.6066798957935943
0.8300162432319165
1.0433555120815727
3.159827142312173
0.052352018100178116
0.9075323145477593
0.9660097794555549
1.9267745639119624
0.9260347178976359
0.0573057474519251
0.2193717154749922
1.374496667726136
0.18935033854922606
0.41030717963003127
0.6096499318921995
0.20252388560249746
0.324110367959868
0.05285309910543288
0.036518178503394026
0.4887077259103649
0.9985513137061582
0.9107359188496716
0.7708480347266751
1.741570682144811
0.5049307609550102
0.018535879262975286
1.0751578624952582
0.06006579421460154
0.2541847802146947
0.8591277493063663
0.07015152953718075
0.29972017713376564
1.002928908546612
0.5740061937778982
0.7894183341185713
0.4158439917976526
0.06058198497047666
0.2467499672776123
0.3169732417041695
0.28446041414896395
1.0644604843201688
0.8817657492240449
0.20059949846223987
0.23425790035548286
1.0617355939997792
0.4233482887619654
0.30175550926464284
0.5669907073025768
0.7039163416055608
0.027434955163453373
0.7041348826072132
0.1941453809143566
0.3617567909320342
0.6844519584441692
0.28682246786449483
1.4736804513204624
1.568756654728913
0.6532419979748133
0.0359353853254561
0.5632821747824107
0.06682400134997342
0.12673723416304436
0.2358402900392147
0.8309975955028148
0.5550325196714829
1.5447256482396583
0.317574109956171
0.08859150123609832
0.17871774223328016
0.450529925713531
0.011651916496585962
0.30154909164457433
0.29440206612822817
0.0939096980240747
0.602989894709235
0.03406904054636721
0.07880222566860502
0.0006482486679681494
0.5072799365314418
1.1810872777538999
0.7735373259546652
0.2597000255569895
0.06158705745205959
0.16833948914025754
0.45920781737028366
0.2504690710102876
0.2693829658146575
0.1042179087123366
0.0838352711444533
0.45771793179370523
0.5508924933824414
0.0989815103337125
1.2717032525373542
0.4441593731374156
0.04152278995032151
0.6834283681173458
0.16998483285784532
0.03210493304820704
0.12409861902647834
0.028984602619804022
0.006903255725733953
1.7657144876058728
0.22317254739123904
0.8030303770002635
1.7945114787567622
0.7099657086224043
0.6068472352021894
1.4076085379285779
2.0027587284341877
1.0774284102266523
1.3081501889601443
0.7184503352140934
0.20984091767793198
0.12422669552925059
0.7323998125432456
0.9924111312933263
0.3041568358936854
0.03322378018792362
1.175114158579773
0.881881506339296
0.08282089345751344
0.796742619798408
0.21743494072788905
0.4518442953322604
0.45243412100371055
0.4119875221264684
1.038083364892043
0.23993602075586865
0.18999482919257019
0.08789599232417633
0.3149098955573556
0.627500248287752
0.2304808169251127
0.3864737950096234
0.7777032207893936
0.3129947792320042
0.07308666779327502
2.1803551808546695
0.24081883697570808
0.999459633625529
0.31892362302358185
1.4778879920475987
0.2981532398951866
1.7039102853072061
0.2274838870714446
0.24644570353652032
0.1674878868106294
0.04385048394797421
0.017428897435505967
0.5151990290594316
0.4515830402410969
0.2835905352440416
0.0660992786879905
0.010479838792467819
0.030389654889585394
1.6323365820613849
1.211864682054006
0.03491717099725099
0.33668258621794295
0.34310350361636066
1.9819709267797558
0.8229472873890338
0.8386792115492603
0.3938049576221092
0.9052793190984838
0.39976876304095105
1.04860193403349
0.40603984146421745
0.05083562167382857
0.16045834757492664
1.7200608563305158
0.9124596465904333
0.5780657781132804
0.3135141066599605
0.8685423984258168
0.4528211094996512
0.5318912511435775
0.8140474975308974
0.4185995468531727
0.8007471986324791
0.029396355062366323
0.2274835251693304
2.7030206219204493
0.3274663574426286
0.114553641724366
0.7378753256299526
0.11395774104622695
0.1774462969414807
1.161425276417759
0.4198192548596882
0.8569947444691995
1.6414429709139458
0.3979791148815889
0.40472471618754696
0.29702598221846316
0.32201181512315463
0.4401707358575478
0.9900490706308436
0.639858586643701
0.2525828757651284
0.9718831161241317
0.057511092057748125
0.7813104058339974
1.7055203214765111
0.15620209214164202
0.38849251344438984
1.0757668552253947
0.17430150764234878
0.9012000225976138
1.8034483809717083
1.6540338594976145
0.35839199757071627
0.46548675106603127
0.1148460766668816
0.06040097037729204
0.5250281194414217
0.10457022999697271
1.3001215434679056
0.1426314503530029
0.2520494729651163
0.2126142357897576
0.5403685399106204
0.33721265725019195
0.44527026650103235
0.16683402324384575
0.26528567416189114
0.20189339320738486
0.9473637786567257
0.7749466773630782
0.03981672816662106
0.43373028377692363
0.0027830762611626893
0.060242770189321726
0.3913065432257796
0.14889299312634754
1.0103749446504322
1.3901743584738295
2.0121816442615903
0.24119145336958892
0.38958205862119744
0.09854605146519259
0.12899381775866486
2.409199643794752
0.1564915438500822
0.17507001280453788
0.46277785321660697
0.281595273617852
1.2094191331623179
0.3527761933091263
2.5915102714252454
0.29493152287964014
1.0385315222117144
1.2949383981023843
0.7365555413258605
2.128182632920656
0.1632619817002398
0.12052244711825612
0.9089852526110926
1.5864396090692796
0.45634880066709554
0.7940315205459522
0.14005870821422536
0.2933083590278471
1.3918186609490506
1.044837392405077
0.13121780424237234
0.6389136292713382
0.27737539589889815
0.10803371885057886
0.557697478260856
0.43890603732540273
0.5244578352085851
0.7181681090850318
0.16303787239834208
0.2166597205458722
0.42985949114464483
0.7211907496301052
0.5157302380702599
2.9172673273539416
0.15430356717021185
0.03178910643107449
1.140519176866759
0.5563955547929469
0.11548606921535144
0.7081664068100035
0.09035608082874823
0.8269415658090217
0.5730985607095345
0.05883774018002563
0.0799107301964814
0.06766935525382885
0.08365333319270947
0.04342628359422685
1.672926071396924
0.6439190431778254
0.009582915222955098
2.1819071839669855
0.41798895629290145
0.08590543069347793
0.4411875359508981
0.9473117424215162
1.8118633736955425
0.3348665631318644
0.468232655810561
1.0570799534307767
0.2365391449077255
0.3231987868915964
0.035124064467842366
1.4047206940278725
0.5842436142615403
0.6517252092970098
0.930240121765694
0.24477845034061665
0.3586190917826286
1.2623748124744882
0.3526765555129042
0.21261517276840866
0.33769831753635826
0.005846790423646188
0.944518567608907
0.08169341680269776
0.04365055963365251
0.027943697419191123
1.1530008501624462
0.6691629938591944
0.44350326424437825
0.7716949424411095
0.6949307727353281
0.2939643144200589
0.5659342080877514
0.9385411409465034
0.24986395857060278
1.4276928682035832
0.2565137170096401
0.1686416721106409
0.4127146056144162
0.26501631213753557
0.04230110745921308
0.24613162666413088
0.10558514449099794
0.055694393203555466
0.8537756717556202
0.13989567562364746
0.08417135471038666
0.9018134692747484
1.282381082844347
0.7504227860714417
1.1807049575033075
0.70323642748475
0.09642807709430591
1.012134532149992
0.2915684947234037
0.10378376500917094
0.6883792199185831
0.34652346712744625
0.22037182760228724
0.2528233858178798
0.4671414781171165
0.6734755508068536
0.11162963408485634
0.7061568848129113
0.386741061862292
0.09754268336457854
0.19975732981842118
0.12474658973128885
0.39445685612809367
1.9098753045667858
0.6843892984547978
0.3623836427844692
0.7138234826100917
0.4812232689456848
0.6032386137557486
0.0966567054709155
0.8361440410375522
1.4055931190837743
0.07527673836098446
0.5587135271570635
0.4163125645285398
0.11422519485162397
0.99511800693417
1.2499574291036546
0.22793365358086912
0.06834439851531066
1.1264247704898172
0.258820640471255
0.2681073528815196
0.6030401172404634
0.9599503020832306
0.6389118445948779
0.6710334220300928
0.2579642093394895
0.043653695181340504
0.4292675165543506
0.31388666295944073
0.5148458527426861
0.20202456263636123
0.24925270927038065
0.22273606747978167
3.03908237948909
1.2716401629275127
0.3242838155908295
0.8120499710745568
0.4078626127806031
0.11251238492643745
2.8145004094168153
0.2408346617194237
0.09199129511319559
1.1460766763991983
0.01779793166147301
0.29605378238013175
0.8564256668227581
0.533686723317137
0.34699423519586925
0.32436635646643674
0.19465621681158204
0.43834022448601057
0.9148467830273831
0.25117801477392887
0.029310314924001685
0.3296319559562733
0.14228788488357913
0.510156327567893
0.3172107284445341
0.36643872819225964
0.20760390259295752
1.751494528705562
0.49284209547385016
0.8842618249158021
0.771702328741024
0.9894454958448426
0.9414090708621361
0.08622551541765933
0.0272763902741271
0.5704220512848388
0.39414335225233854
0.15880967117392233
1.1558881519139244
0.854973823354181
0.6793239276841058
0.171852711958322
1.553299486520241
0.2922180241281387
0.3207621730449089
2.136411140079915
0.22133466147264322
0.2379282890992484
0.29506359614613836
1.8072748424158154
1.4852569550396693
0.5610131021464361
0.8760058437621675
0.15195058799211425
1.2197177475379675
0.33219657346202525
0.672620557437687
1.1187433724776914
0.3648960613076552
0.580278293747505
0.14164443267772442
0.6493017463622731
0.02315926292954797
0.9168946349303152
0.010149290454788577
0.05388451260076834
1.5086986936753688
0.2671924200451518
1.2590579764532477
1.160429834718168
0.4595490320563522
0.10600419877327254
0.960320273535366
0.008601950412854806
0.17308207947309087
0.2665152890151983
0.6622216187117838
0.39790889589505885
0.7486976365985093
0.3997673748385428
2.089636595751336
1.1546931268451648
0.08377364834678516
0.30149601276268795
1.7622195535781626
0.19966063244850696
0.5964144181543815
1.6313087596038645
0.8569044809196446
0.11508058635116786
0.4099795770088498
1.0636030607387092
0.05151198069908488
0.003379327100891951
0.4101358948389564
0.06055327385910686
0.5761883236744599
0.30791734512454216
0.8744172886946621
0.29072351701920357
0.6715133526899143
0.13238507433419766
0.18491708179936697
0.052276525945914226
0.6001660995994053
1.5040197562883393
0.11843453590531151
0.32612606987200926
0.6431953121213442
0.5559599871216291
1.4287885924899624
1.3079249158014645
0.9273290548634874
0.1223005604489423
0.5511445549098126
0.5342612739687357
0.7491118367216832
0.5693008093409634
0.9185527358554927
0.12828095375316018
0.368474546257698
0.27649354958182487
0.1787173346266495
0.19474248942062516
0.029867611224473616
0.2563797205382572
1.7490930488822898
0.6840540162693088
0.2664954064539658
0.5100583539339811
0.4185594516854793
0.14819529218660957
0.7590512990253098
0.024713163875447863
0.05948022418251332
0.6029158174231687
0.6716222708302322
0.04684776467493582
0.6556540615718193
0.6785781424822205
0.21229743658525577
0.2282721099549427
0.08263179192444756
0.8021140687530982
1.605549837636652
0.3572880073025332
0.9834828770143158
0.4398969597846178
0.7766252975855594
0.3114846933719664
0.5777822659606977
0.2147003517449372
0.6583186097226081
0.9583327819831585
0.1576845374581358
0.8700357266779959
0.5346956933233882
1.899442250724535
1.1051751334122808
2.052718351279938
0.9622121742432644
0.22089821330798234
0.3442351480269318
0.22073598346711873
0.40615041027337645
0.32875918154469214
0.5147544746474918
0.2597608020221474
1.1921962232305148
0.8622932836553421
0.004196216419577294
1.2617045772102646
1.479778956755561
1.7197268326417803
1.487459696526644
0.3671292967020854
0.8523077642780235
1.6284538303828482
0.07899745312098799
0.2946694939028723
1.1661973090692082
0.050504547859756194
0.7531187930154397
0.20863777770380668
0.2661169381088679
1.3373083440497362
3.7612057141334025
0.17681557177605903
1.0609628109033504
0.09886589854632682
0.16984333838875335
0.08832495826605849
1.9622317998632088
0.91817226010314
0.33476536631410275
0.31280639425023343
1.1513737372443504
0.7679694681395107
1.3456744489378396
0.2654536355957767
0.29532212138366687
0.9085110472681672
0.13313603304189503
0.0901277668689953
0.4592129518838977
0.8677765102993245
0.6203839346246939
0.6720799665911524
0.45734577315687663
0.0023189439888055535
0.5951226512867808
0.010889483755214436
0.0035593860732927524
0.44435833285015003
0.219095614319956
0.6361491533636736
1.2626050083196914
0.0764430312229171
0.11481467570930337
0.8327071681840054
0.6785211321700486
0.5772927962485771
0.5696423967730492
0.2486568168758157
0.1777773558632847
0.6067766429574826
1.0511162051762433
0.4852551145861364
0.5551500454748287
2.641887388124038
0.07701730345591928
0.09476308402309132
0.18541099439380873
0.20121388229016288
0.42297570476092905
0.5270178813864537
0.09596602597083013
0.267065659801143
0.11012988911707382
0.40761260843249797
0.5619367031887789
0.03369617408705005
0.025770111704719025
0.4035837706460347
0.10389526883149655
0.8769304556948466
0.4647239959869816
0.021946803617303
0.3787024229194243
3.215937064210709
0.7994775911925146
0.6040219155785407
0.17270372688283525
0.37992956588677856
0.33947511674523234
0.4685213024486264
0.08179603752887928
0.1612726728687696
1.1601093115124221
0.4577093066960088
1.704633582619042
0.8481958023574901
0.2493138483761521
0.3257003357826057
0.3037925033690471
0.05849145290711859
0.018097114750709027
0.5899460748668162
0.13972552081801182
0.037390376225590924
2.15469616327948
0.10605707892066533
0.22984393000886447
0.8165336139277667
0.13642628236625468
0.18967211756228608
0.9903236098714504
0.607651143673904
0.116691387063157
0.49467729913286834
0.3626031397920352
0.018111967770768282
1.3401075151083783
0.048074915258065586
0.18731573849547586
0.13159007754076593
0.7425224309298574
0.6642248709809024
2.65336872118692
0.17078247778049352
0.20686424966299027
0.42934241989875355
0.5425963856712787
0.3046309952444093
0.3067154413092666
0.20097867539675224
0.18286234927505193
0.32858584762442283
0.45124169062072095
1.1505540345084642
2.118313232370308
0.910244688334027
0.8364964272830492
0.5149341526399038
0.08382648105402499
0.023360755302910305
0.23535342130332534
0.30332888062373875
0.057510986280726706
0.934401551841648
0.1155114567910482
0.23361239586577376
0.4065568054206483
0.3563021791130717
0.3363571522805647
0.6182251127260397
0.20107473170808576
0.05510452903690559
0.09367297555365904
0.018318143129157166
0.05625007193811992
1.3200135286239851
1.2910186130502368
1.0081768798822452
1.2328987302282068
0.857613325255856
1.0533982246260953
0.9223804102098528
0.35223970740769694
0.17555919088395108
1.8892572309065185
2.2807177670764633
0.17733678962703583
0.34411440987674785
0.11630541930990716
0.05968065267818776
1.0863222251039024
0.7651098427136449
0.052719688499939146
1.5236008550894717
0.37110280436528503
0.7720578683565036
0.8454500200576287
0.2729795421543628
0.022340220043357326
3.195066032380277
0.4113853424971993
0.8392763392736031
0.7185393283204794
1.0850638710912215
0.5410576926964639
1.2479408397958531
0.08065328861597514
0.2474099208138298
0.6522708582868276
0.49090616946388993
0.49983417628522664
0.3251775936795841
0.20318234541687627
0.0880178374103667
0.3042622433588045
0.20179190353795887
0.3976416338231957
0.4230751444460999
0.7530946380517691
0.7079275477878247
1.3152875871907912
0.012981464419656323
0.03695788911422814
1.4042241367790493
0.6251577828689796
1.5399823718768872
0.37008585319443
0.41966341449853034
0.6357160660121531
0.3205708617730743
0.01002944669263716
0.9595101496337859
0.3383368537287567
0.1876900541333501
0.3327243575732062
0.5607249486104389
0.3563805570193291
0.8940595991080647
2.2922200494949747
0.2640651453931734
0.4948241555051519
0.5503884700709457
0.6273436917767711
0.8338074018201856
0.8041568858711335
0.14785431831958354
0.09774651352537
0.7989304382827042
0.4434770644719001
0.2591768367215843
0.568907290645049
0.16319822748214446
0.34748681336993753
0.6123664228001702
0.0268746712951756
0.3948044680304165
1.0399914525555862
0.1335670845605543
0.12988348035027522
0.8041165174289996
0.2011389831843448
0.16933805126413173
1.167430001284462
0.8903502197667189
0.6694096720130703
0.12038565744435148
0.31222027679937786
0.5831784971350937
2.146800607948192
1.2177642834840678
0.49819161086198527
0.11491149011655587
0.3593272660483805
0.1764099815672125
0.6163238030966027
0.7272888963805864
1.392983243200673
0.752953212302853
0.4527465468367965
0.08985642339217867
0.4650223853984984
0.029700005614973563
0.02717658438119705
0.47077345783564556
0.07564094235765818
0.04295259957475039
0.41643863572872064
0.0839637203534982
0.214562438985072
1.504393526203723
0.2847001407932446
0.5927777217846031
0.30867419783009664
0.5773964143706785
0.881464178918598
0.7555481936816303
1.3007751520403887
0.40418977020038904
0.1405434339114026
1.0716377913336914
0.7180953066516488
0.32144737663798256
1.1520102646132584
1.3979911601477162
0.04678168504671607
0.25757529713390204
0.38739264732482215
1.2072544532965912
0.20431095156278
0.7612968804589167
0.7950937811983503
0.8726578551930146
0.5762348207592458
0.5565875201297819
0.11850345819100976
1.5455574412484103
1.4834565109215385
0.3115217978747193
0.30229721213421645
2.2576958713958972
0.14874542082661504
0.5602691951278783
0.20639340921101265
0.061030703741448256
0.03372306285156396
1.3985031614128596
0.03274379777362335
0.439247085989961
0.6389548286109485
0.3269024580808342
0.187145363814252
0.9949413556470885
0.32575489836475796
0.9085879095404984
0.9471911965731588
1.180562633913743
1.2588320095007415
0.5375182865976903
0.06791124429971347
2.6478310766847097
0.34349740906219467
0.22551268012092493
0.1625526995006512
0.5494135849741094
0.7278514570286875
0.10081974002880062
0.628502229691403
0.16886732557367473
0.13555141617117777
0.833891986880351
0.11615949397995554
0.34429831492223545
1.145978930508506
0.4323288834724358
0.054274663612689435
0.16782295840036776
1.6843656959054734
1.0886742339907542
0.22166772253385353
0.530382621495075
0.16302541105413132
2.2109372311527693
0.08924112501674639
0.13270517173631882
0.2084309616369655
0.29061893008378475
1.6714201261593926
1.5150879099064143
0.25201908647111076
1.2520234572136322
2.1821116626835697
0.5966057082338215
0.69539630659475
0.19789393503426597
0.25891349340908604
0.5743499699446297
1.0987087924858487
0.14465906207573273
0.44968546720931596
0.6084486476915075
1.4974997548891826
0.6244884413806975
0.3394156374049701
0.0502192467652511
0.4386822247532136
0.021904699669540048
0.848556889628647
0.22105158943037617
1.7402739392200703
0.9290918357761083
0.18221128611258447
0.2309113608747792
0.3129375107822581
0.5779747817806669
2.051147603075532
0.32430795014158986
0.016926055927019262
2.5239025632010956
0.3791632991213317
0.07539618378324146
1.8208976207092453
1.7118078077337773
0.04298049713747079
0.274265220394467
0.14943686064019737
0.18226849810582932
0.6182742938721882
0.5016859750116076
0.4982042558814231
1.6480490032676403
0.32628404500986063
0.05811719310974747
0.23754989114961658
0.17665964187189345
1.4344054424480777
0.15059275306173636
0.7301678173850079
0.02646331117988506
0.48326693623230554
0.5950261082662043
0.1824827931144034
0.28364893649955425
0.3248496643740307
0.33607605609001606
0.675529993620531
0.7787588502005354
0.7325032369431791
0.8158567983375317
0.25235374593244064
0.26738921946441996
0.4643283715574121
0.622001624666589
0.34852938877631245
0.34343305416777753
1.9620599612955898
0.12759142262131526
0.3045396159551015
0.41764625511761433
0.20646554094069913
0.11404488743400218
0.015748398794857465
0.02925616778712308
0.15372217887065565
1.065062566915586
0.41600134331255073
0.6632162965600875
0.1505315446764852
0.0688424545571497
1.491035370884458
0.3746480847372411
0.11762899565744486
0.4911706443638667
0.136757808741697
2.823480925422872
0.5493805915533767
0.015577383612415015
0.05688068861431814
0.21197797001897475
0.4082136670168796
0.4266852332526124
0.20246037969876796
0.6672764913902417
0.6972086864972274
1.6421813736011375
1.0025148008029745
0.8371365752723534
1.2983302480073788
0.0413202766073521
0.3374126198027402
0.5649535992314956
0.636212365770033
0.18552346178367354
0.25667673418874776
1.2321114429178492
0.9358179586119496
0.9660526638557143
0.3338105430046074
0.7663541864973104
0.17388047045976607
0.5485038348021638
0.05294680908377142
1.9008979801249772
0.539977708980381
0.6694790350408152
0.5582718175950915
0.04726453885410761
0.23848418768094248
0.2580244351021658
0.4555870855783441
2.1762665722113317
0.778539884825617
0.1649444346841183
0.1660168733470596
1.2174106543921475
0.17220791202673677
0.12240698664271023
0.8689858526493581
0.7082061020647807
0.023143957433260906
0.6781254604827486
0.4653916081673781
0.2098390259739497
0.617587650722486
0.37613824110944155
0.5010974451668034
0.9524874290616473
0.22134368115046832
0.1080301017256459
0.25561570222469343
0.9303798943845242
1.111295396357772
0.6171326274557588
0.2892129862223988
1.1781581443215288
0.5786786955480028
0.3336082557009593
0.25934391340065543
3.2236888806940605
0.5318807577771512
2.2507734037351494
0.9881161123776142
0.7397966903322635
0.8643548577065776
0.34047562297660144
0.20369157531621387
0.3349507956308297
1.9041532247936936
0.8367490018120213
0.6772249145323452
3.952873770240967
0.772012189883456
0.4557393848849149
0.6024553191086016
0.11219531626455906
1.4680091255799377
0.3424702544095018
0.3451238011635261
0.03591577582614731
1.2513001591427204
1.805397060317818
0.30653181988407197
1.420659570219333
0.07273378236674698
0.5793116047557579
0.8164902663045159
1.1168839139713669
0.9972439516734686
0.23892939698074525
1.6020841384635334
0.10472089404556648
0.15700969330069486
0.1948561368433332
1.167707073221992
0.2174111143019103
0.15935758981418727
0.6109328019211835
0.3333633553542552
0.04057337933949316
0.28470469363325485
0.13145409376348421
0.3598745183121612
0.593188207610992
0.38786156012083106
0.03813685893324406
0.3194634176469333
0.254432259301772
0.018092761970958535
0.07570238128807345
0.9109918183353336
0.17873716342512289
0.4147156212329342
0.022847675216170812
0.12647060085310088
0.3765429466221107
2.0539838947959925
0.12514293329508183
0.31784305675017055
1.6911897875010107
0.2874922799536968
0.09144126547384443
1.5601939752215126
0.08808689034205355
1.3710026465180105
1.2531259778152888
0.32758691002627
0.0642299931891353
0.2872234912074552
1.2865719330826406
0.2659772245943158
1.072612245144735
0.7878142991983307
0.024959896816572652
0.9695274769760073
1.0286818036275052
0.7053013533526361
1.3201370879391796
0.676165573073066
1.0549262984482284
0.15948746077493992
0.606958756049642
0.19373405144437236
1.855334278111323
0.7039053396259968
0.7611146045370772
0.9655085443451217
0.3498777237855023
0.0598929399366158
0.9926250363231255
0.6243894123400595
0.1925709470318476
2.5812344214128076
0.3636540234930705
0.9983299428894304
0.2403358798700208
0.08631623058039949
0.9307369123120832
0.1696294767370607
0.5200079342658309
0.0676481743201524
0.7954611348150922
0.4936323467628216
0.701514780737537
1.0860377980522768
0.03338609423213465
0.758879899922507
0.4386979764126562
0.057483606559615305
0.9089786207823451
0.6783373668137032
0.35935270869533026
0.46487387483122167
1.4054239940162376
0.800235555623756
0.21601563001820587
1.0615064365446605
0.7003359713463291
0.2201496627453662
0.07300417509375172
0.34318368203794775
0.3805734061425932
0.7730815768891006
0.01570416425427184
0.08007201817890991
0.7316041505193573
0.40981154576250295
0.1090260914009391
0.62001767003373
0.05533835120693083
0.38561180912344034
0.9727594711011547
0.2714881518963279
0.04719755036642701
0.12232219917077501
0.32523007699344697
0.42498343862196236
0.38876135983399035
0.09162084532888501
0.07014805119973963
0.10676922146141309
0.33831447043830565
0.4467917402035771
1.5737027077369283
0.0533512662089626
0.2763067626215666
1.9472204096945689
0.40557227303699966
0.24228804119236674
0.5355526504731762
0.1380100070330268
0.03449994981627544
1.4387175804852352
0.7472299618300838
0.41839976299196036
0.5107163072826857
1.4312545926692728
0.9246183810522088
0.5405377248347852
0.6724366954041265
0.13227745225322832
1.4262117317398963
0.9864731530472973
0.7255507003340689
1.8408986453589713
2.0434152979172144
0.5660481940589572
0.697153192037064
0.5919136991062266
0.8625050770905769
0.043575606239166
0.30856381972942987
0.12137445787635152
0.3196488164798314
1.1272998289684615
0.5903559989779305
0.9444299151439052
0.12386327042762929
0.08204945631984413
1.5698775543820207
0.48034690676190717
1.2305319594604338
2.2780416458275514
0.41236843766038506
1.244548925373071
0.349920583055724
0.23441030474485677
0.23779907875825598
2.875105872325267
0.37984009485111625
0.20142191995157005
1.3196469166985871
0.7746667120450166
0.3249347869115855
0.5965772149522377
1.1846439163136118
0.5460374565843051
1.0544827539738857
0.10620068145739375
0.29256939969036017
0.7944892445502941
0.08028011651963028
0.1493429384179719
0.5359284771399585
0.5274058789154449
0.9837725004580911
0.6964973712814815
0.7027940247190563
0.3116842582440536
0.4464122691288504
0.18254127022438632
0.46776014236581154
0.2326209850934931
2.327847091610389
0.053616386775793605
0.7478751000231874
0.11907550209371148
0.21737332853698627
0.5754873276405484
0.02080422782627178
0.9582560067258538
0.2771724010566186
1.076794696696899
1.1084573172452532
1.3046057391217871
0.42878201838956526
1.1227700466901291
0.5284964042215615
0.10587289456822073
0.1724880180777886
0.9016506144178467
1.8116416230559622
0.5717675868724008
0.8401351304865491
1.1003181029033424
1.0387150364861288
0.5753129611929026
0.004502403731926861
0.6984709476242612
0.14942238178461442
2.052152389538448
0.08051989407588676
1.3552215509370384
0.1931234073696077
0.6255436452023178
0.6133822603547111
0.6356498348818229
1.2318033221539586
0.12725129780111333
0.5823188622215869
0.7266754819381526
1.363741375787672
0.5799312153875996
0.25215207202555207
1.906885482720113
0.4894230184716868
0.04779128256153971
0.6521128949585816
0.1799367066535329
0.06826269764145519
0.8066350953785051
0.34249707290952297
0.3660326297047032
0.8619879765936073
0.8800764929416593
0.8389411707608534
1.1324855813861086
0.5470473872562924
0.5545319363059273
1.4564298045226167
0.8627131464898868
0.5037998882447386
0.4721015065512305
0.0624555070248021
0.043722387537695924
0.4844362488878517
0.44640078496022817
0.1222523692859729
0.8778477367424068
0.12480057991009572
0.7137441864384434
1.2244395961462395
1.0100185476889987
0.3492602224198557
1.6768018753124334
0.17534274699388122
0.195272980243242
0.27362538680606296
0.04164364544708956
0.21144422777815436
1.0076618944328617
0.15932654163122353
0.5849773454891125
0.5888674593326156
0.03673390629545685
0.4944806604774303
0.19967309967605795
0.9731765076082963
0.963613062280345
0.8556855451488063
0.5250523981772981
0.36913447609622607
0.6460708658735057
0.11555604413866014
0.19149504658812647
1.3624291778232074
0.4842433898040616
0.42396136878676355
0.88144541673678
0.2089944754958002
0.04491690139658969
0.515993816771342
0.6006982484598322
0.12512991319507816
0.2775048441992829
0.4082918894862703
0.6180155423949879
0.3577103363394061
0.320294357753268
0.09578088614125285
0.6153323532912823
0.07150402757852907
0.5500604825288757
1.2671164839065026
0.4297757749675805
1.0896138558513944
0.5787575826151773
0.27582998284053617
0.16099207317151154
0.6793357230978905
0.1898212123466134
0.18744988934126572
0.17439472282628954
0.24751101846249923
0.169724213161631
0.48511460040069576
2.072017808025249
0.15037001361814537
0.26409853316813886
0.009437364419835892
0.6427059632639421
0.6720628146380327
0.7374815115115758
0.27775063506162384
1.4777852152744149
0.8517641259306811
0.019910467623547232
0.7161947384047801
0.10954771312990566
0.07321823886752721
0.9724014364740449
0.06035854053665597
0.09307465360374206
0.5883475387015258
1.1951685672668966
0.02610552037872934
0.24499420807491679
1.2313851148851271
0.24293975205955665
0.6787150472784814
0.3477259906822894
0.2966152506554624
0.5365413483576145
0.11044200979208313
0.025131359389052307
1.4985862719094818
0.2659203260134868
0.7101551297887092
0.9236873779192213
0.4638040596755601
0.33808335526045497
0.5554384151998734
0.13447187816413175
0.1796996814348523
2.2648824223066755
0.40866774157434915
0.48246408336250873
1.1958579535602796
0.8200057244315777
0.08094509813065343
0.2562799576369838
0.14052028548397769
1.0018040115853395
0.27398136329887196
0.9896403797338479
0.8039182338462126
0.012787097505231744
0.7605894781384187
0.26197856526080254
0.6160687725532304
0.033219843532617435
0.390154978795282
0.7555422866177414
0.5127132868301248
1.3750413550109206
0.30273798606984637
0.734557342647358
0.04210084600380581
1.690520066842499
0.22888015566213496
0.2966009887603208
0.2678068897350279
0.04040815248830836
0.1354646165546519
0.826659253470646
0.15432234864927286
0.31763659672761063
0.7153036319943864
0.9145351213272759
0.300687822124716
0.07760428419216356
0.45346076566120186
1.7647751242204215
0.09357411247024734
1.5389742124133232
0.30638991958747785
0.8080718043933226
0.04476207784214894
0.0023143861215415033
0.3493089114779723
0.413858111351941
0.13091668337401077
0.920358273629434
0.06562391644856846
0.04708820888788492
0.4399602605541715
0.11473242410464007
0.4440627161618721
0.2077492409289273
0.08823752336659886
0.15186124000703335
1.7080462637430747
0.4549353990644783
0.7244451793474075
2.0314012008481086
0.006915099636715348
0.8384333367517238
1.589908748047591
0.19886564534234552
0.5884957312051826
0.1932077772087702
0.36223902952127796
0.04526454802362037
0.4269870563928543
0.026924532878962588
0.4209087822755707
0.45190194785927373
0.21498016509897433
0.2740687693848243
2.8129209040866803
0.03452369216253907
0.6180456982955477
1.2417515757401667
0.8355159612630936
0.18166753544713457
0.3167981609583142
0.11155948963300683
0.281063467692594
0.1632042504746857
0.344524746490423
0.34038666498360975
1.7757889916076168
0.6381409776444553
0.8602280140953897
1.3390205673826614
1.2126583176094732
0.33735005979582294
1.0098915509554407
0.47379734206691365
0.06589204838849096
0.8050022363050989
0.2520329267712913
0.1798417410240959
0.925159255848785
1.0046862126360585
0.4552850713644642
0.10770299929052199
0.07087056210903589
0.08986637226412993
1.4818770646030948
0.36685424202806116
0.34924897040891495
0.5625255011774806
0.8371174184439013
0.376653407427085
1.1148714401778743
0.38290472763149785
0.15866022619217987
0.5064335750654675
0.145670708372178
0.07534774153617589
0.4578849812494532
0.4262885629800639
0.27305515889963217
0.5523080202223772
0.313040976653219
0.8152755032464274
0.20614506457030182
0.18853625116910477
0.09737578258162266
0.2877399916838643
0.1308819101209706
0.5779017675860306
0.3759052176564851
0.03781882592905444
0.29015627201308425
0.3748625245148802
0.07976841571334058
0.04509526627241868
0.9595899270439142
0.032136563736742764
0.3879392028942403
1.154679588541096
0.2009414721391843
0.629176543787376
0.13549880708870693
1.2147878726774959
0.10231146103150189
0.7476439507208141
0.5589578690769743
1.4346052876117068
0.6052366868894788
0.6130347206631788
0.13335214240652804
1.7737991366190051
1.2409653408312187
0.7787577289634339
0.2552542522946081
0.9554397277335869
1.0060133959889277
0.10461170886695244
0.1585882292691825
0.8250110352786085
1.3439594233929242
0.2042555997452388
0.2680319749263882
0.28557732724824214
0.34936461148798553
0.4374629664518629
0.6114540687114849
0.3828134485384403
0.2188964557070662
0.26072228033564904
0.43957634243813565
0.6078728680923003
1.9147480174894391
0.3577805327652784
0.34531072335979446
0.3990503432563252
0.22288964725826516
0.24723590882839006
1.6045188130926848
0.23146137646842962
0.17806315038651538
1.516493549798159
0.32294985847879926
0.9088599180820399
0.18036686825904383
0.43615518643353174
0.21028895205044998
0.8281594258665548
0.025565386672167602
0.04316737345088286
0.12872234813788513
0.017993828586583657
0.005726482739146143
0.6426949807122425
0.19480950910771352
0.12434174840062272
1.6148028455081769
0.023234103236726204
0.6136842532293946
1.4078288860035684
0.1474126989609573
0.12969902459393517
3.605393769998889
0.36457749713021015
0.46923077824988546
1.0512050781361382
1.087943989215972
0.9695768133411564
0.9156090688461926
0.3953693921043555
1.2463974525113883
1.024830598884681
0.30108600655138046
0.19972575178042018
0.389840073863905
0.9920407002198611
0.7682471359191958
0.30117243423385737
0.6444636844680969
0.2630500019205845
1.0046360761522262
0.4329780401741518
0.48796716176633287
0.2885794234914695
1.12371272974629
0.9219646723786253
0.6045248517115835
0.6541303868648556
0.322225468192335
1.3906052782465412
0.48637230921570274
1.9180337982060949
0.7019329015621882
0.4050502892353979
0.8281079958799342
2.0143165962333724
0.6149272643353092
0.4723620855985537
1.129963509700969
1.49096403930967
0.36341082827191723
0.42880282722149093
0.5380630085948264
0.2568609103691057
0.45870492831232745
0.0778757659891915
0.10499092862013054
0.26711253823117037
0.11522731327310469
0.25471606816553355
0.27466017389129277
0.011321752484871278
0.12495181602936195
1.459162509346973
1.0190567541754887
1.3216795468703941
0.3161584541364715
0.10607401557798328
1.0420264320493149
0.754284311259983
0.26576313370859755
1.4294842667181489
0.16156060380460185
0.3732615812169444
0.24933746123961417
2.9182595371385425
0.24535829100144108
0.5265878618745088
0.24117272911230345
0.3061490111878402
0.3999004431833905
0.6057147843443209
0.4904837821237122
0.19063997999140012
0.31786766024840263
0.4604566645176376
1.0310651143612917
1.3513277451198216
0.01493922602087935
0.14161352355190035
0.3525381058017809
0.058099541197663966
0.24271432757254316
0.544279306150878
0.5310652087364628
0.15931302054375845
0.6018199201350782
0.7487106292012097
0.22242454830954422
1.3774318158224996
0.053705033697254635
0.356960575064599
1.3760392886483928
0.6846044758436882
0.02436263612353019
0.439321129714627
0.2967077081396845
0.3609616640715768
0.4599610082404046
3.011867828390111
1.020959759773861
0.7446051668480338
0.2817227335215268
0.15980990414185758
0.7860914844421775
0.7641054749655601
0.9969049880038882
2.084255799762857
0.21668182897812
0.4394980931001737
0.9418930296112213
0.08768283623403325
0.02446573625404283
1.0226355525371038
0.2487692792183351
0.16797277505581978
0.5191068956390602
0.4403039599589724
0.013224537028005535
0.11679933275335495
0.1270630581007399
0.325480320266116
0.2144167688173102
1.0274793720595121
0.9996571224154742
0.18816519843053428
0.22565625079326762
0.47367807232171893
1.6162515547361709
0.2620084611732194
0.6550856609012073
1.17752764886307
0.9817986378986453
0.6341988495003957
0.3225399691352888
0.08653782738763306
0.1271130754953523
1.4862812200659763
0.3354284947121757
0.07089481891349553
0.07808121630792383
0.018549685634594776
0.3120787599551845
0.5933542139093972
0.07144479991405385
0.29973795301100137
1.6391831784040016
0.02618647080868343
0.06580818028077977
0.08613372568748853
0.6621641227817724
0.2622186790468306
0.7892583915114737
0.06247511104982013
0.12772453184016264
1.1450562859041646
0.34572881104505576
0.16863835517468218
0.44755098447679603
0.4910774443643297
0.4251905403135989
1.1447567208165044
0.27762315794116355
0.07402512655919641
0.4270238333873538
0.16798791040750774
0.1002925932796626
0.0771342113606824
0.421155734542091
0.3248037162608564
0.6055470695486876
0.2362593141968233
0.47709946650442103
1.3882838573764849
0.23453481953535818
0.027610830906950358
0.8693989353215265
0.32864874210152045
0.6391160365432759
1.076818019840894
0.7371534159624168
0.3012592674345902
1.1751339202292739
1.2287699628162994
1.011376946086933
1.5563358516533012
0.10865911482395142
0.13982288418189565
0.5151141888142275
0.06376602161879379
0.7325483159542978
0.29436108377326453
0.10374013143983252
0.07172292353457912
0.724399729738776
0.17577595519488182
0.09774737025413444
1.3223805949867173
0.6702776733595862
0.6315190966670496
0.3037155553559969
0.12249323909195411
0.4250088174209123
0.4888504573304365
0.6548640422302274
0.6197252351172617
0.7523099750914104
0.204185700226654
0.03490913735106656
0.2584950048006832
0.0840508071303775
0.8191092090843506
0.8243024691881431
1.037532965128813
0.36514746133943105
0.39179555774470015
0.051881669689969434
0.5028440386318236
0.1901763563872263
1.438953703818992
0.0898989218062138
1.9055106991380657
0.5287473443249139
1.6191602713543705
0.6427167935650446
0.7303707826255098
0.45110029390702083
0.08481623520986974
0.005796342268254118
0.12913035565360487
0.4138331768146916
0.19670514279367643
0.06903648065578019
0.09451342787841252
0.20205274774936857
0.3657438117143278
1.7876064672618233
0.11478608285920273
0.15072319053598737
2.4998112583308383
0.3623934459037822
0.2865231374141495
1.3808545492743411
1.640084076241639
0.7819339537486473
0.11020266993278947
0.8154387722982799
0.018749754104172213
0.2811119371746196
0.2813116505234299
0.4009287324076061
0.8052194953617265
0.2558088852921472
0.367296567142282
1.4957966423396978
0.2184873402485413
0.5290950440165443
0.22959516826502638
0.07824713658185062
1.156410875914743
0.3401760701713764
1.7838134915364103
0.3404523944189435
0.8419944439565163
0.5656792153443495
0.14770521970955097
2.1018158756107197
1.165588042028728
1.6787092604338931
1.2733934372402
0.10520324013617428
0.4114954696548893
0.23715189854395613
0.13611883328369032
0.12929148826669945
0.34907248007778185
0.22548974721560186
0.5325369088256938
0.22832613188467019
2.0431874703685677
0.24023238987509474
0.9101191421582221
0.38601054633900583
0.2835104993029574
1.4245961314135367
0.050632415811644085
0.10410314597513935
1.5831280742176403
0.0389007822465302
0.05709735061246783
0.7475784327428511
0.47439840885080004
0.2785080737227484
0.06112504455278479
1.9961379562738721
1.795446052514401
0.12059442147802156
0.4163444209980332
0.26105830219024956
0.16830374984091234
0.017082694512137567
0.03956871174760702
1.4897589968637734
0.08303953526911692
0.35640614538821974
0.9813154260858927
0.08381337421743998
0.0850809559571284
0.21280196839013726
0.22720188891141263
0.16285727460495789
0.2292593005030339
0.29240275417852274
1.200806894394627
0.7300790299193984
0.07066331644139992
0.20138436024025697
0.926743329789026
0.25304022809321447
0.018495890935094936
0.5298900431066323
1.004659816753926
0.44620506743317573
0.40940469603784085
0.2422025075194636
0.10539811798186133
1.1385057857537169
0.6255824948847126
1.4654733083330622
1.8456808081382354
0.4748648721623555
0.5430764388628991
1.6410746000956264
0.3650799196531366
0.24688225659809085
0.46123836712737015
0.48247919893040153
0.24388092191234312
0.15678880709784862
0.00453975680030079
0.06534635425227785
0.22747512800484454
0.03670617216432395
0.03848199343785232
0.029860976731579298
0.5846819773000727
0.5709607286239772
1.994823269718029
0.6067353606191206
0.771310052813157
0.4842163368974279
0.09929648530596939
0.360061613938925
0.8544693837282954
0.832665781022269
0.06784516567622165
0.27204072359307585
0.09782101641978136
0.03546663821610129
0.6951369842570587
0.06848326898803116
0.3055741359679927
2.171827376020329
0.9153161418705258
0.08348757612099265
1.2475004494527397
0.2444923245539237
0.24012891192848457
1.6402382568490042
0.9268103616439223
0.27598882256584084
0.620468096699646
1.5163896353737525
1.7125366247126836
0.643396457361124
1.2650462103242088
2.8396204206814915
1.459274393531942
0.227145055817232
0.03473729223701231
0.1512052174025741
0.7127080391570795
0.7134347806382305
0.8539309226689135
0.2833513745343732
0.5788641887668922
0.6972873006962474
0.18518618863824537
0.22440802140656887
0.9254533683708208
0.026028481230145794
0.06276017129011872
0.8401218180895306
0.14084116755529716
0.4352662341093342
0.24067855724169926
0.035254408804343086
0.18679703235083397
1.4665228614216999
1.110562037927338
0.0027351138999853124
0.7726254285940889
0.2978218389220585
0.008094683428957004
0.7402962054027119
0.04469418702553681
0.16119339733897944
0.28536396660788005
0.042277939392514355
0.06851815417290756
0.674697502882247
1.1429003637304065
0.7710958373097735
0.39928213051637984
0.07991804376664398
0.21877143443951855
1.217854374631969
0.3741112256743005
1.083119576471443
0.9524906118499263
1.6305823539719662
0.86116485144963
1.7744852311764734
0.07218888109599074
1.3060970294953382
0.13692780048011577
0.11736790675847716
0.4322012894917243
0.16736102672705916
0.45558475340349325
0.06427251197668184
1.5070881160391343
0.02448416186074968
1.9234689775971758
0.3349032210282975
1.7889028415764343
0.07985101049304093
0.5247802038538619
0.21283829156478126
0.3557546716996225
0.10619405980185362
0.8385964669679467
0.904672436347079
1.1110463493117029
1.2379891292952405
0.4825807613051382
0.774868315437046
0.925946311576514
0.36144661916125587
0.8047939748976347
0.4056554324955663
0.1714012350933841
0.4978422333631078
0.024003830720434376
0.23896237545772
1.1653912533714623
1.497710360464736
0.9098311204585623
0.7995141228451487
0.917856248105823
1.4724508967804444
1.1392175813881058
1.5188523079655152
0.3463181758996544
0.0640819177094203
0.03178257910223284
0.1411994160711668
1.1448359763013771
0.44643167051361465
0.20739366996144684
0.24852615366815253
0.28903110512342084
0.823178021663578
0.4269200266968077
0.03893646935075672
0.2542663266132478
0.8106710949141888
0.6341251010318149
0.959891959445386
1.507933127696943
0.2555053403949857
0.8455739684080962
0.8085625402598133
0.15903106051024207
0.4504503383736425
0.6567790232322603
0.48573677687132427
0.36053745034780366
0.6556545074861582
0.3656930634284508
0.45474995742582897
0.22141748438307338
0.5346659148350125
0.5926712097182616
0.7806553767437491
0.23607033046190953
0.9917750203433813
2.302377654347499
0.5160614734644934
2.072831575788758
0.36887643773983575
1.823583444502014
0.19107588869473527
0.1456440648549875
0.028148949724284587
0.11294070834558038
0.1493962621728328
0.009729434860932674
0.030562725468940136
0.08333040933483726
0.25315025779146266
0.09237946011055857
0.378089376103942
1.6279304020728715
0.04165215888520936
0.4662442027885026
1.1473805647225703
0.15512909539725409
0.7915035716318848
0.3035713412333705
0.029445199415755813
0.491601052665589
0.7045487782819202
0.6447726614218596
0.5721908513743486
0.28235992807451155
0.03466740107646819
0.7804496107773302
0.19995769615600228
0.18478841532981927
0.778838480521173
0.08278750147579993
0.4218484348231857
0.3671709134320771
0.014655183394745513
0.04895818216457047
0.072679495387226
0.23080045683984599
0.14030680034919324
1.1341364399004994
0.6179838575774217
0.9646030036769975
1.0197535832882227
0.3017055444661283
0.04138984778389059
1.2843559363501178
0.04446706186108839
0.9784333188131668
1.1428893309242496
0.6745605022906407
1.1914280096496392
0.999791274097212
0.39802929823717664
0.01934354861217093
0.24891600492534405
1.2343755833267007
0.5052259001634595
0.24310903725724767
1.0294094863962375
0.5397384819790354
1.4686509744063878
0.0673548771187464
0.8859276673963381
1.2272058837080289
0.021630594542100506
0.2463820153394044
0.8121284436065169
0.21076976402056685
1.3019234431777649
0.7475535231874495
1.015341410913467
0.03772053652856845
0.5657166779331515
0.051083828748587426
0.6604125547599671
0.5998384529746894
0.03958033632617491
0.38174210563224154
0.32186555682328205
0.4327328064822997
0.05816666072327332
1.697179795978496
0.6992393648564571
0.07603806295812433
2.005034266408199
0.04222676418610326
0.24352654185971712
1.1176483334179086
0.8841197080934602
0.15140522697889414
0.8330663044659993
0.2642319260822391
0.47879924746889374
1.2284631884107153
2.114585316364143
1.2927562947994553
1.1162010099901334
0.510086921787584
0.2981687271138811
1.3251104759875676
0.8346459814914028
0.6102465359846805
0.05171380842248279
0.026370423642845253
0.8329979420620267
0.8447270508014649
0.180010413311026
0.38134484978091654
0.4335990326846325
0.14953820114650596
0.10550985674107041
0.16632119612814084
0.20369966599249983
0.04945091549139433
1.523422741976899
0.22569604819530723
0.10177155291621931
0.8997112578261959
0.014101049259831492
0.10449472239823529
4.283312910770064
0.030915876410949984
0.08611247548272152
1.2761768379586178
0.13665491074724395
0.45051849075927414
2.826422315895805
0.23356070036572965
1.5005115784279264
0.3165235497590891
0.21523073225968312
0.14909581815180645
2.045891993089057
0.2215985702382909
0.19601913739328228
0.2518105976079788
0.7933069240150682
0.6984269155333632
0.269348712082659
0.5321361218256163
0.3245425608453263
0.03229466343479528
0.0151061290367397
0.8932051104783113
1.9749961195541583
0.7503114238772844
0.27993356383682866
0.0647118114967469
0.024363282027937045
0.6044743370184705
0.2664323123115671
0.07381097153555337
0.03874805215093037
1.8724338167079129
0.04579638059227887
0.26811267458219296
0.8211830929677076
1.9557865374057375
0.5375762601647219
0.6422264780849454
0.10972206256360809
0.47451327081383504
1.6012579758307908
0.03243129044378527
0.2289904536543702
0.7126142839960639
0.8136417523293482
0.4101619137948079
0.4736261536450253
0.23856059176904199
0.7228465139572262
1.3023249914943773
0.2805509370313952
0.07477981745137131
0.17802577095178662
0.49578929928041116
0.7360924087014168
0.09785304126764403
0.4488336595098865
0.3539906404772795
1.4623236828340536
0.4995053553052511
0.04327380688574851
0.28217367293805024
0.8810468040445719
0.48836729840812626
0.12056428329662286
0.08857559089896692
0.8683964789411411
0.661536791961806
0.13155142935579325
0.8948099179141937
1.2917697174601164
0.20220478938269176
0.9639349033525154
0.2722452682332795
0.25388894529813516
0.38257735880360855
0.45217846977496884
0.1910559938024945
0.17813049034402537
0.21341128397214784
0.0886834558064936
0.4813418152515266
2.0239872712950517
0.7618647837104398
1.1350421826905006
1.2372385060187845
0.2658256706267659
0.3037580237818284
0.3712287920102171
2.1876562235266315
1.2471199931597867
0.7598110285526566
0.3800519697855183
0.7386852940706261
0.4856363293663515
0.324921930042124
0.23514817126890786
1.0494604624638182
0.17060221506652068
0.16607319703555534
0.6685406229460578
0.020547052408326015
0.8429459857200141
0.015441729954288448
0.3314464187362714
1.5360771628909562
0.4583505450089128
0.5274555121332711
0.32913540250272266
0.48915213653039724
0.061720283311834566
0.4826745026927052
0.07467788224448609
0.2564600085869733
1.1547107805505785
0.6825814044594073
0.09538593920138351
0.10313805734771013
0.4103302263893968
0.12051536007571588
0.12573509041765504
0.3998479035498535
0.8337613733562576
0.4651873013051471
1.575338325728468
0.5630031770480751
0.7481535485101013
0.17447063202143906
0.8791135053168968
0.15609110038416232
0.6244644002580112
0.4855947429377881
0.08227947249002485
0.7194801552191534
1.086827440101125
0.24202989047856582
2.051401314870201
0.07209076189527065
0.4079445435946514
0.9933958340529755
0.32433040090667853
0.26793881900335276
1.2843447993732928
0.2893425805376865
0.2675660059636597
0.2100167737606905
0.14324431884809663
0.1740998331078859
0.596948196141863
0.34358658734548325
0.18484267059762863
0.158880485439819
1.0880940941816666
0.08316971292833232
0.4450958848994392
0.12205445591643829
0.4591645131328871
1.3306762416149909
1.2844945969876138
0.42095356938378453
1.3377708013360314
0.16320731706359543
0.6891954808486614
1.0390107612850445
