0.48555414600037294
0.32251770364462035
0.14638345950071321
0.16268942653892104
0.5577328020024083
0.9588153719728553
1.9671414891923225
0.39515953986639735
0.3374750867293801
1.3741286115442883
0.16195903703901415
0.09283389775993628
1.0361971691119833
0.2713088179307505
0.7495481970632865
1.4405115744157564
0.08690332483841803
0.3370726003927568
0.8853495053228742
0.4766850016523002
1.2768514698465134
1.1478063487721921
0.1346269990830772
0.15865374590557052
0.2866357202918219
0.03058442207334955
0.4141763510549002
0.8081888992341093
0.16899827539222476
0.5325194173341529
1.4999015841727013
0.45752544584437754
0.7943486005173387
1.6706792746490138
0.044539069417346984
0.3532704710901489
0.8988448232673193
0.7396402363361118
0.8109567317020405
1.6532568215978516
1.184113884060328
0.3005751957725652
0.20608062266102875
0.28573028321303073
0.030788677777266522
2.7757200279529077
0.42757682908361894
0.782493387628251
1.065387711889298
0.0917065241882694
1.7096919810314346
1.1804823940885598
0.03146265189637891
1.51873808457412
1.7934845775079797
0.8873375553518515
0.8140284299312847
0.5973011442460315
0.12693197254706626
0.07650650538580042
0.12982622973350713
0.9064979213103785
0.7393643276562747
0.1272195934830572
1.5061486616239552
0.6705792869678582
0.4952961291182662
0.009988118697801657
0.10979445896157684
0.6389556569571944
0.047431583305262086
0.06430249833000765
0.17237966976035432
0.7255142992956671
0.8261488731355313
0.29695204244166845
1.0639050636461345
0.16276138350876745
3.222400230007189
0.3325517501034873
0.8034048279653817
0.9176144064428059
0.06576249962720529
0.03692256288210233
1.155603372577912
1.6604579651660636
0.2636344301473765
0.5973534565969263
0.8523394144808547
0.9820844015141122
0.40214450586042844
1.5487556149376749
0.9503998228827288
0.2172948904243288
0.017164212078073966
0.2380179384171983
0.32782754597932856
0.15817260939191533
0.12796491257338435
2.381514119748108
0.13116469519685536
0.2072387331349816
0.19931711376674496
0.511731049992808
1.0257809730459342
0.8546210454434399
0.6402507430745772
0.8655019243158353
1.4433118744619011
0.1010732250584051
0.05763207222930314
0.6885894089589104
0.031851178765374764
0.2699835332600515
0.04730447591110648
0.8409154154029792
0.17589937194577504
0.393208833010611
0.5979419839055713
0.25851773486670804
1.1206783815143764
0.36928232189830207
0.14445046680868429
0.43852960661726575
0.485885192718656
0.45908046996570545
0.22848404200459774
0.15590219450956036
0.4484778461809487
1.7771638512396508
0.30434701341386766
1.2575601543605617
0.5114572687831987
0.5147945038602004
1.1742454021821611
0.5110685635263751
0.8689987557260023
0.3008600990308499
0.16010534015742622
0.4937891379407954
0.207011974214535
0.1620934437087302
0.02008117595775655
0.7771722338573184
0.4262182665418993
0.2680696264763935
0.21378197899651732
4.336169119754867
0.29989719737952253
0.2620682466609029
0.04489633960744461
0.20422500355891793
0.5353187115965747
0.8869293667855535
0.2913560259769188
0.008622332276279898
1.5107475299062283
0.4390045914825103
0.20612966388396856
1.8072241896439667
0.07976045923883844
0.5377003154049975
0.2176087737001888
0.0856013534609426
0.32516760892692165
0.2623956593454693
0.3113027853877097
0.19602925635868
0.909614134667995
0.23692283916678755
0.4443947840092528
1.4002932063864744
1.064059479321279
1.4194469658302369
0.886582743330563
1.0194932946394053
0.19311658711363222
1.795004610304329
0.47284943749761504
0.2380121178846389
0.3444240985141971
0.07124647751521478
0.12001507052705575
2.831996835345933
0.1409779785970354
0.5251370483217379
0.8364857644466367
0.4946925749409523
0.30054554121376403
0.9510774228103399
0.7755369768165664
0.056493727041785076
0.9289865585023565
0.19256331828070591
0.04388541442436387
2.55884645340022
0.20868356209310424
1.3132858151606859
1.5733861792092065
0.24953201223177976
0.8153965949316391
0.22373326244489614
1.705961851560105
0.4157589192664612
0.22571255222592093
0.256170176560814
0.4606944979372079
0.9692213523346724
0.08830426242067639
0.8292423861904324
0.25306595746293264
0.1184977410338118
0.17766845729542102
1.5263206478404046
0.23589077663887395
0.5715165513105837
0.6924527648362441
0.20098499114858367
0.49764743273263773
0.8806267100397486
0.6439961665825766
1.368639633854204
0.4489125224560886
0.694512429898213
0.6067984436618571
0.9283921277344063
0.06030348038404564
0.15378685998629213
1.5605208906904473
0.0745068904999315
0.09682943289138485
1.5503003786461702
0.7939160453349764
0.24367884007593346
0.03671942026355981
0.3627517275842831
0.784581872241233
0.06648959055904208
0.974314571994746
0.9606784471002087
1.4461674194998622
1.2090962337733593
0.05626101409925178
0.16318907729155618
0.11461445843380341
0.4784415228019164
0.30767489469801007
0.5595612498835172
0.5089598526545133
0.5624373717105724
0.35727246693916026
0.12748290613248756
0.6837631566221449
1.1075982670367692
0.23441487093769242
0.19809328209910673
0.7745218678835004
0.13614371970622036
0.7606465793019803
0.26539798538960435
0.10444244701655331
0.20232396223191665
1.2145736928896977
0.13899263326968309
0.49872642336871265
0.4791643092011072
0.35283956609439177
0.037142100655363976
0.3550134680738797
0.05816892176872586
1.0055129065044561
0.19163695101927727
0.2906931582080551
1.122256089738955
0.32441556177839154
0.16683816595719442
0.5298894306085554
0.7577543189241867
0.07045999434368792
0.14686039784683483
0.07428738924451868
0.2921863027650776
0.9039628403505529
0.46352343497524046
0.5668656178316688
1.3641854001377025
0.38275107376075923
0.4644676800138303
0.9577238959027834
0.08421649420854621
1.3895251411450085
0.17967048960202667
0.1194946764538988
0.13838952343726493
0.7386600648932189
0.4944724687763403
0.10549032231014101
0.36724112653834
0.09759853097101401
1.202485800233284
0.5100027997029488
0.08898715947775657
0.17253283583761528
0.7075578500055371
0.5033902189309953
0.17566868080379675
0.7115871437032747
0.2828639734285932
0.6238955367091277
0.45706726858176633
0.17522904125477373
0.0664882347404881
1.406081093012213
0.08008668825578101
0.37789318075929446
0.4324200882506976
1.0214459922975283
0.0984465030567416
2.520414368876225
1.3204876684335023
0.6482624795467915
1.41077213870455
0.39425710201449926
0.8049229125313663
1.0034071449384814
0.009446773463692397
0.05181700187779542
0.3188674110470856
0.008806991114052093
1.1322726800035103
1.6430688794367825
0.6872479321475741
0.11780560315890751
0.7778187111437592
0.20838337977903948
0.19998611722220103
1.6010703878262489
0.21650841735582899
0.7710957703227728
0.33080482822065693
0.16292136979106706
0.15806891308930696
0.17223218893728365
0.04156655498541826
0.16338609204575258
0.5019685261456724
0.8159851853240339
0.22574598670900067
0.6549372586225459
0.010004300744525014
0.1173013076208917
0.6698673136419993
0.508162294689004
0.3040732254398697
0.7713041106443397
0.17647716982159242
0.7446191622419472
0.11335227253729414
0.471979276267124
0.4729610746786335
0.7459289678377129
0.09811550385771257
0.8209122988726644
1.960478214168976
1.0018628770112954
1.4196608951110898
0.2814659190335152
0.025118381715459465
0.1316671415267554
0.5303485684998318
0.1459934589789115
0.14594608287016397
0.6761990808821121
0.6773418277073299
0.007255441018265045
1.9872464867032504
0.021853440615123534
1.3310081333966837
2.4616307976109697
0.14052712385724145
0.13777145549754416
0.4971318400566146
0.008055739694338072
0.060519425402340774
0.16901866907177035
0.2237783632464252
0.07953804999560972
0.1732592705039035
0.7862725388724328
0.8954431282097457
1.2677534079624038
0.5761409045140495
0.6097954772624713
0.19310684077684473
0.24255003683664952
0.6460329412899123
1.525844734073074
0.22757392003635138
1.0478402367734618
2.109822509668389
1.2882224631206638
0.6100849452772212
0.3231545882815491
0.8127958756344871
0.49502649962788575
2.099072423407696
1.5536730072187102
0.36006007590011746
0.9154489708551475
0.0891887450878282
0.2622857866942086
0.5373780730866986
1.294839610301138
0.4138862132197101
0.29769593393018234
0.5670635585460131
0.41601624602731957
2.2488557470881148
0.07169674871900761
0.98718517223905
0.46612782199294883
0.49445661922676937
0.5983729038352438
0.07360267871949984
0.17413251379331124
0.23787382429811527
0.02429845439197482
0.05438158431277234
0.00510477234559668
1.2188273240801046
0.11659957774562002
0.5156472608732549
1.6959205269838145
0.2644524272288474
0.11754714628667172
0.5547413238616764
0.39925190128611865
0.12332208709605087
1.6234904061238042
0.06513232078647845
0.6523682263516437
1.143668808072398
1.0038757938794012
1.0992938647707544
0.04906587228463697
0.6318995982455752
0.921045025996179
0.8940012134394167
0.9861154572688082
0.9894199203954183
0.8802798858868074
0.21469382014978702
0.2284309990935081
1.0060169088605941
0.08441342747738627
0.13223050795817995
0.7967919970815941
0.2525404121057668
0.0493327162099835
0.31461699671676635
0.33709613148133877
0.5575931464633721
1.5896944074200665
0.10728262384358092
0.20397307978202775
0.49382323826384034
0.03862749959765845
0.05240305705751808
1.1290814093312478
0.019123530816216146
0.019538555031980213
1.9871257681014838
0.8307963930984891
0.6072751826147716
1.6818699043342447
0.09143299244075834
0.9165349924766729
0.7257376349192597
0.6873329628076928
0.0611793467752707
0.359348555643923
0.11632135255873503
0.3700990486985789
2.6441770526793045
0.888250561461826
1.0660504669574107
0.8375977714019378
0.29705954016644626
0.9376424239651703
0.5790900770948326
0.11068705667512767
0.05805663820881642
0.591529293002201
0.7448811737137636
0.3394248462370772
1.6001443683726735
0.1250939569988431
0.19431667853241774
0.653875275797546
0.024299337799979004
0.006199395868272022
1.5051465923898273
0.45317737021208876
2.22661300535171
0.07215149460389389
0.23378052638625874
0.9556424371349503
1.1198486681723645
0.6474973222292163
1.342050394560592
0.1405561917114334
0.6148525294995919
0.32247588494223794
1.4325969543043653
1.0478239689019648
0.26448636766638145
2.7972122299872653
0.03376409660552024
0.25895805786405574
0.5528941518079051
0.42408475619248354
0.4395269833951572
3.1798667484994487
0.33991088029674305
0.6944986789743256
1.0843868494443107
1.7801073348672316
0.23558264798284215
0.6757043777181239
0.9802231665312721
0.14009200811698413
2.1069067829392267
0.13576166519090832
0.5053126479726959
0.7795923293154217
0.05243676597253445
0.08324290381622383
1.1097796250127079
0.007536884941183036
0.27211266724018585
0.7369192456869543
0.15468098554648138
0.19584097964565958
1.1357897021315748
0.3647425316761454
0.5534547085161382
0.1917072390697784
0.03152163339280403
0.3251923357595661
0.5626808720841053
0.6611854188245442
0.2570556630079005
0.6707474289857661
0.4317731054231118
0.17373380981148662
1.6614535846772682
0.0672194930545228
0.03446629811384482
1.1813711704949632
0.3444060766380513
0.14962971937627773
1.14358913950775
0.7149325916088549
0.07619865230135223
0.49276771291628946
0.23037510831771896
0.4359362018237531
0.9744605383639247
0.06524745442262385
0.10379522238654526
0.5077915759347683
1.8270930354149486
0.018268874752503914
1.3515789689836886
0.49705774468503433
0.031180474314295027
1.605311990432805
0.22760257348287194
0.1414579016121656
0.8964265704418614
0.21021707907494355
0.4034053870369341
0.9512910212386055
0.27595002955718995
0.5136896456812374
1.0356847934388511
0.4685818918868602
0.5065352059138842
0.7547597644721641
0.1239823425490903
0.30030657062446336
1.2004300277641191
0.2792128144405651
0.10590286652096967
0.23042029827517818
0.31774267789970045
0.27304498340149796
0.050001489287731585
0.44326800606779343
0.339764732375474
0.35323193770490224
0.02400835238968711
0.16161319422886153
0.7327044949268663
0.19748456532504682
3.4753321632274106
1.2387630353285168
0.38397273819283545
0.90536534878067
0.9636323377025507
0.5369965534685097
0.7455139544133659
1.2821546251115112
0.797407638676638
0.7988752884292977
0.7851982061837283
0.1998507260657383
0.19220871108950838
0.3944501322974014
0.793694238340667
0.5532666065710744
1.5777991295488742
0.5540056017949124
1.6187505561607334
2.1563255671773804
0.35599378724777586
0.9404243943673396
0.12113874196925861
0.7626172623077586
0.31681651451571213
0.22491839114932918
0.48286254056277805
0.06999745990424008
0.16178093035933083
0.26759973298931816
1.1500587469521117
3.7409298473123953
0.5279766650412474
1.7155137835730212
0.24876167869865612
0.7220604410220977
0.8837383426207961
0.29009830547073084
0.33546702501082826
0.7154033216289296
0.45158788376174536
0.7689687355619892
0.46184552480603586
0.15286416910674844
0.5335744323478816
0.628894367877765
0.8626028270444814
0.1462152353960069
0.042089330384337875
0.689394765950872
0.09798691131165026
0.16455473865127554
0.3952760158832899
1.6782147839894608
0.2370875729811279
0.6827664599642266
0.44820766582139365
0.6752570517886636
0.23175735880757328
0.06939593177561156
0.8259245023645443
0.9756010726503752
0.19205184997503347
0.35302882238503247
0.2606647992779923
1.3986096372918422
0.17558362372420927
1.9557542513953186
1.1437995614727696
0.19341264322739957
0.6729658998366943
0.03655095102031989
0.3139749942447993
0.10922013800181699
0.10911125367606639
0.02913854805997974
0.6785645127027362
0.25870923812985835
0.1336153655886071
0.33832393207885014
0.027432859718110204
0.68668503183603
0.3226410445993038
0.07414495318943463
0.03410133242266882
0.3057891562343622
0.1091728637404883
2.202477003392946
1.488083911663752
0.5148998282618962
0.2592309483986496
0.07692178458895073
1.3308240470846973
0.1237588662399304
1.3836405845118636
1.2374735091274163
0.8889014627068573
2.3598163465757067
0.49594625868803227
0.00600674386067306
0.21706295101787607
0.4643928707938105
0.4744832364115101
0.4854680311998492
0.33810376223777266
0.6229307616315112
0.21059245591490586
0.3880467353423869
0.13345913439411644
0.3289090578554212
1.4274115667196257
0.4986809920812176
1.6954815169213548
0.4020038099130614
0.13502192146141426
1.7385454273766365
0.09956729127682329
0.7140389814366508
0.5373342949190568
0.00704239254897877
0.060036951742677765
2.9870341573261374
0.4957976765487056
0.11914987934654954
0.6954392911087892
1.6568676172133114
1.0741160118336235
1.3181642680780632
0.9802789508060356
0.6186812426031341
0.7594591193869736
0.11845600767612538
0.5752360691371275
0.23708398971885877
0.09166912299619251
0.09153166583099916
0.23848607780105016
0.15877366354115288
1.0720980159596103
1.0932798263705008
0.40187708411383327
0.323251792902924
1.604116711118356
0.0828074766487947
0.10527838885070329
0.34341801080372364
0.3942299178181436
0.027531646505291378
0.32493992114802456
0.12384649971525231
0.7957021825927558
0.9398890813076395
0.8974563256255023
0.2964710107911873
0.03315229456317549
0.031172731221257553
0.09034454786720487
0.27461879242199166
0.9403184432386
0.8939246963716673
0.8991012616911922
0.522051162996647
0.4820274395452196
0.43203752810631546
0.9913520537544055
0.9884239051854327
1.3353487120509744
0.29622185910257726
0.5572646409483879
1.464436924926146
0.17682606979103185
2.374419555028041
0.13351930067751921
0.35934968775081433
0.5452909998657239
0.8877127882418924
0.21228482946955793
0.05612655593519252
1.5969085184647198
0.5859194388146387
0.15365296136068268
0.277719901734822
0.3144998443180229
0.0018830188710758902
0.33196586736016875
0.10007539989876543
0.44988780928900085
0.683555323501461
0.14970753544227358
0.4844643271005516
0.4875808994395691
0.3264356066545287
0.7993829490221347
0.2440048875810278
0.3852071392731672
3.1245537559561423
0.10362589634103651
0.013408576005835397
0.03487519604442824
0.8928407851916599
0.14250320777728062
0.055499087501706
0.04845812404770986
0.18679096971170897
0.208054770302197
0.2527595463052152
0.29274481441229494
0.36517871801843166
1.3487718232202741
0.8045213875640649
1.8436922035465713
0.3695079416649708
0.13486606409429258
0.07640474374173266
0.4074766794135583
1.847236258519326
2.783729036286882
0.14732568950695915
0.06738540074903719
0.0907940768034522
1.0788662856874738
0.3563616496625634
1.8490608795533225
0.3275686557356106
0.13426174252109163
0.3127693656091095
2.3917047139511225
0.1218611310108599
0.4897903783404063
0.6404192138569841
0.018005602392551653
0.04194830507360619
0.31924921754110847
0.32259356311419346
0.7026674511695773
1.041200728726018
0.07191902973253086
0.18003429876910848
1.3156157993025954
0.09210582251791971
0.19600627776406465
0.16424962090298484
1.2132853356382158
0.08438840731795136
1.7753534847086503
0.20983847466917158
0.45382318496826246
0.542531277711537
0.7150678956265649
0.8181200703377809
2.9442099118831226
0.6122835498554134
0.47995237800290036
0.8937640675470652
0.20698433828746493
0.29060660063478716
0.3695634867574099
0.24985905319008475
1.745104957237109
0.24090033410447412
1.661061229876415
0.03591044170921593
0.7493284372036522
1.1147921295957
0.6987480847508734
1.18452565274691
0.00015436845077721647
0.02110679983893981
0.3416602288776067
0.744348114837394
0.9596238071487815
0.6436897658872183
0.7069324026527479
0.16069729671872662
1.097474986247371
0.12187966272049147
0.5308869489860905
0.35521722051874777
0.2061554320311508
0.29759476283622865
0.07320407727821653
2.338823409273576
0.3040263678661843
0.07658742178188775
0.17915281276200723
0.22109218732318195
0.15560166373074952
0.09476708137374167
0.1749356688845196
1.1403243911985173
0.18972894112172742
0.16113144815553
0.7748368078716561
0.4889928475323789
0.15639606907898027
1.2713393099129835
0.11182688534716097
0.07451980723364678
0.9476597646692332
0.32377209305766813
0.1735331468628465
0.12322942253926163
0.051069059395328534
0.1303812184649361
0.6938101584016997
0.5196013033329442
0.243316375558328
2.250666070418742
0.33777568338073144
0.7829380162040048
1.3716607479589265
0.14481915395385864
0.14925310677660186
0.7820514010903955
0.06772794798303482
0.3282557614432417
0.033879426507798356
0.06497831716438769
0.583204731692719
0.38981506499687596
0.03289144389311892
0.18852600076474516
1.7012669108290532
0.38365244254803743
0.7881897565096833
1.862587304140066
0.29024523507797795
0.6135324414090811
0.7712376709320878
0.741993707957021
0.0690515120168928
3.4162673891135222
1.0333640608491421
1.139573082943694
1.4899499248363832
0.3510708679013077
0.852070189954168
0.35779568559863395
0.5399721066569353
0.5975039171898264
0.7104703366873214
0.3429485296923553
0.1056154160910574
1.4920523855748071
0.45085618456374027
0.6899955623432206
0.36792417313363124
0.19920961715782404
1.580537322956169
0.5415696301987855
0.46337436778927393
0.385028782624134
0.787898534852603
0.32487350039737495
0.07153555115639959
0.05501209858260178
0.09052325646231801
0.10246676731179438
0.5394353889606374
0.16464211814301444
0.862101272791385
0.5828842398417184
0.2542324652013903
1.1032300832913713
0.8161141389235314
0.3634384557975139
0.11187615439426875
1.2368381848985062
0.3170934402631173
0.2145423544174131
0.014961662439779658
0.1362021126297017
0.47361756638439195
0.5888503231810867
0.16291878785449754
0.11286473795577237
0.5056393464699738
0.1711537252790321
0.37897904437638574
1.272200721505906
1.6383697354461286
0.19263073657837182
0.6362606174854024
0.7184227835201132
0.6926980983670381
2.788030203895775
0.1629907251867177
0.050994214395337044
0.14484941490101513
0.039344413197293995
0.46527506869849417
0.3121795740524849
0.028019977613219758
0.7836606184251612
0.5536227610630515
0.2595608195273699
0.17705820061769129
0.530490336981632
0.12091598189031577
0.12606826299280646
0.37763407279339706
0.30827325700333597
0.026257149402991967
0.7311569662350277
0.9653416500631705
0.9550513625443012
0.4403290542343293
0.27345107388957746
0.11956260522332744
0.2046613706895453
0.02155081777498425
0.8990942176026657
1.7119853867259118
0.07118548039498715
0.5011273442462119
0.07425501008400552
0.10745854972909143
0.19770679125590582
0.3105773350955796
0.5359448992181953
0.4111136253749642
0.7581832131199426
0.21824703059039152
0.3374165503812818
1.3086736259438105
0.222114718014335
0.5784245322681889
0.5425821824651649
0.7218686157803772
0.23371793809525354
0.717865900365768
0.5838151661453009
0.8623438339907468
1.3222632579597196
0.1287302678506556
1.710800799738584
0.8837609234672795
0.003399841003057393
0.14719954725858697
0.8085566651253308
0.15461006134061014
0.6534387081382993
0.41937418994467535
0.16131672995538118
0.9409128055376278
0.5592261125245497
0.27916406048409137
0.1396091977307132
1.685131365441057
0.6178506213170223
0.12215180965291877
1.29765571216963
0.017940766297351633
0.6273468225136818
1.0443167085501532
0.45073712407282474
0.3749136956124135
0.33361301427796586
0.22643357756812854
0.051667954508331795
0.7298675705329186
0.39575639764502096
0.035062403808509966
0.6513438781462553
1.8326661552399355
0.2005686607543057
2.592980143456115
0.10412543719607227
0.3974062042150017
0.32415488383616026
0.6069725757404484
0.177776178832153
1.3728385454334742
0.6887326832180608
0.4938745428496052
0.014592987089846732
0.8356375954271886
0.19211434524478635
0.5849995289681659
0.21323844020923305
0.1721847556704101
0.6407995427011127
0.15305266917059077
0.2533086698782007
0.8604862011888951
0.28988779207372656
0.20032761935106944
0.043000475028796406
0.027430811090665367
0.05469267390950595
0.43685307612451924
0.17180572504885908
0.24869457406323323
0.8187198075408316
0.9727508641767642
0.5788759678925441
2.365471300562984
0.4847875718895838
0.20959515377435378
0.9250826903838867
0.44172192117406384
3.208505247043627
2.642363198362399
0.12945810677140535
0.726895653288125
0.32716694625389536
1.66351649838953
0.7589493486529549
0.9054704269022408
0.05933357615969677
0.15186378598781777
1.2968689412057905
0.23765008771852686
0.10164208683350509
0.4333579769910071
0.05393473955587375
0.8111998316962834
1.5220572576317308
0.16285349082962577
0.1529803511954148
0.3855202817372255
0.4544864456319532
0.27201308740458635
0.4012781575001898
0.03869719992429764
0.14209350504367566
0.14154105469931344
0.31073040132978735
0.9714420996802127
1.3191699687282663
0.2438119612868979
0.37450119826868034
0.2177012826736937
0.3752731750434964
0.025305776789967385
1.0311881216875651
0.2977952543562467
0.15795111017123709
2.039278024854498
0.3709968253858352
0.2707194155074001
1.888824016533694
0.3693124855823956
0.10042915380136075
1.4116036878594875
2.7002833353953415
0.08055815119412524
1.2323052231624374
0.4069069789484782
1.2615659541966915
1.0318747953767733
0.8315500494758025
0.6356255049137034
0.23616915947388714
0.4486267336585239
0.028606944288986816
0.281545847806636
0.4582218520607061
1.5165598933865443
0.5090779103970251
0.23383958087567863
0.06047486820902386
0.6327655522391702
0.5109039377365707
0.8256866940033873
0.10587100735518559
0.8217279383682157
0.9875830425697079
0.6255350058238549
0.33981655364924185
0.3601671109867041
0.9075497573412785
0.36392002278048674
0.07663501424405816
0.044503654144483776
0.5323963313938809
0.28671409936409753
0.6004254171174654
0.6959928859574049
0.012552292640294237
1.474161720316994
0.2658525475551007
0.4246926103263198
1.0712781116773449
1.2540651323086935
0.95103310187033
0.2284919593963242
0.07704549542308964
0.19995650967812853
1.0986141414805894
0.6152834822578577
0.9681623677849546
1.9596827324969557
0.1813967585377567
0.4940505616378918
1.635971206026714
0.26032642043316057
0.23818156695872264
0.2050944684310667
0.10126099943123297
0.09783030927029539
0.36724458791827985
0.25534055618989593
0.13674368703067014
0.8230630129816174
0.9047003164968087
0.10395417153707971
0.6578646145984949
0.20709220296319464
0.19401126981549568
0.7515153946925008
0.16328602960984637
0.655500203784628
0.12855723517947548
0.16152260590754364
0.844221611110478
0.3645726811322548
0.4917768422485844
0.010522466900422318
0.19721963048212482
0.1167994321562076
0.12912433719850838
0.7247402406323233
0.18380895949606202
0.41537197948171295
0.8176294211605192
0.5478999611132714
1.1825582073553642
2.4137024218850383
0.2479081295449942
0.5320298767411553
2.4300294545275367
1.1740564226302883
0.4617362554015014
1.6260918980408101
0.5223381802980496
0.23896421529985784
0.189246098684975
0.9123778443208276
0.0863499135233466
0.7411156879708761
0.6105974359497182
1.046351769933756
0.3779338569135717
0.12644786939040786
0.23319540480141857
0.7771505174083557
0.3331830763293069
0.37653400439200063
1.8805874666819802
1.3816091087702405
0.4614787641559738
0.3007455662289302
0.5674414731008046
0.04733008589789815
0.5020165375003145
0.6403322688475855
0.4876938905977889
0.6836071109712268
0.3397466222153679
0.1386976129387688
0.44960957863117096
0.5660385941684756
0.8322289165840064
0.3946926353176593
0.40959575702583767
0.2661975298616332
0.88132946247674
0.029672695779954968
0.09197721380653713
0.471226518697401
0.18029103446738254
2.2902749327101493
0.5587675380692364
1.9283725012329198
0.7849717185837525
0.3710464166635339
2.1275490993168575
0.2727544133496821
0.27578683571990825
0.20306634777134383
0.29998399893837513
1.4501825592609185
0.12402695339410229
0.2932585332386126
0.39904661137958364
0.01945495817581842
0.1741045587624505
2.476448852277358
0.25883592517305515
0.5329373054518919
1.499419664136647
0.9208599162849622
1.4104808481586983
0.9858830607978813
0.19509088212685427
0.055886439663569154
0.2185141579529571
0.2417098224974455
0.4066268652878578
0.6191561093400508
0.11139675539281098
0.40732954871483745
0.5928755673525985
0.18330344603214366
0.13214596309831858
1.347509282652843
0.3807792259076467
0.2563817867082235
1.041532286262456
0.578042331933159
0.5526091472798843
0.13463351113917585
0.32410850137380715
0.8999688756375148
1.0806815229999478
0.5222232817294384
0.2085559215173105
1.0220938698231516
0.8206329391214846
0.42931825646718225
1.274548588322107
0.2190964418947599
0.4029335038141041
1.5574074001299467
0.28300905430697537
0.08809584459321297
0.5596245655446621
0.3736992947906989
0.4394991522901344
0.6388692418768875
0.22507894809066087
0.16768059497448567
0.3591567235063489
0.045402929202491525
0.02929992219079423
0.6918561474124093
0.7002508736951604
0.8430460228803713
1.630335942345428
0.7642898820539555
0.17931833851463572
0.347402599287696
1.4014487077826587
0.3697505533541367
0.45277667436527885
0.263729640671367
0.08694094346011702
0.2972971873836331
0.33955532114999937
0.14283967273598835
0.10742300487411177
0.06678834160757224
0.0713443573541743
0.7003503823763307
0.01966157826037831
0.06101388039135349
1.3008786938373151
0.4445090973077993
0.8833036296141377
0.47043357776056655
2.147964820937177
0.10363768991724445
0.5156441101950834
0.44245147387967326
0.33344766881711585
0.5856876811678822
0.5361644763976002
0.40808310405705267
1.3806453087332247
0.1289381525829919
0.7371712107298829
0.6149616957871508
0.010996394882646919
0.16864531457336596
0.19249833282202514
0.3846915404052022
0.14887971743132458
0.9762123709261353
0.43990992185596356
0.9161197744772626
0.2483320095526568
0.6485643485949283
0.39677597068572024
0.7170975217639961
0.46805409421786054
0.14443940495370486
0.18976374473422256
0.2861229498128631
0.024214376620914132
0.9457596104635385
0.29978986282849346
0.8089264607761449
3.5621664509009126
0.18175264839978325
0.17957165246976017
1.1136981284589331
0.578944272727096
0.30943495204959814
0.15538516083113998
0.0078056013646578245
0.2014546910109252
0.3091974757051183
0.732388572493604
0.6565484554080132
1.1831951275231816
0.5112657611634248
0.08981366219016579
0.09532143493657105
0.8808363112971799
0.9626178495750491
2.7350853337358147
0.5506743385835887
0.4314364881681527
0.9827302092688676
0.2636722280240075
1.0040471588555526
0.6053288137020308
0.7410899355677318
0.0905833127820209
1.1081911798316544
0.879738559817134
0.15172223991461736
0.9526708123394114
0.05537416783332958
0.2627079265439253
0.6983293884533684
0.1498872993710397
0.14297849604848137
0.34002342858094414
0.512454518393402
0.18384344304729652
1.1672625039830855
0.6224810545070665
0.12185603428738971
0.15098604205428864
1.4720912059029685
0.49123526491446917
0.8474488907854916
0.6967149513976787
0.027124053850260683
0.8088351438558402
0.028494314961436208
0.08542751042593144
1.019902733598043
0.948325984962432
0.379061034767529
3.8105553233455014
0.0872074854058944
0.08523248960075457
0.08239631411231839
0.4214245473591871
0.01659461823910518
0.945425752521638
0.04325526815160011
0.6205794355633379
0.9408780585674716
0.2825823081517814
0.6683188364048621
0.049355485606580374
0.38240315134041236
0.46297373745595394
1.8017434455991552
0.8407084686701772
0.8955704288122109
0.8808201478721703
0.0581152683237114
0.11017894276199411
0.6247817732166367
0.14875258402158797
0.15382994712345022
1.223604680460845
1.4184233853235024
1.196308580009146
0.38633594594272075
0.128622465310677
0.03635553248793797
0.5401212928534681
0.4167137711289626
0.15308496351067805
0.4445341877603431
0.33096967455817233
0.6329722630413995
0.06978791027541512
0.38669987386697674
0.3173376783110504
0.8245710526316026
0.030923719402239362
0.058239638907603496
1.3197348389943417
1.5252618758430156
0.14188499786011835
2.4341970750286106
0.3695454928721655
0.7493087679194089
1.5710219389342368
0.24752406969777974
0.2869061734203974
0.45512384312231813
1.374549850298523
0.8084863886408612
1.5123121138763296
3.681397527857221
0.4345305805048609
0.07806356501710092
0.023772585591674646
0.09308459241496804
0.18964492635553207
1.5254814832187682
0.2267851492752699
0.5091349528818527
0.04656666789092599
0.06945493920863069
0.02129783292082808
0.5447402708272374
0.1538417113397573
0.37723936525337887
0.9865665055152114
0.3798727398983191
1.3130555656670184
0.4488651878075213
0.45424680290246444
0.833267684375496
0.14103962490026262
0.1537381000686772
0.685849150946724
2.4701262469746776
0.6015808903531417
0.6095069347522326
0.060642965259370366
0.010773383444834478
0.9069171693831862
1.2157892843678604
0.6475527450528222
1.2053515217623822
0.57660708055382
0.16621595391748428
0.2782843031052939
3.043061076495198
0.08780882587146442
0.8825305709476898
0.024030642188325325
0.6464203070229805
0.8015261636410344
0.03662949796605907
0.10804214608482528
1.0113421836445464
0.29967169409369754
0.10820300355878712
0.8766024856547473
0.09880736997918371
0.24179302235905048
1.7060916264033998
0.09502054161209358
0.17012607165592306
1.0154486615751515
0.1739973315386398
0.014868585898968808
0.7640089814344259
0.19956548182160477
0.9616608113003534
2.323439443308464
0.9480884784127834
0.20155029786783388
1.5003605138465668
0.4888296389574373
0.10671739282484442
1.2600694044542704
0.3508345168099755
1.202112320032095
1.178130686145814
0.07030137869640246
0.21372278631819785
0.1347221095563442
0.04296003273175401
0.04160085834389827
0.16719567272459304
0.09325029365799696
0.579116227794792
1.9896000742975821
0.08293992695130335
0.42998372407683344
1.7411467063616841
0.3503520302237669
0.06427959741423171
1.2568512375528251
0.06806794808520716
0.23308325025645524
0.4066422674426718
0.9438388776481355
0.4913141137053296
1.2735390935880115
0.8012505383854228
0.2806579377354286
1.7643759802104402
0.14796913167160977
0.8115691020249018
1.2136751773511447
0.18980491545628167
0.12383225235403063
1.0258203589984471
0.4083700052268824
1.0385434523037789
1.02904415324561
0.3944221802650764
0.10992590272006902
0.41376876199437507
0.38744291047950274
0.20553221298618407
0.9729553454026688
0.2092002125106685
0.427760503935382
2.17912576532356
1.4427024916008904
0.07438958830046662
0.8590748693741147
0.6005925761644161
0.22868691406670355
2.304757776821465
0.05029823981901578
0.46609951682324374
0.05130173238284353
0.18308349914721878
0.1147933878021232
0.904448496546804
0.5193582502698288
0.415324481472898
0.4983972388466914
0.37555433979787795
0.2736359024532637
0.4846324919028266
0.10147161220487821
0.033845460955746455
1.4809692625383357
0.2263558866097965
0.8379772723722392
1.3880030514951605
0.7368657805369966
0.31287374606647167
0.5386020866535437
0.08713394928212981
0.15558436271007686
0.4294220571388205
0.8926049503177951
0.7968230208127093
0.6970368502606286
0.08946490091108282
0.4078749789314073
1.2034818716010374
0.018197101659376085
0.6984023862565848
0.597629619454791
0.603179580707968
0.03265963175767638
2.1740844233255983
1.2750535946703678
0.24594631889438218
2.0143291952424147
0.48296930541039296
0.6831260993536041
0.5928443217880961
0.1426530197903878
1.8183057461963528
0.5157947513368726
1.0629133963529387
0.7882595973959932
0.3395672846046234
0.5984235631922449
0.03346594247219833
0.5718980584322306
1.0046362540002785
0.04684146771197301
0.26357316136066733
0.5941426806825225
0.9128924008964688
1.3936917101506754
0.7276009238015143
0.1739171619921977
0.6121383978484416
0.06067295273635128
0.26289907088591596
0.2704044337349995
0.3076401673183021
2.6842207608627495
0.5810166936012529
0.0059825286548272376
0.6668112065685092
0.14666186666720982
0.37626811163167473
0.29309801577103534
0.4320534310081877
0.5288195837900578
0.1490743473445133
0.32668582025927656
0.09076171354446404
0.5842772122885767
0.2364803133454431
1.8205653852487043
0.5386728867730852
0.6301555100876609
0.11320718927051554
0.18713593263490833
0.022801073920313938
0.9424557089345996
0.19577719950383554
1.0717767845540558
0.4064692689244776
0.49692193789637423
0.29140666588858866
0.5780197205929435
0.7534205523910305
1.357904365511446
0.016443085465134604
0.645293578997571
0.755954038501828
0.5672599373040292
1.2681667836978432
0.15565893972908076
0.038122045859854
0.6923422909414425
0.17983932793169793
0.9535654482665834
1.6828993347158208
0.1983235890175718
0.1718770846536538
0.1352058199379334
2.634283466373106
0.7963254842685671
0.15188103998821068
0.3504712999189022
0.8577852982136192
0.48456399509349235
0.29489812632049184
0.09056518203278141
0.26557034539804947
1.1752970747432978
0.8687608991409331
0.446656575102299
1.9583240062416742
0.22738089238498818
0.5596837948504911
0.17725309388574723
0.5791347637280803
0.14677433282652771
1.304774246887736
0.8359119516234248
0.13919222653810218
0.37249998622427555
1.1487898689121319
0.02644992103732249
0.2289822005956609
0.49870640410379224
0.5196757378831318
0.20555362827273288
0.2523906005455837
0.13648075618403646
0.10370302814746368
0.24892559637043163
0.05513318387043184
1.8151231786044169
0.7250439889797945
0.7251515700116109
0.4712802134256733
0.36492616493515495
0.370369416529632
0.650214295999235
0.9388768791620292
0.27955015630017616
0.28174689161578487
0.6715586349191257
0.7002302382656435
0.5225820605450782
0.43110036059332446
0.7550438714702343
1.0892468117174803
0.7951793860194657
0.11463216609842206
0.2449612761079725
0.2916384081300048
0.16451212251137337
1.2813981986140324
0.11051272489833135
0.09146293135688029
0.6360349798718944
1.205218278977162
0.26060396901327765
1.3981172361057106
0.07184660314050147
0.0720400555948333
1.9096365300385125
0.38131713916361265
0.5719774406416519
0.29289286789494806
0.4626903975720094
0.2627145116794632
1.4561360084435793
0.2891257574303369
0.1801527343208734
0.6911966239263689
0.6280733964737192
1.5233361599022603
0.8305905815341398
0.7405710529059006
0.12478407731729706
1.0214379779759242
0.32094334467341656
0.16762717840903663
1.5384700454527058
0.42495018325873296
0.45664873460622524
0.7731579627250329
3.6148621558366827
0.27449937306792027
1.4235830352516088
0.8367181039141954
0.417686090659691
1.0555468534742072
1.2868304420258232
0.29197966848643925
0.192557785390102
0.498682574081245
0.24796778637561584
0.9807882716797314
0.1683343496610334
0.8054892706375814
1.2052941399754866
0.9399150372870184
0.06061421828549999
1.556396778478402
0.042062797906609384
0.11094756767952943
1.118041257348564
0.3582619671231373
0.7398588891989926
0.3341713543079595
0.10331053782639782
0.07544783321816725
0.2606075280851338
0.8598469408470331
0.6124610320089711
1.6084939792955881
0.85391392195902
0.020383503890960337
1.8221989254040538
0.33388603531168964
0.06888111636180534
0.2469740292432255
0.09823799686951233
0.08184215689734313
0.24317779297220257
0.45654485302618064
0.011623321940288764
0.2956859041200872
0.36597767579217166
0.17367631783791646
0.3389780723291428
0.09975997143940084
0.22173767552957663
0.549747365518717
0.4968722932921907
0.24513193148157394
1.0027354361890428
1.7833555336098137
0.772007877416745
0.4022916654730812
0.26181428368112264
0.29288674703642903
3.9104493636438815
0.4857356566515151
0.9099878839793808
0.2533297575931486
0.1044506132315113
1.4847824479968603
0.19896326713479776
0.4239701489525924
0.6430730849876052
0.5483282255008065
0.5141038392041944
0.15378733383287294
1.0070193906107694
0.23319488959814016
0.45313038349837503
0.7815398768075932
1.6003842616900315
0.8918111646162447
0.141821045284191
0.6687873457118769
0.6263775593790337
0.10449394272903957
0.25695235179335896
0.5632565355973772
0.5791884040389034
0.09803272728296672
0.3516661750725899
1.0680117524704258
0.08338115417414946
0.08309608670294713
0.9303367356672219
0.2663982048882733
1.1174868081745872
0.31858082552506795
0.011138341886472567
1.1358395733277837
2.194494958284375
0.2416079250093945
1.160499206276232
0.4455972214504759
0.5591498038055706
0.18548569715003133
1.6792068087533578
0.08774740662426979
0.09671905582976686
1.48178578162504
0.21274271215824045
0.44015035884997344
1.096499763490783
0.16320993591461644
0.6126852241586891
0.2535507189790424
0.7758063775371965
0.14540715963047465
1.7916830221732611
0.40777672464346126
0.6848625536131907
1.6692293505808256
0.03770716896503331
0.7528305274363896
1.5006283803649583
0.31898438027998505
0.57895407751082
0.40809050596157137
0.12669519353911027
0.13614348578965288
1.7186414927158138
0.5193134869367525
0.11632671749396514
0.4065366228931024
0.3024300126314947
0.18448967540297018
0.021074469384814297
0.17772506826419357
0.6849197304684457
1.2687494098426828
0.002887371499919816
0.16940562182176336
0.7826921552072648
0.14886935141819163
0.05132733308173352
1.5534209749874492
0.1412172819894002
0.15149294970843716
0.6473379444197429
1.3515931726183261
0.7616501904253229
0.7025228948389353
0.6509299968453861
0.09024458986898518
0.859596763270926
0.481776604569134
1.6531364723571094
1.5690568815276198
0.05083232368348946
1.6303285435620698
2.312135152887665
0.05529179567042416
0.19149093724890562
1.4657768961581323
0.9734738861547314
0.29766926017503875
2.402785389390546
0.15314424485837125
1.52613184504264
0.2853180837762868
0.7483325504241453
0.1614638978803303
0.2179486623919506
0.484257946743901
0.9044372614430791
0.8118120108068345
0.10759203904577215
1.8809482714243446
0.2225691019291622
0.20916428680038401
0.36911248852448986
1.5719558348949083
0.3941505885743902
0.07719037720891415
0.6550429403393401
0.37299719331527575
0.13827730033857494
0.8794621433961347
0.17812290995294827
0.2222048833474881
0.5475658951496276
0.46114844307884933
0.224046200544304
0.43254126336484366
0.32446202963753457
0.6524861475753126
2.217826329487549
0.38592805145789993
0.5338882518354068
0.7026069800291818
0.17306443135082644
0.3587781963085127
0.4643583888361453
0.2342104854717909
0.5528885794621076
0.4884324041079083
0.18683306212339815
0.8270406660768279
1.0490362687104962
0.6586933719916158
0.35302498568702156
0.37964988245250075
0.16527139248219597
0.9241672151562654
1.883539577903979
0.7067659765091033
0.2102932331693203
1.1396659736188792
0.41966969555135475
0.03399694691642224
0.29910882025206326
0.07961343444351107
0.07167470782657448
0.5822242068651263
0.961232827415058
1.1862225110345348
0.6361001715281289
0.07277472598485452
0.365852283702266
0.13824230571672858
0.42612024377406277
0.41095397708130643
0.16478754294531942
0.012444595980437777
0.013630247277629017
0.2900450958014057
0.1650233054591844
0.45483758486771264
0.22013892547054567
0.02924166786644217
0.1599363617995492
1.4573864417128597
0.44697785665144957
0.2198295583953782
0.4133548744180177
0.04931311318134217
0.21479754056031386
0.5770668197029856
0.32296447253132105
0.18001894478816585
0.29400038663947997
0.5450856525406287
0.15873314038172737
1.131258673301877
4.66268524813757
0.060057602731717466
0.28328101354005825
0.25186873241275887
0.5484034488384774
0.8046219870624933
0.3154892082943251
0.9948147202310157
0.9629644145100702
0.1604443198992649
0.5622541080319565
0.6631235689140758
0.7704270530081265
0.40442964104224777
1.0420658243520118
0.2365503020381229
0.3565404226064055
0.42229639552091075
0.35226921523705784
0.20756650748811667
0.740803849985549
0.3904827415807693
0.13106295049624003
0.6030016024266214
0.031023650286751227
0.24955234934764353
1.0941638633153625
0.6828287084791814
0.24667441857842376
0.07634824320326586
0.18886435758844666
0.03019307073728155
0.6285841378842967
0.6539384031205887
0.38306363953155437
1.4938389447082459
0.08726994291357938
0.14588631203608254
0.8283147833954656
0.016813370479068456
0.49699434125277464
1.0100890368354747
0.23982749488739077
0.10056056590360428
0.5938816358725469
0.18993633928089393
0.13591124665591292
2.476989135058883
0.11276140611837106
0.3711969776225667
0.40603545603574864
1.6043020772420349
0.23407709774320054
0.21713820793121774
0.5663303430717359
0.409995735878114
0.006900060401370802
0.3020152183002558
0.30356074456738624
1.1247283788037663
0.4152827664044916
1.5284321500118572
0.41471232429196964
0.02699642330968732
0.1908598236422117
0.17461452682633488
0.717596525293134
1.0519516760826921
0.9048770656362045
0.8301829149155731
2.0998959750489745
1.090541407489509
0.2845060977867286
0.42919220191479973
0.6743372121873205
0.10544202689519862
0.6371382482729346
0.684930658354711
0.46914319562666784
0.4665216717751625
0.07129935159070369
0.5788394104990785
0.2071640186400355
0.9704142227647601
0.5786934183878708
1.6800957733238349
1.0794218586989401
0.30921269846686394
0.2790527780538297
0.39985001215687915
0.7707771095951694
0.6977715318295546
2.5741356255967727
1.4628033829236302
1.6313307790825973
0.37263494244533657
0.02940123898927747
0.5445332086187495
0.8989343918795677
0.28875270275963144
0.37161157657250243
2.0321638692725457
0.31635969819440507
0.661988721713997
0.5404716458090537
0.15960384886610296
0.12943787884164534
0.2321490757226243
0.0974289788897848
1.0094411788071036
0.021511799022788602
0.4467683124003005
0.20362419782331073
0.30496380685343544
0.030034896747483206
0.10500652824432143
1.2246682804808329
0.07293843831546397
0.09043815154168523
0.1404342545410762
0.7136973642726632
0.395609192681445
0.10341314286758427
0.07823289305550189
0.01532000163182333
0.15454855126685002
0.28844811837038503
0.030965507758135325
0.28107027326755935
0.5551515189241372
0.14844273597647284
0.5466010293492508
0.027254920454987102
0.04396264161470313
0.48334219817359597
1.9451043198682636
1.0541689395417468
0.11619043720380055
0.2716023795517657
0.5012200254488859
1.8252174098116998
0.0735992439306199
0.22747361658146056
2.0167393374427256
0.031420173889277404
0.17758588849078097
0.47785052404639244
0.05711354823347781
0.06744275099070106
0.1059511525539885
0.2421232374097524
0.36849860419452884
0.23434557822965346
1.353644425793067
0.27885362126199514
0.09346711190042623
0.16758156667527588
0.5685470579920799
0.12536468840307083
0.24925238337718075
0.557563181958398
1.4832912549566573
0.7575387538493193
0.8322891322492171
1.1444616500478917
0.09963586668918983
1.1935982731295391
0.9346063067896379
1.0991046708781227
0.5342831793556495
1.2214059512856767
2.050269912928438
0.2640123383131482
0.3998370626750779
1.802982014932313
0.7049220004319819
0.5700849074739437
0.025941540964260313
0.6895919488106118
0.4149804827129814
0.19530197259196944
0.17712806122510444
2.233538229983951
0.4386533269066581
0.48457671476716163
0.4667787101102298
0.47690427727196033
1.2580351258460736
1.496012813145769
0.05111633186755744
0.1940849490572768
0.17813406211153332
0.01403710836684574
0.026284058909895075
0.1056951080871068
0.38105724450343953
0.09159454511459675
0.3436611032074565
0.08987432025759175
1.6063854833773792
0.675014154312633
0.35573501395576695
0.0939385460856057
0.5434832807878598
0.7420741606598608
0.5019800456352635
1.0293687163517766
0.581105771165854
0.15936645782980552
0.531746994074277
0.5313635930573491
0.22736415177665079
1.9155885066912652
0.14570735429594955
0.6907584414669685
0.48387425998325473
0.12594044090446138
0.2901640786119689
0.5947238866905967
0.5024170890074279
1.5421521490525445
1.9246035065061085
0.16260083159233424
0.5154994587476801
0.32562853763939487
1.4485997077536297
0.058693323068098456
0.04419627066587694
1.764369345386833
0.11830210955660285
0.6215242031469675
0.11839337763012851
0.056141678684855006
0.5428275815066409
0.07941329407276629
1.240474956718358
0.8322261295093546
0.9582409836573318
0.7987507484036198
0.40240449470568707
2.9156405094214186
0.3056852333578701
1.0868208799442192
0.24110264020741826
0.6915863403032881
0.5488655544904
0.7307125602481258
0.9317060431830149
1.1426110984800995
0.6038639854657739
1.843002007126397
0.5623960229787487
0.8618962568648486
0.5482161053456197
1.036667581742257
0.22492815657298312
0.595113793030109
0.9435504814176855
0.2403146393091276
0.23337878242109392
0.48246278825076677
2.0351808817049917
0.32445201536606594
0.03342501741321099
0.32755671455459645
0.7282788189961614
0.23800739433577353
0.1545653641954034
0.026915679933372672
2.1573338488741713
0.6065712951281839
1.9009225221395585
0.7886713113803159
0.5441051769072417
0.7475115975397234
0.9603899441894793
0.31130088983675397
0.20195200228677482
0.09620809183005732
2.2581562562241513
0.07792824822795644
0.27236474462138155
0.7797131516008928
0.3740642283815414
0.32609262476790773
0.11040742110094165
0.1637677993812126
0.2194343103749309
0.07847553121428853
0.1144860318825669
0.40702499101801676
0.9732779685282825
0.31176157383667835
1.9386386759972536
1.3927997159248104
0.2679133371644442
0.35231418963349387
4.24741096665551
0.1310643949161939
0.09847413495520839
0.4820772276213282
0.21191362226414
0.2209762427092521
0.07663366442930838
0.29492912291880097
1.0831084229334165
1.1922259276858858
0.29136187859733
0.14142843592579962
1.1594080232487742
0.45462134533146004
1.3070269981629477
0.12578118969832813
0.17922664309813244
1.1607773979236509
1.5556110575163562
0.01541890611965545
0.6545289751363176
0.35727200524355635
0.1178532236641496
0.6674491220221866
1.8987944876900926
0.22184142660981737
0.29190080473684155
0.14640177646035768
0.12503326104940274
0.3656080117087845
0.34022554661728527
0.8847804482002668
0.5544959827364854
0.8426751865838297
0.393412674607928
0.45504121904347183
0.41693703945651306
0.043939483908937225
0.6873738672026044
0.3343585621530089
0.3691153160366376
0.9570399549978393
0.3829478814857575
0.22691568506718093
1.2489511429013374
0.4685314943026287
0.11128320201554655
1.3941375333199977
0.3824842556774007
0.14016223864081873
1.4891630373212
0.03937403094278665
0.5913217370929607
0.5862780364321711
0.8487133177449029
0.29290021213594086
0.5721695533649985
1.2835833611894856
0.03366578667327257
0.2161255022775777
0.5779273018369674
0.04277972620016178
3.1852496215686883
0.6986767407952945
0.30099759831989986
1.4326394203725163
0.2158079693521072
0.1861460573916108
0.8968731116503031
0.3714801621202577
0.05861031736722786
0.9839116849704534
0.39447903108353666
0.5343184496019893
0.9678007660489736
0.26420116397969234
0.014109533464950641
0.2408105858696384
0.43241883400328357
0.250134005392153
0.6131978689774126
0.00191915733492645
0.7539811757592461
1.7851473527828088
0.2854524163342366
0.03995384077584965
0.6594945604144018
0.32428608878272963
0.5743102908181162
0.10855912944562378
1.456398982939569
0.2727362320842548
0.7266848018234795
0.3547895556591835
0.07560299628089565
0.1401020172466701
0.48994124536557515
0.2017225754745047
1.6058576595304146
0.9222070683506504
0.42673848643297363
0.3756030895717155
0.5983474021605487
0.07845510619401463
0.12883028418294976
0.1037642379848597
0.34352724249951244
0.3559518033830935
0.5530027004777406
0.3896213055412385
0.24269470394315565
0.8862713092532439
0.05914220715334665
0.5009750295382273
0.09257513617151399
1.184557982313421
1.3011381033884684
