0.29535611871973766
0.5994728120704969
0.4513301952871858
0.2460676624391107
0.04155807298065733
0.04658829973408144
1.5337081136560147
0.20526453566546263
0.660110398677591
0.3365878398890811
0.03223818912128688
0.2796982238813408
1.1307019487825387
0.3333267248611713
0.07607188978866589
0.07847950342180234
0.16395571750398744
1.975143585052574
0.9227726705304855
0.5635161137235581
0.1351229143645761
0.5753219008139104
0.8971544367743706
1.0087541632534691
1.3368901685278873
0.08249895770695757
0.4392775361459047
0.5600208700440714
1.5096614801124326
0.027512018362631854
0.17299052046014143
0.24247400216555515
0.04532824216564484
0.2613551479970999
0.229751769559718
0.18524680926931528
0.813093175762465
0.6247903943935935
0.24517241424778483
0.41233145682349387
1.6067923191825597
1.7372867996609422
1.0954588678534785
0.1306023867261263
0.26092337136289584
0.3415730878809397
0.0016738503051785343
1.1555054119917554
1.5702163139197427
0.1039389816606312
0.1822006445470932
0.8462882868317348
0.9549634604395497
0.6533827345135065
0.7815976113502994
0.011468883875868405
0.46438620930890284
0.7938236810818988
0.2724803403055489
0.976052677462089
1.494563698098207
0.10091059604060358
0.06540620304191666
1.2232739641381012
0.04884043882811443
0.4786883451194959
3.7890670194712848
0.6337684573652319
0.512217797529029
0.2183377673574084
0.10272396927491163
0.30608041756937066
0.854934736102343
0.24159469721531213
0.14845970622026414
0.8466579864664433
0.08054754186902044
0.21589247542694434
0.772254013430393
1.5446534690826652
0.493187946118213
0.17000893103634176
0.3442950315710901
0.6645175171965562
0.3015867561791877
0.21436822227373684
1.1689759847073167
0.7562607169968061
0.5715420305562049
0.25452306526874013
1.505727901169424
0.37070424737522345
0.06710966876512955
0.4973026912994743
1.4048168598966693
0.12446780286429486
0.9275886825338988
0.4834247709930846
0.505907142276964
2.4667977927489066
0.24124007622971458
0.10357633121746379
1.2257503205470273
0.14043219216250405
0.17928552287196972
0.9177108240298443
0.4506252015593097
0.06154255509215626
0.22907779583901505
0.1095189065414518
0.11486357057463739
0.6279196198721622
0.3550175209442334
0.5952953060508906
1.3468805522343903
0.24526749912548002
0.06984305847791351
0.19943730047537475
0.9326163720437846
0.169316524879885
0.5314626190660761
0.13382903124477014
0.07924826821128167
0.01115695300613692
0.046810842904111506
0.03242298109795572
0.6921719099787943
0.021096343352374192
0.07213489100946022
0.5012629152621174
0.09675232106392351
0.18134932503050982
0.3084651272662362
0.14152807850860227
0.3238985139595091
0.434304262415005
0.1715611091147415
0.07704180120568678
0.2838583627818456
0.48986761095030823
0.19374994697764594
1.7113155739905936
0.6073303555051127
0.07873488307454725
0.42828447963894956
0.010275962658939864
0.07379944871874816
0.7602410210129541
0.19169924283781134
0.144999953170654
0.2682806365908137
0.25822827034005336
0.26959487616095446
0.9389878998185203
0.13619645682234033
0.04225833572569855
1.8434758378590521
0.47215480421142836
0.6286375308780447
0.24824799342347562
0.07935920181872098
0.08673531596051312
0.6819349109963204
0.0348192565458229
0.8013684196151861
1.758805520517612
0.476219169459379
0.6244060819291211
0.12353948241482358
0.24555287128799383
0.8882792424986973
0.13800224040373787
0.34413800942906203
0.2247404001817171
1.7592973182792526
0.2131241138125645
0.045027342766632755
0.960068205027615
0.10682690007829648
1.04766976662453
1.5522124097083232
1.0617239393752653
0.2502984125170977
0.3509367451794439
0.19985367067761578
0.5336756208597843
1.1750564109631223
0.1783809614293283
0.3132751073326321
0.3483495355205529
0.3234826074269676
0.10165623283281035
2.664701003191672
0.1787254888486342
0.27249920365193375
0.13605333020960583
1.336072948526454
0.28891385404707953
2.1689602904639105
0.884773381771415
0.8065413536042978
0.6978204221883585
0.294699350664195
2.220559278126877
0.7944279171542611
0.3895814044429063
0.045767944559791
1.931170168718238
0.5976485707155056
1.470305246754708
0.8033943659945347
0.2972894389725826
0.03741015793191857
1.5889090322384394
0.03517055584100221
0.05275089667695163
1.7488113266202236
0.42832789532607574
0.25653531474561825
0.3878781099531293
0.6720503941407523
1.1249568394877147
1.638087524037952
0.17532137921212576
0.5589598180106612
0.40501059787386523
0.8993325360765497
0.2962612658889126
0.2791353872569131
0.20023601565519372
0.2978809153283438
0.37555918962996987
0.16928879830230148
0.10743192113961589
1.7745276536611372
1.1210706844580078
0.5418779808422768
1.7379241964851306
0.235218136083595
0.7680239936624869
0.49854195025318676
0.9609205742566251
0.23968724930908064
1.493208630651872
1.1869170953057004
0.6399886184754372
1.7681944305695676
0.10802389991057401
0.09676504804815668
1.0106493684717808
0.5446849272351963
0.3471029309646466
0.933056936612148
0.4939497654754303
0.46313083230941005
1.4706759761249586
0.27662161173299893
2.34040358638652
0.09939129790605666
0.006616002224069041
0.6639481343582581
0.11478027133166495
0.3318533741544104
0.14282275355412136
1.0479248439752475
0.35678365736178097
0.8648383502574181
0.26727279191637293
0.42909520099648707
0.3506961880514281
0.9338747019338327
0.30372830346078294
0.8170419091033345
0.3858524332039174
0.7994634236347662
1.7708119942204377
0.8350683956368374
0.476183882734175
0.6803736440524533
0.15166381376495075
0.022295888288004863
0.9631472711389759
2.9070509980984642
0.5350173269429362
0.6316268647133307
0.9732697898151931
0.963890481393763
0.28015258084724437
0.29702821852321803
0.13736893352493149
0.39335607857606164
0.8826931334403664
0.6964336866451571
0.3716676600976493
0.11803336289427566
0.29373499528212577
0.35950259693628267
0.4156487816762491
0.2696176445502517
0.21332090171808923
0.08965315188611761
0.4439354741189405
0.6069792185603324
0.2061263293148766
0.5443710081496488
0.5299476132317276
1.8357988936624954
0.19872827981900187
0.1624752368176775
0.1890986946467537
2.007448148617499
1.3760947305828655
0.07684771711696757
1.0869651082364435
1.101071999012785
0.6503750730349852
0.01710999627945821
0.1376741201455655
0.742668178304175
0.40537817197737763
0.3447536337315887
0.5786436811317685
0.7580206920925553
0.0828212272132236
1.6309463524701213
0.07289119321961594
0.027338322788484054
0.7133976379697782
0.3702622864236652
0.02954206902308636
0.7675506820849151
1.2091711672429137
0.7366035763802388
0.8393213237917543
1.0970624453363822
0.5159504208763264
0.12202508460113012
0.19787610671950423
0.0041725387631519105
0.2845473022222076
0.12393844550890944
0.1935748781951267
0.23828368150231238
0.12843800851160006
0.04711429775363883
0.83410556472148
0.6603982029034764
0.18500407359853507
1.0174043622846642
1.0946410115585545
0.5798726383200462
0.6690195149776842
0.7890031336004504
1.5988238309080927
1.5784365147744606
0.8215810291883685
0.7745223652669615
1.5104266478493105
0.7818108508629905
0.4997939922943103
0.8691712247178162
0.0678581415740502
0.13006880682508085
0.6732759498498034
0.08029924035172109
0.376516392849941
0.8906286579255073
0.4851172369651721
0.06764948831859792
0.7409860067803445
0.6338712139323405
0.23239162763962842
0.6175152504773671
1.7148072220297885
0.3440506738542724
1.788049233537194
0.9329633633348907
0.5874860162805696
2.629407237963972
1.1257674874768677
0.7139562908779346
1.1663367500085557
0.6761444381373274
0.11293500176542116
0.8458437848549883
0.054927332228103594
0.6407545484215372
1.461519112661635
1.8305962814482974
0.3429255959893079
0.4001283582860258
0.2949951673926702
0.04153616527027564
2.0864784128406075
0.2417615090416218
0.4022953051937708
2.4238465943617777
0.05149384362712183
0.4252745368957038
0.5818054077156678
0.07787350600854484
0.5866914173923534
0.9466230436829617
0.5815385817724307
0.2328516933329847
1.5169081591383275
0.05966353890619092
1.3454390303245622
0.7123447892906164
0.36912764729751646
0.284563756623278
0.1085412417417616
1.0903208300868517
0.3902013920792941
0.16547497340500703
0.40987337439260735
0.4964121275685823
0.4366357458269759
0.17687493265081072
0.6761613923732167
1.4717663450291578
0.7662864328746685
1.2804636149728237
1.284988312128623
0.25936769481925315
1.2106707636018947
0.9798767062089502
0.19175455938687558
0.04507524930261812
1.7946122216195777
0.04038627317452852
0.2099401358127635
0.1848611511213357
0.9851342226737552
0.7690176817528868
0.43242432102991535
0.26914932653581874
0.18564878195939638
0.5216898828213715
0.3869118286662417
0.9860240642497639
0.6348710435468622
0.12474593948179491
0.003023109570331934
0.7281050847539116
0.4050370653277907
0.2618173215289904
1.0624598561568037
0.750272852773434
0.6171138551918064
0.37591947705819023
0.23276458094014316
0.6559278601367143
0.35408748435185167
0.2732037707941548
0.25847816204503754
0.20463757105440983
0.06479643545135015
0.16883468539484844
1.9926787615610777
0.5756663496370531
1.2628754045613766
0.05917646629364388
0.6247895240315535
1.315154401099771
0.43745443728356825
0.12437321916038528
0.909576994027242
1.02374381098482
1.2177303105857062
2.346904984163591
0.3706247872080532
0.2739941327623498
0.3614627796187254
0.8992886477143509
0.18062088879290028
0.10595595720167109
0.5054528953881309
0.5539837471864978
0.05584507463575965
1.0976305117316498
0.3889564614607652
0.10474227245980158
1.513404655889976
0.12338479468160547
0.1955747567508065
0.19974536517704308
2.1942039334329633
0.8927024186756551
0.6560138611846749
0.8263075794516399
0.3576750342411513
1.0727688251246061
0.15584323552694967
0.2745625844992811
0.7296824985633512
0.24472717262248123
0.5658037550558339
0.24829478594559715
0.026648392946624334
0.9587644116421203
1.4854687718411852
0.04345704637034192
0.12833058692503344
2.229076253095873
0.21098331231516315
0.2537997354479334
0.06927591362848065
0.3766253775319472
0.2800243795356759
0.2988767504018697
0.2360363311974809
0.3125724646665593
0.5968852915798698
0.02137851538682519
0.017193973553108418
1.1379043305015217
0.11961938540224148
0.24534841577594457
0.19492052401059254
1.1443374625351683
0.5104186266380963
1.625336622209476
0.3888902161816066
0.09494781171322515
1.8862751122977732
0.40150971717033906
0.3250761966033207
1.1942239692067
0.989362571519767
1.1456191924110415
3.646073629998149
0.09351988404287516
0.38570531656290546
0.3447436052480583
0.032398783347916904
0.031706548872018195
3.2527566227144518
0.8245141636797098
0.09365765834983704
0.9186696192114626
0.4192978065694254
0.5433996467927205
0.4311208556926313
0.5072461433947724
0.4739099852687812
0.4020068273516085
0.18302165723995198
1.100672148836861
1.045995058674896
0.11769145335286367
0.26714298863065805
0.9303419027362062
0.012087774065155784
0.3187281422788026
0.39792579201698336
0.47741719062588556
0.19743261714325785
0.8839006151464536
0.4375152854159979
1.3713443097902518
0.6946803558858562
0.5200737294057209
0.3273828995940013
0.6597216972395015
0.05614914553964628
0.09327888345115194
0.43065509329581403
0.6555718824704465
0.052307785669696565
0.9409425946857544
0.17850520388028615
0.04896303826553265
0.1434239449243147
0.6202039663577376
1.0941323686202946
0.560085323349231
0.16355392851496958
0.20585402290670596
2.0845196652245765
0.3410021070995721
1.1364069927901368
0.8460855080900275
0.5399942107392834
1.2048183110199966
0.45163021069536063
1.091678660416275
0.11840349931389199
1.1591445534235079
0.20956913664183607
0.13295524598872524
0.5349033075943515
1.0447455096883431
0.22563609853543462
0.3859806447382705
0.7887710971869686
0.6956599140499062
0.7949358588304317
0.6861056715370172
0.24857341915678696
0.24082464171341603
0.22829816852125848
0.7231473420226768
1.4525512301091885
0.21047972513436977
1.169084826255099
0.15558018572887275
0.13059243044703073
0.10040952247060936
0.8117582190847424
0.7738332076496225
0.24079143792719485
0.9140269760737292
0.49802884236935013
0.1706440102404763
0.7291842104726999
0.15996433537424712
0.05421078748977355
1.373915370395732
0.8933161727945724
0.4209465957465605
1.0517756907678557
0.1460125403521264
0.17981221155030616
0.8564522808137539
0.22975948531429174
0.493918072525676
0.5091534834309762
0.7963353127161484
0.1816756134487159
0.40594610796287967
0.25148919865503777
0.03851296277647166
0.4131854948441356
0.4109997946402282
0.6037454720969948
1.055022912674833
0.09100484685192024
0.7621972827853112
0.7650089092932617
0.5971911147288306
0.8427510910411135
0.6786128985349889
0.3247507890368397
0.9478097713983207
0.9700437462329312
0.1622321825265653
0.09936978959006634
0.6102985401974722
0.8931198542606198
0.027427074748539632
1.1327981877880842
0.8217181574262197
1.6205216566484983
0.32573685311180256
0.5084633289973552
0.2397034269455448
0.17835355193108943
0.16470603693451236
0.12843849565284862
0.19179466909232498
0.24283946129941944
0.24180187695400776
0.10811614654988111
0.012983086724910416
0.028477585202630766
0.14432954901688483
0.17734155879650873
0.010326524226339482
0.64923263703424
1.5161709579712779
0.33095917908385997
2.538201607067899
0.02289662745624107
0.33116998292917715
0.38276330817185356
1.0084337391032556
0.9309148438834074
0.18917952590257672
0.050886276948884056
0.009597605389421615
0.20190178639679235
0.3168102843742666
0.22609867161394598
0.5058561411548409
0.10478882982827524
0.6017324957285117
0.5935401239743573
0.05718354542909335
0.11005209930689872
0.8517119358636234
3.570778863191768
1.0246642916045172
0.8299524691573015
0.006903229893358331
2.442460571625377
0.19484734813816193
0.7882320563844702
0.474345992775004
1.211152671350151
0.28948465697736875
0.1682890047636977
0.9563929457507111
0.06978788154673372
0.1391750242649849
1.2823642987577328
0.07559156183284867
0.06102478665292555
0.32043313468781864
1.0027171432730184
0.25368044818867785
0.9636688854309519
0.11186245156745743
0.08089372758433486
0.6489692418122278
0.06292749047395729
0.34126506421007125
0.3580556645004488
0.014061956951002921
0.2961722573608942
1.0520254216680478
0.7192733407036614
0.5685850248206897
1.8860797315463378
0.20450276440131254
0.3935256945881023
0.8195099298217483
1.2175484038759476
0.23623679298418993
0.17228465498994802
0.5263908696271531
0.43206430495035386
0.25660114140649587
0.05569588915034203
0.6039676870552959
0.8200221543295347
0.7826731440499106
0.1024323653038111
0.7578499593897899
0.27442721611146276
0.39678841008764
0.6220526639375705
0.5344402693415289
0.5809181206256782
1.519645183951008
0.820002956825542
0.9353387231913151
0.1548483199145447
1.140032190743544
1.2049945243445361
1.3023598176229325
0.19267162390955042
0.6465090517731616
0.7164697342579914
0.2890307621689013
0.40785171297110934
0.17053388975537043
0.003955264890265018
0.34693545977399526
0.03434535590723763
0.041197448619895126
0.03130907794253033
0.1552274373245924
0.19123848537816754
1.1221787910734984
0.061763204650914505
0.41568248441263983
1.975213885729226
0.7455185371020627
0.15821124482842178
0.21565566029325262
0.8985906607903695
0.08290820152492655
0.5320834832808391
0.6059332325205701
0.3858827966965045
0.1925184056633023
2.434644979614285
0.6815624865358856
0.29747995486373835
0.08856533592448214
0.5123622512182143
0.04717828401390055
0.6824209659855576
0.16861429581339388
1.0665730340698885
1.611060230545063
0.030862318286976418
0.7523089263320054
0.6252562874007757
0.009558270060531818
0.1886874152162101
0.1376522796074183
0.08519327973652861
1.0338844015234885
0.1657453899322238
0.022211574675067527
0.23953899319547264
1.2201749018605679
0.11207946457256086
0.16987512833659701
1.4185288589361797
0.9133538825227405
0.42004996235104414
0.4854596082120671
0.3906067065656015
0.3166197293041543
0.04262918520599864
0.11720088557513239
0.14130307946093512
0.8905505414825824
0.2071785795686497
0.16562038488261285
0.6921536965015151
0.33497884020796453
0.10434804463592494
0.40369627520373935
0.5988714549356893
0.16319899225148338
2.8944441914126178
1.764193888505581
2.2182117527261895
0.39400236851995163
0.07754375728454085
0.2130123484704218
1.485565799298847
0.11852263735797737
0.1786863167541815
0.139083703327908
0.40466481019914374
0.9738189265583377
1.6225228142742498
1.4796141891270156
0.048242962702186996
0.1724831558314992
0.640698300855056
0.14416916085996165
0.7733775867933547
0.0830494113835463
0.05760244147582036
0.8772495886570084
0.34103448581539164
0.24039922601447694
0.41040273519117315
0.2620088991589036
3.050900721903895
0.6555017974071364
1.9122864205955996
1.0519069425974967
0.24136606547071007
0.3545297785433177
0.47775192719159243
0.898423480496247
0.22448803063186748
0.5060653656871031
0.34258684428997854
0.2509216496213534
0.356574318094576
1.5187857732949916
1.6446386375668882
0.10889873984346844
0.4620153069856993
0.5676610313154943
0.06059073166833536
1.4396838831083139
0.6627170639764406
0.3278183019170155
0.42810268961872183
1.0818675293821796
0.9317180001672717
0.6490390995099818
0.8182559114439945
0.2264860102313876
0.40549945380714886
0.0647965447951022
0.5223795278610316
3.132699525416071
0.5132871227249914
1.0754024617349227
1.339815066461144
0.45078405904184465
0.027309494650567798
0.18196311779058885
0.24765055282995938
0.18197238019773904
0.35575700950791456
0.09323608610101786
0.35858387958671867
0.7317170863188879
0.0401001471741804
0.03740555261615234
0.294773802453577
0.3106106574927525
0.3353620375870725
0.49351520300178886
0.3356397012119439
0.11898370072061916
0.5711554261299332
0.3596679015077713
0.13806289728833734
0.05949890276341573
0.13675484338650837
0.19753622768395054
0.35820996809292205
0.18209838864611835
0.1448222067337588
0.25026919236290307
0.42112764906110883
0.04983434707349132
0.41533576717384857
0.08594131162540164
0.035034387636429076
1.3925333131639022
0.391347455994669
0.585039859488946
0.19408579896570044
0.34345157134103294
0.05648390238748788
0.612740273258114
0.28681616408318145
0.11181723819133134
0.7086682081619831
0.22053638715760873
0.03880777446744546
1.5768929750433105
0.05841648823138274
0.26095026870233984
0.9667090928063504
0.10276130690560337
0.0438688056045639
1.4911402839147236
0.4897427113909862
0.23339334746785498
1.6792262461806897
0.15997482313092865
0.024180763235570838
0.9363539206284572
0.04526527356852325
0.03639339091086454
0.8732240598059203
1.799800400016309
0.05674926729160719
1.0510537994822458
0.13831144890667085
0.24702541003889533
0.1786266949336841
0.10570405656988097
0.08318851958527203
0.12492079966158148
0.15343739313390106
0.10018800808835382
0.09948305400116793
1.167131209784029
0.3467454724639606
1.4972418277997768
0.7961669338683787
0.7785584745352728
0.4256754971813424
0.05782338636559043
0.14566912063703613
0.6575236381421613
0.20014255364190586
0.5019105468804074
0.21421940137005538
0.20727939277615032
0.4657539235375377
0.09546907015695771
0.3148355985151299
0.25127546839496545
0.6262672036279558
0.42796808094986144
0.5901080705797916
0.2606258576228717
0.48799061059626947
0.02704734822175937
0.02753056024124563
0.3920665829933489
0.0606447447136096
1.6328554467684158
0.6890494473978276
0.47559696808210966
0.3098404241427917
0.09032577130863408
0.15365017200638506
0.6127333538946682
0.27020244411552047
0.41367270760056946
0.6198848725372289
0.9429913430831695
1.2377146935436767
0.6286669398498717
0.38347010673052284
0.011376170457495458
1.143076672314653
0.48006186322801847
2.4377085098744495
1.0273879465794353
0.3441428684208229
0.2846072524051701
0.8463555239496843
0.045021878890126786
0.4234445810600891
0.28670989262938795
0.5535234566956059
1.7395735961989982
0.16926882949364735
0.14302414738102792
0.4871204177902141
0.35657508902850027
0.16846831417398697
0.454328812458705
0.4613751637985028
1.3928303361650163
0.3017169135091404
0.17960462153134335
0.02903351974057561
0.39446667511224326
0.22917380108103602
0.5245047698848596
0.2741361928835243
0.36797307404966695
0.04588444587954806
0.038231667962701686
0.7775854361066301
0.28668651998462563
0.29797737254000217
1.5334074163621063
0.411001776866891
1.8288892744249088
0.6974998190424203
1.2460798969019247
0.46991122493506987
2.536382993613425
2.472969268651357
0.4903963305281249
1.0391228336767262
0.22188229256662792
0.2720998057535462
0.4961187463616202
1.0890930976756592
0.5457242148084762
1.2452917898039944
0.22306799079746722
0.29696242255127353
0.2892762534532274
0.0592720307338923
0.35475502787143726
1.644561437556396
0.8546560964868581
0.6047072189581576
0.22055542715748608
0.16927306722223578
0.643203415622597
1.3371853632401443
0.10576752776355731
1.297643688363422
1.330128662494139
0.28572706757499733
0.1745172722618553
0.7134884095612384
0.08478920616685232
0.2232587819688401
1.1895218796546168
0.3067613262016617
0.6268268614783603
0.2698088057146523
0.14165084311459022
0.5302430388639513
0.3549042288159649
0.08155500560761932
0.2885752644301065
1.5211358122480583
0.16209877719101118
0.10009043540310723
0.392689190225436
0.2730830184500743
0.2787788483153218
0.41804057621527874
0.8765375635058247
1.2208839755785963
0.6734952444094376
0.3048034210272891
0.1431660078523349
0.8437661445911782
0.7263452543866415
0.7530395127706766
0.4629033227450625
0.3785246843561218
0.5938402247404347
0.7078021961787765
0.4368020830926321
0.9085347449883874
1.5685828741940466
0.26257111313269443
0.38320893310500215
0.5534206464090913
0.3128095690678626
0.27077952648678105
0.03366326883439948
0.036450334457417015
0.3118067568424936
2.998317386342409
0.6120954510123908
1.2684090098595093
0.6368472545479672
1.2372258118334938
0.9464313876734698
0.8524332688006714
0.8874094163281118
0.2530770069125933
0.5608926688326656
0.07680523170974356
0.1109196589310326
0.21620134180523803
0.2404398040207895
0.3050471306220975
0.1180798028134897
0.24556101553313875
0.14085065311997053
0.7855413352537071
0.08902895043229185
0.11886294159909892
1.4024177869191938
0.9162724545824673
0.1152584376596215
0.3835571551581849
0.3460209627682239
0.05214289834071024
0.2301286116511402
1.4353596442302952
0.013894838204929297
1.3423034150718638
0.27450155572013124
0.14349270742532447
0.4091405390138907
1.8546048356343237
0.14086711157844486
1.1146809838938632
0.13603821318543233
0.6008735680536038
0.6658976673060386
0.13519467894031026
1.2556943320998784
0.8722739197015574
0.45086868041654726
0.4787357534562766
1.075437909229695
0.08556403071077
0.34735484635243874
1.03878349726263
0.7144480669374906
0.9509654995585589
0.5456566227350523
0.1686233903891354
0.03158317800294966
0.39482972497775576
0.20249193602011473
0.3688231345360979
2.5142481096423133
0.2812797181731402
0.0629432246188477
0.6888399629127224
0.2547148074686435
0.13747353100461196
0.6935364734592933
0.35491475205214634
0.45817245627687253
1.435442854315441
0.057848162576982644
0.08857416843436147
0.4978776606513988
0.582619304548081
0.013522438513944557
0.667771324764658
0.21112901924915795
0.17326923760486213
1.787122811049074
0.6376622054649314
0.2546564432409021
0.26143679513903206
0.3284414204885647
0.4108149888964929
0.2578841005178
0.21052648674155158
0.5071982193636636
0.249095305097506
0.38569216076638485
0.3023210949627756
0.9315906046694779
1.3650719611606923
1.2342138836286614
1.3892063295769028
0.9821168041101629
0.4687601797454614
0.7973827979081269
0.2391785110902929
0.5452759932144815
0.12303116738571702
0.13157606226821544
0.2404419179782607
0.27521283930379903
0.8885951706835769
0.23389393922955454
1.0293076598593072
0.538883262120922
0.7432506255744713
0.602557821287591
1.4051514468662591
0.37765613950809496
0.1602955581165948
0.8371787895292319
0.6396716948177872
0.4064556648273859
0.12052323524891864
0.11795475295472177
1.8737885223810393
0.8300155472238347
1.0771751951182407
0.26285259631052527
0.31552699096236947
0.11947061927591666
0.6541667705263573
0.7242283417482691
0.24454414414180123
0.40028657188396316
0.08515756567951438
0.3528452955834435
1.530715975249011
0.07311656977639802
0.3334984377173191
0.47448342785699554
0.1505145562781673
0.0403969131171749
0.6578411645842787
0.30962063670279794
0.6066416173156575
1.0867649558430823
0.045100968810483276
0.03487597721731327
0.9854838417585021
0.04240407315434771
0.031394978334456605
0.6613160124831399
0.4232528647071139
0.33812461011545647
0.6570172562648656
0.19510429609040433
0.8756033869255072
1.0735441160851797
0.19989633289840444
0.5856528101595221
0.14192544109352864
0.5358691149579907
0.13855755603554284
2.0953406585894454
0.24241961258316716
2.5135511645619917
1.931571545300647
1.2912177364854591
0.8036316485037289
0.4454607969809966
0.09853896562245873
0.37549308176001867
0.18063056970024324
0.5110844997520166
0.08657887195742978
2.0519175019028015
0.2522208629346435
0.15364327947171638
2.14675469132052
0.5177685119316475
0.5753549144336946
1.467871466078705
0.2902699587283374
0.23761268492419446
0.37501653547686536
0.33385779670012933
0.3368677778854677
4.118248362977238
0.13949816527556297
0.8613752949294509
0.5863879565360038
0.41381258221480066
0.15660307390947864
2.5037721219674673
1.2274874361941368
0.7626288559655773
0.497546081165155
0.2788019073374071
0.2778420219734973
0.3901607919995605
0.09614070858024452
0.5007884407404621
0.6680889776953199
0.3187245763855459
0.5868791174179746
0.7262003076131058
0.9056517577994799
0.744074938436816
0.3059356911572946
0.01341659246711543
0.02573980618289816
0.26830909903471434
0.4421005469873308
0.03356681722715521
0.4107677912288955
0.2766267182225707
0.27678285678891024
0.2626917859521847
0.5293383722861511
0.050277001325684544
0.12917209271022156
0.012847389473316324
0.004496241527375296
0.4166896729882888
0.4568330784912454
1.3070596758836783
0.6462856091479834
1.2314079559359001
0.46736998300986865
0.9033159240730765
0.48574483153919573
0.30194423309256135
1.8556385368651713
0.06732593323274001
0.6789841689495675
0.3513460461327267
0.5457619392006713
0.06845745378153532
0.9867559783618682
0.02075386903143931
0.4277790413200544
1.0540142761576965
0.10558908068717986
0.9208371076640675
1.215927681732514
0.01670699593169793
0.057721902988973846
0.506474100081535
0.15015862674298808
0.05173957365562363
1.054751943779591
0.30650164012590075
0.8345301134912084
0.05785481210507844
0.01785489774358413
0.06949785027595894
0.7379898580206129
0.4914473502529603
0.11712201744905654
0.35917867050300184
0.031595634720905104
1.135527240790724
2.0842284014990935
0.2101908518853897
0.33596015438345933
0.6880050549498575
0.5457978286773554
0.2621622805236597
0.9584925993193236
0.4692646208364677
0.35845803645595636
0.20793094465576778
1.9946842417701813
0.750259731971571
0.23570188639175024
1.302302107910206
1.553277750961619
0.09525832243449966
0.9168760627107895
1.2912771605991606
1.0028324741155432
0.6623917480305058
0.09093441271921918
0.18904486047528762
0.3930414136448798
0.028358161541699196
0.18182213592652421
0.059052521338563965
0.021634133095321598
1.2067199635974408
0.5110708412110857
0.9017305604120667
2.095581238939423
0.5151925324774406
0.08407202934341765
1.7096568325091623
0.05247068255079745
0.27847898014025785
1.5571333294315084
0.3990661307296568
0.33318405606976903
2.076643112366065
0.22802752081332436
0.23834460673521854
0.28435967380065724
0.1710375265834919
0.2218607910247639
0.39748694190548456
0.5571856820767144
0.5051927039779658
0.21926464501857454
0.21638604102840428
0.6948373968792074
0.9892201463322806
0.31036504416392485
0.2852284410086518
0.28469139042068337
0.06377339444025905
0.056249772181876836
1.636390658599609
0.46527211497918763
0.24572430812215712
0.9871817963082027
0.1155466559155873
0.3501408177763066
1.2259945980483928
1.4415430570703673
0.7447440124075118
0.7451231033593989
0.5019292608973714
0.46466482168103646
1.3197791068100133
0.9142985973705896
0.4885349827635322
1.5329383658531948
0.28589557872399574
0.1131046449585046
0.09052377341795793
2.8473977474329604
0.11419255225441532
0.6230749265555371
1.9105085072992032
1.1191227922955682
0.31006292376749867
0.021924884952638647
0.19717422129861825
0.32643031407643713
0.03633164545820149
0.016562669092678447
0.8610913679233969
0.09148932969613872
0.1595644103357004
1.0090138385082066
1.1671253932487582
0.16100123065305197
1.3261280412770322
0.3184503666071086
0.48766421394275233
0.6358923817666151
0.23981720443057064
0.3802063801131013
1.1882748717228642
0.1631215021583305
0.3849785660498259
0.46777559982354777
1.6698509528630368
0.8441820064445821
0.1542816381117697
0.09887170634032652
0.1295354463246814
0.23147861513667026
0.7001680834932607
0.5953579267489054
1.1144679231042454
0.18536182375955812
0.408602114851636
1.0414820989742122
0.015636191011605568
0.6431579066682127
0.23455847795013965
0.027412039948133043
0.336137960150358
0.538347512275267
0.8764239252112519
0.6678039070607718
0.2963739655486886
0.4329422822684864
0.6346745201788505
0.13130739932726582
0.42120510281398593
0.09318305111386124
1.4400042016721992
0.35781498202239675
0.4753708652064118
0.1504390603931621
2.258945026842991
0.11079138132961948
0.36997609506649093
0.3748035433716519
0.2799281276672517
2.1082205343411182
3.471585560506953
3.1026881984148043
0.10523551497498308
0.2590225326985974
0.10515851270591556
0.6924909418569404
0.2682912844312822
0.5838937581969815
0.7538213805875408
1.3412199880991365
0.1774488715551289
0.37557212418128033
1.834956243888869
0.4821220704908522
0.3274618515216195
0.1405368153729009
0.7706982192563312
0.256947486891158
0.28839153865686873
0.3803331490006142
1.624471444788057
0.37640445228160097
0.16189242536713205
0.6097555838515604
0.2783774102070942
0.686513083889994
0.2807325539340929
0.07042676146105047
0.33524290074683505
0.8256036820230792
0.37880319983201866
0.19217325516797062
0.09230422060850908
0.08263771057334618
0.09228086431337962
1.3648961065193814
0.04929262164460357
0.2845426600075159
0.3615594503853313
0.15088708007320623
0.1902292189898615
0.5319196034802267
0.07985004220678724
0.006181430464018362
0.2870649248688092
0.36820890420729335
0.42831049159411694
0.6516444271706144
0.08569968323403776
0.03308481948975279
1.192363060488331
0.20541845349798
1.1217351950239267
1.5901550429612652
0.7129032576565678
0.6873402737990572
0.7642781083864566
0.07349468025419964
0.10351214107336096
0.6651784667321234
0.7233192814940502
0.5247578951695813
1.8285518857663368
0.1275797967802558
0.15135665716703872
1.5450874878732435
1.2588203474965567
0.2667292567099279
0.40132070062617453
0.055866245723798745
0.13621601275023287
1.4140858706955337
0.12471398022605465
0.21319289883982953
0.4470889253738403
0.6450509951894623
0.5187877511980578
0.43600378658002875
0.0204756426677862
0.9792343773435258
0.1816640300066898
0.5594171697380138
0.8850587145324944
0.29155027605513334
0.3750208665457181
0.17952453531775983
1.6878424495819582
0.16633336347897054
0.14784164712345144
0.06484271305921162
0.5307130199444173
0.17886473144313048
1.1687126506127148
0.2829449739027117
0.20672095374764157
0.4769677737668312
0.3595620980685397
0.2932757695555789
1.1487165581792498
0.11203457869677563
0.14696516726661252
0.5595232117430378
1.0025718121187484
0.38656081600869097
0.571760426356126
0.46482665241490406
0.6015483281034391
1.0259063545185476
0.13716307595014116
0.8677207060198009
0.46279010964293943
0.3638930109922752
0.18828813182744
4.173122341237021
0.27680682512813176
0.23074589563752457
0.5191794204033777
0.03093761287632178
0.028411936534928836
0.7400489398173087
0.3033655564937485
0.36454645528396834
0.6508147491073255
0.10527321962159127
0.29108836545106476
0.6297550362759295
0.28894603623250537
0.4145942744299987
1.4289576769013697
0.16135714903215517
0.10190327363953984
0.25887346566323266
0.20503615934860775
0.22904169736086902
0.02304094843546233
1.2342595618685355
1.0272702108586356
0.10681918698003348
0.588119336552567
0.09353184781470689
2.766625500509705
0.4049408736402813
0.03262914271412995
0.9101932810756841
0.10691500882224741
0.07629392792968945
0.24699073578651481
0.03904397745909662
0.6776510162816345
0.7559784549786805
0.8812843432071542
0.33356449001052096
0.3825509159962812
1.617660372898847
2.447426837614371
0.5483573495564396
0.24395139452490466
1.5218140868759058
0.7082908580803651
0.6863678383136957
1.2763068830727848
0.5163578990857159
0.0582115498030346
0.2917486172685871
1.4398309373024631
0.04552367242290342
0.923030453530201
2.2139011921650935
0.5936488956282705
0.12762020313975195
0.6491204876395209
0.04226066130430982
1.025498287384088
0.9739976879157884
0.058153566632053844
0.04311870787760927
0.32432581889432555
0.03092093170097067
0.051555348526672644
1.1654662190941618
1.3737901300375117
0.10141893367266874
0.9830978031405632
0.06545321151478847
0.1425216122103654
0.4475689735882991
1.994700757249659
0.05929513779887786
2.1626913284362255
0.06310078518061696
0.19518590322513796
1.7652883653025302
0.14217670394041684
0.10265631926324309
0.4580295074018663
0.38599216022017047
0.8264838153983775
1.233524122955206
2.9501587215261518
0.3193785366566701
0.06856153965745355
0.23381345229153405
1.4678725542237732
0.18941599785112934
0.030542440423702473
0.030869664638492944
0.24149423038699677
0.5675398648180617
1.7247692228224194
0.5917923279454107
1.7511866057635959
0.12341358957837845
0.12011125744437086
1.666141460190528
0.42892408481614835
2.44397653570058
0.8253356226032816
0.15308620348597507
0.14814104375418302
0.42534872417957925
0.8265878690952158
0.4964687132349066
0.21774028105312693
0.25271866512321595
0.6152994392216802
0.5610694581948603
0.3144548121753726
0.8528317098302209
0.12126599324745456
0.1468593013084373
0.36397480141260236
1.4110328267239287
0.05874570294389298
1.2777973613828275
0.13113892562351778
0.02159883044900939
0.6777325469388132
0.2564131104754742
0.3906086824289614
0.6924984034974044
0.07851436237819119
0.08110682238587438
0.10493235927333211
0.15655954348138315
0.4472226593187055
0.6117457976768333
2.4973034491023562
1.0064188417067006
0.17281840090174078
0.49490460657882923
0.5590655816285024
0.028558977126436957
0.06106712951581205
0.3900677750282495
1.5059422778002007
0.5049619683284706
0.4400020497589927
1.0684718839462761
0.3287611199517087
0.6929589227904569
0.19152646241719373
0.1705071155599159
2.471876546561757
0.6989850714559657
0.02622857959595403
0.03800311114600207
1.6454035919280692
0.41691090581508017
0.05602956757064035
0.6990016025274748
0.0969957358432188
0.12663690424720672
0.2099372725012795
0.12274128759270826
0.07618637768515735
0.5440932116073739
1.0415202691196364
0.9764426150721581
0.14478982042938632
0.804069208415984
0.5019762755588842
0.5398837895352371
0.08841250248736537
0.027434961290830735
0.5351660593028551
1.3534445252435943
0.6845932291402188
1.742234119087841
0.29528614221380906
0.3984300092681234
0.13078071536654257
1.2535616365150892
0.09515125067789292
0.7664591403617763
0.4477119889654817
0.1701366199060342
1.0904684178500204
0.0687176878113581
0.04846396924324974
0.34796898779003593
0.0175687760081218
1.576300325454073
0.8573581831042948
0.4933928897696149
0.45992477502671525
0.31889538199862694
0.37740008060859653
1.5977199687928771
0.245169341715234
0.0490946885177786
0.021020059250406006
0.22025321756754015
0.2992644471146832
0.2981198729581147
3.637626367890336
0.08153669545463976
0.32198020769013175
0.5054401675934945
0.005376790466415822
0.013889533568223922
0.5610793780799277
0.6649887912474396
0.3915375841050254
0.42199804572256794
1.1104448320788323
0.7947025640777997
0.0964812945009095
0.0716789721879151
0.10409385971455355
0.0064611264877715855
0.6428052987755905
0.5590787422955499
1.5481128857138735
2.319363404627764
0.607957159274336
1.8520309136806028
0.08999534524442562
0.8511710359559524
0.10258738029702968
0.16851699657681563
0.4744775486418978
1.0323732265350893
0.4647564220620445
0.11042044776905731
0.6025680420256998
0.045843471995242246
0.24562196963132196
0.5654322358756305
2.015889770637378
1.1023910594337507
1.8319023394048903
0.11172417973400611
0.06504784553974033
0.39085571969101635
0.0370739119181325
0.08007520937895878
1.4130652078265717
0.08846010063861454
0.35520725351319404
0.19531360257736075
0.9047482254035967
0.04455944738868728
0.5507135542006436
0.22249923107820083
0.34495628906546083
0.20293484446608132
0.27181458954431736
0.43766622579673187
1.0253129691973448
0.8361204624879298
0.11754839434989951
2.568285301354487
0.3712749449422636
0.3524310731819186
0.2504743724931809
0.1276675165085821
0.1696604862403472
0.9974676106714733
0.013571291584135944
0.24655097479963198
0.2928838512689257
0.3395881564166394
0.2831952452494822
0.32347650935575367
1.8672713611159593
1.7516252987983516
0.5919968207854867
0.8157324532911577
1.4274087599408791
1.059524752574557
0.16355565390182458
0.3955381325103262
0.794455840482055
0.5632882779445372
1.0560972920631058
3.6025633263720036
0.9788013148333615
0.5161072331390257
0.36060466435506777
0.2709528197163432
0.29576385015162854
0.6764310764391884
0.46102632231519436
0.10014348761889813
0.63309534402575
0.09535735797719062
0.0711789168280383
2.5350757190737783
0.4335977248203113
1.5451669128493357
1.949839466120821
0.42997747714139467
0.20747661057779568
0.5012800596343923
0.2325196745973357
0.6574836053059766
0.9760765926457491
0.3150619484460829
0.07047364621875576
0.5794691556173508
1.4306843845038661
0.44772385972413614
0.28096569169336494
0.12164137177749597
0.03975961268271108
0.28612918871712356
0.14991159684763472
0.09103119404464988
0.4806679767688247
0.15470872656611173
0.5186543332173397
0.1420397517435369
0.12425490820475006
0.8290735106581406
0.15578604467905194
0.18286383857787653
0.897340274056957
0.9531622092381391
0.4813952095478514
0.25449029461993383
0.6703789873874569
0.6622543973502621
0.2555276414356861
0.08806257158142206
0.621371117600254
0.20395530532933046
0.7708184922682543
0.019858955501152912
0.3822087885067272
0.696596596282512
0.7520293716542675
0.16959513605856244
0.7999789058702442
0.10918089160873637
0.4297922519521126
1.093555935411348
1.377380661380673
0.6449420308168506
0.8374918777595114
0.11833642351624463
0.34882963148073076
1.1853817384919167
0.5420852580326234
0.2021638735930063
0.8810088938078502
0.06360226023945939
0.12837609860821828
1.4946058383291778
0.05677803657590152
0.0712255291000562
1.310925230244766
0.44103165918903897
0.42635421004447827
1.5246629974179595
0.11004051192587908
0.9575879359251043
1.2974561830976672
0.2897178796928109
0.08817159493905803
1.066788696966454
0.13318140474804754
0.02310100270492202
1.4154397834510575
0.6488584099240546
0.2898385533511963
1.5600650582989934
0.971399086529998
0.6657820644786309
0.3209398023496716
0.1348360091479551
0.05360127663072769
0.7001815783025078
0.40302257079634984
0.8576875055338294
1.9631957881204425
0.13910058417273646
1.087323191613037
0.38303085192217534
2.173735104401077
0.30696613075144813
0.31715196710222715
0.046055897269487514
0.0311548301942626
0.32606914717482177
0.7970264200579077
0.6253793400256065
0.9154347370397904
0.40053110495293975
0.02676978553893903
1.5153438180054186
0.023483551262938416
1.7684425788298264
0.28153117770760433
0.20270209259650052
0.38649441467690726
0.7483376232266232
0.24385899596405924
0.0599564760800168
1.6430701108217929
0.34218857285467097
2.904030689139928
0.6410587483933858
0.10950766069727681
0.2910462249765754
0.13565313002509624
0.18235041046290146
0.10619728749368756
0.10931835005745473
0.30885765317529995
0.927202933555769
0.5254423188971926
0.3485978277350157
0.8689784595296365
0.8511252017079993
0.003204989201515534
0.1573862408379897
1.740744542555564
0.6686415026463963
0.4145768819734325
0.13155152544440868
0.05079731316502811
0.5435929558080618
0.41253287442950054
0.374046428238916
0.34646657057180325
0.5293437218098282
0.659897776217922
0.6653450406006455
0.8684920507421255
0.28200476381860246
0.5096087357759578
0.3057015491930384
0.04213177897155191
0.19794918972702336
1.396989784091819
0.19313207537947746
0.2834484242265281
0.9982335047424314
1.0437342477507956
0.09210561423353456
0.38238104601392625
3.434395822226722
1.280153566801095
1.0848395355661018
0.9673295457954056
0.2596928389612922
0.7775054924421393
0.37039990973480924
0.9935566812511376
2.6040695733368797
0.702617114699092
0.22538464298325742
0.07954861005065225
0.7529987399714633
0.6061762124402801
1.4115624567337701
0.628878817624879
0.8566948309626713
0.22747744536006612
0.1060779696056751
0.6226523664105532
1.7620791522599772
0.2240212476400036
0.9226559698137333
1.2104069083641829
0.7477405867587775
0.11604669961295801
0.453797550681903
0.07000646533679845
0.0027040364147993324
0.053896515044685164
0.4317548592464278
0.1732864567590623
1.299576853574075
0.0936422002732544
0.2575551401233671
1.4208879684822435
0.3156490481644738
0.04474622114094648
0.18917926526086715
0.9475925789702452
1.1798561939445429
0.46085974230782534
0.5145788188933242
0.404408496770361
0.7025011738034173
0.3681456326327145
0.047947605676094227
0.9192641592477462
0.34282688014853907
0.2741480079739457
0.2692174739657155
0.5999722384269405
0.5748844424278488
1.0413884978114243
0.22391751274681454
0.06587036863961665
1.3314929140758611
0.3054151445735055
0.1827517017997536
0.44143231512974207
0.13258551459450243
0.13125841661992155
1.246161337789468
0.28494847437846366
0.2684214213160828
0.37221199683697986
0.010642679064038816
1.106893296343962
0.0749173625331879
0.0958073441331343
0.9808266189311018
0.2984290729777372
0.10688948747940219
0.345401324738619
0.5300980115651744
0.35703308453796
0.2569669749644102
0.14093163744300688
0.11084515801903227
0.28368115019125434
0.5741702867629033
0.2872951581748281
0.16543873772387568
1.7043027547899527
0.02786303151952878
0.355766751692617
0.20396466896781293
0.27780827812688186
0.775397897345276
0.34133668542252793
0.32028670339516335
0.250295878048489
0.9382328560365265
0.7717331159271862
0.3263157822296758
0.9914441288347383
0.18680412264404922
0.22775132910769524
1.3091102982321763
0.2019708426083698
0.2970215658243095
0.2526063661760899
0.13045288688399626
1.3881671277793335
1.1323841233799816
1.382008466510814
0.5919449533910294
0.48059226324376375
0.30627190955731104
0.14551967958924922
0.8696528233276043
0.22872402714058632
0.13156501024627765
0.8401349056247412
0.3963319007957083
0.09236672482618137
0.17048850256689033
0.23975812201115412
0.03466483464595866
1.2014182214852844
0.10447652150619112
0.12604016024648493
0.4934105867885736
0.26204154748806613
0.33381138710063624
0.3416537247641084
0.08097982741573238
0.4757964449923049
1.1510102832897455
0.4831393098379526
0.2518321138443298
0.23471904438673438
0.16119254416611897
0.05381542194469239
0.6605213795812893
0.571434661384188
0.8166518317309341
0.2201026297031094
0.09550538370036862
0.030534017719811932
0.5104074292080345
1.1242617162584982
1.4007143095177093
0.4534032970862001
0.6703018014492145
0.5034129522533566
1.177278546355062
0.9764610004000609
1.1560343690850061
1.9481911507143217
0.3863241302275604
0.06649499099124624
0.41215121772509694
0.33920079604864933
0.6004327713251039
0.08865740598290513
1.6500101395530304
0.9183566373720508
0.3182887190175886
0.43438149315589364
0.21491335459604918
1.4857635839249925
0.06872721200196863
1.027741899011352
0.8549827781531253
0.6228316811158767
0.28042920100888374
0.9949813289791618
0.7371714247923845
0.5899955704788973
0.39566077078915607
1.1051067101062715
0.004042705522038726
0.846170889957212
0.06061210183284437
0.553055748112588
1.5966045558268924
0.3473486861686659
0.5798167018067947
1.0293938283485833
0.8505054530191255
0.13488216686720733
0.9975126889909223
0.5208775489354245
1.2708187203864534
1.1351668822861167
0.07235851138893543
0.14207125319415584
0.3117291504690811
0.1222249956970789
0.1545891298741349
0.4321368951389227
0.4318478209791067
0.72507676052237
1.48951765879231
1.140018229488585
1.6029874472186265
1.547369178882249
0.3781758063717935
0.42910010539593535
0.6791198056604281
0.01484339798508164
0.04152205291934311
0.817587278251884
0.12608404890014593
0.03373139169219491
0.1798899738870662
0.712582586507936
0.24046767072946487
0.21765751126781993
0.3495091990820391
0.3456491309156979
1.7925811699622005
0.0541559666596649
0.10502643293884073
1.2959463925400403
1.3925813281206074
1.0664312737388397
0.8555715210435163
2.1994734548682597
0.5932238691679079
1.9730054857790178
0.13246417352887901
0.3550696095012838
0.657622072409077
0.15491031515139822
0.9721350298892285
0.2573689280433757
0.5009311372093463
0.5476790863131895
0.5571082426651142
0.33403020428606006
1.8418029187786757
0.37536814994221845
1.3550527016543015
0.05931360369622174
1.7165046468423575
0.8756405062087158
0.00481699117812803
0.26972577469685166
0.5085385359443289
0.27873374462637474
1.6897556038032284
0.4166007120616903
0.7404318982646227
0.7068333852394282
0.5110067763045557
0.06266632340745705
0.8554959337001585
0.1753032395215646
1.094398201971107
1.2590529324700952
0.3504509806573966
0.03534708866175061
0.6025306041424201
1.176332365149428
0.22294160918309158
0.05045602026017764
0.09784787505040311
1.6085813773350937
0.6019511769755573
2.68595972584688
1.1211722716283612
2.179847152047176
0.3688368057871019
0.27625019263033324
0.7432864450878752
0.8274422469950816
0.659023573295408
0.9647280154688349
0.08530916480530487
0.5205930321216137
1.2963784180121072
1.6651685608619584
0.6398593369521934
0.9121278103008041
0.20921515241528382
0.05519529793976269
0.22508974511400082
0.10915916300750343
0.18735694292748836
0.2150601426504427
0.13299740265766186
0.10526583179567708
0.03224487208810406
0.4971974202900533
0.9343065219151765
1.6437319794131595
0.9259105686851143
2.0326852361031356
0.518689698738963
0.07567058117378622
0.11199610246507473
0.5648450042537357
0.12027949560806592
0.31780933663567407
0.1660378146780674
0.632062475115901
0.12162787670652482
1.4363865426699398
0.503704248901957
0.10572825950997583
0.6601993693582208
0.177750261022243
0.25782179397831434
0.2001281644807693
0.46687484453196676
0.8097524184415213
0.20380142259663384
0.29453136767108634
0.13815064164861213
0.9103126537660544
0.24789964493269478
0.1780544538886631
0.22326224591463875
0.9455447201649467
0.1121228636852696
1.3052539159974736
0.13877377609599745
0.7250843580786791
0.17880562406055633
0.4721744002461723
0.6236690223051425
0.4671420823254695
0.04192848722428322
0.2833759918187823
1.8345106251491887
0.42803828445375525
0.10233675292067293
0.07737102571912641
0.17011381923273078
0.09500479516847306
0.30798584439393084
0.22108171262044718
0.07663074091587894
1.6117535322732275
1.1428426415764668
0.5938329972107869
3.231431501611005
0.7123887077558798
0.5345674410710585
0.04994276742496932
0.744060276741754
0.6044971331368792
1.063337775155147
0.04128501862857354
0.10078092399494068
0.2725868790869926
1.6781663728779137
0.04310645493860061
1.325505191134223
0.7100460726940226
0.7112498120251274
0.7232758133348448
0.923138545666609
1.0721792493168683
1.0794546735764465
0.5754913099444051
0.3327041659539024
0.5732427429758993
0.2653979933454261
0.6230409055207111
0.16302538489444643
0.09178448566939527
0.9509776733255499
0.833827732702016
0.1471679042607197
0.9723546821834982
0.21303018216674777
0.3602271442712903
0.2857965613234917
0.5663267876105806
0.19105273141854912
0.40976010959959963
0.9204838470507214
1.088200333400408
0.24299888914557394
0.8498308433948092
0.32104578243997045
0.6663946177278453
0.017440168816878578
1.6449929430471393
0.042835309168854314
0.5140754486499275
0.17524800431518792
0.7816877640146632
1.060828956979978
0.35485800851109955
0.7295707348090551
1.3866581256248043
0.06490598644351944
1.1815087348158677
2.328480294872639
0.18353226245696957
0.11712237797710559
2.8791097161165364
0.042535109830022816
0.6383926748447469
0.5204708160190215
0.17579257820245286
0.015556772628852689
0.7383415893688637
0.5832464461382943
0.6448121919164352
1.7570482763333284
0.2944799772543237
0.06445750355628466
0.22121396248040434
0.8295164050545887
0.012933559455687148
1.270847208489668
0.7749348448840624
0.18114270979567093
0.19327552504001372
0.6148453714544557
0.25736080728742855
0.5458355890580785
0.057602220300295895
0.03445763649638414
1.6452214295345209
0.012351657435620285
0.19916937582022246
0.3985865525527983
