0.0888038424401483
0.32856346002873843
0.1208960546878514
0.6965676028681687
0.8257128903524867
0.8433459566313828
0.9260446443830233
0.1910231717519904
0.23391586810407214
1.0576947967685901
0.4237293409484501
0.13259843666370866
0.3050074597319277
0.10059395723424035
0.15359133765175229
0.895847597645738
0.4044952374828299
0.421597713120272
0.8332464634918952
0.07800217321462245
0.013074261172615183
0.7857598923280261
0.08665906912153717
0.2870154187588263
0.3494118562662413
0.8225802040336253
0.513739710053288
0.18930985012680798
1.2653786313572688
0.04614258105822936
1.0704612051990285
0.040363461366948745
0.22628299197503282
0.1456990487592732
0.71044545667041
0.2709416083493095
0.3488420933725331
0.6213733089125199
0.0281926845674103
0.5553179981806913
1.0613304627298081
0.5439991580106376
0.19513162829960604
0.1343216366250154
0.1457419240865237
0.3141873041287805
0.09519168478251781
0.35197690990801966
2.0946956164802475
0.3662695809429326
1.9975974401115522
0.0347549937895355
0.7726335379566172
0.5515551240341316
0.4242079386504104
0.49658762674690404
1.5269698674470689
0.17713752999193771
0.5404739307005935
0.29003985947266536
1.919264312131387
0.08585964043857018
1.1790995918369673
0.6919989674342027
0.6637528999305863
1.189166782106256
0.2529332044368779
1.3167929322762284
1.0764204537412698
0.8863460374498999
1.0064870514501085
0.4120843668917884
0.3718118084729674
0.7549502309720003
0.08107484829920907
0.061212171311485056
1.389474934776324
1.5925696268829055
0.8499962010708861
0.24643087148600704
0.30513977781198726
0.3975347097409976
0.10011393587175223
0.06949067412338537
0.87138634929099
0.3862377578484034
0.5691401262617843
0.3455379283406357
0.5409176683230223
0.272169341193152
1.5350622915959296
0.16077932517231866
0.8017719322420815
0.33307607262281086
0.34756762117839246
0.751243470323534
0.09461535367498866
0.16685331931075253
0.2056924709470141
0.6114142084636703
0.19790804240138388
0.4560886150730002
4.290982366043145
0.3703859007446289
0.18431918090626453
0.5551533528176459
0.5635608485929263
0.40635830701809245
1.244259602908812
1.0217424757299265
1.0726128044304553
0.6411829844635543
0.09976085257448555
0.04242733305028288
0.06513989378376676
0.2840001812418954
0.45860135390940937
0.749108700834201
0.687317401566728
0.5831838737473252
1.5451384827378152
0.8961864482218109
0.8492644785883265
0.5491417362660206
0.7692412361680997
0.09165012732306073
0.9701188675967622
0.4177477802374069
0.5278994515449272
3.3843088985017498
0.1974266369362593
0.33421261223961696
0.8471381528653076
0.21451742132670384
0.020321631530999824
0.22077118291253237
0.6418942994299931
0.8864414627147836
1.119110579791489
0.190233385260179
0.10448697313729237
0.9769121782649899
0.43581808723342
0.3065412695091253
0.9340052346435909
0.16047802912138726
0.2483890008385719
0.2509784987901344
1.1188433699082536
0.8840560027672716
0.7450286649480454
4.87673408561971
1.0556773021774712
0.738926300984103
0.3714337420798044
2.064373592351145
0.6969946587768844
0.5548807201553713
0.8976413048767667
0.8939539580581115
0.5806080039444236
0.9627090964852768
0.39247224492494553
0.0949451567855003
0.5495752306679643
2.0011789298257927
0.732298910041766
0.8684946101630767
0.2628824640978489
0.5397870460473422
0.14854747299294413
2.054774560419217
0.27765614823481427
0.4869165755432819
0.28478647728958645
0.021697888418967644
0.5155824112047693
0.2597603583183583
0.1495450169563757
0.13171446457304242
0.6318032484913914
0.13295256089464774
0.9816948735051076
1.257959066173041
1.0366600570368287
0.09679182901668439
1.488055645671599
1.4771469181973949
0.20349628839466125
2.3335306338812796
0.10508766614938679
0.7490363469185148
0.6230344529762661
0.1382912804551396
0.3483426343937463
1.3562176125590149
0.18599391858476458
0.3116978954786669
0.4033900286234282
1.5836577237252571
1.5280033917492357
1.2015503605825422
0.16367214064060503
0.035177289768228925
1.0873745523631344
0.28756951482578696
0.4582122279342033
3.1377712534376263
2.0023351787092007
0.7235673043501475
2.2747049378024524
0.112990772908857
0.04600888236135772
0.6610719293719364
0.3134196815018458
0.2555223642709468
0.8588137055696361
0.2974023848786318
0.8419940243042482
0.70677910184119
0.1603826378646839
1.3342484803977772
0.12111738799870952
0.22836624625226015
0.24527411159171436
0.3436935232995299
0.1230134664146333
0.21926323280208773
1.7220956232111118
0.24158721628227625
0.2547638103468144
0.2514173384317456
0.8556352984303002
0.3628898759036146
1.060700250869772
0.10581480710112556
0.4868494312618113
0.16435508427328857
1.3986138334103406
0.1580228932109949
0.45431993732647696
0.7704015280651839
0.68257737495839
0.6782774646606334
0.11997509860237102
0.8580434423440124
1.2311083327971202
0.7898408954716138
1.0834356535917908
1.1192235842361666
0.3988801245116157
0.18163503597357628
0.6618786205136111
0.5657095510498009
0.8577217837954829
0.5812802146524004
0.4458523165247116
0.632650477840079
0.3045526396792658
0.2975103135063208
2.7881483935310984
0.20592497737326868
0.02776617588562583
0.19699602855901702
0.2054263018554121
0.04166658414773409
0.253205533790172
0.41110223799149603
0.2708298654576013
0.021906594037314563
1.0112629108930284
0.6483438890957186
0.3912688377396739
0.028152129741569755
1.1070068090980165
0.3698768013008967
0.2654879071485518
0.474414809219759
0.21200704537768966
0.5923401685761892
0.321440709543898
0.022057225483496166
1.1790597185495904
1.2895100927370131
0.28154421717365136
1.5876229932874966
1.8559204668450688
1.0566353761170084
0.33755005648063297
0.3032026028516261
0.05724243266595342
0.9084460776775218
0.10568033293863109
0.047521323294089965
0.28378081403630556
0.8800351688826882
0.16345918311384683
0.95571009844112
0.9653950259289267
0.9630733830699615
0.1773046872950723
0.032507732867275534
0.09165781169793402
0.17481992243057987
0.9709637846495774
0.25798603074708515
1.3725734847658924
1.0375271432400788
0.17131951000999143
0.7539199817267022
0.17245968762072372
0.43146072197063173
0.3681970694570137
0.06393901506209389
0.17939027184211434
0.31436878544038915
0.0725496767221334
0.19769274616276408
0.2810154297082135
0.18745180262595496
0.7744808444685418
0.5337224153538975
1.0439240900990348
0.10721175774972395
0.6571918843199488
0.4996656809045315
0.9835710442958195
0.6361805722023741
2.858765913786816
0.34155376688445044
0.39463411366675655
0.21969124113193822
1.0453175101679877
0.5414733799040652
0.09177229910666172
0.06819631964526277
1.3471080091057392
0.12921345530452552
0.5932171305410966
0.6565541904572143
0.9426065173637841
0.45959466793074455
0.14296373398038
0.6615013336328023
1.1526460806570509
0.32397353335249796
0.11805336492566115
0.7382463116401765
1.229782446067526
1.138045946977264
0.6946854007315248
1.5047405960381992
0.16647355406878295
0.0374225113613734
0.756723158763522
0.6568795906105346
0.05450176658331607
0.5585757566270535
0.5991134528002617
0.8311248248648156
2.1526273339104685
1.4162231904863862
0.25262297356791497
0.28052205428218285
0.47756865042152974
0.0836524435900337
0.35560892893252655
0.5351530222319683
0.026604724836036386
2.39028643138095
0.2637563450402799
0.2107119793195276
0.6937708573245285
0.013795729132415538
0.18517660646412218
0.11033414963760999
0.09446081862982005
0.1236332734614395
0.9879583884634565
0.19956200973987456
0.6540548961089035
0.40366064567118876
0.6408923403186491
0.447704135819292
1.3116374131563737
0.21672489323729294
0.3158196988190892
1.4302728698106844
0.1661432926469195
0.7031092178765812
1.9294555972208913
0.5361719307476576
0.21700052863118255
0.5598562725669218
0.6350948068638778
0.4598931080223153
0.8864765971386416
0.2734535855015328
0.5783848529537486
0.26726738240117687
0.4718698346995988
0.3195065585440127
0.7577842815796619
0.15164429198587207
0.05078398728657236
1.9543206085166958
0.3479841369589177
0.6379325648949998
0.42784615854212266
0.7264860940207851
1.3244726404134703
0.27186246298672756
0.61292171306434
0.28671818452306663
0.20029636158134714
0.2540091823754565
0.4551106924916981
0.5130993860492079
0.19800448202324433
0.048626850124038036
0.5384470989431059
0.7324883741424056
0.07039668336344353
1.2114011940910214
0.15706759936094547
0.749590355063768
0.6377472412561883
0.5517899713433215
0.6735302938992562
1.488008145132425
0.12117643982817618
0.34431515701553594
1.3034925851077819
0.28212837198481494
0.5127546966146225
2.407019660590327
0.07489683161997006
0.1573172127445733
1.0851281303017268
0.06436967667595016
0.11596759545000429
2.067805922831969
0.31990767317467494
0.36775264086580534
0.29812189630435454
0.7114177864332907
0.9579810369315084
0.424797899087821
0.5456455524612926
0.2828525511554677
0.3885987891359367
1.8345607584021344
0.5507955451062866
0.6723833203621794
0.5485162305452761
0.7777103230998098
0.23986114808577008
0.005946345232756379
0.061069990384157544
0.11665695793035227
0.020539605237332007
0.7353851486475985
0.6822969856503528
0.19856167848677417
0.22855611183975663
0.8607769490687321
0.4021327079225398
0.6263802272215132
0.10763910208658432
0.8863403533332522
0.313627235640636
0.4318927158233475
0.1986372545225658
0.35303024039475966
0.17567064790946813
0.13464564451025357
0.23864756477556048
0.5703578156162236
0.8437776754011979
1.0377940721460435
1.5555523716227737
0.047205136260916325
0.17731474810485479
1.157570334750166
0.3931009053931142
1.2326056963340855
0.7491171270629106
0.5690818280844855
0.4886006573217321
0.5373388291495339
0.7394491369936739
0.5064148510496127
0.2974274627901866
0.056190592617768764
0.15612314421481138
0.058765683875016586
0.3397872612743857
0.32373844775475413
0.7962850777870583
0.21381399749462884
0.5263341616174119
0.6307637420311403
0.14253068000910343
0.1654484746220853
1.721600280680127
0.2596060722566548
0.11630180192129849
0.17035873116471884
0.9214101916062046
0.7413274239914146
1.5257482502375022
0.17030617880146373
0.30384246290250555
0.8628730998005549
1.205201763016189
0.6942381716014496
0.20688007718780307
0.4634743116220879
1.3450759919664181
1.234690618697353
0.2580434787509496
0.09371182505297519
1.3165381310134838
0.6114605597683707
0.049590163502138386
0.5543183733794012
0.12934702319203428
0.4270351505658382
0.1061096297084354
0.19539586368746084
0.33878070378553116
0.13817355257143796
0.4051844213631082
0.8444287456275015
0.8133636011270919
0.086038531124972
0.32369216204189205
1.3175081773226573
1.0310468195218718
0.021695558148574715
0.467806574598533
0.1859762889660401
0.4829584524126318
0.43209958835391266
0.1392124448797382
0.20126028547908353
0.7970933086201529
0.1375038319088733
0.8856195437463138
0.37850707263166156
0.10180180928674634
0.08080986067197705
1.0795249984271778
0.12650500741111814
0.37479158687160313
0.6940457116725205
0.4892898394035184
0.03067191718509213
1.043762912622333
0.08990979443856159
0.3019663483907876
0.13857388784951657
0.44701406929648974
0.7477882292386886
1.2593982395421126
2.1196739208478044
0.5861691205321704
1.0751560871651513
0.04399621316445215
0.32881837159140614
0.7336359445952796
0.32504155761855164
0.5095856129559556
0.8810255769759239
0.1564215191331542
0.22248918579198224
0.6141051054457178
0.06783720691376208
0.10113819655285478
1.1504322575486927
0.10909360390654892
0.060902413009153465
1.4442857363487696
0.2987421883598613
0.3400853658852496
0.35296474342050616
0.02850860504278262
0.3726046283824841
0.43795452073617064
0.451823836010294
0.6633658644827003
1.1237967780075242
0.48282567646071295
0.515103099595142
0.25562896963865345
0.77120754917799
0.30373998135395003
0.7342893775607315
0.11800824808841776
0.014225851799672133
0.7960574255457606
0.5598854959376574
0.24542605579578702
2.0995651721969706
0.24332326233898222
0.7855693088629251
1.4507832174960786
0.96383023362769
1.2185250987862417
1.806599142318704
0.3189688106332299
0.5443518258958739
1.157129586061462
1.5357755378037692
0.6722945438274577
0.3996836978872568
0.038357069536726844
0.37657816105419073
0.027834733557727698
0.01323568096856357
0.3144372339072539
0.34828909809253844
0.015321057680581642
0.005360056772091892
0.2797135987994331
0.1441923605700266
0.18468658393061813
0.4243027183596652
0.11790930788319566
0.5218744201584431
0.9103009001236608
0.7425369347977159
0.28062534712949905
0.39114050139363427
0.2868875134191042
0.1457299599165478
0.39024719081640125
0.07026659831851857
0.6519988179648449
0.07974720225230128
0.05664806755647338
0.1917682807483834
0.7159116057935159
0.39249746274703834
0.34886119742709243
0.6830966826379936
1.0769778457063546
0.567497640110905
0.891470851948491
0.2501680605827396
0.8306725832839608
0.25646467591224437
0.23784911003859463
0.1262397031029724
0.29893642195269815
0.16384368270815805
0.06878117242109948
0.5332654216919287
0.17248901113881016
0.15964961470479191
0.5036733302813302
0.1495756237379274
0.03316790819748751
0.14352876366619471
0.9825378934571127
0.019740006045218684
1.0602121085773801
0.026480081207305724
0.028553856938586832
0.02459722125525699
0.20844138855708813
0.7905665331047274
1.034873497330985
0.057674238367846846
0.06721056084268479
1.8418952197466696
0.006237406135238292
0.16451580698722548
0.2879883192523892
0.07296182063388547
0.1364877207330387
0.6941276504540133
0.08857758902336753
1.3776637804678187
1.0404165378132602
0.4608319077661122
0.21339855795014545
1.988839603954119
0.8259124112608628
2.101643907750279
0.33218344011477535
0.033556399806103566
0.11289039422012002
1.0824263617165715
0.5597797642735683
0.07274401541125818
0.648720624501464
0.242369647898629
0.10627868048782503
0.11364393644764609
0.027775990331436837
4.691902729647412
0.32755093290711135
0.18476879271809787
0.08834450239903471
1.2085384054472
0.4138646433916055
1.0890086064135585
2.1060574952697255
0.3521742263013034
0.2802674155174839
1.0144105454052164
0.1710278638296659
0.44098303555453755
3.257360881812176
0.8893721040120959
0.056844046199860596
0.16498939044542377
0.09075935958999634
0.07343061348719453
0.14225874757433155
0.44502333521952503
0.48063572140046246
0.6516823829576962
0.5001728332756384
1.7181411047118955
1.6199771964632252
0.1027489424813026
0.3597564674356218
0.24959447529221165
0.2588892010741073
0.10827919662334812
0.3638700710092416
1.6259893100323388
1.4611039324288102
0.4247415329043201
0.6387685577164555
0.2417427300677033
0.6433632424837609
0.8141317128714969
0.7402220125163068
0.7849517814996384
0.49298606368150266
0.09362941736289403
1.2519156154428197
0.03537952063970208
0.039099089388741404
0.963363806323173
0.16581521978876954
0.4129236227433116
0.8610901537883954
0.6375148937258241
0.5878210181940976
1.8996101308459186
0.20312545335803012
0.43587840404375106
1.3905599803737143
0.2640186819292792
1.2560776837063312
0.9822550994870399
3.078913006529292
0.22592398571457548
0.1580891705263094
2.215959137658814
0.40055947395560076
0.2012199421732031
0.006191472852364675
0.05546121787823154
0.4555026061666835
0.9659699552051404
0.5337211598866596
0.6035472565064381
0.21151870509258341
0.06745562953856352
0.8646209995949135
0.21693014791165136
0.5385277470868024
0.8144010591166514
0.39556636730883266
0.2735987460595427
0.5057794541280618
0.6932709969941713
0.3096143238479908
2.3296496354744773
1.1523031909607384
0.3702871663767668
1.1866747323782063
0.22130933503975717
0.10562176163534483
1.5102126208316722
0.30656995570402945
0.3230302621511893
0.994621100864307
0.5339458010204622
0.01620302393854479
0.5875760153792708
0.15553161233429164
0.23395881723992562
1.34100052065062
0.2969605374633497
0.1682842437480447
0.3678675185872774
0.5425205930537774
0.9934813093109346
0.1720538017049775
0.34548450502914163
0.33259351190244035
1.4522943836679811
0.04388803911980288
0.19581871126936765
0.37957531272810324
0.4252342166081216
1.3506910653391566
0.4125200113845215
0.5392303861891515
0.6445140243407914
1.5175695262915598
1.2544205332962484
0.1876030848452454
0.0026184709928464573
0.0712027431192953
0.06911097806831462
2.6322077039767584
0.5865839563017873
0.0518118876606457
0.6105156641268206
0.6091347728354191
0.303442967856868
0.7182101631240515
1.1844333994281506
0.45900169743767505
0.4165051436304435
0.33934436967601656
0.024445199786319212
0.6686515952980895
0.20151023259881967
0.579991813422779
0.19167766272242415
0.10841728369968649
0.26860319189663046
1.2919513194247476
0.17851777766769333
0.15553275983733328
0.8065254968691551
0.793889752695475
0.1999734730147453
0.30512589758039116
0.24787750847571027
1.0558828898635275
1.1319059088733732
0.37848575521251804
0.4579373233995516
0.6482050471151328
0.1913726692347183
0.5802318973745938
0.4862386068799873
0.1029919281575112
0.18155580411165753
0.3586307577517678
0.470779085133554
0.4095072450285991
1.3247949248942954
0.10118120253634917
1.1969738122230902
0.5524810930067497
0.48785552589248976
0.5982166543248961
0.7323858199887908
0.014972625972214685
0.09267328374026089
0.29672868782816175
0.017139987187857024
0.054305978797866174
0.35521281487907985
0.13051229518062224
0.7247878474814097
2.1273219834101704
2.12044723845849
0.9806189332319958
0.01815684702249854
0.09941979652526961
0.053628053923435705
3.0987096919677803
0.3091049139950282
0.4967349721055045
0.49909147188418584
1.9455541213462675
1.0290135769124775
0.45288383376692964
0.3242467929719149
0.8492844484332444
0.6993963443361868
0.823918779126042
0.5762405355762078
0.0034946670163668965
0.35571956591515197
0.047562160563407126
1.006189589143388
0.5699257092256108
0.09092852438079636
0.4370746546372471
1.3121373809149004
0.5098569485911904
0.07881370236170207
0.67760038847712
0.5431725766956484
0.29482973345935276
0.08856072031090365
1.4500598093540842
0.7444777545742446
0.15094910485794819
0.5957766630729154
1.323992665833393
1.4342276996233985
1.093256659221597
1.1812694534662782
0.05379290301424002
0.15689987093845745
1.0783803569074657
0.37603230900775547
0.8213771028008042
0.5945221000455205
0.25426049219823543
0.16446352538398712
0.25675913039486997
0.10803379607509087
0.9596550243539854
1.6620755186252052
0.1754357647759243
0.8849547525463307
0.6969086306145654
0.04480151451176413
0.030175795425606326
0.6661511942992989
0.5866466750575362
1.4722898325861549
0.443197843139643
0.06153230401437244
0.020106102775240123
0.7171690746979407
0.05257822245616326
0.2992273718336885
0.6355636308448696
0.46858098207391297
0.5071370126263466
0.16947558673979884
0.6051436346617421
0.19661632419489247
1.5096742459953303
0.5019894113607067
0.20704146315829028
0.8287308100116593
0.3263450505689031
0.3435694132822325
0.3197477442623666
0.1923570799463617
1.108477609174683
0.8656181346866827
0.06410882784907206
0.17956169554223364
0.44629720662346734
0.26408750316676194
0.1564166110526979
1.0528871454921236
0.05008514147936611
0.42929581480280726
0.3400351758142594
0.3405344141151238
0.40996908529051307
0.03409608595535709
0.43337729290828864
0.07250778858486928
0.261926536267481
0.2226530763712134
0.3514150857271526
0.06465341092676832
0.1762936500906068
0.18854270965723735
0.1953207770922023
0.3314939655542427
0.2599365377083132
0.08875812520008357
0.5652703833832237
0.3080892721042674
0.2375018349468458
0.24528174125230184
0.8148345319937537
1.1511818810249617
0.6009738333800629
0.5079689937813697
0.6588231635584866
1.2250268900458376
0.9782367634881663
1.3692812884790824
0.08594220825128483
0.2871064893874528
0.5566908211381696
0.1952122683832816
0.14823841320542322
2.1434545707102934
0.018026569184136768
0.8078790156399892
0.42941776028461115
0.13310902414042228
0.1411868341667913
0.19132416849593756
0.2844283775004855
0.22453552188776274
1.0080878942402827
0.13450475346617197
0.04774439295895893
0.36040450416876546
0.12245291461756563
1.235664040993876
0.929025567536231
0.18969102287980644
0.4452374923360089
0.1765284050247781
0.12470437002931029
0.01308579317718269
0.15410182623035615
0.23357354158365337
0.29549776737167927
0.8781541634037532
0.22759725127948413
0.4409735808457035
0.21315008268688157
0.34327128844755794
0.8223823815985927
1.0961063950329046
0.1281342635320737
0.5537951665741496
1.2137740831002786
1.7613619774887568
0.6188185595718572
0.340080938469358
0.08469578192752812
0.06671293992909225
0.0467752821088508
0.15679873660693128
1.2669515315018007
0.49612549437237113
0.2530329633907713
0.26516675629067854
0.464513591737809
0.07044265445600073
0.015009295752097805
0.5151697400039681
1.0092415375178045
0.08179824914552651
0.392567937754686
0.06233030839785338
0.07270847295096422
0.21330785211518233
0.46005503905023953
0.3585114219183735
0.43722787526197654
0.012565434897393282
0.4492660349582757
1.3595589456566486
0.30962979152495773
1.1176629505817335
0.8679325303466316
0.08195532832134907
0.19982715896609315
1.8907616298408894
0.32254083407296597
1.3341024420931378
0.547262660240795
0.1252274769474079
0.07328111093108255
1.8468261559844583
0.027784291883556873
1.9482756157460992
0.06245599561010315
0.1411820799354906
0.022326709263514436
1.7218237900065763
0.48579668892898015
0.1194665943839146
0.6275201214151036
0.6304996610190828
1.0959536531255916
0.1969527336471232
0.2876948985437683
0.03712112342470202
0.22755494027393486
2.6093737333650444
1.8788344477601202
0.7474671113269454
0.3601080064047893
0.16266368392300462
0.8268891832054043
0.06768449361342868
0.006321457902946605
0.25080435479274105
0.19021558478968176
0.2277280384615223
0.8579439685964422
1.5673188569409253
0.6428902379350154
0.23749392166664937
0.4054126071842155
0.2543732469049628
1.5792092271634692
0.8286865322983236
0.05504628190954779
0.9870116414132419
0.9517538626522158
0.11563026027670618
0.8230515200245588
0.5599208984760977
0.7744037688559435
0.5894134568789693
0.019997950413997902
0.267545025849352
0.12165466733147087
0.05638072865113812
0.030220599375469528
0.3045566631609336
0.41156778129520494
0.7789946808390009
2.0633417584971965
0.27414993739505333
0.4705887802407121
0.344786969894877
0.016634936370600123
0.5882721612325844
0.130683414820364
0.38914047531903045
0.526509357954542
1.054809227416146
0.018664249976047112
0.560096243858356
1.3244838022276362
0.7730130942740708
0.16470997525176462
0.47475318558734386
0.13042193200768837
0.17227223783219692
0.21199438477549845
0.06609735189598794
0.16024889587487728
0.6511327899757794
0.11914620431866799
0.08457209501311752
0.8914007383416177
0.6094539034617672
0.6235034805394084
2.7017681139541407
0.1339290704405732
0.22093944967713053
1.6640480111599576
0.7418381887575226
0.37195816509911434
0.6103842504755816
0.0034019288499820503
0.013683698930465785
1.0442157710526023
0.9752387753446259
1.7565107216899378
0.34605508858027334
0.24068413248380013
0.9552169024836793
0.06292645955044067
0.49600796389850876
0.25776271897277
0.2635910830377869
0.7595585971967573
0.8293485712057154
0.6055032154411547
0.6153493249302776
0.411258207504124
1.525447459638085
0.31976076310843415
0.23289856851940371
0.4730216280717818
0.05040455328732252
0.0609574445219892
0.8550517271190266
0.18881187078866146
0.06550693809459442
1.1603706533830918
0.15456012473970543
0.5318421160602601
3.1141421738421404
1.9020255370149977
0.17984341530071946
0.8948296970124794
1.6218322659930011
0.5417496481391882
0.27955660339435073
0.1768736652133257
0.23560929712941328
0.9249667660688805
0.18884848999032272
0.4911670211065281
0.08955495464645033
0.4275180613494383
0.22623470031182202
2.7830020539244194
0.5903240416853487
0.5912250541080802
0.5582832074940253
0.30359954444310955
0.05276506450906594
0.8300900792025679
0.11905508023630527
0.7076703627123556
0.8943975078694109
0.31468456440865616
0.242327714082923
0.6822855729303303
0.3069830168728008
0.3543587821491237
0.605541429679847
0.1728126320923267
0.3817084645618702
0.6825761157191171
0.22132078635527627
0.349647024413718
0.2576917431641552
0.03824377142669564
0.2026509271269648
0.24837823110102208
0.638992206896069
1.9421057526511858
0.27888791735335183
0.9318483353635726
0.39054444737464267
1.0724058344812915
2.54415548235106
0.7093105053348459
1.248150198306884
0.41504401577899974
0.2460850232452035
0.33144186717958296
0.8090653414709819
0.5285560464649708
0.9005573505609563
0.15894098800543285
1.1571817425348228
0.275525290698086
0.5261509740110951
0.12609238269583992
0.06157437580024199
0.7757588767045472
0.21566887513895974
0.6670258570968081
0.9530181849951909
0.5410918249267654
0.33871043556353053
0.19448384150218825
0.12402658338359936
1.0751680920646738
1.0486544270216043
0.4204258254450713
0.3152127967064742
0.7368730385511187
0.2673625169629855
1.9639646903319294
0.04726115194168663
0.7084645724419586
2.9375614756093547
0.02615919566217233
0.38807092658208175
1.1027780654572477
0.9114948067972276
0.02429133689303914
1.3784080187521135
0.14440841700626264
0.14412748776108536
1.806737238250333
0.08042854180675402
0.18499386200726525
0.1744543889079607
0.123697050094805
0.34461981247999846
1.702859867289749
0.7135934459896662
0.05283893379880851
0.30783652386503413
0.13546963517297295
0.1130559391737547
0.9108766837113732
0.6980721321802011
0.03790838102260877
0.8183560965544242
1.5770952189643428
1.4941148610609596
0.4345126979674587
0.2682797674692285
0.45483869676530964
0.024777884838156572
0.9173920435002123
0.526041718753148
1.6929762029312865
1.330489271095856
0.09570178037672594
1.119701382969468
0.6161561051448863
0.7286774687333063
1.207183582234573
0.14740363457461048
0.5966374144593443
3.9042573147418835
0.16449902590799304
0.21956708302251562
1.1577145098489305
0.47648196945560567
0.3296995003406647
1.4372928504087301
0.0825816288896271
0.39995946919719716
1.8117732666116262
0.13129311971314017
0.3114705563118761
0.7300353107323309
0.6253745160615622
1.0803848918456391
0.3526931517627108
0.5059165262642501
0.2542565003301307
0.7216130582491695
0.013075458279160344
0.14383996581336464
0.24968502769053175
0.15045006399638886
0.3601569235222804
1.5639553798911028
0.3801419236595994
0.5893570761144383
0.7890028678271717
0.24201687531512792
0.2019210569579177
0.690857618900748
0.40415196751172916
0.06550744059370707
0.9187927985412478
3.0825684646110774
0.4051374857383886
0.27731506689571306
0.11451264699566872
2.4957514721048217
0.4653380370016218
0.24301342487039496
0.4317538062984422
0.619815610476965
0.19324720769081669
0.2470461273668738
0.9121672145198504
0.26119736317649644
0.43493730348600745
1.3555891540680967
0.3651974655411723
0.18784016376080453
0.41626551903688214
2.7485523375145506
0.30103913924927755
0.3002637485887851
1.6483701607668328
1.8741835136854568
0.16565771057550854
0.2907043526983159
0.05690532904760989
0.14169722873691531
0.03947117659567457
0.5688406165296975
0.5207338336759221
0.12659428798414377
0.40613721442037204
0.06773586831908975
0.5212102636558458
0.4890607047659408
1.6370810372140325
0.18650732777820173
0.18245274857225827
0.4339466405861804
0.38959423995798703
0.29343646143708163
2.481274379413404
0.20861414534067133
0.29898103877935195
0.7423373045923232
0.13306522156931289
0.5368678555747766
2.061198345521832
0.18802545470359977
0.24742995192168793
4.375707862076789
0.3383080500726801
0.38344725884207476
1.5468271077599378
0.17867616252725338
1.265291401138796
2.1563442605605294
0.6773190820391901
0.3997647015900233
1.0140561525474705
0.17310338741487083
0.626138211898023
0.47525229645467165
2.7609397767362616
0.5607909998971323
0.478844956145925
0.12399020486261304
0.6390512548729123
3.2841272892895055
0.21103398002087534
0.23284531773085818
1.5288045111780686
0.23546157554669872
0.4979944894620482
0.14771061706370023
0.28364678362285106
0.295942882679302
0.8691500073735742
0.06466921032253309
0.5099566595691002
0.0982966717719833
0.35010732198176026
0.2436474212804993
0.4130358097584815
0.6267161203105683
0.21836806163118871
0.3107338454242904
0.8048465350550406
0.361607336446853
2.6325545199715843
0.6474678967227763
1.8165913377045368
0.7330585337682218
0.12730545859874037
0.09824834869571443
0.71383421813315
1.234246025324802
0.042349350421650625
0.7314007512511177
3.189115260047458
0.5085985373738486
2.129711023031723
0.41482525163124717
2.0247167890195246
0.703279033949805
0.4670174452005955
0.444530390724121
0.3080877313686094
0.2646661433698862
0.4656946863848121
3.150366287113946
0.4898880188424622
0.7104353620107776
0.10167185314611628
0.28393926236758976
0.12110596269447835
0.4627004266669006
0.13068761466084178
1.0114124232610266
0.1878516879289556
0.3324137110301926
0.8100537916012001
1.7915514382064694
1.296892567202215
0.14382525420789863
0.38170982639180345
0.29496812036163444
0.36940839095732825
1.1967447594593519
0.3386834639964583
0.138884218623028
0.02876847748510618
0.12062149830180287
0.13798149539129853
0.4392821657996414
0.232739700288132
0.4283060414127904
1.2040968094358624
0.3832115674811366
1.891949851590473
1.1161849350127175
0.07470322156702101
0.09401167869691866
1.9162712590974547
0.7712252904952556
0.3635595521943575
0.3653084302070138
0.5791994172393491
0.6686291213804577
0.8471838844610665
1.1934171401477298
0.26172979860375334
1.1799587773858624
0.13742150774987885
0.17215650565728452
0.3643729251213052
0.5123647332993538
0.06144327302639016
1.540971605543922
0.2331086273708563
1.6663106611057354
1.5673825475773726
0.3523772840227408
0.8745334741263585
1.370714261125527
0.21637808226031857
0.3562567599303093
1.1574164199024863
0.1900002427659388
1.2070402216570555
0.8726672733783998
0.55227111639522
0.5139136290676903
0.014107889631557331
0.2095422702406889
0.3394846490941184
1.2180548523404557
0.25111178488772573
0.4789851371057972
0.2294212756011302
0.06882288908323056
0.7442777259254536
2.9669650722120493
0.8733280072433918
0.2931868361349663
1.1171199008294646
0.3760259312731634
0.03371525564409273
1.8626227812784522
0.1948910089528168
0.27734216215412877
0.03765386117937952
0.47751737268211797
0.9649605235450062
0.42508033139213053
1.0131248971594236
0.2809823852037168
0.6131017924113663
0.17835668296926338
0.0563736144045406
0.24954738248855124
1.0561020460670028
1.5745101449936831
2.9850034840926907
0.10697110538402349
1.0413207612486246
2.0735673000689796
0.5542117684006016
0.5213340671809799
2.5573270912916324
1.226207660583004
0.47962518459994713
0.4362722586199195
0.814997513944614
0.19528305878219301
0.934925907372681
0.31220597014748175
0.5660332444241319
0.9200712630198948
1.4726736842910646
1.1332276309174028
0.9366481817914495
1.3581358014075
0.36775422091252313
0.28147998554058234
2.5103281413142975
0.026764487485384764
1.0130991673535275
0.3364024526200148
0.20673624661523504
1.2329900452126477
0.10195126270883507
0.7008138655793704
0.5476524534723122
0.8622464616365599
0.37440390108339233
0.390389101035018
0.44042692505511727
0.24778759383827276
0.6865910428698482
1.1035266527031677
1.8518116756682284
0.15901192706740958
0.29982333945652734
0.47258264475998557
1.002306208978554
0.19363317767688173
1.2783054069176307
0.9891683238565967
0.33455445186199606
0.7510108308484256
0.2066939880227418
0.050255642885655864
0.7187373731586675
1.494365344887977
0.2742988716521258
0.1222940094895499
0.5082486616481453
0.0786076720250726
0.9159457669595499
0.45565488820124034
0.6063342872488068
0.08787928153702373
2.1433324330230215
0.7638014205341918
0.1103212526754406
1.245800831882458
0.16543695815359524
0.1434398946451411
1.0183485455563068
0.7561595873341127
0.3975870411744194
0.4123917542051639
0.07272897196753976
0.15246570588067004
0.33401665285551024
0.9029228160970484
0.15423720081943407
0.8413693673636751
0.1186824581738958
0.18584334108504116
2.4314546882842
1.5047594791041168
0.6191099310597424
1.7085195601482768
0.7492374289836373
1.5962699248992818
0.4558897139220854
0.15738907948849146
0.3207970386293665
0.33360519441841247
0.09864662107592356
0.1480434189552749
0.8832781781149306
1.6114092843439598
0.22311889715419753
2.2382238816573414
0.38753582094706607
0.14853160750396793
0.20742894247044877
0.21689398556637055
0.46386899217645106
1.564140342384852
0.17638230909287966
0.2629565800180529
0.981364766078376
0.8978422210471441
0.32742865068628696
0.22984949826657125
0.4430021125776728
0.5332031491038102
0.3817703305960009
0.21990404478497033
0.9504919157386273
1.3266335039297652
1.130292962223554
0.1581709297724728
0.26849704633900673
0.3300995343995279
0.8280237733172293
0.20798628122527502
0.41288426286810986
1.3934350935738147
1.5057022048581223
1.3207997875442474
0.6159341792442932
0.5571749772842575
0.5301952023578346
2.6904724822118933
0.954986697694636
0.04926249149909899
0.08799907156043955
0.5158829143851288
0.39656617104501546
0.38671256691290024
0.31069462271568005
0.10674528372868676
0.05560415686374087
0.8295769012561768
0.05669442738158056
0.060500208916612605
0.8359115007517623
1.1151013696092118
0.3902564808001206
1.1026969714094104
0.055255060547632795
0.7384341318583293
0.594349760175888
0.7363815686009898
1.1368216163909763
1.3905433449568996
0.3430672098112271
0.2384712679840261
2.6968477285961217
0.02747771765120834
0.46682010056575146
0.6810805035117942
0.4502946240898388
0.3018013000009857
0.22685112017490297
1.5240416032957276
0.49854909970138234
0.38623715107406414
0.11129416704780877
0.1918608238944177
1.6628574048159261
0.3881821029562102
0.7331410369271474
0.4636987939896202
0.27311889375618376
0.07805470779092287
1.4805561683250315
0.5396639114886761
1.0495306362297796
0.5404272102382555
2.2735532466280346
0.994127395336094
0.27710495689090914
2.1389235403324984
1.610929443910991
0.32075228658961985
0.460625477820461
0.9955180501727057
0.3108262365389325
0.47168125284870793
0.16843212767940355
1.1078514171753477
0.19608866982877263
0.3887714339539372
0.8405262060901976
0.30453938178209067
1.6972489682944385
0.646247841289652
0.9523406573756092
0.25273699956855195
0.49892321908709963
0.622245211865936
0.9096976410625666
1.1203762654214802
0.4267690847161361
0.00350985814184535
0.11638782927251373
0.9842665157643719
0.816813495621528
0.8961128983051398
0.24824674850295256
0.3151914844689612
0.6695508969469348
0.4386200249812528
0.7104462637633361
0.9069936281667711
0.12543758230467902
0.32195640387181046
0.28874215779822116
0.29989286185440506
0.11564679297214561
1.850149968705587
0.43357280450474317
0.07319757054725515
0.5813989740113381
0.14671309195196913
0.2062196111024723
1.9383480898044634
0.13646221874031159
0.5883861239921553
1.1905266361853821
0.8492775949675647
0.38488576351442155
0.36154533738372335
0.07583042296049532
0.7717728455931603
0.42990734507685385
0.5484115858714748
0.5280357689602923
0.12984360906097245
0.46819849673753094
0.23445995434787692
1.0017510566091903
0.15248162785810845
1.4121598200302066
1.9118902279708998
0.11532837101696829
0.479173144453341
1.3774057555091908
0.07852130052306121
1.1151189291610857
1.1223291436232832
0.09028381042802709
0.5183967452343579
1.6378270638723211
1.4493611834510214
0.46096862520935367
0.6287774320569778
1.894589335866238
0.6317696863835793
0.9968093933898239
0.6355963497100754
1.3617595162402247
0.2722695898656895
0.028439256819526575
1.5638367593193463
0.7675991153511355
0.01496142752371612
0.13997695373483707
0.5053928552015092
0.1475555453929247
1.0017377005160824
0.8208732517594066
1.0767175973932406
0.051701952017522264
0.32013270270976685
0.4769182342075038
0.6600845268691783
0.2717952014123891
0.22332966849150412
0.14826630423141346
0.6156882070032701
1.6301396205658985
0.1727619446779572
0.4870300768234019
0.0757757173234198
0.04694767185367191
0.5564097326131916
0.5371032839850136
0.003913679864066754
0.7016114241505569
0.034742926597970354
0.08290502195549856
0.20663183891459388
0.05775917123985186
0.2984219816689371
1.2607872102664281
0.09010286436089232
0.3445746809930259
0.6945163577702007
0.04527689562437852
0.40548083743843594
0.4563680178854223
0.024507384945437066
0.5514704680180165
0.12023407779351168
0.3113594560545994
0.3608500309344609
1.0329709379357606
0.0291801417154142
0.20455057885962102
2.33067055155122
0.02491845904930007
0.11669012398340525
0.6387322004500822
0.9054122507529934
0.6170371901892617
2.470053832623889
0.15862480999941142
0.06995725677069643
1.6355845679459227
0.622450600191671
1.4077404048755846
0.3383524634435403
0.7476919259768949
0.8912794347389759
0.590469740073866
0.3178065979368802
0.07896647620043654
0.9370693057384529
0.18509089185634106
0.28952812701352315
0.29022559546290916
0.026196444242817273
0.31285148410564523
0.18206376013996636
0.7594456436764165
1.044914854008403
1.538907003050486
0.44684100749558875
0.234530282772586
0.2897032541909353
0.7625769077475322
0.31621130454317814
0.8826929249713764
0.08201057980969084
0.16811346985137585
0.47550970440562357
0.45254177070871293
0.24800755469686203
0.1665725713545193
0.2135463403246393
0.36290484287717023
0.36228286877884736
0.014583863894344927
1.185556051356174
0.9259458508068651
0.31753745256191374
0.29963209488671816
1.0052441678327886
1.131863784326158
0.05341058450504256
0.6999651201205127
0.48693786888352436
0.7707911322752627
0.19036274520538998
0.5618132684093282
0.7005138588520802
2.08278485170331
0.3527517134541195
0.029919691162902492
0.5984300763275379
0.2980400620877969
0.4622933752256394
0.21346100156913653
0.790391896759104
0.22370689198732968
0.4679150008025727
0.15190152142571595
0.1613843891518243
0.7296609331751548
0.1101626824804643
0.18972506405466202
0.2767837308560001
0.19811426517365693
0.04315250655743568
0.59418739305469
0.08729350776827655
1.1381987779613814
1.461181152546045
0.1041469213346316
1.0662126394299054
0.7537103999778061
0.5266700663636602
0.2712947805760531
0.6161454985923897
0.7800629243564071
0.07766219307484769
0.4773456782586687
2.3811814580164445
0.2682787702263255
1.0334667594708709
0.350191577331932
1.0724750602035777
1.0259176030942925
1.2486300849572136
0.18066680413456404
0.4940304976061635
0.09721918478596948
0.1455399462361712
1.946370522045887
0.25048831770442354
0.04888288988600945
0.5474743387021603
1.1215928253036043
0.41899201721087964
0.8757880959031723
0.5053602124363441
1.1006727943676207
3.1665647189717987
0.5715689571650007
0.4819442601711457
0.6443131974259393
0.01138140549831503
0.26020524045198445
0.6467820316673901
0.498271605694161
0.13788587043398973
0.7693146872742485
0.24466546961602517
0.48203206865012943
1.5917127723115094
0.6224501109840092
0.17186159396142783
0.735634796168542
1.091453077787941
0.31894946074344355
0.9374216740628398
0.48249753389068517
0.6667480098905347
0.7212017788008631
3.0382494548454275
0.1978157638760288
1.9104983820667958
0.12281565091121073
0.03930879109093832
0.8521490850615958
0.15104027119802918
0.22065362150198634
0.14896844528260236
0.4105666473149496
0.6825208349044686
0.5965751074770952
0.31059290365011194
0.5125349897711534
0.3979627469061256
0.13139595119882544
0.3519135084403218
0.9045391118454918
0.14426446571848772
0.1848005371958294
0.6714944858257009
0.029724379315741692
0.8706916348743414
0.08993491836101446
0.09832459986047462
0.5144057123612853
0.9463400152984378
0.15179059094746428
0.19829391132398114
0.7979110082372474
0.4417647395656918
0.178320008581388
0.4704574060992771
0.019083095187793157
0.061200984933873055
0.37823665690270153
0.8263192288341652
0.17762754653024823
0.4893031967888473
0.992853661936099
0.5721784581319929
0.27930592029639734
0.008145900841226156
0.05759501161523837
0.8692344226390902
0.16500375302193135
1.4803827579227864
0.4767449679176441
0.19076345968208272
0.3467824577311837
1.3687107466727229
1.4127587531931682
2.2230952702381677
0.5883122212927808
0.21089491373577376
0.08026380582708305
0.5479419804427267
0.7244672993806415
0.08285872390663329
0.6813807227679624
0.11709038484776851
0.05375184672112078
1.1253457783824492
0.09360413123049065
0.09818549545770419
1.470222737549405
1.0566550263293275
0.5741579182944551
0.2478112800940317
0.06913459109948698
0.007544858733352218
0.2308227469423953
1.0401532496788901
0.6674866072856671
1.485175026146573
0.12492226146215636
0.11704396498771383
0.037907046528924744
0.4876740674234575
1.2877157497927363
0.5839428320383303
1.013509683873299
1.0322036792452343
0.24791760142151392
0.46858224550618294
0.5132572823916148
1.4480420029134458
0.058086430866496
0.7308003596087449
0.738338647879531
0.02484126470520194
0.045033861132791175
0.13171451201675222
0.013665794394527642
0.13052784839163156
0.5142554690329623
0.14857892163870834
0.6569795404321146
0.465654234000769
0.2014848342286345
0.7650501617984644
0.14390535544610228
0.32292145807946315
0.24620735807177607
1.4645533332183278
0.5457741468768187
0.591690267731386
0.6131057760051217
0.15595704029448199
0.1849234801703588
0.47662258287396475
0.18845779348710667
0.0666720606859561
0.42182870284152835
0.8793902675690083
0.21939030901985027
0.2034827518224871
0.2114578574829283
1.391254787041416
0.6915630282883497
0.49762099622136163
0.7547531243063966
0.6581797739955586
0.5465637422377494
0.36514426849381676
0.26849289788806147
0.7736953692948513
0.4573650829740368
0.0890791286015234
0.026189797802707002
0.04883810578386415
0.6309653957794108
0.4762894826243837
0.1598227008087895
0.4789694122332178
0.10168192578743869
0.3276488879037033
1.9638178073159218
0.333424368443727
0.030993396114365152
1.5433014994526209
0.28963775655462204
0.11110151151542325
0.664488939538901
0.14124879567189788
0.15287861581118975
2.0417221325960826
0.22062583402061217
0.08828930626236595
0.274276987919705
0.16716831827389766
0.16263906816899265
0.9954650020969629
0.14618845146255788
0.15375319516563585
0.7931048931238887
0.3531139922823896
0.515736928177836
0.1543306634994072
0.12341038274875321
0.5030580710085949
0.2589231458346551
0.06611378046060808
0.3116358883852153
0.9159088367713579
0.07756986480886321
0.3357484586293909
0.22388247926593724
0.4906024532835989
0.010871812261005193
0.2950776943499198
0.12382211022118736
0.4002232725163179
0.5343343248767609
0.6489819025489296
0.0858815726823127
1.1624751441738004
0.8731452662565734
1.2308216351000145
0.2919268316976604
3.5266879897055694
0.37748868449930345
0.29380144126820834
0.3994789123290578
0.2699993438449355
0.12047226562118575
0.5488131132636354
0.22873515023288496
2.8070229350843867
0.3499462056326155
1.1235170823873415
0.9250224617374734
0.1479330594246116
0.18410151772123104
0.5977974830416889
0.11615627040006704
0.5085886266592315
0.3531679411323959
0.042167757952225396
0.1054475887879052
0.8349618520024874
0.48839098854803537
0.17408535563448838
1.975511752536583
0.10640029318661837
0.2725185549711514
0.6768166259307621
0.1849708656970012
0.5912292263291051
3.111442450472674
0.3302191823038598
1.3356612731886042
0.6598381003718199
1.1434750235650892
0.6925008763695761
0.7962590247601027
0.8339390553771312
0.24825910097498563
0.3252290127038011
0.4566166951452689
0.3661384706164669
0.3519397264569061
0.7451776264172031
0.23222144051040317
0.8629088828550054
0.28497547728203526
0.15151696407298462
0.38766801538133394
0.5543979826648289
0.4250717557370809
0.8928057983324623
0.11930148245612991
0.8873659790099767
0.8744451344954068
0.4954126947150482
0.1828635929882582
1.771610314018467
0.4810675465836588
0.6671150536806802
0.8580765334873538
0.5717081529045779
0.6484638618898217
0.9680425769322187
0.5664086210245862
0.590416674074821
1.4936199575959201
0.32667722370674396
0.1498165051805541
0.5125026121649093
0.6632641031458304
0.44146370394722373
0.09656137623139106
0.08211031172962314
0.0481180015179699
0.6413992403286852
0.24687640867740301
0.20513232660502334
1.5326044378788286
0.8266930068429578
1.1818566638831427
2.4037428200053825
0.30999751721792834
0.3161520157968812
1.7942453101128828
0.4522244459638746
1.012796136811355
0.3203790078663042
0.2662682771869738
0.0014842747345906453
1.4299841907162556
1.159532020074055
0.5182904122407824
0.5202771067175199
0.07975199972430316
0.23785906708906288
1.3129747615980834
2.52849208889379
0.25621086773330404
0.6096831633725737
0.20871118650481563
0.21493601809825638
0.8622774006162583
0.5912245881877293
0.5032022974524503
1.273009636000526
0.0455670943007339
0.49765927146202843
0.12518930071924264
0.7260352758775391
1.8038206682327578
0.005153893657394724
1.466936170766931
0.040421062559790534
0.979288145068894
0.3106357244171288
0.22452393455012842
1.1833520342043344
0.5603252180332278
0.37116505561080104
0.1865127364934831
1.7391319100893647
0.69446304931402
1.7248057238196963
0.3148764316062191
0.32382101059506424
1.18131297204671
2.044741348165642
0.2062112083876178
1.6013571494632526
0.040525935489729256
0.33650564678962175
0.1508392617038817
0.01236146359203956
0.21952166258599037
0.9169816079536373
0.37054044382914825
0.17420595572563255
0.1925093597469215
0.49334500760991745
0.4796530731889346
0.6439184443696333
0.15462490678070562
0.19214203492332815
0.770646446252963
0.13211205051486116
0.0923793054614535
0.05454133547999569
0.5078929792804437
0.8442965390227393
0.6140919655308319
0.48794180453620317
0.22392087728975735
0.7413295753145229
0.033461129720880424
0.048579087642969074
0.8373127359926729
0.5386804060242704
1.0633550605007989
0.8837183354403779
0.34106416715742444
0.4187233180085884
0.012971448352406557
0.25529823245748834
0.13748112931350498
1.898586005486523
1.457372339122434
0.12790150801858835
0.5492564411536417
0.2982745442234807
0.3072930821269661
0.4805464874212621
0.5800441429165157
0.24163694852217824
0.5158899818906199
0.8105400989081464
0.4033997743252925
0.6348599950267165
0.2152481939855986
0.13179676555205633
0.6463419480209627
0.023507222991835212
0.013343093400258977
1.7154372270174556
0.17449905591180015
0.3229808453799017
1.9664050373512596
0.3027465082492178
0.6713269669082561
0.05799362073867234
0.1842904443410316
0.49254310026390397
0.7317666575411775
1.012146258856508
0.04423716935023841
0.4751200614072369
0.08513399744806883
0.28287659834168344
0.7392033522794941
0.08257555333532866
1.2541880730045751
0.2112000468248231
0.3214629635561171
0.509038778295715
0.5239890986739207
0.7660103301926061
0.3618542510525594
0.9950985152441584
0.1094274718235803
0.9925548456885994
0.7504046453397681
0.6039747297378427
0.728164883471148
2.1616929098775013
0.068224493467674
0.18942404595446488
0.6639192101562019
0.32035480148709544
0.8708657390983128
0.40112800124654524
0.6158083927657964
0.44213376067477955
0.2099603724226516
0.18260489143456596
0.10469403005601811
2.8441437982693727
0.8110126533813169
0.5412359857631912
1.1517291535106093
0.48211581662952363
0.3920956397193606
1.6745759913804208
0.05110033339843433
0.1405936592285552
2.295536448545675
0.4671840485652184
0.698988022034848
0.42724871084235033
0.38879525159237427
0.2814851001515181
0.05243581597693463
0.047618533099538674
0.027948652402016425
0.5482353614494855
0.19272718105510553
0.20551993818561745
2.3474444799164345
1.0997849511482058
0.2664434999993326
0.21461177480751253
1.4455767814489318
0.4767166429896716
1.3858640232119805
0.174457607664435
0.13922939999625789
0.99649648400924
0.3902477938321159
1.3266602534075376
0.10871051791879612
0.3390816687559127
0.022044254451977573
0.5026724719710013
0.2681084564434758
0.10873736590322979
0.30707271721434215
0.4953782749161188
0.6101205935680261
0.839267447533153
0.07871973600335276
0.14885009169525693
0.2563946077043386
0.4451580836101707
0.6259695746990046
1.2602135233925906
1.2229329983972599
0.5417856659195596
0.5691967443530535
0.997777030105834
1.5518946665901248
0.4947580012608693
0.10373261286316585
0.03991647668578484
0.3434289955256905
0.4180729755201283
0.4419081554674427
0.08000606724572393
0.5111764984605969
0.32326240018987246
0.5861327164852248
0.6001637556926409
0.1395728983888162
0.0911786082574261
1.597477831665115
1.270251385109916
0.6803750044008746
0.41981586575891355
0.040841034493970224
0.2507529822761001
0.0865393850658306
0.6473968365594589
0.5276103572216915
0.3745068957097048
0.3725679839072056
0.6015505136161179
1.241060981796076
0.40205933783510206
0.6495379239041702
1.7991873397329858
0.15041516085293255
0.2851715947343184
0.005631896058574467
0.7229924094424258
0.3030353172836517
0.16496685200450462
0.18765276426048683
0.5003778456993081
0.10312947311606376
0.006708558647553209
1.5569441138271827
0.36269945285185384
0.2772925244579864
0.22492113902005798
