0.42686410737953767
0.0882444650188634
0.0838665155619681
0.28164289804752013
0.5864977713335747
0.030186980349852035
0.935891762878338
0.08125085185650036
1.3135167016748621
1.8888578599130277
1.1702358584540022
0.3971652826573803
0.4252399278080968
0.19372268814021024
0.026810151750853817
0.6707900196912367
0.6408449883138068
0.28442671226835803
0.8431150229486274
0.215575019196381
0.32702857823945314
0.21355101233305684
0.33891492214864194
0.2755687004257313
0.4709751625159638
0.1862091867883354
0.06993400877924645
1.0324082964358996
0.6598016126138335
0.1785481237668903
0.9795691252149934
0.03457068361992466
0.5002205916610076
0.18012077548195052
1.474446919224896
0.04450352146235977
1.1401701635845376
0.36316145249029835
0.2453692430220101
0.17332800531031917
0.2497413002747303
0.2311917319768181
2.227115500268439
1.3987516890872824
0.42257939582031234
0.8448187930291741
0.3652030286535415
0.3532378226027024
0.5850378270389537
0.27929715014980244
0.26896968809885413
0.8935876137256668
1.4169924811824814
0.16522188964111909
0.32241882257514765
0.08376380473452417
0.11402084227700768
0.4784784727001348
0.39240560838675714
0.11169353800697814
0.14680093787370124
0.24477956452988608
0.5236472175295879
1.608092791361343
0.9843080238025547
0.19920334353933014
0.3992597476477883
0.34889556812371425
0.3190590131407046
1.4116760968125566
0.0838650887658149
0.5017024884882878
1.0699725814671148
0.12248873907608934
0.12794842344569576
0.7538232937450385
0.1748717503823225
0.524581504713714
0.758505325637408
0.9799956960583586
0.17954747711330513
0.7801873183860664
0.3417133107786623
0.1351070147154532
1.163299321372129
0.38573044887125024
1.1088871649980248
0.6362200008798636
0.39754979039203897
0.8957716491575377
0.9272627371214736
0.17322164483163457
0.34957903588082445
0.9548745886436897
1.2234602322626593
0.2832476704534511
1.465448748646819
0.2424733868327253
0.04637168970479255
0.9369718847686843
0.7219541533911961
1.1830133273752665
0.49660930656530744
1.2274929241803243
1.1766369080379042
0.8832486751302844
0.09649870605549415
0.12972213432109433
0.964909011497608
0.17514052836982003
0.8103360786301456
0.32141211542008163
0.060784266429793156
0.18796270837610182
1.1179072030520423
0.2594887751786836
0.7172262240005086
1.6556876061997416
0.1295684986603958
0.1631891998829052
0.16730818740293293
2.0130731340237014
0.20173138675585775
0.22844973924961554
0.07792097474994163
0.4924995720160566
0.8868930190872609
0.129776129583061
0.8107756665286534
1.6370853960788723
0.21511823426645368
1.182872674611287
0.45142998547158536
0.014717734671333967
0.16658767195187896
2.368550585691767
0.247666274526582
0.48202909893430057
1.8342603892886233
0.6040372315459507
0.18954648773189425
1.1143063153607602
0.07707984567332617
0.20114811239432728
0.21499906666308446
0.2479400484018272
0.08186405436277266
0.19497413393474597
0.056142257872181876
0.5384017618613919
0.7214718578753438
0.16369840313944142
0.12660252419264467
0.5260926114140516
0.5700686055698324
0.8250029120646466
1.3130970263656152
0.10093866508439427
0.07216841011972337
0.46426676847287535
0.06212043812062942
0.1413545007828026
1.6723036599941659
0.1499567071229727
0.16297195340610476
1.593317350695424
0.08189225874372856
0.09397475612914594
0.6364266368880134
0.029100288377734134
0.8909244828885726
0.8272467528713668
0.19288404147409796
0.2193506781066652
0.6928461021080189
0.09439722475079564
1.5052874111864794
0.3551816200370381
0.7397249130030786
0.7587763851356181
0.7576441988312539
0.8063777806428348
1.077087788526026
0.6241119399224719
0.42335494968666226
0.8824778335121433
0.593201889222216
0.8423144625363113
1.5419342354785537
0.21048901750251856
0.04320780033689734
0.048847405461215875
1.2286823648262541
0.9098877786089019
1.470287201778069
1.456160581420148
0.130839635960674
0.1865044752991976
0.5115092135252136
0.540102934588043
0.8927656291981708
0.3085377320285618
0.09899659139726107
0.09126809915940368
0.5984100880926638
0.6177585814003428
0.010482996558459336
0.3205872532732493
1.678037595691617
1.404018634917361
4.607729306408763
1.1957009884303997
0.7889062303980842
1.4571752287831279
1.804356019191254
0.6513427859236779
0.1715593490314336
1.009404392118177
0.9065752673249596
0.7517707720689308
0.7956883405039061
0.7193391904499349
0.09065304806040711
0.42589539104850366
0.5399338079518959
0.6307957857654356
1.1054632850450894
1.0508933795681572
1.5976568942012497
0.026825002801542278
0.142479530595376
1.0426360122090488
0.20330704321955753
0.6427678916833446
1.1218342415091807
0.22430620384163613
0.010449984258003739
0.3014898113797495
0.12478096393970067
0.20272657984258924
0.9276493491666596
0.6364044501363759
1.6555446374199856
0.9173249597800834
0.014049794010388524
0.11283961053094363
0.19172679317997166
0.09436008477270223
1.0827982677382988
3.2601628427285765
0.07094240112460479
0.9596068203522575
0.5128595677427459
1.0169945115025663
0.2200912135491563
0.09909709085734554
0.4150861480838543
1.1776814760821002
0.29858749320440003
1.056968427206005
0.41197149191199745
0.9837599827684198
0.12384353219358092
0.21010271979215087
0.5625528033546348
0.215802201156787
0.6142805001842597
0.5443726654476799
1.004300680861389
0.7172195209958524
0.7713456241099651
0.36557894256879675
0.6328841730387568
0.516130762060919
0.7655331364298715
0.9923557063574655
0.4576673046485843
0.18604279742493227
0.11601410252127402
0.0561662381089965
0.37459538029865597
0.6048485359831138
1.3166696629110677
0.574044245682619
0.8704143382791478
0.07407684430647575
0.5727025779569016
0.8936860111998817
1.0706646459072064
0.613591813244752
0.14259473947820223
3.2099025660980165
0.4431389640862166
1.1441601943007562
1.6366766767899126
0.1124630118724146
1.4542068591712163
0.38537502874451063
0.3495197166808448
0.820989564172209
1.1111981424339838
1.427588340742421
0.395557341569266
1.0025898171118675
0.7294746343967239
0.5996565871462366
0.5101498847185381
0.07945171513441107
0.2498055494690648
0.1492177178444212
0.9231447855912092
1.0692592322383005
0.5872376489201943
0.19497753843585894
0.1062705168142185
0.4243903675119722
0.5912363277067153
0.8720345957271222
0.6746363782618668
0.4746590987752596
0.47013368381620346
2.3499762416476995
0.14647229579267482
0.07907353784675579
0.6589847525942515
0.3175454634887227
0.14141175169534126
0.5650276696484713
0.8340744248397713
0.032222371098677025
0.20384486050931575
0.5275349732714381
0.607487464506242
0.1562257610381445
0.44238959475347694
1.055788083092914
1.073096727782987
0.6411041975101388
0.15333676515277975
1.9349545641696524
0.8604438782687202
1.0460948533584637
0.364437676783398
0.056691188421489874
1.720775494637971
2.758790719581
1.4792656501391925
0.14557316594182032
0.5435809657755798
0.7523297306565663
1.282857948377259
1.344820776790475
0.3935836385791039
0.2599152529523428
0.13278146520647202
0.6338148400032091
0.9755593555241561
2.3921183258352388
0.2505451756227565
1.2552854302193517
0.16005538581465198
0.1285670628402568
0.7729635711564801
1.4536445914639968
0.40651919619223265
0.1407572774265815
0.6017172172014127
0.4870906973985421
0.10423593691595275
0.708892703446701
0.9245477723040288
2.008318637922761
0.2811224454772983
0.05123341811704083
0.07111846360785358
1.0905904357869536
0.3587185689423848
0.09055395120029897
0.4552526248763738
1.5878881092323083
0.8133297756797605
0.744880390351268
1.1392726737837087
0.10793366300294033
1.5033285698587657
0.10393382007259255
1.6636195315612385
1.1724059510443539
0.4311181803280246
0.25949303125363893
0.21702771686326036
0.49014680808682115
0.14978268607455206
0.01094584056717171
0.01500482663331304
0.4206239259974957
0.6505787376589343
0.31149374313993367
0.1579806300465586
0.5808352886444655
0.1619071932207428
0.2433552775110884
0.38187248851483474
0.255745741655789
0.21789808202903677
0.5647725636534381
0.03764637412970521
0.058784635395167574
0.5710304420061642
0.3725916084174846
0.3206617463579554
0.4052906662071618
0.9258509813139882
0.3865274692617052
1.015875085503133
0.0476557408479718
0.09146504187403169
1.2371737795943114
0.013270092264777234
0.5529736433617929
0.5456313958931169
0.09095793580211274
0.07725550167135803
1.0902125014216286
0.05508724405313348
0.34556937866740123
1.4087940993303871
0.22119442224190647
1.218837657427005
0.8628784685882726
1.1489520969806781
0.07007880306667107
0.11025360465895175
0.5365618070194699
0.27496420316023223
0.827301415298538
0.0582199252795187
0.5872124667029966
2.1150763092962577
0.0758762703245841
0.775083397647622
1.373249163961246
1.0831532880039558
0.1719500121395425
0.8702039838857831
0.12575634147980305
0.03377089310289203
0.1234258593083584
0.1504389868033094
0.2185748915239011
2.4786875090462424
1.0228610921539845
0.36878583171442614
0.5778991699613042
2.2524942177645055
0.45579631801922266
0.314395892983718
0.42553553365415697
0.5840506852633686
0.3791180925431657
0.3543188129477303
0.043082650146406325
0.09786944757808029
0.008811183182481029
0.8531687167696657
1.1021543505686373
1.6099965248267873
0.28189265939242175
0.6888116856888811
0.09787521967693133
0.07790882027660097
0.5343788975155477
0.09384339547778581
0.13023628783959557
1.8059719883921785
0.25835285492338006
0.0338962967375608
0.15762481346980928
0.12987468064615296
0.27023535270699217
0.04524876006661736
0.053003521840680315
0.09063557264450783
0.0026302569021542524
0.393488147107391
1.956561652702356
0.9452495859651299
1.2196322924617302
1.0009032323124998
0.03967601458791245
1.4689410408794157
0.14246911853928168
0.5213218431765859
0.2934488785417138
1.4635581905474782
0.6254731638180472
1.5356752585323121
0.5884029241816926
0.6502457112855288
1.3353637175520792
1.3622326865798426
0.056071782900770015
0.03170203758089825
0.18530820039066506
3.0983936777056322
0.974466344108718
0.12286594400805217
0.46753770147377466
0.13013466696208123
0.20054812228334126
0.7740757096339917
0.43310694385690407
0.8282426383868037
0.7184933863549359
0.14347580816102828
0.18782213551059868
3.033194375986923
0.04790185038635614
1.491618338180428
0.8052413726676908
0.405375460734136
0.848416975835584
0.3912911522118867
0.4549311911860385
0.22862944274029506
0.5086785751420021
0.06314280014467318
0.10884407036642006
0.5587676895222815
0.019023796546982916
1.309788989639578
0.13472868187317943
0.6788704070912386
0.19997093730367113
0.5983556845545712
0.7727163811762763
0.8349955835294625
0.7780456363511495
0.640768520548767
1.0960684267854899
0.7595915037838632
0.4224904010342942
0.04766454657077266
0.2556239321734612
0.11310800909313003
0.18884575897433936
1.8690238053984407
0.19806456818939328
0.3970931609917325
0.4819121231666196
1.3361024084947333
0.1506915075350281
0.2908726948264453
0.025565943039245777
0.08722978666970067
1.15573166173294
1.5908550776380628
0.14133784291587714
0.7359076380077842
0.8985200690921964
0.4309912422273477
0.1407544436971003
0.41108199629649217
0.5742000151344749
1.6534313049613156
0.023576833104518812
0.29912390854542176
0.4245316611473591
0.4477022934823083
0.5472704081249103
0.2556551536486318
1.626366266847906
0.1674894862268708
0.5536887019117233
0.26160151579481955
0.06434425719954352
0.9163605988794803
0.38137762196424563
0.08158685455160337
0.8596055758729357
0.059677270537380436
0.12306749220909306
0.21413940237568324
0.31701788529780967
0.06719199333151837
0.8273610619685354
1.7483165481154839
0.36053418621518096
4.031335971873924
0.19671178040259665
0.6964636813516764
0.49504926297288465
0.34558855610379147
0.30780398737462467
0.10969708668133807
0.09456101543129694
0.19427290351521612
0.594938404291698
0.06583332854306008
0.05612841379054359
0.1512884276173344
0.05622718879670343
0.05875066471957702
1.141297675541177
0.23381817652146777
0.09085195087092954
1.0572623973254713
0.3814917827893117
0.2690266745530409
0.23260531081500657
0.6113452574889581
0.3002064785898875
0.048542052367550034
0.6925537519819032
0.12887985853546619
0.12372026249725475
1.3707680035228014
1.4861406157888628
1.5440527020407993
0.32933545557311833
0.2522801256574383
0.6735461993954126
2.0754287476669133
0.8246320169189169
2.388170373977829
0.3912912780940279
0.07108123344841501
0.2459829529033502
0.1138390205170687
0.04683191006721365
0.8086078514394119
0.1561277050997199
1.1083234552350427
0.5237321346552728
0.013911905849905792
0.05792952462743285
0.8248629956214891
0.2005074986311762
0.05051112361976897
0.3357334773875261
1.9917485586546162
0.7847096721662631
0.9351637113126949
0.48955575324192635
0.5662090878264875
0.6122895220776148
0.8347325992121755
0.04156432779029668
2.2792838971039275
0.2109505005014202
1.5132522327569915
0.44678974756628054
0.23468005551648524
0.40955705541652593
0.7179893748594846
0.1896166705924644
0.9915264910361369
0.43644583809813475
2.347375551597985
0.13525966375608062
1.4105009963196582
0.9041443926172504
0.46185959555766976
0.8994691660633983
0.23793353356936758
0.4177623188347963
0.486371939230841
0.08905566168307658
0.017548512959748915
0.3290857453723599
1.3426964064957896
1.9298589073897015
0.4596712336098807
0.3802652820677944
0.2573395847477498
1.8943089252977383
0.29789104148856793
0.23590209491051886
1.7395752285104122
0.08888107879435267
0.06909448053066271
0.5886174050305311
0.16776492794814404
0.10855308633538321
1.500322647766947
0.1751609086209985
0.044196847027135604
0.19276287140830678
0.03374988677434388
0.4074870689084409
1.6354616343839592
0.039522876035996815
0.04142012162693786
0.5934659828787311
0.2005016433571016
0.27595008620464867
0.4204232361334707
1.7492664827353959
2.463352696493222
1.1639826500570025
1.2738301622835553
1.2421417652105644
0.5315218077234232
0.060010462738734074
0.27145099712138293
0.29282762458385375
0.07569701046383806
0.69370322690738
0.2691550283578566
0.11757578470771766
0.8519524727906327
0.09861718998164301
0.0075287307425736276
0.23729370609507286
0.08214385173688266
0.6247566099344016
0.4430551827028108
0.9581031951233807
0.2855551912780632
0.5739642243982767
0.984584784806863
0.06612342170762561
0.32855297735458955
3.932290068093084
0.1217656855132262
1.3429885556294139
0.7662939553017831
0.21882289605440305
0.009733070408681824
0.2432306995670439
0.5503305756553682
0.5670097372622138
0.6475045613069569
0.22723963455436416
0.05147635304232089
0.13793517168226607
0.4383281807653675
0.9617105809112377
0.8487933932234132
1.2224406045428904
0.5015289413106828
0.4888951469949919
0.8975180311851401
0.9047229986994628
0.2264107543129182
0.09381246238809343
0.009896574508242224
0.17006328436029006
0.016872970892184605
0.007292048171382997
0.3646712554237478
0.30562636750408656
0.6111409781346034
0.09342849251395513
0.01683256734294785
0.006062177255453335
0.7739251903244677
0.9429328061652984
0.34341451531086253
2.041290518510419
0.15522697965527604
0.20178165366063167
0.1658544805670413
0.5025178819676785
0.9873966774290946
1.1758257782740764
1.7006051926394647
0.4680853588823823
2.4934312930117226
0.2366865126310072
0.28374782924716074
1.4286609363282983
0.37802758628406247
0.7796529692623569
0.7746808635824755
0.5596911191827642
0.2461129721692134
0.49621087411269427
0.47926258010365885
0.32467846016595625
0.3246136575541903
0.581768005752856
0.5894521743075294
1.2668750404057545
0.8230114463348076
0.3041653819389618
1.1427740021907415
0.1413010681976161
0.8957680088381881
0.5459659580615006
0.044013100663091144
0.14169662208793193
0.4254053841283935
0.8473218389825522
0.4758772009563186
2.182542350327366
0.31887849687315617
0.6544003572238137
0.6603964617054433
0.5212954370944937
1.1081165863972056
2.528119444566612
1.4199276901629787
0.8902015198198144
0.13232069892360276
0.09829781384569274
0.12480877686408456
0.9783815299713986
0.06005590223239617
0.12445761500385474
1.2844455142828333
0.36449678955151943
0.4320203932400085
0.4385014407807745
2.383069599466853
0.008970114658441894
0.16983255948352483
0.07461897591893656
0.6202080697978025
0.1869725704217761
0.32572792482948093
0.14366845194672187
0.49996040104714135
0.07021951696846739
0.15172919146354552
0.15978773117878975
0.06484037175151611
0.40164936215519653
1.062781647639281
0.2888840978916199
0.26041967003157807
2.3370952565374057
1.616147798993408
0.4335199341002499
1.3585944695114451
0.37244217047356093
0.27572070118279784
0.08984046730390445
2.7150090617298486
0.2715748245570077
0.7366189641743182
0.3849478675396189
0.2413268940689173
0.9297341594479155
1.356264167791917
0.5398633270519905
0.57074705585437
0.6335088930703827
0.045704969208128804
0.07974940304166735
0.16060371809955942
0.19430736080756042
0.930011104912909
0.5543571869552241
0.48014894463678237
0.6179765809638977
1.4828492022705522
0.64735159804197
0.8563356106391856
0.7490858513686309
1.5583103661422102
1.0841750800445915
0.3909463047336053
0.6572360857138162
0.24645010221733082
0.14161712752483824
0.6917430054589886
0.018980658346538188
0.8315721073333516
0.08715259496003691
1.5691805309021891
0.3989526012894743
0.04503256950246535
0.710393720395359
0.0898479432742854
0.05388647220176165
1.8204738885209766
0.1347851322098208
0.12154403862177546
0.7023426385875047
0.1780539948213614
0.32603454745720245
0.9787529068434117
0.15130914430768175
0.36748732628908326
0.9436577204311923
0.37611168149631097
0.23411220293826637
0.3002331051212675
1.4202265111486423
0.6795150357451661
0.0991591023014937
0.5290185610066137
1.044940872141556
0.6927332349251063
0.07183702131331232
0.5752528077534073
0.5218040375003534
0.2151374993477713
0.1183961473435596
0.818471811988257
0.7581700218386264
0.8864029217509181
0.3852324832995672
0.07200740142247626
0.07457076620561712
0.4099817045776872
1.0920940789466405
0.05370836228361901
2.5434843396661933
0.0015703711671983549
0.3967638453186376
0.8611675604420688
0.4688823796904883
0.4335510429538993
0.3501750381404323
0.1434162235712247
0.1136585073524198
1.0513611894916208
0.3092066711633817
0.1943952831378302
0.6604867868313968
0.3074229694967126
0.11340997213397577
0.1788122255099463
1.006838054818988
0.39256622672034097
0.5461474636464929
0.4964607343674596
0.3322638935338545
0.14625206495717794
0.053078642622472416
0.24113333497782738
0.5358093047527551
1.1693284205545411
1.4275466783187805
0.7368663144573279
0.038183953135563935
0.28869962447768677
0.5773984250653397
0.39782501123367864
2.0892458435764514
0.8369692465088217
0.25556019897810983
0.6674322392540131
1.1672558312955932
1.7351064457308587
1.5558466760998872
0.8679747536282749
0.49146119287040846
0.6490476093621944
0.13349419588196054
0.3936242091727799
1.634498847039956
2.0253308171424624
1.054926023004795
0.27937989863633567
1.2826069342170174
0.5889740994064749
0.305771307984034
0.6640967920056329
0.46131569154599733
0.0948224792918288
0.6528891086951967
0.30940303098793265
0.2176668451538224
0.9696173893608916
0.12782564763832152
0.3636374362819845
0.36004786985595855
0.0895753460307641
0.4665349966475838
0.34039993174980154
0.46567573091967096
0.5449550860823741
0.7055799856112197
0.2493457435325604
0.4309839728583647
0.5056349141122946
0.8472521835444315
0.8492681598456585
0.6849439388053652
0.26311355831557537
0.45272663537320473
0.0772140301335707
0.44695313659146696
0.8039983283817854
0.48844952846737943
1.010601535345122
0.5191479995369753
0.37788091499935744
0.2805576795030328
0.2954156756335338
0.29316531388084105
0.3027644907514682
0.14627512116470642
0.764612358440624
0.1914730875853912
0.24108125224924648
0.4095813217859029
0.15083323707978727
0.1980622444643214
0.4834138273931021
0.043259304797212676
0.058147229416596766
1.5973966570944758
0.6895211435345705
0.1803207185060443
0.0707796522332261
0.33464156844008053
0.1454579680690543
0.6946367704663231
0.3541378955456371
0.36174870059171094
1.303778978329248
0.049211747736490855
0.8255461434999316
0.5025287796661874
0.06802404655802329
0.23756451811731213
0.07233156344700845
1.0609106408975033
0.772261584027808
0.798770742582197
0.0808470522760503
0.7422103573957984
0.3213481389681781
1.078217862598392
0.46629022448590923
0.26227320031010287
0.23241669061444326
0.0675056039783569
3.463737937921345
0.30336253943515823
0.24074177267138597
1.489398805746896
0.39332545709633404
0.5034801178588894
1.9086888322447484
0.3209926327310337
1.2486008240573998
0.08643633313065059
0.02465477174480637
0.02995495345233523
0.9934522680394327
0.01932503305470308
0.2723443599398734
0.5069403472933685
0.14478165576838803
0.3765793315781245
1.439874319835752
0.08261987530091401
0.48294297483183757
0.9399346462084414
0.3627842747598783
0.47287589947339737
0.5717853615721231
0.8297217966230992
0.08130602692122926
0.39008892354308905
2.356857303195482
0.24595116370173536
0.048475896256348995
0.361205854827145
0.6601323274154564
1.2249541401067494
0.38806994403782136
0.5412530075296864
0.23157345294599502
0.8974145698629616
0.11809747089608373
1.7576309469852602
0.0698962899929388
0.6422202743695309
0.7359020418746559
0.9281323477800079
0.006245189451053023
0.3399686348426971
0.14242731140296952
0.053751743486560935
0.5609207722484474
0.05313348015356195
0.5952718297788115
0.24286108048523894
0.17229619396566523
0.31101253497261655
0.8710920419057585
0.06373318975251965
0.09552640979669164
0.3576957252554534
0.18560899199981692
0.23904308160139842
0.5712514365864325
0.01371831121734047
0.22734780432414592
0.16631221524083606
0.4357633526327295
0.47964218119273344
0.42055295021758665
0.7172870656814979
1.4681642660725973
0.5580689199792815
0.09411424320380442
0.08266873377656449
0.08357134428624624
0.4637579875291259
0.054364778543814773
0.8176793499184397
0.3404828049602702
0.24883787913267563
4.10785631549239
0.3989064996044438
0.3104738678061308
0.3987521273214196
0.7448507394537972
1.2207766431918374
0.6834240874035284
1.0592112436163876
1.7780223352212094
1.5232230325290534
1.417441289979753
0.9855447925575298
1.8384004671353134
0.12612770764956713
0.11073617133388812
1.3487423619428378
0.672485208441346
0.18990735715694987
0.6663419949646879
0.6009682461299153
0.8794528717032275
0.5380102225958978
0.158662263520905
0.27447913569059784
1.7294146336512406
0.48272753509480065
0.9506390163040673
2.436057854183734
0.6536374817711567
0.16237613209373902
0.42062054905011653
0.0744827138736448
0.11727447752000543
0.9961594178668662
0.47054866692676506
0.14768451206879674
1.3205013008486257
0.191375862224608
0.32000398605590935
2.0972120631944597
0.41772684150213274
1.88590275797898
0.10209616361683133
0.47643203037083676
0.6019039827897913
0.14045347489434215
0.5150682762640622
0.17430097542321876
1.0988015624952865
0.2959962317501801
0.09095692502781494
0.4514795417299416
1.0981075057485843
0.045764686700663644
1.2061118040354586
0.007042884909405699
0.07234428158207697
0.7939930055399591
0.08900642246826629
0.10964705188249907
0.16878726718386314
0.0740299281092538
0.36300641910802034
0.08722655417880977
0.4814716995836496
0.47287305894161585
0.9804643128987899
0.9367193593293552
0.2406984947159233
0.27688753445148906
0.019080018216098504
2.0157857531958325
2.863223285081145
0.35273909124569247
0.9504251110702382
2.0409840934963093
0.6759898028894863
0.4138601751259728
1.0079236218713783
0.6028619865686861
0.772753802448454
0.4753913725760422
1.0265525166280105
1.5243510621159735
1.4367639630191082
0.6297108708648339
0.21278036233691072
0.9052323015245993
1.0226185064420321
0.04263032101564634
0.600853037666703
0.603356306749778
0.08296351244432135
0.16123618970842915
1.821902814106944
0.23073772666372433
0.45209045578028767
0.05776746746835691
0.11669201404282177
2.0599738415198896
0.9961528606406429
0.3499700734852375
0.6367656355935097
0.2554071780604273
0.1400096802251358
0.46972148514971246
0.8625887181757856
0.5130341813716142
0.6427772176917244
0.42555042472880084
0.44453889118361645
0.3889804425814161
0.3727863936216582
0.5332797672026616
0.7255092231002042
0.3524965976232435
0.03879985492060635
0.7503520288717554
1.7127546199171264
0.7835803121172016
0.20224054250122875
0.10611238530359351
0.01995668793870125
0.2763275787691941
0.2238421996129182
0.1062992509269504
1.0569994343994331
0.1401402400513296
0.10477710469905073
0.8362398185230081
1.2743716324826924
0.8099737597332696
0.5055164558518642
0.04743693935385435
0.5194397063334701
0.20741705772006996
0.5565164895244757
0.24289881773179886
0.48338020097239326
0.3609178468905334
3.710749848307029
0.4156780386529371
0.11564946311055577
1.2067184756656109
0.7700810363355216
0.7325336988407501
1.0857658951545945
0.6066312496130645
0.0036103208043075995
1.0790118153252797
1.2859204964473232
0.2517638024394868
0.30920004119802913
0.4603595682823045
0.24000803174152552
0.2522307579145034
0.7672810715210348
0.9157864671196057
0.3160428316092842
0.8298961846459213
0.14683885675134006
0.05094713601814589
0.8005935518393995
0.11840579885124058
0.22475339382716128
0.29845707678231614
0.18441210247863105
1.7095663281280447
0.43152564033394825
0.20995381367350696
0.8496316396117573
0.8801623536435156
0.13536959316962713
0.15019647571569622
0.813607881835807
0.10924649501228202
0.36151300691642085
0.5606779768864572
1.0585243410358223
0.039014132778677525
0.4354929497848827
0.533175589348621
0.31742825015783
0.7347989265292527
1.018845681524529
1.069189187339076
0.7146457273143831
0.19817962082429808
0.8020440688136921
0.27865146684551395
0.7313215511074445
0.9333146869418704
2.6640441073276078
0.4610623962728946
0.3005775466051368
0.17929053041780343
0.05002881499013244
0.025491878108934527
0.3108888689256378
0.4807368109623229
0.10437022516872073
0.4468133268871952
1.2783651252905075
0.6337681952411423
1.2293343131838375
1.004517843341706
0.5174451681561614
0.3272556544009191
0.794480999137107
0.44378820330934815
0.24192930255176118
0.3059503844763719
0.808945969868189
2.1244105630414065
0.684245514600657
0.03438255452678503
0.7653134317677032
0.19597117082213306
0.10616368798263431
1.0801080002695171
0.4171941654581455
0.1434126239232809
1.0393160662525802
0.37352560234198506
0.5367224119859454
0.22882463292652525
0.015675088539051866
0.014367210944134734
1.8388218857433891
0.2723636786697855
0.47699477548894
0.3774134118343761
1.0927396780637004
0.8196265673557563
0.8667538995609506
0.015243492824580495
0.12662593037205694
0.32485819281227835
1.2568200674622543
1.2246837756328832
0.2917397744570807
0.17864706549622603
0.10937722827044587
0.19502314480938457
0.4909547798390055
0.2536173667172839
0.6839029652018505
0.6412278069927463
0.376567955450861
0.3645069936961661
0.9466744857715713
0.13095538838580317
0.7684332395171494
0.6141561121858609
0.0796916590537859
0.5180137527478713
0.6381281864183833
0.06716907598570472
0.02790626977467579
1.3375732164837457
0.033919365293762015
0.3130445310330494
0.774892973165558
0.07854533033316638
2.9469231442275023
1.058191637688596
1.0722028266570451
0.2732605814913505
2.49104970076478
1.1419486619250259
0.18118066910649303
1.514919136462235
0.4929831048044694
1.2588350413940124
0.15502655982278798
0.4271556968679383
0.7461092395325691
1.0456743229590293
0.7186617214320556
0.1292902003152032
0.24401448097852682
0.298808416817006
0.7721470238928531
0.07648279568937776
0.3105279351634566
0.5106260133015855
0.5998207598368357
0.09610482833818339
0.26614972559726663
0.763401207467133
1.787245313662327
0.8962719035609391
0.8657778018746662
1.3575441755340112
1.4393542604772722
0.2558325548272399
0.7459888665531548
0.8215848490767369
0.9698012063878253
0.5666656632351597
1.6399595733360561
0.037601254165577754
0.09525480080318678
0.6636015557032132
0.2599529521850725
0.28748709982981613
0.36028098318565505
0.2751697895544166
0.5924028634093568
0.5300604151214869
0.2983101406881991
0.24657869903705454
0.4704735384173695
0.1464756859294372
0.3246245546978518
2.344302901149632
2.351930826315627
0.3837228280848536
0.906320977368617
1.0577959397745296
0.19161828083562674
0.5205524042815329
0.06911435204234816
0.07534434020537784
1.0141459065646627
0.3910951289527117
0.9192650762150281
0.24193785224381528
1.6079928857381802
1.2441868964908027
1.8748410823437092
0.3910466255263499
0.0608752537763326
0.6484571029672273
0.16431009133777558
0.30452600248767453
0.9881062048845998
0.1884712220594892
0.5125850949018402
0.9236669186524278
0.33439042528254653
0.2718317935077634
2.187778303687377
0.2646230669648251
0.4907815359346823
0.21197132082378137
0.1723872296652135
0.015908782963073194
0.30981134430463253
0.37105169775400165
0.19820212945551755
1.449426930006676
0.3521869457300642
0.5401922109418714
1.2615400273105777
0.6661033406358632
0.13286525993166406
0.8731183910355639
1.4501062761587877
0.008230839938812594
0.6381096728430677
0.12573762690003626
0.30481987410639827
0.19265786346243882
0.043462276878471845
1.1599918299305634
0.3740487997270112
0.15032676525568
0.06258139937552053
0.4617244423964962
0.37769141265065026
0.2963018060782295
0.7603523968758475
0.33542380305900005
0.2896164223739673
0.7203295001005892
0.19160983461016776
0.020115787625190673
0.5716681628893329
0.3157020499161616
1.014582627122843
1.1262679989050508
0.041109037231771034
0.16754289471161796
0.46176854679253193
0.5730735182213332
0.3631547434601504
0.7929853680558134
0.5288794209323728
0.241095059728898
0.4151051107058288
0.5045594679103916
0.25980943730165795
0.42532155628516943
0.6584085352219888
0.20275166371220993
0.8623881899125314
0.23800860722094666
0.4514059256376399
0.2053545466349484
0.06337439475478872
0.11649472948644408
0.8732024256761437
0.18084088723251407
0.04599248516343064
0.8974226478432987
0.21184889529426076
2.308579561421902
0.7497235375254592
0.9538350398923529
0.6768478436517912
1.2179832435382234
0.04468933780515674
0.9936372824292294
1.0511002539930265
1.433976740237642
1.4597358275161016
0.5580437171742508
0.28807083456675275
0.2541940982660926
1.9692660262976622
0.04709390831123315
0.15956112555276047
1.0864619992757336
0.07825506377397551
0.1992809948848234
0.2326042736674327
0.6217545789327266
0.8050768051267188
1.4904214745851803
0.7860064183000023
0.1796839390196161
1.1003565043507988
0.6662077304032634
0.2337500709752511
0.08552590379818532
0.46958120799801933
0.3481890758171744
0.48902914747811144
0.08725992096415769
2.296671438031631
0.31164842062589343
0.5775643734757293
0.38742786022451986
1.0533938734905988
0.19872291032417397
0.17400368504748456
0.024087772567752533
0.4175370667463187
0.05789201914211347
0.9230990764074712
0.4266615078429203
0.2318772694058197
1.0288014080812382
0.4965591364101298
0.4987632575960935
0.5550785581270128
0.0840789198506356
0.3390889058565688
0.11770661199791857
0.06601844597178849
0.4513651873377562
0.2931712931156385
0.21882506711837196
0.2686693924915031
0.22009506654727132
0.20108830901956534
0.1955303115012694
0.3722979108233041
0.020422670864673562
0.2601636591463673
0.2507999461443571
0.5182238233076468
0.10367268004935529
0.4024691744481651
0.8706251030984562
0.7693873114854268
1.9861371522828641
0.9903760286752786
0.19844483766314894
1.4423495216260802
0.04322349423572147
0.47891147434299275
0.6469944920941002
0.27504013818325734
0.272404981152696
0.18202675184446915
0.6553595373674698
0.8196721547619612
2.1858824011367233
0.5797496851977831
0.19134139991091348
1.034414646004434
0.14048746260907818
0.2818164394255939
0.33717735118775466
0.0748552727281524
0.06015284525652456
0.9581454575950749
0.03142947443217159
0.08158321896994722
0.14751350332543028
0.11202238126977043
0.2996445098716078
0.14355188753629602
1.3674599040078164
0.1550404840128624
0.686013831628925
0.3022880846154073
0.2655910034508774
0.06412186087647191
0.14941388218158946
0.9059643416893881
0.2768667499878459
0.1741941952879744
0.24155581160143053
0.07313410801162488
0.2501778496300957
0.2770541286098138
3.0577576269225304
0.43942027967108377
0.11100524219055091
0.005869286972054185
0.21185982276489393
1.1080658731581308
1.1339128844390347
0.0249347627950366
0.19662380253323355
0.4974158579406451
0.06201862541177151
0.02020089816833839
0.009690043770798965
0.1498410129235713
0.8194614617234927
0.2737774040950397
0.4016640450051915
0.12357033173966774
0.36147850950872357
0.04305648436842201
0.061414938282725456
0.780197206201245
0.314250708517255
0.32110721214529675
0.8831122528780894
0.15473909943561118
0.0728129637326489
0.2988266990192373
0.4379794251236572
0.16006304435670546
0.4686768032129401
0.14644795964357948
0.1818714796202565
0.11335502262848708
0.5608672167138776
0.17789729741340238
0.2979351403619285
0.1108004605173204
0.014156752163173227
0.9691830769848464
0.01965105538744364
0.2980140945073756
0.7410349884853293
0.3353229002783947
0.19177361683479244
0.24716570830127915
0.2575687698668219
0.624973402502986
0.29798753576922477
0.7308508677992062
0.6069358001453065
1.2885223839965112
0.15684013939328387
0.2829236179506204
0.14453694258377567
0.6323264467266778
0.43100755324455803
0.8465216578895138
0.15746367303597367
1.0701858976085739
1.8821109305063455
0.7314365788139555
0.6984620351829728
0.07063109638313243
0.2991604064427515
0.6292263425895241
1.9473989332431654
0.13707482641106006
0.0753162549296851
1.4377819862942733
0.01936917239433195
1.1993835611385917
0.759437924688338
0.8085811799621715
0.36703603528546525
0.5912261112871391
0.3453917466788129
1.0601138188547532
0.4100975032619376
0.042459654305741966
0.02236577452826093
2.2455896402119873
0.35592520064311256
0.2509900284997053
0.497397388615756
0.04500379994524768
0.25508217077433115
1.965836146865863
0.10142110397379062
0.2050094290345866
1.1833723607355107
0.6458934575394868
0.2993615978856476
0.18971302723437872
0.773112470368742
0.5491874686729239
0.7427102018226643
0.4505158883168895
0.09836965557576094
0.5436070243202044
1.4632737993729592
0.6333125100042392
1.6832126172523143
0.41173181610905757
0.8569887385068305
0.2749590860688958
1.5562346188406242
1.0741006862613245
0.7324998273750277
0.03260812809403675
0.04826698047251929
0.47734044046455276
0.8847244186543743
0.16112422787513386
0.30916238012871505
0.615442483284772
0.6728406122843728
0.11009828045107291
0.03939815192103782
0.05045613407344244
1.1813166150677201
0.12797246411368723
0.5304069942292733
0.21912609434470307
0.07502276313713507
0.12285936253986045
0.6430458738774669
0.1190939043686435
0.45945244235203003
0.6105835072931279
1.472557977248703
0.17394352861639173
0.7528336429248564
0.07971011888554727
0.06615681768030275
1.3700182508026666
0.6644830147643006
0.17669421248370426
0.22811963562354742
0.08116612368447726
0.48092407121704495
0.8571685504230346
0.41844268915479077
0.41159524400344893
0.3397387258438075
0.5469715461536601
0.2718636598565915
0.13915760556485623
0.1988605449407415
0.3304758083599605
2.1820561221445955
0.08106007870497789
0.09580852068353969
2.3591393671874434
0.5644826103122208
0.23889103628026684
1.1162004769642258
2.2662380787437417
0.06199136791212184
0.9169494593133656
0.5273388836664032
1.2980192546363323
0.27530549407378146
0.42676552299925063
0.365690577910203
0.4951374698569439
0.10993068767086848
1.5566709801538503
1.1292598495377189
0.1978471952483078
0.06887542639128831
1.7856135272089577
1.359886283683357
0.5233298662356881
0.7494990992755213
0.05447752380707799
0.2204429932222685
0.552118531242576
0.2878874317848758
0.2235443771483966
2.066083615951935
0.12583252626793387
0.40188550405209605
0.5146739241020768
0.586920807664905
0.5227787743801655
0.53144577518207
0.2913325922551415
0.07266214147073462
1.7299149317919973
0.8941437565784456
1.0047177573587747
1.0110854073798015
0.48482000874635345
0.5224234091566445
1.4778504430639552
0.5679002208799845
0.6425100132835175
1.4810435191931919
0.0352616933894449
0.3907902075868297
0.16079805216060114
2.1701504154536306
1.0357332072576586
0.17913627777864627
0.6701663306720017
0.1557704530995645
0.31966093922517774
0.2589579541096926
0.023376038995228055
0.9651115160331868
0.47854365032705926
0.7551983435674926
0.3194906249184021
1.040648815326358
1.5414348385995065
0.09073138058589365
1.161731677564824
0.1117779135141883
1.4469889133523415
0.4547490585824836
0.059392151876499336
0.1938586688307927
0.3755376877615499
2.419404300483944
1.54495979032873
0.3148200033470524
0.35687890444840836
0.7097079319038034
0.6675614698410841
0.6221010903996895
1.163066974062368
0.4102438868849272
1.5920809371209794
0.780362925661168
0.1586728724724496
0.21995210211439148
0.7106093014757608
1.128856013552875
0.11814372218990676
1.6671223691341839
0.32850037308924723
0.24512802828570707
0.6946485527185852
0.19996535188601036
0.3882382828019382
0.5823571475798601
0.10930559768827722
0.273118119102778
0.27012884488936734
0.21749426245331382
0.2585486825775278
0.46500327531923213
0.3854988193695276
0.9912130053821482
0.14646000810280305
0.09159289062158317
0.22310458080114057
0.5546508683813423
0.14515462650561284
0.6349113198223535
2.06449511972091
0.2139693519365801
0.7893936060602679
1.8937474426325598
0.25935262564538275
0.5683948875347743
0.44995810579312223
0.7284707906130666
0.5577761322690175
1.153369694810685
0.18985662324901806
0.21720263791170774
0.04991248683943202
1.004040890472712
0.3662591004978927
0.4160664231216083
0.8825687431461137
0.49424733241180313
2.3982639718097034
1.767463755995783
0.25058519647773075
1.6454967490552534
0.10684024959716283
0.3421940653674429
0.7069342138219844
0.13183068136079837
2.9591948542746627
0.17761807431327453
0.9104582996127287
0.15679500134622282
0.2407885973004083
0.3786497193754608
0.7568104631088809
0.5613885932926663
0.45107034984221356
3.7776326519017283
2.200157831758711
0.13478145311871295
0.36405025555024306
1.0555469805319408
0.2257162198438511
0.44059961465149383
0.46174780045397
0.46326909312191494
0.8858512676494301
0.6314897506934299
0.7524877199953754
0.3292394522341225
1.5021225082807776
0.9585476316038919
0.6561281615500791
0.6188630143171596
0.16714637646002384
0.29780503985000517
1.2271263004451576
0.3266425354050945
0.47322111647223414
0.9871491610100022
0.40252122357024783
0.06668667941827736
1.1288427950677715
0.17675216844463335
0.5466400009795218
0.924558945715783
0.27322409682565846
0.19329514276121632
1.442660478742737
0.05047640047500145
0.31470184264101353
1.146660249004639
0.06782208715794695
0.15279667672663735
2.7251999853921727
0.19435945087632261
0.3220119220783957
0.20908399866015656
1.0278933777065566
0.8263267441780516
0.7576733665239652
0.3300731581243846
0.8826690641430819
0.32367639007079424
1.4968759396015403
0.9219994840986673
1.8434599430693466
0.6210145992579698
0.2968048137155906
0.7885662098305017
0.18540249472937892
0.07026515630364742
0.9678661622109136
1.947479401001734
0.26710847454339914
2.7992816366190847
0.24445030535468296
0.24482680500361656
0.32222816025534884
0.3732450877091505
0.9509192223718774
2.0327257516708155
2.1715049085490654
0.2586621832989397
0.3024445678936767
0.1778191803230577
0.8465450536805521
0.31342096557433047
0.35861731275352404
0.14967268767970068
0.8737554460476716
0.04960329426989801
0.29660762004036356
0.051744891149634556
0.07813054262602866
0.7371020541287685
0.12016130123804093
0.46116527692834974
0.2626834640693474
0.46229277817469194
0.012431202163567549
0.7372175792670803
0.2889630759676066
0.06023412431525366
0.037302435335548
0.498733145721273
0.79077658038881
0.7327381290639645
1.5486956819917086
1.7200170492588207
0.6340345681345582
0.8166147598092743
0.09545084653419256
0.2948377900622368
3.1044905398867533
2.5633911513845535
1.1025971614420982
0.33323783084844044
0.2574809588212901
0.9213633018929872
0.5276851303278755
0.11554602640733838
0.07151130526756833
1.2592986371496593
0.4752739662423993
0.6983479585779199
1.2990598852679425
0.11505966062478182
0.057267148782229146
0.027078967596823718
0.1747887993049523
0.303234900353794
1.093201383249002
0.5329535366105721
0.39107778510951796
0.5592052394670814
0.4069970936805001
0.38012886171755744
1.1599575405447027
0.12734484769307658
0.5983355640464652
1.3574160514783733
0.12985159715067804
0.21394158510406697
0.2642312604846439
0.11618529453414804
0.09624533095632666
0.2855396858677133
0.7037997248267629
0.40768289638122174
0.6792588607298679
1.428765853771077
0.2639088559789311
0.9984946294851508
0.12941868271492515
0.5393048358817643
1.8826675919861962
0.16163355107137273
0.079923243762852
1.116606735739158
0.30145739262700694
0.8338737510291299
0.8217772840200922
0.5743597370799175
0.11219088884767847
0.4671700536075367
0.18907067580777154
0.8316269701710586
0.2808235744024527
0.16997472448967058
1.6135562370975007
0.5907440579413168
0.6063808767655897
0.20001999569927922
1.0052453301846365
0.15115182365949248
0.11621542527929037
0.1361211893412012
0.07987261194732814
0.21660017114456676
0.21722908644650152
0.0922922326784429
0.2110449672210395
1.0454354373564303
0.04808265517007538
0.25097846704971644
2.0124835513873065
0.023637934999518582
0.1219396738700441
1.6536569196869988
1.4956647393149085
1.112109452533606
0.13111093238681754
0.5342046955397115
0.2326395740681474
1.2334589640918276
0.2928894570939747
0.4908752427529636
0.14108576069854237
0.02287092535834987
0.04892637674831353
0.5521949357487045
0.3581614198784407
0.7461285193720113
0.4865888723698836
2.525937423008991
0.11137012467649197
3.424990857533555
0.1733958268534479
0.22341195823492205
1.0461261822422616
1.1494637200920068
0.9182291496733723
0.7366200420128136
0.32370346919951143
0.651678715298358
0.5574456217654128
0.7423047849824449
0.05187620553137492
0.3244093917160248
0.16928336369145888
0.024288849692494757
1.6356682851196358
0.33541008563012203
0.45847395166291216
0.43948788799090505
0.4072272734825906
0.8526965465228914
0.19230393537430882
0.1641278751188447
0.7031302860206562
0.829711868408616
0.6656593749982536
0.687418111656705
0.14135959100953016
0.7875434680782142
0.11293525058639824
0.5778290342863868
0.055144527132204954
0.3682406356487477
1.2262793563669006
0.9428639223198059
0.5156148818276907
0.9081814742020041
0.23951229443522265
0.23692016276602393
1.6320388892193927
0.36780763263526467
0.09820039192679345
0.23846148313214452
0.12322398367686209
0.6877475593871667
0.687517171070371
0.06761833222137154
0.035453429146490786
1.2829700300689375
0.29548859962814794
0.14144854276003385
0.7781206240841916
1.0154843507807565
0.7405973956632852
1.1963879165983393
0.7430136871714406
0.06317275681041053
0.3177271552904145
0.3056747786952105
0.5543902754355997
0.30946338657757
0.09366693637996304
0.4175921889993855
0.9209220741542757
0.8332356014071003
0.07546013820372595
1.8891934208384913
0.49789997468011277
0.14786601327035118
2.446838201154382
0.6584366348181452
0.7782712574530128
0.42108847578483904
0.04875829147982337
0.32779483180086544
0.997291306321735
0.5863924820193461
0.6926698898569595
0.19586217634498385
1.4261771890623247
0.05047073828231154
1.4947177772546874
0.046240253185776806
0.26009308566557876
0.3790166569885063
0.8762008939087752
0.07741387367395697
0.8153119539489545
0.07571084992370193
0.059967507432226994
0.17176492059701126
0.025095067360773753
0.5515154204972159
2.1723051367760298
0.04446608839646243
0.1717089817914337
0.8406503897715291
0.7901220359159481
0.37026920030203386
1.0070998031347562
0.2978954514456368
3.1821583759906096
1.2943690071838603
0.00430028686082048
0.2630395197075118
0.15794117888589654
0.6370497122436949
0.15764303690910766
0.5340426411560628
1.5580190357192312
0.6122756513654508
2.148447870567022
0.33927797016115935
0.5594931015792026
0.6873216246082554
0.8688951339605547
0.3983339137565558
0.6382636394650842
1.0010981480300432
1.7586632901794748
0.1020683575469877
0.3455704113190709
0.1711747058468744
2.1553059291327914
0.10617584791888626
0.08878945352541329
0.4446698146785154
1.5024900544771078
1.18431814212193
0.3308956452098714
0.25182064343282146
1.163596018747841
0.06403702250914264
0.052928186169357176
0.37428477073486527
0.6029919810048487
0.3933007995189552
0.24414614129328435
0.3017241035400224
0.18259155071386574
0.23078625434634992
0.9487723251348448
0.5379960451082076
0.16870469312642425
1.0973529116439165
0.1484393396568723
0.4323115812137256
1.0197365228399649
0.40675140119588826
0.4345154681055854
1.398986874071165
1.296075172933231
1.1287160579416298
0.046541079672111386
0.34613455976700835
0.09508994170522506
0.36368253266686035
0.09643606243420444
0.004844744215634643
0.19951010474974398
0.6900085213784379
1.137535071935918
0.14766391604275744
1.2459164775010552
0.22609581137993406
0.375031494762055
0.015687696621908213
1.1196144386610347
1.0647052304256979
0.07160417979842533
0.6548602639589237
1.4973297792228581
0.14113234541000902
0.20103520030414185
0.12109397141111346
0.10450964525618194
0.02075302235193853
1.4475020349830008
0.2998589875198628
1.485041902132713
0.047564981580726265
0.17794456017424357
0.49372473666699934
1.3083416514945285
0.3650016398986314
0.016058628352302574
0.9830216529544137
0.35105395630796427
0.24887204510698926
0.07101610213746207
0.10817527554772391
0.15712416494736267
0.16325073202517806
0.32835464314568436
0.5163714185939556
1.7859192897178917
0.09917646662330429
0.17224215809948007
2.000625007424184
0.885520972066271
0.5420409651245914
0.4722939082616275
0.7296287379490615
2.79229809975313
1.3403651131196812
0.44237714785604104
0.06549252588352873
1.7340770163853698
0.25561649826795513
0.48547943159045637
2.0215353771901876
0.44056057788336833
0.08902693943362205
0.608025216069047
0.09637459633797134
0.006772352999859129
0.9446218657935906
0.04066889431639939
0.5658295422185272
1.7577035057417552
1.5962845286721785
1.0081690848428986
0.025407636316118584
1.2519788428624676
1.491687436249786
0.4925391502295393
0.19352507724262255
0.1609864310728664
0.08092061695706641
0.2961323903798626
0.26613331739507573
0.512287263907559
0.3035226711253628
0.3981604515062092
0.7411906642287351
0.14963378448134274
0.008075665755189934
1.014437099852028
0.9399763345623691
0.5621806674192671
0.5372770442512852
0.3821893731635632
0.16387317730583636
1.6882939018450398
1.82677238723806
0.9400635522060362
1.1996179480355385
0.03864880508669752
1.3678397218843603
0.076447530603301
0.02387645034810817
0.02211945098596735
0.2611725436454496
0.6618639571523403
0.10643234842069312
0.17271600423535902
0.024802884476523793
0.030809026152704425
1.6183816994868467
0.417237759835774
0.4634749693582358
0.6069284215239132
0.0769047888297864
0.045078443326823876
0.4103649577482268
0.6461188746776763
0.6423048076734509
1.1944269178929274
0.2939365499042196
0.11732047349205553
0.5545204190172263
0.47790753736253544
0.15088030610157768
0.3297815971010288
0.3162811064698015
0.017939847541572868
2.6542681674610487
0.4717747952040064
1.4235776073184447
0.7305869071444075
0.4206146410239352
0.9905583559492909
0.9293034001516302
0.5521321764259587
0.10715132027817816
0.6732375705642101
0.3495378148845854
0.25199519295383527
1.1390249792476526
0.14462610316305394
0.7071981607718344
1.0974269870557798
0.4649038348144356
0.4143748971009777
1.7101873209029128
0.07665637600027456
0.2903436279200074
0.4852181866123221
0.22859461706079978
0.043255204053548255
0.8448078865551657
0.23234147687692158
0.010543233578994449
2.137706136418413
1.0247450546802257
0.23137680868617286
0.5360987772101086
0.40902107823181577
0.1775106491482461
0.13743091139208405
2.628992407345031
0.4414274886673788
0.43713329989632776
0.8028887168193011
0.7087521131739772
3.4256049574976126
0.3086026529776621
0.46323517505537726
0.7636329804306601
0.3265022581320158
0.005046440698353885
0.2977605961968448
0.5489928002162843
1.2309295925478174
0.6192173377196851
0.9749714802322698
0.3708983309911301
0.7039743280797829
0.7156776773571096
0.13534628819831804
0.3145291670427809
0.32197498485634074
0.12048930801097094
1.5508980794415783
0.060661402328615124
0.7058948677989767
0.9249458146626623
0.3053761074466202
0.3362468553160094
0.36297052952685727
0.038572372702859924
0.06820161101466796
1.0712488430456992
0.5254121117570315
0.12249299342401804
0.3796463603264066
0.5424670476814615
0.0628221129412378
0.9921277029899419
0.1938908826077167
0.594907884156651
0.07562945457391929
0.15182728454130842
0.21878566167866165
0.16747929974279907
0.08600667081352498
0.0052047198376028656
0.6559248056009959
0.2595892911770836
0.21510494796928653
0.5663473429541557
