0.4455034220581998
0.018238941120547435
1.8908446602794369
1.1609246281593
0.01955493243737312
0.22416439584796863
0.8199253744252066
0.1874531064843431
0.16197122998664384
0.24597635318283548
0.5977239464154237
0.6308828653405342
2.2680146005341513
0.33483802555606457
0.305252165012734
0.14119544019955194
0.2475876691004917
0.36105307124732555
0.32528680135832827
0.02112603480020693
0.01636252002135678
1.000843538587713
0.03659226524484684
0.06529945425151942
1.0753243208867904
0.2052230823632886
1.030368958876224
1.9052277788860423
0.27325617872211766
0.06196681342016108
0.41993504242303425
0.38514804796110547
0.12083481368924302
1.2459540551034418
0.0521664768674844
1.5929952263472165
0.7357873972149144
0.35753810935910724
0.26845354706725516
0.6725308692146255
0.3453744002736708
0.5137548568756364
0.3188560520930019
0.1994235317669422
0.08013326848557951
1.0774482426227
0.30587228919747633
1.0453491112530584
0.7930976443398937
0.22971954859233845
0.9190147070962076
0.6625006935610919
0.04294981381247489
0.14937965782247561
0.3566671861567985
0.3918941623347446
0.5697512775481021
0.2061052463752721
0.2574197032365183
0.4839859368975359
1.3872159376119142
0.8475362312003909
0.39090814129870455
1.425346092113874
0.3078161966458911
0.3064342298827621
0.2660036134698482
1.2304000944533524
0.030212857994437042
0.10512632001227365
0.21649859414979666
0.20207476074655228
0.5319483316491191
0.440757663882021
0.6186161536513011
0.08793657453181193
0.33582122145981624
0.2865001391800114
0.8607509850037494
0.11539045272663319
0.17477266651302398
0.9554027122388234
0.029621267395310773
0.32171582305297264
0.42739351173005835
1.3288226416508333
3.266285447343342
0.5342090403713518
0.4474118329556942
0.3383693442753012
0.4357192568236132
0.027034729857491016
0.9898539438829718
0.24648984794703135
0.12808786924484936
0.23794069901989504
0.11036939348320884
0.6626763775590757
0.7185423961308901
0.5752386281175674
0.8120672120079664
1.2048988159662657
1.7559789644692931
0.22836009420762893
0.42150091095435666
2.0059945655282854
0.8765756345744801
0.4080662278646457
0.017136983851603164
0.07548098726758788
0.0888758553067331
1.5293438146452245
0.11796678459193999
0.13260065643415397
1.5726446434105408
0.010132555350195006
0.3729840889506201
0.860900384063636
0.20202437993911504
0.20883075065990575
0.26463832695032924
0.19888609497439066
0.09900448330558045
0.19872326285777422
2.229478201298965
0.7552068069868998
0.7824269099974398
0.3054723292966433
0.05461475320448932
1.1271590796590052
0.1823810949267843
0.530552217249571
2.6371134735888773
0.5594122694462108
0.46781938774031595
0.6789439093192435
0.06556351816519125
0.006350482501395449
1.4173921456776892
0.5249166809066398
1.0223264473936322
0.7235771779791741
0.28696289450471496
0.05701250095553182
0.4013415983227494
0.5281971041373843
0.9461019645280239
1.066972743633384
0.7695255256615455
0.21156114500973433
0.16509704959197744
0.9802931657013214
0.32961791040506405
1.0696350902487575
0.4357538666975812
0.6513620080906483
0.6851674925550364
0.7257305300892469
0.09826955526126932
0.576152209070051
2.721388356580933
0.2197636638020383
1.4557423924380681
0.7807865214346937
0.1829236488934336
0.3506843684687418
0.4049875104230936
0.3086692892281451
0.5379862796125449
0.1554490199611217
0.17413571826903806
4.7373267223460696
1.3609585280351262
0.041859096093730154
2.298675258636828
0.06274489571830374
0.23222711144805272
2.658136921205176
0.3348311022315478
0.8793139425469629
0.1763320006619276
0.6221035392160292
0.18884230371623179
0.47816957868273785
0.24810223907415777
1.4256921513430896
0.9738668118599361
1.2924265276638807
0.11786049782477377
0.8494945705307566
0.6039318984825177
0.6279883546986019
0.3004348444492481
0.3589449253300568
0.5618110817946428
1.7268946321704963
0.15281190142736828
0.14222363333499177
1.486034669909498
0.17988748326844045
0.1656862744966704
0.2142278549885119
0.5812888518343141
0.5943673631576694
1.3464317848311227
0.1311106973906144
0.1798334746121174
0.3758974695007323
0.509490861665174
0.09131673112021686
0.2233284643917638
0.21867037273295678
0.18286636506581475
1.9194608007331146
0.8154390796687762
0.7764892092376293
0.8010544466004208
0.4519591917183075
1.4493657187240945
0.2919418540209305
0.3139346833144514
0.2758581422422932
0.562241129935637
0.13638489343162666
0.6831803242383007
1.8814233626876893
1.063954694936589
1.6629071028261615
0.37358208786472075
0.9213138098318464
0.5619248367942266
0.3090825516366164
0.4446420757847841
2.1270598048958256
0.12718268480889905
0.07925568358906855
0.4910851202823856
0.7691641215738603
0.7409330662598058
0.9207318841775457
0.4240802468822175
0.1558367921126017
0.4826968240534386
0.9465965404266432
1.0541534694691006
0.07891534505895012
0.3611281049312755
1.0416372801936047
0.5591082529100965
0.8489564233711396
0.2800288778227145
0.18007688653054485
1.2295779763940824
0.33847073094194924
0.15433417510642305
0.6187041704379456
0.6998406785576031
0.5118959126837931
0.5965113328565163
2.9448068140350365
0.5753859781464659
0.8669936815622861
0.977350056176082
0.25630665629511096
0.9408441965860366
0.06536779020805687
0.24647683252030814
1.3985118335536515
0.14311599222459684
0.2519185521245064
0.08020647736652572
0.12598756046253384
0.4940168145916458
2.6815260326372767
0.6567389193903235
0.38073065519162047
1.0177226207304408
0.09769867814758333
1.9966147206572844
0.9113874597868933
0.26664585868094853
0.20785275259056785
0.16729333018320452
0.10656512004799612
0.010837876721473598
1.19068444316544
0.051247180230450294
0.6524904937389365
1.390108804332302
0.41709023258344147
0.4441747827808484
1.3097834580274639
0.13968794474524154
0.26839940056424294
0.394059357222707
0.43135936140246967
0.22105148303630207
1.5936768390204132
0.08203423725602384
0.2324693702862652
0.4699862588704152
2.767479365832465
0.9757336302488615
0.3700871883751751
0.37847910835582316
0.11194466415529852
0.35218879024351596
0.5184204905552103
0.43391540403034845
1.4263223982795274
0.055385374278949025
0.13907297156802445
0.2920320354520087
0.2695157786304761
0.1568408120753942
0.4337665817748106
0.03400355566746177
0.016361961396647258
1.528141115285048
0.4281619957489822
1.1186669499643722
0.7488787470834036
0.6597580706524613
0.11794309808820466
1.2765752349732309
0.8246495996687347
0.5723805639144413
3.481053056597155
0.20446990306486587
0.17469031084406222
0.02683729376432257
0.18049002588990373
0.1426359935936207
0.3913381431780695
0.27941338645685937
0.2225723165730161
0.5791756787446857
0.4082115350095013
0.599777967218954
1.248864528361783
0.21853963055057776
0.5271816613236614
1.5331262499144365
0.5025286983363667
0.12540322187419745
0.6889516316460802
0.3531181437595185
0.14999286207963844
0.80058581946301
0.29430682213868575
0.14870666586023185
0.2191697386419996
0.019251986717377552
0.5617153977550886
0.5292195492589333
0.05671761703055996
0.009941437814653536
1.1216230610590672
0.21727709507642498
0.5157635820200652
0.1337370262582722
0.1879192286296031
0.48057704847488414
0.9903515638661946
0.5077007485091718
0.7543909628394962
1.6705296594230195
0.040214478769696214
0.17559634813345093
0.5084400731973477
0.36689173560450156
0.5913444757745887
0.5996439476327972
0.04360117633463621
0.2031373098064495
1.1444813720617324
0.08783060183255056
0.44469060064496196
1.4999355439010689
0.7739489095335178
0.07353573717281589
0.71776502507604
0.2355044743910561
0.16982887981967193
0.26928834169062
0.48834655362130824
0.6132854379830025
0.05909216521131335
0.10795686093204969
0.7791522610708269
0.6088082666050542
0.3179669081627908
0.5805170617608694
0.7378129306489499
0.3654490122719947
0.35157826707908385
2.006494362864697
0.16562631267785174
0.011711514093475555
2.7937106029637473
1.4737569628740281
0.4960364643017869
0.2846524173981551
0.19745134276961437
0.497980916181071
1.969153003556755
0.7275022408399562
0.21166854507657548
0.5673698556987036
0.1810306876554887
0.27521368135259
0.9703430385094736
0.13964256942696096
0.2759270897802306
1.0604749772851243
2.2387786823442735
0.27493758877663793
1.2371560603412046
0.1060223961194891
0.2535067026851913
0.26245534151464306
0.086428702091752
0.0313975516416558
1.0864687652628775
0.3572948307876607
0.07871516824548785
0.5795205551672052
0.32318216727763877
0.12649268483243914
0.5491846841307649
0.24919068168442576
0.2739064850637416
0.5967583701627261
0.23019561851726894
0.15313653378151024
0.49672603740817234
0.3294848999509914
0.5414332725074883
1.9425453857370554
0.42558084343993746
0.10078748173739616
0.27269182006070336
0.4764179704260556
0.7470555267943472
0.6281100762543262
0.30906565659381974
0.3120901812924137
1.5300754147256925
0.4408627345975676
0.4546042260157023
0.24735038617467583
0.3120325746942381
0.6239939502815199
1.1798114682495595
0.10096277453611575
0.20832676075638698
0.8127749500984114
1.5121738609346096
1.177081801178108
1.025182707183742
0.7699225826282534
0.1849810832305549
0.3944500170180014
0.33626591283106494
0.17939036328258015
0.0614755672764135
0.20593558196042736
0.07837566843874826
0.24570868245157979
0.07554621424323814
0.2113984528597296
5.389577992718914
0.3178640099919206
1.1292822341204058
0.5795735759963929
0.2495200178689931
0.4169161760475317
1.1640841123511052
0.36312217275471914
0.19080021677446166
0.914652934968326
0.7045222483681853
0.40223635383004464
0.10152348822043943
0.39007563178982774
0.3532277592770384
0.49342371466670193
1.6183347428931663
0.05983350286140762
0.4668351502199972
1.7753187552966998
1.2949307124886988
0.5176564070135481
0.011962159251241281
0.2705827997196558
0.5346022661660833
0.4265736561935548
0.06468132917410505
0.76725073257307
1.4072444297504794
0.815725439563333
0.7091521289824124
0.07250090419606321
0.08443488105110855
0.4267532468737218
0.06217315828556086
0.043059167402739185
0.21377699678127796
0.6151271518723489
0.604430097117983
0.6149674310617337
0.08607030780974861
0.11950343232819036
1.6434141997844365
1.3305963151612523
1.5695823200288317
0.4491419779661933
0.9298736418935597
0.2779369352996004
0.20396946025482152
0.14636480745616853
0.43024916442546546
1.1426027701464008
0.7777379111174908
0.29550963283202614
0.5603381242041613
0.12917961996520302
0.2385090806673946
1.3212056644735817
0.7879857780908038
0.2807446199927496
0.179310039784124
0.5397586266414202
0.4939370221493721
0.6213444421944315
0.5003095491426989
0.17847898413988691
0.9630390728424575
0.848362301160155
0.4351750623760575
0.779731209948516
0.034800278227595224
0.17614441044666818
1.8692415535301286
0.36865189491162526
0.3239604841467083
1.6920569743043756
0.24906541506981503
0.22938442332798384
0.14295818160502696
0.5554793660572451
0.9114205507172489
0.08051204747661125
1.7155659042758786
0.09951696932607466
0.1974757987168445
0.10828203894720125
0.18094707493719978
2.789352839614169
0.68290012877026
1.3978804930111741
1.1879457289176862
0.11559913065545004
0.41675586949047766
0.6782077173898431
0.09746089466607559
1.7107821336828084
0.6325001244044194
0.6521914765561236
0.5331279247781338
1.0921504793754846
0.36140612685463525
0.09688086965995693
0.4977225337361628
0.42469339697505326
0.6240784973282553
0.21092240421793118
2.850826494010411
0.7013503195182543
1.3945585593019714
0.06680130423283064
0.19810398997461476
0.252887075252051
0.4085542263476511
0.2448506024249785
1.0679793493702014
0.33370484009487944
0.4922881698967917
0.22091576596008478
0.674271581299614
1.0852709827603684
0.558590414493874
1.022831740896245
0.3305984482226419
3.816470945986869
1.0049872997584648
0.5068585035869638
2.697150656973632
0.5017914097421275
0.1314565308165567
0.5696858837464625
0.7951150877319797
0.6792372347255954
0.7725289403113346
0.049019457839684685
0.5344971782583607
0.4415061339537206
0.31059250185689835
0.032781653879767315
1.721325760099296
0.8579376118706161
0.8368536312532622
0.6446966066936074
0.28466041245344087
0.2955226400642886
0.5793149380828351
0.12797306562913538
0.10922451180347137
1.9219514484569367
0.5671934407389517
0.43556760613427015
0.5025811770830898
0.9879784807968444
0.253363289914755
0.08040955236236272
0.1454431160367422
0.13204176192016095
0.7989788148474063
1.0871346807212798
0.2025601998230949
0.7337122668675111
0.5242242877781859
1.0970954103013877
0.9604592809148439
0.03727333850746929
0.6961614670452865
0.02639339686761715
0.010427217518475881
0.4933250755198418
0.6225912726176508
0.5129076182293125
0.4081878579936273
1.6039124700530798
0.5252936292710241
0.09499661154444956
0.6138009029323911
0.9506594174468505
0.23986204110605847
0.6032752593680848
0.29434859042185846
0.6897217794079841
0.9747092483758272
0.3084432212082539
0.862041920803271
0.02705257297834569
0.11946716258201494
0.015972969540896647
0.16043041545035427
0.4060953929658059
0.4568268741063819
0.4885428544953871
0.1053165242334955
0.10852035567910051
2.0250230241420417
0.8487216075609185
0.9606278441339361
0.999332293555074
0.18727906026054064
0.3435332420456887
0.5830670750646868
0.564906111069747
0.17381537515409093
0.5706160752914856
0.5982174562466643
1.3434816648098142
0.4096036456690717
0.18646354200786927
0.09975944044104686
2.59099930528272
0.1299200934221043
0.06427079198598076
0.3000791665281794
0.3515847832022205
0.3108248196383199
0.5661778062992986
2.3325135303095705
0.5459030620519063
1.9944671816106283
0.9007369415520309
1.4478451776895864
0.23467073493964016
1.6650336871211826
0.43701577966499044
1.3014710590328682
1.1547481639826447
0.467237181486746
0.19309067650493286
0.004673572983948373
0.14341939505832982
2.2785782164628428
0.2702457606211225
0.06416065870552191
0.5611276576140309
0.16549906729420233
0.05808330499698927
1.9330411281876647
0.44438720233329665
0.6592645190009694
1.1017650180094978
0.06948002677708097
0.17024222177916065
0.7418252808035712
0.5867412254834672
0.3119684243357736
0.545233824706972
0.3433543916537861
0.3484092570340868
0.01680746914742681
1.5425171528260526
0.5175268815507691
1.266361079648187
0.2591297977777869
0.5459419894332921
0.08765714045445691
0.5730124832577819
0.28903161735840593
0.8184377846503764
1.1381931437856485
0.36933033578561103
0.25147525930408077
0.3053051009616824
0.03525046655544103
1.0695969528590457
0.23627952726638682
0.5798094718248039
0.387763976076079
0.31218389736419994
0.5285136394936434
0.3203923308895169
0.36160890491634096
0.9205270785453806
0.8299166503641305
1.1755210963266545
0.3310231384434851
1.3256279945106295
0.058741684935125646
0.01380977101022407
0.8032982460530577
0.1006438800811641
0.24370643512063211
0.4650591566171153
0.579025086019839
0.1298715508814027
1.5106840804107866
0.04289595972048235
0.2839562345697965
1.4143614998789777
0.484893277151169
0.13549755103317007
0.424144322782603
0.07835355370073684
0.28919872024332943
1.4532520181316813
0.7825779329736391
0.5524760288125057
0.828036058507295
0.510728045808504
0.23474999110655942
0.8028733625806979
0.07957769874882493
0.008277861447705608
1.2866714493979075
0.3500168714265874
0.48775312336844345
0.7301364678077752
0.8214004113848354
0.3503318282874672
0.9580770853799178
0.37674231034947103
0.36707016464512277
0.07313342473226601
0.4944756881419194
0.003400437478594558
0.45017246777174935
0.11826847312169148
0.2258710957255962
1.3544503521978841
0.3033757789476797
0.03366386622444653
0.3354014958802786
0.07020916868637207
0.15961514400928864
0.24818177499792318
0.49498759063123543
0.7052422399879835
0.5139221188615594
0.6316274406659358
0.22194908788194356
0.48925122027766005
0.3666264762602311
0.053090353410927694
0.02275297241841708
0.04194045777534268
0.38487237288168125
1.130545902129168
0.20249362271096707
0.11303380316182673
0.6112992599418117
2.101239820572819
0.518914613577648
0.15133471269369003
0.29181877777336984
0.5018227449298936
0.6982606004339224
1.7854213328655835
2.2870992563985917
1.7136023091469155
0.45569898948971654
0.08893459191204213
0.6639543263308532
0.2232056312134159
0.28597212202205935
0.19764839233971676
0.26336755856549865
0.290464397770403
0.5320540991096306
0.7757339064562819
0.7166416704171312
0.6249846680408064
0.025957074603937938
0.18225289944149634
1.3498280776897926
0.09049813391403481
0.11687847417394875
0.35997414126281396
0.10381386142949517
0.3865329633714308
0.08664181471766616
0.05117318393113211
0.03014822659451148
1.1283662912815562
1.2346108712688497
0.07297576201215092
0.2757233645776037
0.6340479677927272
0.19867019128813043
0.37469619854743963
0.6928879710203584
0.14027590122641595
0.5361383237101741
0.1186258650292076
0.1990434323042536
1.079409228895389
1.0642991355597242
0.7886758082069967
2.0700746877451635
0.06374574416152017
0.6718402597064088
0.7554338149097705
0.8322052856316724
0.6379251257306068
0.21763267867688502
0.4231897335093137
0.2603982098933796
1.354346672351757
0.1532821963452159
0.06432246915825339
0.7667192776442682
0.01432317363110061
1.1519650226192932
1.6302283551623145
0.07677599051591771
0.45015734695836807
0.25593118481560945
0.4848685226324403
0.03293570569443342
1.8127189308893967
0.0180290876941413
1.4713255752391754
0.38246881913940195
1.1946147402244376
0.4286752408929664
0.7529101611014463
1.8771716082786403
1.8616082282034003
0.3101854216294444
1.3060271276128885
0.23304801895944177
0.6365867591814584
0.5992713378979619
1.3435291076203741
0.40891147240742726
0.17145407948807306
0.1496268020295749
1.8814205779394515
0.3383986132239315
0.10950549704074275
0.7830416579877653
0.24384844436832354
0.2339409064454691
1.1380884571791048
0.6449006835139721
1.3623163803939762
1.5284455546519529
0.4231658102140271
1.5362644125248242
0.4642308245179407
0.9084865071638962
0.2645020486088917
0.6248372387954474
0.10159476787435222
0.011853735850166058
0.9701635973129703
0.02585134024500088
0.15337424027652768
0.09436877620985361
0.13912310150276236
0.2684408737481347
0.05409060745641977
0.5076303058555427
0.2616626458847273
1.6086574804866385
0.32633234717784343
0.2606821737954115
0.6805947995049761
0.5445726305663353
1.066389692432612
2.094596531504455
0.9510637676501987
0.3128646215686814
1.365779224073134
0.26155821555021946
0.9967791913755618
0.9484613614944284
0.6630165228967811
0.34354398697055727
0.30044641155889795
0.2820782066623124
0.10584381020795271
0.5045612219603093
0.662124606801953
1.8911454623505357
0.06883743279302432
0.053522490856445164
0.24835915772319256
0.18622382400176532
0.03833627756140379
0.234609862682655
1.4444958802886259
0.1364971903921871
0.25781110714524347
1.5816802580921314
0.7996347137796188
1.1371818830841995
0.35815315722699664
0.6005605946519286
0.22618179500802257
1.3117349515868786
0.8528220963534604
0.5689196637335632
1.0339084321871768
0.587492168478395
0.7251786532566429
0.6156577356996906
0.3423902317240783
0.39345494713747264
0.7748695564843129
0.133371888754607
0.16674373888613345
0.8270202070862315
0.18193426867326334
0.19218679393019203
0.08299767437009099
0.414199403258986
0.26234082815464255
1.07551628939954
0.09028907329465546
0.47811407679162116
2.4448245716938803
0.7068922621761219
0.10351746793947372
0.5236288316256498
0.03642818933241562
0.08438745277325171
3.211489864534184
0.13083856813362335
0.2281260620632363
2.186732843818801
0.4027259923771735
0.11189944291307954
1.2073971422436356
0.4144123126648935
0.042887759434050717
0.06860469934601897
0.04025773259466296
0.02556952440559357
0.4960240421626932
0.19348551825972285
1.098364294737535
0.19915359746499695
0.3787964599371356
0.24059715438855073
2.5606851763609733
0.5625776636880457
0.1364787613425326
0.14560181935646926
0.28758005702509765
0.1361070867721217
2.0184492225394974
1.246748723007863
0.08934482454617036
1.868657546763977
0.8970103199439358
0.18633163217902704
1.0018432936049007
0.2085399352052208
0.33059799352962915
0.46010427628013134
0.3021371471410457
0.031156490449253827
0.023323089219036575
0.14160362037052993
0.6942452860346996
0.29999648799299883
0.16075194678103505
0.6481751948234148
1.2445408700827651
0.3087544440222184
1.2138932961833087
0.15114057199859282
0.12043034689038322
0.27950151125112876
0.39380935253638266
0.27627857036557985
0.7320266753209522
1.3148795181061963
0.596701189977445
0.3526781797505365
0.1575988934587423
0.12144954461652283
0.4230534497871619
0.0509879462653634
0.8826133578492072
1.1612340216475208
0.9265819157081945
0.1988786551079079
0.6204560778117586
0.20701450540316016
0.4492891759396327
1.8411681835237412
0.6483544930596179
0.9997619346596556
0.3968795934641226
0.19604486722718847
0.7163142218901007
0.10500101033673613
0.8007023695353608
0.5294559659881686
0.46976720468404287
0.48962706277727697
0.21587205051729802
0.6382660478789349
1.2132368853518762
0.1592581165326095
0.1515519073157244
0.44940169610624264
0.05280284951077804
0.05365461484724974
1.189865512348187
0.16737251049154533
0.12078575027793079
1.5258170708198153
1.3987066557767225
0.12489486926248085
1.635725066227668
0.22668906765857377
0.3404195328874931
0.741333149953084
0.2428803200229096
1.0733755856658753
0.08889429378027412
0.844834749934764
0.32152708365496524
0.15227063678620142
1.6477600882203611
0.20847975928031315
1.5790025685023226
0.10752763925285418
0.11730020911455039
0.3635870123316087
0.2758889179277592
0.14914601150624002
0.24271979973637933
1.2562234455829788
0.1523605366843949
0.8466041449542389
0.4931145016721266
0.17798803783910658
0.6454369372901325
1.029788143413219
0.9406744053950388
0.3179590227593797
0.3472387143604986
0.4243117664868937
0.9027129658539801
0.13271482121570846
0.55030255395648
0.6582651723178374
0.011228806978252449
0.02937405661420243
0.4268513715831742
0.5940761012342215
0.33030368019861484
0.5676950979454883
1.5197516187143258
0.025226867835699992
0.5398303790271254
0.3675054701720079
0.08042050023222437
0.8509983272064083
0.06540157657351564
0.14199999585456718
0.18532248389990455
0.040202936492412744
0.16002402213644001
1.1014606244687866
0.02712374169148352
0.08559980864443831
1.122444093527382
0.4366317419130846
0.7787805167937738
0.963891869071564
0.5477096964562416
0.4508961969578842
0.45394140958512147
0.09132461185928985
0.060913907195326064
0.3388509411892135
0.586708077913536
2.0483731393385467
0.4846216454532355
0.5425545271956949
0.05614514312479635
0.8436173574634772
0.12978219468445198
0.6196328131611765
0.31610008433332937
0.40369870299501953
0.3871856348549946
1.168953869211305
0.01392398254842417
0.03906851887350255
0.6735626305707074
0.141758197649211
0.06177242554071156
1.4585887479380513
0.2717553364693337
0.22128988068349195
0.4627767728138234
0.06911790349468225
0.041819260427569754
0.7558005385506126
0.893623660077836
1.3779604730918424
0.7887588661378145
0.21325932472287443
0.23604314024369505
0.5928654191203035
0.47322192700222737
0.8615339300125532
0.699562700640328
0.30688244674680526
0.18337897437453873
2.0308626109616563
0.3177321175358583
0.8367065448776093
0.19697218590944549
0.18445480299092934
1.1548718819513937
1.1684007959312637
0.37572204515511104
0.9923967581475843
2.1732388629496064
0.07688045150676688
0.129919436865775
0.809126447519238
0.5215163900607147
0.28223249064419864
0.6152610978227703
0.10458336242457329
1.610501514757397
0.10411373961968735
0.8503899911140442
0.08030562490919371
1.5413665842713256
0.22349154731219303
0.061536966610748756
0.5470275419091544
0.16800852528665755
0.4010124695825132
1.245686343611541
0.2595323208723075
0.5312924324047201
0.2594497819147126
0.4253419937886428
0.5296366782771138
1.91399648240857
0.5024558566795412
0.3102782624143703
0.7262043550095006
0.023891130698148036
1.3959983535290121
2.362214778206327
0.2691923531812023
0.3067109177460375
0.49428649774328837
0.6655129306655928
0.15298896143112603
2.398376888193203
0.28576696756693254
0.1285314795466883
1.0983818373965046
0.4061439978534565
0.05952080053251885
0.2857007012577406
0.4294118483764947
0.14470530121696468
1.0578600854511166
0.17325992662349693
0.44887251362171077
0.8570323623973748
1.4429922733778233
0.750205716924963
1.0966934432249968
0.22016126998335991
0.021120550315995096
0.5091944106524728
0.21314999641590487
1.4732032719107808
0.1725045444996245
0.954002285126492
1.0994793793396103
0.6249559168141627
0.12865585292352685
0.6790355064309032
0.5533832455663303
0.00844266066750186
0.045161079634609275
0.0696894555538131
0.07619422564845303
0.13142973727309076
0.42477922168726545
0.43665097816284676
0.12044217775566818
1.1207960652710236
2.889608263896358
0.871140075019824
1.6648412925982672
0.6293784867826168
0.8278459687839624
0.49469198148140314
0.13753556164016742
0.1619048229844943
0.7958595601757559
0.13791341497063
0.2072226460103495
0.0885882156801355
0.12704190685279187
0.3475299275881177
1.1594394067469498
0.5054220639805671
0.9993188488315592
0.569090308762723
0.30548356866121523
0.34068989515238135
0.8881260596376872
0.11105554418923581
1.7229743627111258
0.7334852509310126
0.8739649258873095
0.5529375170206217
0.2791951603169089
0.046041353772911575
0.6024050156277966
0.25432227172149485
0.043417029914671154
0.1260362940440774
0.5611273175460579
0.20465216264797273
0.0990408042393411
0.5614600982714679
0.43617615626845363
0.3970143611483798
2.1273983568988286
1.679173196632596
0.2410578741095972
0.013709577739480824
0.010748616082669863
1.611107269565787
0.33035207620494206
0.11023817321631128
0.21497839744137656
0.7016343560947147
0.3215132026827223
0.3533169608525696
0.7902177344947092
0.14401528863968607
0.15593757986930357
0.3208292180923993
0.24878541956358102
0.27593246114595615
1.28552384613494
0.822573657884734
0.33468543408070284
1.115778326536072
0.4562003400167971
0.6162377060995964
0.5784292164756574
0.30634484886332264
0.12097494308968011
0.34552580161033103
0.15712952715486
0.2006329024395417
0.47729128023812323
1.154552972244881
0.25249287544730703
0.3756271098292772
0.5230461917871643
0.12924738366288047
0.774668312263491
0.4563280362184544
0.17767156926669198
0.7483889200299448
0.029142773650858704
0.5151345570258615
0.26677970621632696
0.5232621301504883
0.29520743662585874
0.4631526499798512
0.03892252018513259
0.03279552103898988
0.37223020753086566
0.0716473179839658
0.8320139075631521
2.7822818016717705
1.2606879158408157
0.6155603157447189
0.7000271006247447
0.1951533774472212
0.6531615233120642
0.3919035849413759
0.5421921117263442
0.8008242786826679
0.5961839536944494
0.3290916130877648
0.02586648854929283
0.7143695798994522
0.4714944523633028
0.8131906886496715
0.5103113316520468
0.32876528092118845
0.6446220566602539
1.2104885777471746
0.17657216874476384
0.9390863038556969
0.5087932074833621
0.2079867262790521
3.1186180912190373
1.565136624700091
0.7334437251269249
0.4100192770395429
0.2977546332932373
0.24520391360917498
0.07196799654906609
0.17009198741046508
4.025343719467389
0.47877835028998594
1.028279769973324
0.38953948368394586
0.06674764610069923
0.49746626036915975
0.13461722153349226
0.008776737618166245
0.10150560149577653
0.42507720675315686
0.11164751001865425
0.23684119894080938
2.235864289245029
0.29291257885824873
0.6971012466932561
0.5166822840154521
0.4402034026599953
0.44710766308627065
1.220804045073236
0.8859451120545612
1.4360009346145983
0.20145419831965988
0.8408453554912991
0.7127976863025343
0.05401114053444227
0.2613721790565358
0.49225921891809876
0.35007782421096995
0.34961791843949236
0.0937225475825559
0.8772557833084563
0.1757584776764881
0.8291629337100994
0.9974302450555036
0.9072038638247066
0.25737619389515354
0.09914251255878918
0.37381077456015044
0.7748304701968182
0.8308528908740943
0.48240802888980033
0.16942660331503462
0.5009592795553932
0.21636243872041827
1.7887427965584735
0.881483519530474
0.6991910045121806
1.3212736043003477
0.040568783876214674
0.46568587901688113
0.33765960875833206
0.06330177608288284
0.27561327073986075
0.37838361475997395
0.4450512481772059
0.4548449967578169
0.4822145034698327
0.28356107331991043
0.14253615205028422
0.2275462415057604
0.8665997011289066
1.1338724598148961
0.104736863452493
0.006002745945173061
1.0356586628704483
0.3565070317007186
0.1495017145972087
1.2462505182363282
1.3225458522756497
0.8079326708895742
0.7694340047986192
1.14997050654315
0.13863991243951995
0.12103480997147291
0.19449708578998295
0.8234723211564583
0.24148458287313043
0.4370403247353886
0.421617768367419
0.11691632125153335
1.2711574260892151
0.06922386174413665
0.05028744229938932
0.27160105676123036
0.21928376836019564
0.09623557538734004
2.020426612744364
0.2526292598177294
0.39306615813665663
1.5067970047560368
0.06042603222215252
0.2221433572830537
1.0183628183220448
0.9639450953235413
0.5198109377455652
2.616608213366122
0.10292299637090518
0.4813151066477148
0.3188852524588968
1.2950266474769117
0.36026432560037025
0.5138866562183906
0.0378801696843279
0.08407768161071844
0.708689654459077
0.2524487610740684
0.5367588091094203
0.25984339633106857
0.13283320270786658
0.013250294526415381
0.2817404690686442
0.6372276864700422
0.6942681262825603
0.9323341823434935
0.19864387562092325
0.18237042261761513
0.3233052767021591
0.5054985450401134
0.34670180697865965
1.0887250876656211
0.3198821610373268
0.006092129329936682
0.3222448559541998
0.5574817437800473
0.7277864899051574
0.20017610215252407
1.12831850189198
0.20762493794875758
0.8476973169208254
0.5632332731135271
0.17641191531689365
0.1792539420847959
0.14201492445262887
0.3702884563490868
1.2790348253426702
0.7538652198004624
0.6260144806002065
1.8690895307561946
0.19750305818811653
0.06844285818317355
0.9933770148856246
0.025547697859055557
0.06877857809648998
0.3554809736214432
1.05751374506892
0.2793444874822076
0.23705426015150158
1.049620394984873
0.24662737748157149
0.8651254542445719
0.13929406937285324
0.9211062702633431
0.5171294865383469
0.32597486011161353
0.8070261822248784
0.039491099508799234
0.4704177478147826
0.4061892698186633
1.2763224419380514
0.03017648034991621
0.7641337047003106
0.5010902207468774
0.6294630733681833
0.8777004403922968
0.3914779704803854
0.4062934303782792
0.03667501938556997
0.4766616223743535
0.06571559752872322
0.18734362929627144
0.20614403643020915
0.17335369584627952
0.08735065058047155
0.020548585628122704
0.03439651196956908
0.20363178581952895
1.1414959128333086
0.9061464902509363
0.08404699117656156
0.34122130318017113
0.5907999557203144
0.15462806132768506
0.5463317072369697
0.09619012879164611
0.17743925706074143
0.32340984513162463
0.015485602477778646
0.3278904972788243
1.4945608721310462
0.09327893163664239
0.4786782725051838
0.6802300643500259
0.4949245036090645
1.6277712820492616
0.6225614294441423
0.19608584010974325
1.208651661604651
0.2555097677874754
0.038878149956150694
1.4582547785626463
1.6935246101237897
0.2875712170634961
0.7083811715779005
0.08029692847926136
0.38462391888106146
0.5175643876079314
0.30639555067381846
0.5690627315312414
0.10309537870613844
1.0346275796577964
0.3794030337583653
0.2787997769127906
0.0057728112049670694
0.4099245809711572
0.9842949958908281
0.3586712541064033
0.8094876913177924
0.12005985606962477
0.4701865410539544
0.35032120452201293
0.13822405370355328
1.4532324943063193
0.11209770126561903
0.0729013293047574
0.17329166216145833
0.17285698465226604
0.24590519721997853
0.14841539089130767
0.2691901250120401
0.2534906791420024
1.671605157130603
0.6299870014533075
0.4273841459758597
1.7754509675155152
0.1920695162072094
0.015489819675463725
0.8269710091451148
0.45780525916362214
0.13988931996521284
0.48253920321897587
0.2871967726934938
0.1687428447379109
0.5253327840478694
1.2141936213921212
0.16540051151292148
0.29986094898352694
0.34766568104667916
0.17473344891527295
0.39227648565561235
0.055727345883816164
0.21181295971117883
0.5796305496176974
0.10386076283265126
0.008044597273720748
1.0936705856616304
0.1029750490153077
0.6470037326636711
0.16334106227837658
1.8407543027218065
0.10664095916221301
0.9347651118119829
0.5975048525901654
0.26150413459182753
0.6792387165256587
0.447831829656116
0.6988892842732995
1.0819713460153997
0.9040283563952856
0.22168210918583825
0.15291790267865388
0.33560737093906673
0.09460719003272783
1.3342169885587207
0.24559891829567984
1.0442181587293793
1.277282556758524
1.2353823301225986
0.5757130753712398
0.3928236769014344
0.33275183924219964
1.22058374362213
0.1848854854772283
0.605658015531908
0.2107289310610048
0.6721615398708333
0.3658726672540136
0.28562699242555817
1.00204495016204
0.8738659476266786
1.1598874474908352
0.5143768352732025
1.3260096753335995
0.05993731519087979
0.20745186152995929
0.021827934001124375
0.1131767453382515
0.3042557263486884
0.7509101831003313
0.047556913376073255
1.7329758801308177
0.09209651434640803
0.15843710998869848
0.34476999691421306
0.613264056107394
0.3401763113761087
1.3275321236661668
0.10223986182297286
0.07964041498120436
0.8625869750709246
0.4724440532578274
0.2527395159850103
0.5709666462259496
0.00854739531891609
0.9775816780696895
0.7990759119451101
0.10642873124145937
0.28586020294459463
1.9004519854413409
0.3323045979997351
0.40100094581165785
0.1857208455842148
0.11962664962176622
0.20270991876250652
1.5045905511207243
0.04334795097204513
0.6737453254464308
0.8024751384448834
0.32163578589612507
0.6963366497896769
0.02602163726918973
0.05553821188294517
0.06714921284840467
1.050436292189744
0.13689886422175987
0.21946156235693953
0.13157865048873987
1.5641686750907235
0.010402745566024831
0.5915861845416722
0.0541748170923124
0.11379204010119041
0.6370016501386343
0.1410160413048618
0.3884742182962107
0.23570247864124944
0.4197176835015255
0.7580963087378655
0.1422370474507066
0.3970395538354611
0.15785251323164884
1.6805697762320633
1.7161821527054502
0.5876730891818756
0.039376488699476596
0.31153036995799327
0.16099031058247976
0.43624570217325226
0.14735050072875577
0.2349171518031432
0.70791320925373
0.5189949721151259
0.16767259158386752
0.61663426541527
0.4866106460457882
0.16766443562544167
1.7131025484572397
0.7603446961675897
0.8456225146805364
1.0447187171381063
0.03883357909515959
0.23938740472513892
0.6921237870370598
0.7758624907347372
1.2765743669609135
0.9815607116972521
0.5816425837181882
0.47444311700098046
0.2929022191969284
0.2165366646104746
0.498435769131656
1.4198521499234265
0.22282865579470115
0.3419251992530849
0.03013763267815143
0.25116797863240053
0.08493369786795403
0.7671226549152443
0.215352963457571
1.1488548037966138
0.5463612847970231
0.29069779342027796
0.8994848293905013
1.0159100343886673
0.16978737640025945
0.13311039075504014
1.592542268838624
2.865124498920665
0.8752273036790692
0.17401803977617403
0.17167205507526595
0.2054352948593944
0.8737178095678251
0.2804826733674085
0.05126276914347617
0.6194434982118883
0.4521510441725049
0.5089899542005484
1.4210651483720629
1.1346500898240413
0.06649706630886949
0.17207049327666474
0.44048230780319664
4.568055673157424
1.8726205206127087
0.6260430234947881
0.6743030185034284
0.4426330559780271
0.7786751632308556
0.26885891029768433
0.5640045260116071
0.9202757319056402
0.28892482521606977
0.5905031334672793
0.23476689752679983
0.12159352152209874
0.5641002691857391
0.12265459430237799
0.18607638569893506
0.28540773238131506
0.4675873568180275
0.948305097403814
1.0295109828232258
0.44756550891129343
0.1196169911938842
0.659030078051136
0.23245560209489147
0.6246870589853712
0.4555021609057989
0.9727414866573574
0.6822750454291345
0.2879156607828342
0.035560545001546186
0.08192261068126973
0.47226724622044997
0.47921452177350554
0.3359028947258333
1.424778094739127
2.113519685276864
1.080345969806575
0.44797587071946204
0.05199836067322278
0.5493394065048519
0.13529089468076883
0.4545876228988185
0.08729530342534218
0.3608253768993635
1.018663426320019
0.7902865981797284
0.6095480787852623
0.41730825372219804
0.3440968970828739
0.36170375491906986
0.28374159652388076
0.8780507517437417
0.5234735379058345
1.5981101855348323
1.335146489547962
1.1068549643946786
0.750586590037797
0.417522065785698
0.6197619214952315
0.10500013653485446
0.9659934590739141
2.6586960137652116
0.31216551601028103
0.5845075560380096
0.5353737556700808
0.031939191872735674
0.029447855133543917
1.0816579630118963
0.07490756415651188
0.06343161272086902
0.3658380228939628
0.3175615734245241
0.2960562363709819
0.505474017394223
0.47792755500891776
0.1094726175979213
0.47288988967442386
0.48319129474290484
0.4455270671577686
0.5084863450705875
0.2669369565602753
0.3204568437578807
0.10120424521246782
0.4703950263952553
0.4491731537153862
0.5399952238930987
0.8043094786255104
0.8028786278348424
0.44604486497695006
0.17289149225466216
0.14095062552995893
1.0562432599293927
0.1395882498023805
0.15874719500425685
1.9194791451257232
0.21164711719514911
0.35471899746627794
0.3195570204817259
0.19366686848173684
0.5365155922692997
0.3625125838814617
0.7937951855720986
0.026916555314931173
0.4867866744927921
0.16343914192988668
0.3741667105333254
0.03703979285306706
0.08718343309670468
0.12340446791253619
1.7581421921061788
0.11732169631882029
0.35482256606304546
3.4193244608875717
0.012661276096138879
1.328983207628485
0.6057797064908509
0.103590227601588
1.096122512702907
0.6616656285713347
0.6969239404102772
0.3623499214777777
0.3881163319836434
0.16231346631203233
0.6275279932067526
0.059591717646457966
0.0492475698783321
0.5477174605101596
0.5450848120995989
0.7442637769214465
1.0833702167025188
0.5964195907579881
0.435304646900046
0.0408054976454931
1.3760903530904582
0.4384441456352704
0.14838709101318157
1.2973454136771916
0.09348459815968653
0.5098255037013634
0.7859068600637499
1.8221112047223114
0.4868248999671649
0.4906810645470542
0.40429328020759536
0.4219514517683198
0.14058163318372724
0.920224237981421
0.3669007296108324
0.43803152194201034
0.14733224376855117
0.1956886115779295
0.5061020765032826
0.29714739975826115
0.621781683230841
0.8772518150266964
0.28121204672658834
0.2114964065434134
0.5903282112688596
0.9685955216978978
0.2834090325894837
0.24397603738524104
0.6632516451649615
0.7904143309105871
0.42132089227334063
0.8262896001463953
0.9180833210134915
0.2200499057193214
0.18953793731794383
0.35802120807907656
1.9817329022689656
0.5035568272834363
0.12676406966242584
1.1919348986737308
0.49457623859349686
0.19689485949467045
2.039703047541323
0.502345684792727
0.2504314839476476
0.46662512418572055
0.07224976417253286
0.298333422162317
0.5610220839645347
1.2454433543056578
0.5062408527463812
0.9139254969331676
0.1965921735517304
0.07937632715991734
0.6002952093054378
0.019063105671338933
0.08914661895804384
0.28014326353712327
0.5040278385237169
0.2872988363691194
0.9982414422628136
0.34228207462118526
0.20646337109170138
0.44304716472410954
0.18094857077659993
2.296093567001473
0.704363799444404
0.49916574966884664
0.313454790375953
0.1357116237312454
0.151972352138274
0.05130709744530843
1.543853908879163
0.35375902769383
0.4428410508505059
0.7061568130273246
0.2136698577631069
0.22164055650917666
1.2040708447757258
0.1217951925945896
1.5436130492745892
0.20472320769026278
0.17227745485560447
0.16819943593879755
1.2522237092542237
0.11010867834572903
0.19248091422245617
0.49065345483467593
0.19911934669656495
0.14926454334287118
0.9770773775654321
0.2384771650093102
0.4757230741504535
0.12643307331200904
0.019221092469321105
0.11892173539582106
1.1436596188093138
0.26209683151303154
0.13986601217488864
0.5464040886519169
0.03267776460576293
1.6004458059925448
0.45940464782377566
0.31994731986832053
0.29803199786900675
0.47084300686437097
0.9599349421704573
0.11920124809428163
3.8558008504283294
0.20134345040575416
0.707123932697606
0.5948716728920754
0.42191739903309333
2.889660542092739
1.7876626437587866
0.31046425823488205
0.01735474329713692
1.4890023456315133
0.3100280768401967
0.43971139973560985
2.375918815917071
1.1087824974511131
0.5045562656721589
0.6702812063014038
2.0596098575008672
0.11934590392999209
0.7709663864257023
0.2657806772884665
1.0341457881029703
0.4989859019973532
0.09174395972908778
0.1860770681543462
0.6797370567952264
0.3238483333527104
0.1324562218654565
0.4325670654135931
0.014887535585939795
0.3302076226734755
0.4945256559528893
0.14957128208210035
0.08149433460359941
2.28189035629051
0.03277195567484226
1.3656800080347788
0.7989235756659521
0.6399412073026072
0.6011506456293318
0.8072835400334732
1.8633021694879492
0.923554309997706
2.066826946022363
0.17967783236191148
0.21954217649582908
1.1794434615725198
0.0774976252183679
0.06615746851415487
1.5546830798715505
0.16920957365548095
0.20720536785585564
0.040803328240544924
0.7912751451478413
1.48923173701475
0.22559745673588327
0.23575769459440615
0.37824565432530505
0.17270202586208297
0.06550140521063108
0.19799923079542933
0.47700442831591283
0.24843293570683952
0.2476955839106443
0.8338059600141334
0.12375019109721216
0.5759891201647109
1.1529059270873014
0.5879916138858202
0.0367352188624497
0.261214236323331
0.008313972022570712
0.0649167787844955
0.28545969486812894
0.2656560693262959
0.19699949870203867
0.5576591725098088
0.2563066672595554
0.15680524426812079
0.42595173575853446
0.1471109747074407
0.30522735724126604
1.3065678211366676
0.5904955856818781
0.4961889547310906
0.6456266283972151
0.30191426443049385
0.19267219279759357
0.8971867329103361
0.12824160787584996
0.16632887429149715
0.16837525411822354
0.11551684495416334
0.21777482414401145
1.4371667146687663
1.4602807007192244
0.36287275415255327
0.5495941963795421
0.15541679061523003
0.04878808992995408
0.03619136092098669
0.026809679894764214
0.03602925635505384
1.3786240974927444
0.19651738641875302
0.7453258197335715
1.5724239224197216
0.6609886952319957
1.1138938683844284
0.9419230684248422
0.04023081744131545
0.5384264968848858
0.4700967854591923
0.038277624507726114
0.0693314720754636
0.21114592292060144
1.248146971147461
1.1199227069933575
1.1176906981149732
0.1174683014096216
0.003433323878465767
1.8768866684778562
0.29555246447012246
0.25188421818967144
0.4661829788950164
0.3991970591546104
0.05508376487520153
1.858264780165987
0.04902865460922568
1.7543809705706026
0.3094142561376653
2.8229491486943235
0.07849987418229537
0.6360495050971124
0.049360087211789305
0.054939144714507386
0.21311969921776625
0.021537718475527556
0.07440233151194932
0.2786994553282615
0.5477507875880198
0.6342285116246548
0.5519990789297057
0.7260101402456205
0.342559953372216
0.36100787326117206
0.07555041102497428
0.09082182525044316
0.4350671074520697
0.14257421560459552
0.8143252053690304
0.7679043736522676
0.17170752419776183
0.20593077943173232
0.6677986302289395
0.2004363070078553
0.5926148988792433
0.09792722354002362
1.3969981948541597
0.6575707975208622
0.35136667629616936
0.03047926075046323
0.06326217091905618
0.12777627404189837
0.1452671479868026
0.1890039967166687
0.8549347959026841
0.015804285583336616
0.018945221647389675
0.3155349439224362
0.214016031313146
0.1257075355880851
0.4720140255893864
0.6756855099974651
1.787628056270371
2.443293015092683
0.17101720031023418
1.4427259761780409
0.9303279731396623
0.5317721346069676
0.5807230427292345
1.0563987891638842
0.13359938425123252
0.020005358255544035
0.06165770935582475
0.00905220028659529
0.2769305702793109
0.40249248619075756
0.0499322603627882
0.21173503135826297
0.8049205607948585
0.08361884932475376
0.9528868648972929
0.6548800619063575
1.503142667848135
0.20775290655785708
1.1238017675143797
0.9187886454694167
0.6148380565873772
0.9009112457302497
0.04018915101027414
0.3861586933265625
0.4518860889227419
1.1359181755426704
2.091369971171366
0.6535265605970003
0.0201746949985459
0.11047923659562525
1.4658375907544412
0.45544850621328414
0.08571750111109529
0.28212983369836536
0.3448164568774301
0.07541360153707952
1.0507284203601077
1.2830201713516183
0.24623179648032614
0.5811323397548668
0.36985951087612934
0.346005848740957
0.013110899666521474
0.5667056244084477
0.4239017774735332
0.9295932019852793
0.10743245460418262
0.5227627335412109
0.27957354482670854
0.23698839568562666
1.65181671630652
0.23627786955119606
0.08096719195448525
0.25493356329608424
0.4313849129816392
0.7276366999908458
0.5595458698574587
0.5976971606292397
0.608557755690711
0.2836901943977772
0.9925956914037297
0.3018096375023958
0.038029276658924964
0.8068733007228629
0.5506183672233194
0.5185564975704523
0.24666443707415928
0.29681667481615953
0.2042859413323446
3.1632263143200325
0.25475387077111394
0.36494365989059463
0.34928512393469846
0.3898896170844401
1.232426617056071
1.020298017932851
0.23693053441333847
0.2631463235842292
0.8086307172504394
0.057004454981577496
0.45614631560793817
1.4280630706168536
0.3472350951575549
0.3936429576635109
0.2842105942408049
0.05463677044550867
0.010549008513790946
1.4732193152792772
1.3226736434285593
0.42115381108843875
1.240248192021724
0.05393521495554884
0.0464278788622599
0.33996242244793756
0.08078152884457113
0.11272564409557403
0.8143063415064777
0.4402306277653127
0.2119520208868087
0.6924999247623214
0.24320366666370954
0.02028037296998968
3.617111890424713
0.37131308598228874
0.44848602624592915
0.20644588294933347
0.5998762704856233
0.16493468709659972
0.06220683753986045
1.1509529567240242
0.3546527766557631
1.5277051958424435
0.8081166100945627
1.3503344864784659
0.19648440036562026
0.17403225777441989
0.11868676150540917
0.30640601568861126
0.6615715662232868
0.13533607449566026
1.5798425761760215
0.5473541332519962
0.21217736423465777
0.06234035647971913
0.19133040086230013
0.07019606843535985
0.7354909007176978
1.1432418002073095
1.0725569968956448
0.20635612002163894
0.10932608779151855
0.38545925910619844
1.1473833287701265
0.5937725348821803
0.450174644754155
0.6232422586026348
0.3740768114235726
0.6597194945678423
1.5632418317810557
0.32537910187838376
0.4802826727412305
0.30776662221095674
1.1795467331986935
1.5277285209793414
0.21259203252329806
0.6016357178873066
0.3641716102595455
1.5028919454519516
0.2611871783371452
0.388548184876642
2.012207588366455
0.2501254191577515
0.12203140006110534
0.0413758440790451
0.6540120891472302
0.13104780926887305
0.15581276588930706
0.8539738128551712
1.5661149957052942
0.18928071478409522
0.14467203014448698
0.06735517882952155
0.15182968475219466
0.49739300125811947
0.2829625999785641
0.5883572853877053
0.28983108689360315
0.46540198454096826
1.8802155873285824
3.442429545510337
1.2603893758885212
0.5743005618081168
0.58201634302044
0.5573768997418088
1.0415798590881051
0.3706708893130709
0.23010380439050512
0.40597434538973054
1.3011560850190023
1.846342877201337
1.1277801394173896
0.12658765244025114
0.06518310705027555
0.20054427583736043
0.5488230025984907
0.15660361877348375
1.547237641784892
0.45343315479137397
0.11760355386808495
0.4927222686593222
0.046991236685845414
0.12105178282707925
1.3066294982667945
0.06976806301439001
0.14028256393270838
1.3894874001915085
0.9838770156620946
0.39204211931169924
0.060209794825892546
1.958973414502198
1.3380467167354695
0.26918446699142545
1.9218357258524899
0.1073781796151211
0.47910817767259994
0.22782999791249384
2.5209441724116464
0.6871098947678835
0.09609837397893181
0.33323777701415414
0.6960263457589742
0.032898646349465904
0.1993715995008452
0.9666626526169253
0.7050668728075602
0.3051353269400813
0.3304708707325712
0.36544336626912305
0.5563105007593304
0.10754185571178843
0.005821277072844474
0.011952699120991042
0.596475933412532
0.9124818245870363
0.6538196167746594
0.5191715141857238
0.1799140070716029
0.32124750204257235
0.3656091155168286
0.4224539643645414
0.40922546549043065
0.2299159412665914
0.343361648194079
0.23045621369722563
0.6851094042694429
0.30450374116386203
0.3561946670162348
0.6834945824925128
0.6043492413517163
0.2452841513895629
0.43521375439738214
0.27410489985021347
0.9816958601482035
0.6926258365233392
0.4787397100001918
0.5714598716245519
0.15244311497575444
0.31643444476120897
0.44616264836286806
0.34342810848828337
0.07421484983800164
0.22080083163956
1.2429817576860696
0.9056300660762706
0.11879580491927505
0.543344443284045
0.17487237073591008
0.02178923631243127
0.14668406268382062
0.33263296706301076
0.7532116774174366
0.4835333453865792
0.16313321816940443
0.7355770852901744
1.9558569170665185
0.7639041744020124
0.4526099165248147
2.5804842980667972
0.21539826675243895
0.17978535930466572
0.6025861518076023
