$coord
         -3.460602322871         -1.442236945621          0.052547592560     c 
         -3.460612997229          1.442104593276         -0.052855105975     c 
         -0.941647911544          2.282143042578          1.064875035868     c 
          1.307143486800         -0.000112706936          0.000039556540     s 
         -0.941767936274         -2.281813833222         -1.065374518884     c 
          2.626048604040         -1.008659275843          2.175244640783     o 
          2.627178707489          1.008367022105         -2.174703894844     o 
         -5.055452931687         -2.252829462081         -0.983258876364     h 
         -3.599176831508         -2.064048996885          2.024933958924     h 
         -3.602731139315          2.068213631110         -2.023544526024     h 
         -5.054186002616          2.250819423903          0.986732305580     h 
         -0.383169017519          4.164741171146          0.431566959108     h 
         -0.985863103370          2.211974487416          3.130479056825     h 
         -0.988011505453         -2.207063913866         -3.130723446010     h 
         -0.383867172801         -4.165927610021         -0.436411005112     h 
$end
