           2           1   1.00753259130730     
           3           1  3.288227664472712E-003
           3           2   1.00509676243688     
           4           1  1.502248873730023E-002
           4           2  1.501877074812281E-002
           4           3  0.809529627545802     
           5           1   1.00511795625398     
           5           2  3.285946328267787E-003
           5           3  6.414861049415123E-002
           5           4  0.809549911851524     
           6           1  3.440310752930126E-003
           6           2  6.090556456819289E-003
           6           3  8.146598843911684E-002
           6           4   1.66058058572270     
           6           5  8.306983552063053E-002
           7           1  6.103109542000245E-003
           7           2  3.439320201469019E-003
           7           3  8.306990376094363E-002
           7           4   1.66044175029706     
           7           5  8.146991855302549E-002
           7           6  0.139607268611465     
           8           1  0.977479522238042     
           8           3  1.054526914347794E-002
           8           4  8.056907750535454E-003
           8           7  2.128144156988060E-003
           9           1  0.976155913963655     
           9           8  2.110101849741297E-003
          10           2  0.976169399261551     
          10           9  9.716906712820271E-003
          11           2  0.977483673772941     
          11           4  8.046064101900651E-003
          11           5  1.054520451789148E-002
          11           6  2.122491409759451E-003
          11          10  2.128940440487917E-003
          12           1  9.382615959681094E-003
          12           3  0.967793469487723     
          12           5  3.500921373002505E-003
          12           6  2.397021057095913E-003
          12           7  5.396213365728308E-003
          13           3  0.966641603696022     
          13           6  7.024997549927576E-003
          13           7  5.555046117819314E-003
          13          10  9.177304740214344E-003
          14           5  0.966603469674766     
          14           6  5.560376377651965E-003
          14           7  7.041211768751689E-003
          14           9  9.205219298462295E-003
          15           2  9.407067868614389E-003
          15           3  3.520233793274962E-003
          15           5  0.967794649729521     
          15           6  5.359060305714303E-003
          15           7  2.394084356549512E-003
