0.6984272094249014
1.3774028687779576
0.25088966306042815
0.17714081302578913
0.1604980962658773
0.12127127960898673
0.3837687967701106
0.5316732901484191
0.16936844649958852
0.965877826789397
0.22943784287762684
0.4713160231803665
0.4686564421315907
0.3585838130033182
0.39044247866513393
0.5833459413822283
0.16071647546621656
0.2601536820444829
0.9791388271094021
0.5638410940033534
0.3237612335450217
1.0525626018456793
0.22467933886435332
0.27601771786897705
0.6404290488827552
0.3636121692291484
0.28509844903085313
0.129419322502089
0.060092290464555165
0.5817656102172776
2.9120662482370805
0.0573341532936942
0.5266194215495749
0.8944205040300264
0.18765447877746416
0.07529320798222625
0.42773896794554905
0.5747425386505938
0.8532526898875914
0.618557695312023
0.06337480999942088
0.1738436698262683
1.0355456705563488
0.20037048947764294
0.03127441221079308
1.6639463496782823
0.18292418411347944
0.23190048869719374
1.2779719127268112
0.6346124342328633
0.4906662138978539
0.5420957287923825
0.7086196376845318
1.972269908217044
0.6852212935933463
0.017788443363090434
1.6411737876802186
1.0579429550801316
0.030849017686237563
0.1573697074820243
0.4075175931738406
0.3588619747592253
0.157303195050208
0.9701917772148865
0.49364230376700463
0.35884841029415293
0.4009043344807844
0.4642770565178122
0.2569619078575098
3.909793018859667
0.3886933492255441
0.18809382197000918
0.21801364213001023
1.0863812293131772
0.7146722624617945
0.38460528894664464
0.7220362048750846
0.057414513274829986
0.8301076461024812
0.05490159156636641
0.3024892222485027
1.481838221316122
1.0530770288241342
0.5130558480436038
0.4947024745981787
0.10740461707053388
1.0517661749173763
1.3248316832894975
0.09127815118841653
0.3338412988454968
1.8776205466208382
0.7768085661176987
0.19126428654091715
3.989105289850815
0.5056063948035028
0.08476552834503613
0.8117104064834937
0.06966685957717501
0.0473514795962244
0.43151558029059983
0.6324479742772146
0.5274926690466799
0.5305371543867784
0.05873862818356265
0.40860421916436457
3.6171726292739943
0.1054431366935723
0.31936678294390336
0.14648509812474433
0.18207014266160218
0.047557300436204396
0.059408882861726284
0.10002132300801714
0.11459119389284901
0.9116757674612127
0.9831014065886603
1.0304229684326411
3.6380482464175032
0.12824581093827503
0.2842506321617497
0.10064769022667266
0.4483066935139909
0.3855024455736848
0.6615088447525346
0.6908329847832486
0.4862668434190387
0.37137891820984653
1.9269208775545246
0.674054143095215
0.513335095994461
0.2089418360291904
0.29596862244965766
1.556622235674702
1.0913164479818018
1.1177921623542155
0.580274247094481
0.8824812900883777
0.8337929370840469
1.7043118709246692
0.2724263215438692
0.692663790723631
1.0567400405159084
0.02211418832823268
1.0834010566946393
0.6512296454111203
0.3742751083889802
0.4877405797228569
0.5108189453923108
0.2267718448343078
0.5715792752342419
0.5285191136856113
0.41171381477473007
0.5559532878485702
0.029528157074273035
0.5006329521970604
0.370162160201827
0.05281618225274546
0.07601668625159577
0.18609046758542705
1.6353213453196707
0.18646488953124413
0.17842007692793033
0.43141780773746374
2.070043256713565
1.8479586334793383
0.34851064418269917
1.082281015349959
1.1278371835400565
2.789874394688846
0.30630572997169925
0.3593002901965351
1.1575826841366144
0.4125679661993709
0.7438259418623812
0.17770792256194845
0.17588952729912763
0.008127390330598115
0.1464334142015179
0.0483329196580191
0.5872923804342877
0.7279796697159399
0.2976195890211689
0.665440902035653
0.44727145265431545
0.08603170912917522
0.872153557376383
0.9089115764157152
1.3598465613188657
1.1471587684632274
1.1011788012639099
0.6052073579188604
0.03671692390162506
0.3418781678872093
0.036495705979417294
0.13814710199783373
0.34952801483394746
0.0072644070031580845
0.16632833186241106
0.2894238659831226
0.08344468823834834
0.12564438586582155
1.6079017153269364
1.056634574390928
1.4213484147546724
1.1625638252766661
0.1367396787233502
0.22089337080815483
0.9261679958822913
0.3513443643489336
0.10227459787813542
3.9200469484688463
0.3339353118649264
0.631230654109221
0.6662393056453153
0.7622713426193501
0.06813516058769324
0.6308456391107647
0.6686233258036751
0.8105721931422295
0.07134676205971505
0.10892133398478122
0.06895662472936948
0.6865932096412264
0.08056796601902391
0.08921684304586411
0.8777214131969088
0.49805237998579716
0.8514551682918909
0.25126365427483266
0.4385762835300805
0.5969187514074505
0.3566793688612773
1.5073310294819373
0.4899618738670632
0.10650231537190247
0.9462329917436431
0.019181157620024467
0.3271191113275535
0.05703780525225114
0.13684165531676395
0.778850945710656
1.2400738910584315
0.6125939518205394
0.7631212723625774
0.6521943997682123
0.02757249041846349
3.11509032572212
1.1524011519563753
0.7800847134830611
0.34083707130718943
0.0695078681991257
0.022227821886953842
0.12288062310548444
0.14290603867516632
0.06550138769087446
1.0171424739390986
0.5493068422585583
0.4449525342795931
0.21316024417826135
0.15640584927707735
0.02779864513828583
1.4842868259999464
0.11649362937207282
0.1277349223485283
0.6320723773792801
0.03905855111134696
0.014900451860961946
0.3322900069165902
0.15829830142554108
0.01832783464899302
1.1954517424097788
1.0860753293078662
1.124970587196278
0.36153375509806984
0.06763096067112744
0.08531774779018397
2.6928513660998985
1.6091640765708615
0.6070666997738122
0.2331344157312291
0.2936621928879924
0.1079593708970221
3.4103289393822998
1.4199391166743314
0.13857236705551543
0.17360957558108908
1.445533712708178
2.1047971579943265
2.216594525227061
0.3040485589743087
0.21783094561580735
0.7988685441479141
0.12997551253465306
0.4693427810720261
0.7605687106510985
0.7536255206288658
0.6587622241366734
0.23231242926855633
0.9102285828656523
0.8376826580946722
0.9756296870494421
0.1782458377435061
0.062281862021717885
0.6136962466812876
1.758032035865991
0.18413761874169757
1.2580712209447944
0.30685187039214096
0.01941832203180974
0.1327935730577448
0.1935032989901825
0.009181556305953787
0.06345681848454124
1.3492313388817394
0.2890714319699201
1.5129112850552064
0.20829304525478393
0.45371855612516626
0.6277419743695926
0.36025817295230367
0.26242734847412613
2.677420053264213
0.3780568692262126
1.5961243055078114
0.2644175554162591
0.7699608256515813
0.629388768066542
0.4651976818652069
0.18376160492083107
0.09000573618579137
0.7273330675483316
0.5452683397177999
1.5711531008487356
0.5380401772994118
1.5440980104691033
0.2684966421523069
0.5623006848119521
0.6991123301344816
0.030209869238833703
2.507262851015087
0.5420174747758508
0.4275724925822272
1.265040093548607
0.1547207811410896
0.10181978106706216
0.5330958277780665
0.045977934218285006
0.8419069497823517
0.03793529152164212
0.7922407144102984
2.557082834203505
0.18874702350139672
0.2496760167649062
0.13005394018819794
0.5153132299634418
2.5812327409491305
0.37534503687367926
0.5188849294082932
0.07903858114357688
0.6013017780558109
0.4217570447330653
0.6302776995608208
0.16764360450295876
1.339910206178677
0.5702121051780205
0.18642083127929893
2.0456793775345266
0.1804024984396117
0.05685447357401433
0.2501951468832963
0.4813434019340231
0.6096476721615094
0.5342845924336154
0.8242652378276063
0.20789258647932513
1.0515407887413142
0.27727974089274915
0.6754054850558441
2.4221774798487243
0.01592991450658031
0.36728373206490167
1.6297086752251817
0.601330715394369
0.5222832234623312
2.1288404579095457
0.7063036314114227
1.6658123948789367
1.3490910919004635
0.9991611698907327
3.407852183225273
0.9741349868443543
0.02087355786880509
0.21365674345577534
0.460696219473482
0.9130151086918809
0.5775995738304801
0.7533138144667166
0.3503906813878712
0.4176565761269974
0.07567556606004985
0.6513978308933966
0.758511450804534
1.6486193899193027
0.11895829102084277
0.6225136741052077
0.27477361849503784
1.1317918498477426
0.8146726487155237
0.8571618989827979
0.1174756419663723
0.11741374482307328
0.3708082569639126
0.5827653010382279
0.583163572013515
0.40524801301621993
1.0249392915279973
0.4766633400233542
0.43986874029974293
0.11181726495256665
0.2097354242752675
0.3689789690534971
0.11933023407364232
0.023119558588758287
0.32660456336121013
0.06123394443769879
0.05018563049963591
0.24023740172268296
0.016740318432401004
1.577804394766001
1.608938252553235
1.412633693537483
1.6340986258631836
1.1858571130849267
0.30520322673239597
2.362162235310488
3.019096102045212
0.36534680825040367
0.2558081124803277
0.48062030511772885
0.0452649488319331
0.4039474852359281
0.80097804742195
0.06998961076806445
0.10855423201178767
0.23703524634718817
0.3720783437367061
0.26247246818171666
0.320126954212733
0.026103798808513507
0.35385705134014345
1.4373475359496408
0.4195549272600056
0.3713637996041336
0.08464422890824798
0.32948770540821615
0.3950425449086863
1.2781029005522586
0.8058632455631468
0.590674805885457
0.6096637696411443
0.5035496475338175
0.5487741736559221
0.7299530918339222
0.6474827893763027
0.3477924100136126
0.4766175196174558
0.157713319825021
0.06717451084860415
0.6945263609609885
0.0402963423542737
0.050577445050459066
0.6931145990291206
0.022590372826858496
0.8768895400194934
1.4141950526082272
0.2587927152790999
1.1700558404978776
1.1579895667981375
0.0102492721094054
0.44536444997011737
0.6364012439705946
0.21307707659578587
1.6311786490720181
0.7825112409253229
0.5093489285291014
0.1911247599265595
0.9242419187070391
0.07929760414359277
0.7812137100233125
0.7591740563534718
1.0704567218544079
0.39253411035418306
0.7996055373984376
0.32028590670827345
0.3232104375599199
0.7247744003565283
1.4880267375489764
0.14516628067104767
0.12438854306804478
0.5016150008951071
0.6740319214386363
0.12274664224569717
0.7344381884845081
0.3620857756493091
0.8789627316679973
0.6363732613029667
0.11540967139323344
0.8692265573308746
0.4865323037225087
0.41466775259823774
0.43204369239329204
0.03388742372192626
0.19037112957964283
2.3729598427433936
0.498007962085437
0.2635367386734749
0.7090610027733636
0.21723366130386823
0.5209197988726725
0.34779191802201576
0.5143116487287099
0.13570288365846822
0.2981216676234578
0.545378228590349
0.042508035257409434
0.3824918453616991
0.25083867318086434
0.6995885266638251
0.6628968827743468
0.39872906924945745
1.0544968001795993
2.29964359672859
1.1231817671035946
0.8015083797630552
0.5764637054651561
0.5843451351605775
0.2173799627701876
1.1950355854878367
0.25731949110119284
0.5210585569178604
1.9133800059086419
0.289742508400958
0.9793735310641783
0.5770244029733825
0.5385535624786821
0.7888553189457512
0.21432634930447972
0.4789763112711588
0.21567294741132492
0.31487413316837654
0.3210391855317308
0.5172878999576764
0.9832717061905072
0.4056058646248885
0.8026917953889557
0.35347782247792736
0.2160890143699392
0.3502883565449226
0.17235271180094514
1.4398057835767504
2.5629666186193716
1.4141673438388807
0.2387689806062672
0.5620435748963237
0.18840373933525495
0.48458412423457065
0.8172291955226554
1.470337665630809
0.3078960608419454
1.8751461589798164
0.9420845006724767
0.026400004951177045
0.03642243199872353
2.2051440759667535
0.4605458253016019
1.8488694149260045
1.0778814319708516
0.18309462253869507
0.057506429533030076
0.9626314393451199
0.2861607623137819
0.04525444199020998
2.9602163730891426
0.4644609224133492
0.2290574540407617
1.3174913323780029
0.4600227492886791
0.30917960601909583
0.2553202483580356
0.1743241575140984
0.7402706016166496
1.0482803727365193
1.2764886680786833
0.6727857803864896
1.0304497333863682
0.5346525441864626
1.8939925257925256
0.6211093153059449
0.5341909076406328
0.150295255947044
0.42537097915506955
0.0392478301384592
0.35599498290627696
1.4796521921724477
3.5939736810002594
1.7248100094662369
1.4807383056225705
1.2908754002975875
0.13870959097161648
2.0531402137404204
0.05432078704540402
0.27763757572049047
0.470586579434309
1.2581379871134926
0.37236776324411425
0.626162410737724
0.5430214855278489
0.6423145474734031
0.6995298564883446
0.11404573509551044
1.065734248777189
0.1283962690444577
0.26434548900365973
0.23172470666849726
2.3136030327057147
0.22576823987584754
0.19537889570611208
0.2137758835927027
0.28906222649914126
0.1870942307419265
0.14107815775264795
0.05563155269031131
0.06779919771641492
1.5526408303624826
0.8339940095858704
1.4071338377969074
0.2652082528763407
0.7224315313796744
0.8823554174581945
0.23637941739523904
0.00891598091588034
0.10501032307087564
0.8448948515795625
0.19766449999001942
0.12683617683717843
1.872448509204228
0.13822317404753862
0.19619362841772353
0.6063789206299822
0.2946466349376911
0.016367161434188312
0.09606050736776749
0.07174042359995132
0.3205594055426005
0.2212807614710927
0.049501937897907564
0.07955720691429853
1.0540489751918274
1.3476442605655996
0.8164607516984212
0.35212708192256703
0.1840851584302376
0.08034964953153635
0.6844337529283405
0.3491973496594135
0.10279083052597551
1.040937720920004
0.25851459188531034
0.07380111823358501
0.35056445442376905
0.711756991068478
0.16579482012721164
0.6980348182744139
0.11670369325398608
0.5101917104915722
1.2359498835809974
0.22833718150330223
0.24939981736513267
0.26125112278404317
0.09084615854393034
0.09525476360295865
3.0991707528511263
0.27590777811514156
0.11711231233851312
1.0861509646284977
0.9169375585032599
0.16142019670676436
1.2126396792715877
0.6233083196953058
0.31362571608465395
0.0036289650599879643
0.23671747814263877
0.252938485918359
0.15896285283479225
0.22932556323468675
0.1915645718480543
1.411520182944635
0.1655270706201595
0.04658386251958013
0.6319262483663483
0.03633447612843903
0.2108415210429605
0.5576673016091233
0.1829888402660976
0.6576867787045849
0.19284115606903543
0.37405285081389594
0.262121578113453
0.6031069844534678
0.16931663617493478
0.09529162490314731
1.1514169098040847
0.05728366009225049
0.4934622613801772
0.9816443678128166
1.4788364348648666
1.4003292788721862
0.707807201919353
0.13474026992374802
0.2596311425796535
0.8633409655849422
0.04687071700511512
0.4312067299749358
0.5603669618350505
0.5074196167731823
0.8803678893116947
0.1264833111727119
0.17221697788688858
0.47207877410906124
0.8902899074529451
0.20114036516678868
0.401361764315396
0.44097874437201773
0.09412644156092757
0.2886348481705682
0.03112136236713071
0.028525270127578828
0.34896148934683574
0.1811320046314986
0.40944589620608324
0.36461561056709135
1.5076571485517798
0.6434315445262746
0.9243207864597865
0.3615264805373686
0.05799086688110609
0.09158682816204593
0.2051722542091009
0.06221399823263884
0.9684748806251606
0.14747891893916773
0.7018088415715756
0.18175175315990755
2.117226445617076
0.4199469745668035
0.2917987288614776
0.22557897696343507
0.9523638964570799
0.20024671111743947
0.11129187252212891
0.16519208837579952
0.3062281547917448
1.073520003483411
0.09638871483164789
0.33601594817730374
0.6422844137520878
1.15018988571438
0.06930511357694963
2.577530055441804
0.3146099293090451
0.2517925349725473
0.42968959187250055
0.35232777753313654
0.17750860837037996
0.46494949181513745
0.03933972584053009
0.05763087796589075
1.8580829324477242
0.16573775901608953
2.6288563765962762
0.15121548807526597
0.5572043301906732
0.54512537957176
0.878426900495616
0.10865337031578105
0.23837494692709316
0.6664949484233974
0.7932711608313762
0.4230911076086179
0.4992859392946948
0.17326490444320597
0.020754002738828863
2.4022585033159047
0.049423491908501434
0.2669895505073313
0.9107376839783231
0.4330996032808592
0.5521363093950261
0.2774998967873533
0.5690098846581028
0.05119796615308578
1.5758291976383978
0.08600264109266278
0.5056548136509197
1.237260473046506
0.3497178622245036
0.8013256016729243
0.5523004550859005
0.12451900453667217
0.9208838470216855
0.7359699552567586
0.03695275473581781
0.11129979030077886
0.020201281871110147
0.438592145093343
0.059392852708873345
1.491451158355474
1.4962567271055562
0.26403077696285676
1.7662541089444004
0.7031599661725318
0.08072263074241792
0.9299837666491994
0.3034408149860357
0.5693545541897486
1.3667012622072432
1.3470555831635855
0.26385494731710585
0.5847922804937219
1.3063006006355662
0.5068659862296897
0.1403036608634536
0.738705718603572
0.6431582542851075
1.2413076699014065
0.5320839697094439
0.12217991408132894
0.1278729258735359
0.4312714569233111
0.5912575499813338
0.7570708881894038
0.14305656458405416
0.03889430695900969
0.35910081919311804
0.4460594228996581
0.2578632674574211
1.005228960857045
0.044824215005656746
0.05462489217988839
2.0831312804583866
0.15626710992422138
0.053172251648853634
2.281590077224478
0.12632904066566436
0.3811066644900149
1.4763440986634349
0.36519424297534114
0.60071740491217
0.03567104954524011
0.06833843313268392
0.08294719100288359
0.21585004424617243
0.36582334127289456
0.25214664893210487
1.4542286030630376
0.36853939806046193
0.5790522537099756
1.2833071040066666
0.5527759804084473
2.334838316496401
0.4458895586635376
0.6501927764957323
0.7905574873629188
0.10545239441502159
0.12847907330336533
0.10590256620173531
0.8695027654529179
1.2634208124195665
0.3255263271709523
0.43540358190940237
0.39554953072446475
0.08093296462145132
0.5991570034628733
0.41166189105754253
0.13310770297522564
0.3330431653012031
0.48637548268933556
0.2715980449809374
0.4807801496584139
0.3068783043742403
0.738677444630596
1.1634480118894814
0.4638166287102887
0.21144531895396326
1.9762465246951084
0.24628796220806756
0.17968340796415114
1.7221268257659506
0.6586954913849892
0.999786230922874
0.7879917880761402
0.3070442668816548
0.40532454288124103
0.1026325269853898
0.1199451163989957
1.2839005350523183
0.10110723097898949
0.12285659000350903
0.14248540829209022
0.28278111029626435
0.04088095939580425
0.12137983078365737
0.6304225738786102
0.29284261580829696
0.3337263685914986
0.2532110365547116
0.53837733603004
0.10157625897887117
1.5132391982258733
0.5680069805828277
0.03426868389973045
0.19524141764155023
0.8919306364797719
0.5095744881850955
0.491227755573519
0.1123483974148451
0.06926173336795131
0.6196370727124467
0.20324878249732067
0.2201061225632305
0.7365717467961689
0.37817979539679347
0.12182043705851635
0.43276056714018507
0.03927564446453309
1.1612584077668784
0.40706780067585674
0.4461967089848099
1.0069969347612797
0.8452912746361644
0.388436664224561
0.4304279979044686
0.23820553957241916
0.7787159216034583
0.7459626184391109
0.10701579929504244
0.1115235274838333
0.447013556381935
0.6013941010826386
0.06981891604238333
0.02206624924700678
0.28189774875697876
0.5172067602001649
0.3355291904754095
0.0850578468903294
0.10967019191891424
0.14349245574967356
0.1725911608924995
0.12146595040449813
0.12638867501929582
3.5444693813676835
0.18961535212979727
0.24687650950632392
1.0127600014039138
0.8148981996449823
0.1962085785316903
2.856756442012811
1.3769962404954885
1.6341829489390676
0.756974673895279
0.05420860241369984
0.22421214441047937
0.21446654384169084
0.7612220225540322
0.19328938872025705
0.17033726020880943
0.31795360024611874
0.09562305495100751
0.30643193602893426
0.027262126074386692
0.49222978261141953
0.15588692563986464
0.2630945310626927
0.7092036597274662
0.4759033780789671
0.12210476570354827
0.14752251411120168
0.18299277280441867
0.6447518945260238
0.9357473808355825
1.097535773284941
0.7635880479666974
0.8776523676003612
0.34758478504208545
0.18059438975469624
0.08012512165270476
1.935675260983549
0.5588971259130591
1.0508374652846386
1.0353179502249916
0.2786204466997321
0.02480193644078353
0.05397735472804426
0.9125690295057926
0.12125783324628352
0.444176740497372
0.055809431778360015
0.36399411978391427
0.4455724903210239
0.3131772488279
0.2939199468236033
0.5257417781051777
0.16556317644150803
0.2855189917078129
1.7965768968866607
0.537633876222457
0.1429690519812844
0.2631295388312939
0.8667295926338857
0.7182550728378427
0.5599415436188605
0.05431316820521945
0.9252720094048021
0.6664822063589609
0.3449353645441801
0.37493277849625056
0.3685417776830726
0.010977056150025609
0.6364435686445036
0.819355603710669
0.17773358602280148
0.12517331378633692
0.6145935972317468
0.036725637702063024
0.30590014850173525
1.0301404110100878
0.15439194471308837
0.5149780658349525
1.3311962394959982
0.6771533743192811
0.5337377114577988
0.5317311431872564
2.5453476897421456
0.40859129189953075
0.5344038385764639
0.10809354748434878
0.1896472329768173
0.647237952486102
0.6895785037075474
0.30562469302028544
0.4054749168918814
0.18707990404476035
0.27167966121284387
0.9447678406931755
0.1474828088669516
0.6346447836826468
0.562027737927799
0.35946675284616814
0.07300727168984303
0.315659825894464
0.6729932818959332
0.49653841030784573
0.3479865610909831
0.036408138579794594
0.21989551644840183
0.9582853973686423
0.07280816304247416
0.11863898888530998
0.5936350407357689
0.1143207442401479
1.0660140660876114
0.2594957837826775
0.6858556894844571
1.1120079627735795
0.183725085845018
0.06855555502211809
0.5244999162067832
1.088660656228658
0.025865760305179376
0.07426987001037522
0.12202882173357762
0.6562166051168147
0.5301397250321024
0.2905014098222571
0.5498893725956415
0.5218203445146284
1.0501218707722308
0.39254412350664375
0.09794698303527993
0.9995344791781863
0.1927040053503153
0.2145512601057537
1.2827902266855997
0.23985267113557987
0.9901499893076378
0.2476484112094237
0.1494614267585976
0.9170175322066867
0.22255686190631377
0.07086261080333883
0.04887230809124472
0.7040111839389719
0.8544695498157622
0.025080345527225243
1.2850176838799636
0.083908345844402
0.39580930760501326
0.11177307837080802
0.8917191585187519
0.17830571380659116
0.3256824881978087
0.4722114138886364
0.45076297063748927
0.6050004601975157
0.2689336960922756
0.3395183992998027
1.1004609686658255
0.9173319518340032
0.4083158408184745
0.6421933937017787
0.4228912701522646
0.4899856111690022
0.9948771475381861
1.612044309958731
1.7027271644250488
0.5295560872837872
0.34153697590941945
0.9171616478901697
0.42742615186643307
0.020595273260698127
0.8314665642895221
0.9583777253058907
0.054858643260352016
0.1943461110545123
1.0987241122578695
0.07994480233779157
0.099469476013285
0.7969519692562871
0.34725296947162226
0.48333838845045923
1.2420171862996796
0.40610324607207665
0.3459336295415306
1.619560773801708
0.14016968791135334
0.09800403272375999
0.8734949044813419
0.7916984392786018
0.26737354959651144
1.3916238985869074
0.3369604937748752
0.049234861088990965
1.7500273988477013
0.16863143433804337
0.11424553539092422
0.1950248754228494
0.1604645109657545
0.10897439085964628
1.2922914677840494
0.24489560270306301
0.15791274202500882
0.8083973167313052
1.8129245508725873
0.14753147433588337
1.7214598057778852
0.02373132848149623
0.07302760498415245
0.04918496073366842
0.2842045311550262
0.2698492439306091
0.9125818838136096
0.3389500790956639
0.834880884294741
0.4820356103912335
0.1216880325829648
0.2536340186261239
0.5825144670246543
1.4142675350921827
2.3276041754827634
0.9277067710839633
0.15597706388879096
0.08188286002414598
0.25182077385988644
1.059050989400536
0.17355033374539516
0.4677488863540467
0.48108745151396054
1.319324861883987
0.34212619876870937
0.007024250327356305
0.7691662774931204
0.29035726246080273
0.3049184322952037
0.07635571617800363
1.1669308278760007
0.27429199562354256
0.0009181933073445717
0.9717170395146233
0.3614442440847918
0.9603249956496827
2.241321248380948
0.4838957114505164
2.084067687155354
0.501020469331294
0.045295791970810656
0.022045227246879327
0.4661778187941423
0.7226708450056386
0.03804816689932413
0.033730665502298224
0.8965680006248897
0.10241596268586393
1.141678567885112
0.5480577556536095
0.29842303285361266
0.869210919411134
0.33581109171157375
0.22157083622704637
1.856746017228663
0.14871625704693425
0.3544985099329325
3.413536351967146
0.6703462229934822
1.2654947550667777
0.13889132177456787
0.35599394448176463
0.6520154020390434
0.5514884654703367
0.993425766903091
0.9251220289036847
0.6251748528382456
0.3459075422107427
0.14205568768170926
0.3831850945249686
0.8395370289149174
0.8818339452040488
0.47485405422181154
0.32801291774517866
0.17908134226607295
1.4181024537318054
0.10756381275681158
0.4047419608376496
2.142713840154391
0.24024991023346448
1.0014363845384773
0.4206661540272722
0.4382193506300971
1.1563279734329273
0.18049460294779374
0.16375361203257266
0.058383590817374056
0.08074611201613174
0.08924655661828006
0.2714926992456899
0.5037439805633633
0.17678142417744785
0.2768845293344136
0.9097737548594608
0.24494397621404185
0.6111275602896331
0.8511677173236704
0.23447159751730115
3.783314020349317
0.15490262487894438
0.1738234490114091
0.13244718289660337
1.4050702871373413
0.26142049124998284
0.8106647301789489
0.4190048267486915
0.007527331086721978
0.02726042637995725
1.0729268839161719
1.7089698635696464
0.9200843330266321
1.5466378187048588
1.5550451975921387
0.17331589323616545
0.050678422388145336
0.41802569347380913
0.5402945326205175
1.140747335715902
0.7721815988107992
0.6934238077393771
0.10381377279450696
0.8724120988086861
1.0566813726029842
0.7428678652400279
0.3019131625091349
0.1581076106403283
1.6130661475214125
1.403985616225338
0.5470490080112638
1.5853986925605188
0.2501507907431908
0.9894279591987366
0.7558172867997413
0.30294972827981675
0.2049230400202219
0.6242971250137912
0.027688538498678854
0.01422809275860204
1.4761579235945002
0.4212638976187377
0.1578507911777848
0.6715853506792279
0.029677704540849045
2.1638643980181826
0.11156350932051108
0.804182840471965
0.9873710718214286
0.9134260084912271
0.15489084024657057
0.5074534530359075
1.3346133724156928
0.1943775607391107
0.884709111114133
0.11342754163901125
0.014495962184766824
0.03752690819271273
0.11854457483576206
0.05922380836427308
0.4236757417877689
0.4196117827555512
0.15988214530270117
0.2676961353749368
0.8135960026400146
0.7545955180902871
0.8956028656528335
1.835525745425189
0.28154698794064925
1.9315101947967253
0.4402302649078089
0.1621128458554514
0.34796573177096984
0.8363544937668657
0.6421279702446642
0.018526857833227155
1.6031062742114106
0.06772519596332076
0.1661419705419575
0.4444080656681513
0.05346251865110551
0.8084183987608083
1.369501154897871
0.1128249851655981
0.09442431462083639
0.6488395444511927
0.10671941098213063
0.6571655749811589
0.10189511744319864
0.048099886993787505
0.34212817191404976
0.44034583420135076
0.02106724282924275
0.25415009394680016
1.0611809559701932
0.06831286092420075
0.1303695137259473
0.7534869010561633
0.06520481526317408
0.48090074879392963
0.43603878981248406
0.014346051690370737
0.3993506445858023
0.43510665891255024
2.7749741582618084
1.8532969906850274
1.596723589798085
0.21531477491878004
0.346231503089578
0.5369617998091549
0.1459663312370073
0.25236721927773964
0.1597147552877777
0.9341629325258656
1.049668773079152
0.49267134828343284
0.10356110017348238
0.10026633100786299
1.9391219626555638
0.18419263185807622
0.8441158604659269
0.8893228520300096
0.7260857271944592
1.0199518244386776
1.3757421523996425
0.13344155177700726
1.2760803186378449
0.7314597527926355
0.30678086173644964
2.218750091754087
1.4558718410745974
0.06932275701323332
1.2261095649552503
0.3746056368334951
0.2462074811815934
0.08089878746234744
0.4775730237231453
1.6415464105934334
0.06119739611966114
1.8514618424761224
0.1405209894611701
1.542052516538408
0.13871501934051153
0.28856541597663654
0.27110571832915836
0.6281877716030922
0.523083666960952
0.9792901041457654
0.2965395287561777
0.019661273034974613
0.009813872852218903
0.9446094623390775
1.133845846613908
0.11553050043060711
0.35520619055159586
1.1336661819277614
0.9749933885237659
1.7166647019485133
1.1570023754227123
0.15276198252152595
0.43682474779569064
0.1670015648156719
0.14584779924722327
1.5004601825432302
1.0838632048573704
0.37712338789248584
1.6980842112828411
0.013504123869774726
0.3518331712554982
0.5831627487697105
0.7317677554351072
1.6207892271572641
1.9882526572739376
0.39234403627039366
0.40818599167226954
0.3851420117879433
0.2585918525785939
0.9603062059807501
2.3850988551939634
0.5095277588895225
0.5457459020814439
0.45988308815302453
0.37962445633341885
0.9883428833805141
0.49685643025399273
1.0794605434922395
0.5561070153183246
0.5889115889983799
0.12281891700613556
0.20329599937050105
1.7471254395159939
0.1574458438569512
0.29448510859350646
1.3497869590183955
0.7573868045178371
0.434468621085918
2.259047792746359
0.37459982456965957
0.5449912599455169
0.2787779218505066
0.33496417035812426
0.3316240345188059
1.163077096777461
0.023180856239087454
0.27352018931362904
0.41873339513265107
2.143025949738095
0.1923318770053197
0.41915960994110957
1.7023827601727013
0.9515755084334114
1.7515606727117132
0.31919189541227416
0.17481888519628253
2.2374577470088197
0.24537834052153532
1.323918392917635
1.5266844429649786
0.5442275490032383
0.3022025248622661
1.6422539254889161
0.5283240374517093
0.01388256253955362
0.4187637092430491
0.36904021063884895
0.6132364823705359
0.2612713831108813
0.15446889358817875
0.09136577735418124
1.3720910706829992
0.5383997897867103
0.42078273412219575
0.38238097806192217
0.09643968875907688
0.10422948473062428
0.6327138540167152
0.7059702057291333
0.20486654039542734
1.314924659280768
0.5055121440065506
0.37706016583417107
1.031840118567889
0.21996458187866114
0.21170487445832833
0.7942162218738273
0.3310857399314332
0.011921089855170484
1.5498307356254228
0.7094902033078144
0.2764250645886609
1.4653023435340882
0.6075206398770103
0.5857436015086119
0.3904761834539052
0.7000926199457722
0.6477286486923619
0.12659712475357685
0.06355201227456782
0.6261640881618052
1.833550720862102
0.9916086142543938
0.8461336891507844
0.9014997352162268
0.6474059332642896
0.33303915471708523
0.36989654147133877
0.16551655128198955
0.03219128689536589
0.4487116757608518
0.08409729588530221
0.09461252285545364
0.9793083174342361
0.6403969470507782
0.25744627718927804
0.4931781190124635
0.9282459904344919
1.1081600451549887
0.18862803493780947
0.9952300344851214
1.1826524032820287
0.8625486804851769
0.15527931853145766
0.11398962990999861
0.07384541977749363
0.4079684608712175
1.9217346203437324
1.427356038855402
0.1033843271232511
0.45137677298148926
0.0652424663488341
0.08076963857301167
1.0122743354100368
1.49929260225294
0.6212791276090747
0.32711020339137076
0.8335323048274729
0.08758129234756279
0.47153635259999627
1.621501065018493
0.2870595023497395
0.34147336716411764
0.3585952151021243
0.06306418029837635
0.11004077656448868
0.6324196372622944
0.32584057711818126
0.6969804444600824
0.9152290374413218
0.49853410049054697
0.5076577846647868
0.8672108080693169
1.007428138360033
1.0836505055602834
2.2678114869866484
0.48633482672173384
0.9600999080217887
0.7979851189007207
1.0879739375168758
0.7940270080532885
0.4308522598472632
1.0185282879986612
0.045455851940561606
1.3729417952984484
0.45154726427954683
0.48087295110267253
1.07282233637504
0.6729944216778253
0.03649321615163528
0.6663084886338568
0.48634359323454157
0.9503203345374907
0.5540717737295023
0.23900109813814857
0.40641784867973707
0.33548834813983147
0.08024070237864714
0.13110587765216944
0.5982628901349263
1.060255892546701
1.1332282624036276
0.6148924381485957
0.608250185915151
0.1631145877163747
0.23675844557480744
1.3888112505658718
0.8687570380949109
0.45602266967131627
0.546843869959073
0.7866108231865331
1.0631630980353293
0.16778627028158968
0.2669744573115669
0.3299003648415691
0.16314634979739925
0.8493650150394286
0.7047987670317233
0.03339447645825283
0.21251499367582005
0.7079936621111449
0.2465137586400539
0.022445566342283483
3.3320532408045627
0.31880647285665464
0.16865546739382056
0.4270203643401969
0.3098174973236807
0.9523092843836835
0.4143104132820772
0.509852126982456
0.3212113868552383
0.7391358514584464
0.300025617771708
0.05978182438348953
0.7127095780400734
1.775461565721697
0.170802863007602
0.803382784178492
0.2821736793759774
0.8408543154331942
1.3579070700003208
0.09911642388682655
0.3437047757537009
0.2579555958025187
0.04705121013759794
0.05921848689425351
3.321855949676345
0.7895168599389374
0.7007581119525964
1.6693496192335617
0.09575885328284228
0.17619775787153463
0.14899210650347347
0.10314817000186884
0.6249724120747517
0.7882611541350897
0.37234783991030507
0.19496438519046452
0.3193636228629985
1.6250573206090526
0.15369552571760273
0.6692437239607394
0.6206098402321126
0.2326486553518573
1.6651180786230835
0.40014098284317945
0.10004765716729948
0.9444021805067013
0.12283634526579468
0.5572777077970608
0.859135262593064
1.478269897803126
0.06383872288236686
0.3902025901297904
0.4767394243296626
0.18679728457103215
0.9128079383769798
0.17054666776919325
0.30295306498894387
0.49550378893204067
1.1932811893114168
1.1789389627041942
0.5706338469442437
0.8437482722912527
0.5263793699694902
0.4305163555434793
0.16973889444338833
0.3372422640034604
1.339537570349421
0.7586910986027947
0.1500071585766456
0.8034854036082987
0.28102861680607544
0.8618874037950736
0.4064894698213588
0.05891244207370171
0.10062772493131605
1.5519871675812718
1.4412954263790858
0.3458684108699699
0.6466591777931437
0.31111462780824245
0.04197367539439968
1.0402794962425548
0.33357018010930517
0.06600303742039552
2.157440853628793
0.5411448909447475
0.06689981515339026
0.2252511645888607
0.03897431494912544
0.34651920432918765
0.1146691205771671
0.4461064869735806
0.2206267059904328
0.13970970321674114
0.013866362858910087
0.16806234715320198
1.656520470800182
0.39320483465968054
0.05775740396606015
0.6849555774054854
0.06198454300888487
0.23160682436994026
0.3585799410980702
0.2677716883754227
0.10571390797385301
0.4433241499295462
0.04882283024991964
0.17029960347718054
0.09751691340385278
0.05119086950545418
0.16853533463336154
0.7804298861398221
0.09896516182264707
0.8950642265423986
0.730240377581579
0.8848694638624633
1.3671553735867
0.26066029428618115
0.31727678075934296
0.0763454200553818
0.5036572672832487
0.5606705157988753
0.9772203481863424
0.15363223452687125
0.36700652021945396
0.1672508926936866
0.4059982175678461
0.04140947780967834
0.13807558644840903
0.5228992725818821
0.1924271581884628
0.20828546103145007
1.3390863926374112
0.37357530930383287
0.14411731447267237
0.7351747953657667
0.07189864308273151
0.6271586683777983
0.21860998905220225
0.15507499947259498
0.787602364660847
1.5685350878528643
0.1861155102945458
0.2169106530001253
1.1817872714973514
0.45162908272770524
0.21772034685183156
0.2927479968802597
1.7879291538750348
0.18570574682451593
0.5537775545527294
1.060467666749274
0.8345364903111115
0.45702976716049587
2.0095558923662273
0.14066662447290065
0.30093632303625295
0.05089777528579282
0.10035404497753374
0.31379131255488774
0.02306825885170494
0.356790775568673
1.1060872901529404
0.40235981866857157
0.3961254248692256
0.9376371006186565
0.1437467455362702
0.37441816233679404
0.9560493938150618
0.4050546740611393
0.2999434077814063
0.06688223014358854
0.04373739780376326
0.14234729627442927
0.09149731154248655
0.17317800928857158
0.7160984196097326
0.4462192995513125
0.41002518783131786
0.10925378961242628
0.15359755546054646
0.33670075748299505
0.10744378295093245
0.2950982849460862
0.14789915251650787
0.17044385681561044
0.18439196595866725
0.40718791923292463
0.6128270602797471
1.5126066100480304
0.3584460356081906
0.9805454080966967
1.9667952494750922
0.5842656720627825
1.5244042070596404
1.0254714690326034
0.24770420169769208
0.12984675871734622
0.3660659285120621
0.2135111238042281
0.1383856417574528
0.8126745369340196
0.4534084762215461
0.20024990795702666
0.07387165375832229
0.3620585889651427
0.00853229849525113
0.8887178132535118
1.221518325582618
0.6754714902807661
0.8409017872048706
1.0796732839162264
0.0017489006497212955
2.0232001588835855
0.11128114858074456
0.0144647538976777
0.49543648263223894
0.28685644238540364
0.04062948091447464
0.50077694544719
0.3818226071596645
0.18288533444860836
0.49406621167289466
0.13948498098062878
0.27260642140759556
1.5423036134086427
0.1512728496979507
0.35138717845111456
0.28884075956036626
0.08706223740088415
0.08239884561941546
0.27719418655939654
0.3427793801478844
0.01878678503512609
1.1306143463795197
0.09415212728545204
0.2059008757744087
0.5059225176531693
0.12176802447083396
0.30403213111962707
0.9850711225480626
0.27277004820119777
0.42370464406400593
0.29808472584859763
0.052071435659086326
0.008658709534602616
1.5480957382949052
0.1194510409974345
1.376918909558544
0.48321699956658526
1.0326100513963268
0.12758074359514812
0.8365457841033447
0.27545562042989685
0.2861484399386492
0.1816570152035369
0.37852107864033807
0.004066098613168697
0.2340875257102493
0.586460940223479
0.4327069435697855
1.0064123267638068
0.29314928263789497
0.6503807403435806
0.3775621550068621
0.8475078425111688
0.3233870539160936
0.9462147913251573
0.40806843705173546
0.507155703572163
4.526494807754477
0.048019346454613025
0.38996967659883186
0.7347515019823083
0.4242025153007472
0.20453399064498715
0.4731934875205933
0.15978813380892362
0.5616064790994637
1.501220240139431
0.21938344643231597
0.11047616156872532
0.791878928196306
0.014206992486761915
0.030084123282599948
1.8505806777708436
0.03947182534150549
0.0997932952460603
2.2394002805174593
0.23322255963289729
0.19177522559695248
1.0872780487652944
0.4844439899410852
0.12734684386872477
0.597126919734515
0.799782424699331
0.49561757885166635
0.21566589630391472
0.3750967053287231
0.30629893985831835
0.35246690787639534
0.04713074820102431
0.18023617844443882
1.634660581249763
1.0184929951449873
0.6288803479903784
0.4044754177091768
0.1480991417604882
0.891930505403752
1.1772379978789693
0.22375241379777738
0.16012215242165978
1.1769162693716622
0.6206895386371393
1.6408305367208669
1.7160286655514025
0.7634643427547313
0.256919179485781
0.24071314924158457
0.16766809529321586
0.31733538548765683
0.27453944411595627
0.3560853198093221
0.06532384772043819
2.5253051425626767
1.582324911822739
1.1870295248626916
1.5136468537210905
0.5194518021442405
0.15330842959917695
0.24726399126437715
0.0866110782051252
0.07714264492259781
0.1998035420337731
0.025544384184942055
0.030680650529315668
0.015020876888137595
0.3613444323606953
0.4995869622726657
0.5188098922321513
0.5721084427778604
0.7661172693935876
0.49327260912136445
0.8999883297095221
0.34992283234216387
0.19507540801686468
0.2224381817009539
1.3088696042113341
0.31291214471572626
0.7863561665090804
0.12523819342950634
1.7395156867444324
0.9567335184151834
0.3974586505997778
0.7398383106021271
0.3106674357407055
0.4556581965996169
0.3774336258152581
0.8400375890125299
0.520931575895403
0.11602603441038337
0.2998150988004239
0.260147087050401
0.5113273008839684
0.2763929636933701
0.20289037806155114
0.5896874842009461
0.36795117414323947
0.12251579903175705
0.780866138304512
0.907800118905612
0.42137763246548726
1.4870300797029559
1.0737288174796074
0.5096367704274082
0.3648622731931791
0.113394960291904
1.3403362523333955
0.2808778629116239
1.912535920308055
0.042896385388622275
0.09887306214517497
0.0816036689213973
0.030462739992015597
0.879239492924696
0.5068614439607515
0.5753111272038287
0.12698256950767103
0.14641373097966315
0.9303075960794639
0.050881124584772966
0.2464145760485711
0.2967558039518682
0.8334376378116938
0.34586213825432055
0.5512175526014967
0.4592794780728979
0.1456723485827467
0.17728907084744142
0.5705670438146929
0.5524099205871017
0.2820188595867115
1.9168820255574621
0.04894719610136113
0.32005364624639643
0.32857977966963114
0.409003499420805
0.026582778090746304
2.0743137604843263
1.603819902947172
0.7948355788500472
0.06422208554335206
0.7193560445062639
0.25280305395607156
0.6029806475925308
0.46744512822023776
1.3378996850334541
0.1954402914562546
0.23390452465978878
0.03433040772850114
0.6809350778799901
0.968607018332144
0.6417630616962757
1.4440045502409224
0.7991590547409525
0.9835250708648791
0.9154758804303423
0.3976221848854843
0.1513582892259513
0.25422769914901394
0.2345789332583413
0.14721824074390213
0.498599891035059
0.1410570436697636
0.22385814834706513
1.2315145881191725
0.27224921068672947
1.1211826634815238
0.7962252638524773
0.2851122997996335
0.5165809744207536
0.2804211386741684
0.18721189499573201
0.5350556555749785
1.3746302044844954
0.459404601851831
0.09329749687455946
0.897708774580288
0.31621390113303355
0.15837244429885536
1.513331290036123
0.8160066760102395
0.22407910008096726
0.8486693929023162
0.10134599494953392
0.07777791465371785
1.8356617599059843
0.20838242704251497
0.37744185931006846
1.6257219013344464
0.3016169451089912
0.24115730694937523
0.7253930515242978
1.9818251125419268
1.0654080424512822
1.48427056657242
0.5581867793755634
0.5816043855372698
0.200322312929855
0.07483891814241388
0.10365359843735743
0.42362910314456315
0.1866436100183585
0.043887161315447884
1.243631282619429
0.5242616631478333
0.11116112749392458
0.683010382364741
0.33579957967262297
0.06234190268011598
1.865841595856949
0.4994122162670204
0.10609165315275784
1.2717532349348217
0.5305776540344878
0.21154665157068506
1.1711262978023698
0.1821553550111204
0.13492086276140738
2.8423697810571933
0.23456389362507765
0.5002794706421105
1.3465363420254313
0.38486265853346474
0.9803723236846535
0.39550835381407395
0.240012190685049
0.26461634966971276
0.4980993985367526
0.8168977787335953
1.1526314211859856
0.5723120199805445
0.060749000812820864
0.20668411126747424
1.7241209420487578
0.8862456440355178
0.10543192356554368
0.692496958044589
1.090578853886883
1.4855606315964618
0.09958838584555535
0.0017070829821767182
0.009636724136468643
0.026337703801918015
0.1160444549189846
0.28092322685842175
1.2265995568447996
0.4129091822454948
2.216167714039564
0.3910114339311231
0.17554228819493414
0.5555145213593982
0.6931655140028085
0.04655946454418406
0.5427866316003676
0.9701870189834754
0.14689411501199828
0.6251616399300216
0.3522430485021317
2.799548227606731
0.12198565078899132
0.7302649697474262
0.08600558940734702
0.683875316581264
0.46078114011327204
0.28009569332687456
0.12647480266579395
1.7878485072919414
0.12147562199907441
1.6490589801612023
0.5476379862395038
0.01100046689036921
0.16686766083102186
0.38345040942191977
0.006814131039344895
0.32649239127964275
0.26792996577447853
0.39945527005721343
0.45343856309895797
1.3054886988257484
0.37773372993948395
0.21523293122354592
0.5589582700773297
1.0394265041689268
0.6163823456014036
0.11014417320755061
1.013018163040403
1.6999021257408962
1.497234970617252
0.4892754252754057
1.169205139896569
0.46766256196634143
0.12125467569082321
0.15361912369246644
0.9028524959393439
0.0698424888394433
0.5861638399353721
0.3844327603536278
0.9264419998001668
1.7284111769781376
0.17391716995063256
0.04868316232918349
0.0720128820641213
0.4890327868097974
2.8176474277684807
0.8875059057333476
0.4958188139268541
0.04650215143378586
0.8283036664434512
1.3510282411276582
0.025788556620504114
0.4975921795809991
0.1818444872720909
1.4916174499234454
0.5330131716374088
0.6829155797927421
0.5727583206835344
0.4963557320483004
0.7291133530433669
0.0369987880547301
0.3627421313034912
0.7181114246946695
0.9177017507180757
0.8026688128400377
0.24863422899660512
0.16417723235655848
0.085838712942062
1.2362347127256226
0.571793858996956
0.38341278240289567
0.4111167937869764
1.0511868011546337
0.7574679024691781
0.5804238080103977
1.1226189969085079
0.14864457970127495
0.9605426813397305
0.05997052884397606
0.323251753740886
0.520809111356409
0.3997066279485471
0.924723570512443
0.44586461472179884
0.24122898885277982
0.17744503965400896
1.2795553941115678
1.2285065817361838
1.6017991834664949
0.1434974038755615
0.08546835021743696
0.1033759417991549
2.72747236063313
0.6132101623998235
0.13242893563067107
2.0008818550579517
0.5993462915602936
1.1729987197556988
0.9760591944688488
0.2508479468817993
0.22365209497433264
0.20216542151118244
1.851845965135495
0.951021755987581
0.941222102451582
0.4164159977603737
0.29375434975634507
0.2820103218535276
0.11939298824818984
0.12269005084441806
0.389590808874623
0.18763924775655283
1.291271869700526
1.4122630527988518
0.5230461357712513
0.10275359648731378
0.7973530111485184
0.8331050333723661
0.8252181357428986
0.8209914223230189
0.37209089373146187
0.41826888903005094
0.15853551989166254
1.4097022382368598
1.0947953957946108
0.14673068521254282
0.1933673972012485
0.6284307676386248
0.7554413797426244
0.6883150527748337
0.2620952889251115
0.8649796531018398
0.6290128854584078
0.3887458919598947
0.6498702761831943
0.07885021265842714
0.13696828433128375
0.28840921079232434
0.3593973805485519
0.6079815299594943
0.20232818914387932
1.3473700107743098
0.6899838741373225
0.7604756200999152
0.22583446471675622
0.8249538843127872
3.997257523091045
0.8803734272216654
0.4912361917304292
0.14923497415686232
0.218213354333646
1.5495470248988321
0.3800818806366858
0.10381041584038597
0.21122473660844657
0.6420310178729431
0.9451242999960526
1.8742021674734632
1.457717191745573
0.1175214441221859
0.19824121507926726
0.23416495100867235
0.3486266219462293
0.07726119045384361
1.398488204035205
0.1631632584614811
0.37407941217599905
0.1446571449995512
0.34650338677851217
0.028633956719433484
0.323778960429705
0.4466660221807161
1.3479710853972564
0.6225367772411181
0.5007697071920462
0.5399074850318097
0.4567993958257833
0.02267011939687753
0.08432512604552096
0.5012143793582102
0.030389012705380233
0.061680715623092595
0.17358024323566934
0.8559671545957517
0.27868374829495773
0.18873591330446662
0.637529508717131
0.5552103999508237
0.7543279162048208
0.3867914131881852
0.22743467991167995
1.2581477834456125
1.3331206324171843
0.9909307815490607
0.5266288775283342
0.44274150561954395
0.3731230427040618
0.5797815533238018
0.3364768629350629
0.7018862514213698
1.6599719926710657
0.09335596197773578
0.9985435938029589
0.5349097044799791
0.8794723634239621
0.9899024452476985
0.3413476157241608
0.11258708423986284
0.19407098770553963
1.195508308534885
0.2900415024762179
1.4350455322415556
2.223505151566046
0.012783459818577304
0.6679830097652969
1.0197348434943678
0.44023715041106065
0.6050462040045829
1.375136101795631
0.22921922808047465
0.27460988460180935
2.257474996500747
0.06818995867022673
0.2653142869553517
0.44114322998897953
0.6153301553587147
0.35209500591833576
1.3365758239769585
0.251203658948854
0.9123154109323773
0.5718195590354078
0.2855011867775369
0.29122374642701465
0.09857871244485576
0.5605856428366034
1.0955403239347785
2.116352880397788
0.3904611333777347
0.1960767514180667
0.21314092398685572
0.18121123118163385
0.6200962168014934
0.7193210277460053
0.9530660360645665
0.8391265455897543
0.32146571654035333
0.05764206117281665
0.3390372079674716
2.4236375401211023
0.373767524064446
0.004754215378143826
0.2814508379553691
0.06250950742894623
0.02048547250199937
0.05665990719658342
0.07245652538370703
0.10553580355069467
1.6923002093901547
0.47548604723619464
0.5429439487842889
0.8618790277006865
0.1677759164897564
0.20744034527682043
0.5219082282208936
1.2643476513217338
1.4757190802906268
0.4972385216989229
0.25957143733602983
0.15298369146338037
0.2835198941560343
0.006351429349723497
1.382469817916579
1.6347654021566
1.0249039547565666
0.567419903507717
0.4623563294390564
0.7120963323250922
0.2855487558368519
0.13722736990903647
0.5151096493304264
0.009235464388368225
0.16826050634631265
0.20093744886311635
0.3858547859846322
0.29714192263895073
0.9437547342129724
0.05710160058994142
0.5019012604499524
0.39795920173671384
0.040736816505893544
0.23077071726934675
0.2591915627941372
0.741542585976252
1.4914948505719268
0.21326458152487876
0.5346611752544493
0.3420911290204869
0.13192644220053348
0.20401019864156836
1.4198098689422924
1.3494716113883747
0.13141700139634732
0.1751889631544381
0.9336050839989732
0.41029224519878954
1.7917708778424035
0.5700789363861123
0.420123431234022
3.699766610712919
1.1899001533061653
0.1626360860323356
1.2184746904369779
0.5462125891801518
0.4109037439300778
0.7384558128531671
0.8336933836582046
0.7222295606077357
0.6685862354506041
0.29802628306639994
0.08386449981080221
0.22209740289118163
0.6486883699354241
0.6969091772151846
2.0472005525719883
