0.36910163898587883
0.19350217712061601
0.262708866965798
1.667106207148364
0.9996860356184958
0.8164915253849164
1.395037106631539
0.7410147794161878
1.4171745216977192
1.5130596676059123
1.5591057102488253
1.0967858888600486
2.173076616798607
0.6265953569152013
0.1304244424417167
0.11926625766941223
0.7434374181509514
1.2940094297133369
0.5467281072032963
0.5466893599081836
1.2869948135925142
0.3313933268988133
0.18328339487765535
0.17861748573379452
0.9513800422957527
0.8505961152024188
0.8284994227469703
1.6124657849956359
0.23662152869580805
0.38094314123762707
0.429098561431229
1.7599324163080643
0.024215415280071272
1.7876516442279393
0.13979860314689205
0.9115698664826667
1.3634539911972636
0.2947474965946874
0.43349668773191813
0.559391107716169
0.35421515798743153
0.046821294645824366
0.6290027250909691
0.18526361436490893
0.14774271866018548
0.7802266418979107
0.6527130708285774
0.019936546616935374
0.22062923241727758
0.4211267973380021
0.2542461027531113
0.36449696506422136
0.20515631331399495
0.045017278653014116
0.7525851650576179
0.7538895291447831
0.1753714029004132
1.0443153627233068
0.4817733027721508
0.4129751935067183
0.46112423582403084
0.047652383058826034
0.0508171401827895
0.7981051144530903
1.0144582317152424
0.6175739161859555
0.7238511794307904
0.6981442392760228
0.9971217741137304
0.5709357471422046
0.5294321012271664
0.6360446566681782
0.594768975520109
0.712582955704123
1.1461652971512644
0.35917804699365113
0.23279597994723397
0.12358772176438884
0.9296853768464465
1.3278195377563389
0.22433093425299708
0.35360836620039154
0.7038313407588704
0.09316240427233857
0.5106601189755022
0.5264934625117698
0.06974979535082544
0.8237250949775865
1.06550206019662
0.7915070109361341
1.4048146677983353
0.6944558845633948
0.051096372121292005
0.44680277634615
0.06912313239151058
0.4128659893971436
1.4399254743635888
0.04012798132249101
0.1318719810280841
0.15600604413106217
0.5978588447067297
0.4297061886355858
0.7207331291011929
0.9785114937220403
0.28156623468761116
1.3614043707010597
0.3151485592295033
0.3854806690120513
0.1945723608512514
0.3524824009260039
0.2956659565751749
0.5160235454650279
0.35748985681574136
0.1490620890285368
0.7144871714246188
0.3340577581422498
0.5989419222616983
0.2176750345248572
0.3050570620913808
0.2086044359932303
2.0482370729336257
0.49240849638709755
0.41665689445778015
0.257541412310993
0.8659929567240962
0.056801759590192784
2.497030820835368
0.6430356542180479
0.5929101218924148
0.8926859053385655
0.10545849324009979
1.6363629175941459
0.5768291222501322
0.02631924109815122
0.55377816049164
0.7655865397342527
0.8255242356016326
0.938304354585395
1.061199690261444
0.5606702803114965
1.8286660739767284
0.7946380086846054
0.46926223034635317
0.10684953562893436
1.9072193591594713
0.7826022885999192
1.7240342613739703
1.231448014577862
0.0702606226977038
0.41785794996642284
0.9950241660790821
0.5077101631917348
0.25040082595661095
0.7961157252135778
0.12633691479290607
0.1484302953085245
4.462253235173977
0.5603426707477636
0.5932249206498286
1.9364975611385369
0.13854236625744043
0.5001479364299082
0.8129978154926872
0.08585590992039363
0.24236897681134653
0.198308504300261
0.007576332954797652
0.34822009656829
0.6607952884875847
0.6002012013948446
0.763283628258363
0.1458451560526811
0.4501245929952085
0.4014140123019707
0.26311013961784374
0.052938863243815436
0.0674255347677753
0.6868934805817276
0.1422980291460237
0.4399738208653713
0.08225301125687122
0.9061308460656541
0.6721405021621478
1.2557410261062218
0.37870088227307735
0.12376448437061473
0.8543555719503989
0.05029448512606901
0.9178555111043111
0.8635633159302589
0.11267333159487397
0.40790431517829384
0.2596239078993145
0.2930830289351973
2.1007965680555425
0.6974409607670002
0.8705774094568125
0.6402420960493344
1.4416551836324962
0.2177782944903811
1.1480054265273463
0.22281209383273182
0.29832198179225783
0.23370567670809306
1.6293697588705864
0.8226157708900371
0.5175008172235233
0.47469487536617233
0.31268660815510174
0.22838209307826204
0.4444350386890428
0.25637110559709564
0.1722478148837623
0.1459894694584542
0.7039320917298862
1.640626123519527
0.25560858485678073
0.0851196482531664
0.08890014925200605
0.43367126123177285
0.18284889651173858
0.06460061466936305
1.2602915321733008
0.14387287703777563
0.23878422552838968
0.07021946274152147
0.2648129854205022
0.35296322386808626
3.634896682801305
0.8097459313157837
0.2763350799084762
0.9754649421385998
0.08937233813295749
0.3024885276854776
0.7093325075412126
0.8778404977407458
1.3547906442746869
0.49034754766296546
2.2320253253235025
0.18623175676297238
0.40891413964441425
0.25951862644132145
0.3663856117364578
0.7752152662033802
0.008702625712995864
0.030522163343004588
0.3937740992086415
0.10295776909997814
0.12840355615655533
0.3228888185486261
0.2609341453355436
0.2838770476065962
1.1638134191926586
0.3681823165829573
0.36356082321281125
0.26571128420972395
0.0483524627524255
0.11253539022679367
0.18694617331293703
0.5197821864570927
0.0104359645322997
0.8475711518923117
0.5154347942895776
0.7921800499256747
1.7149838271133033
0.051865261056879226
0.1467099260203482
0.9568751843168479
0.036675656085128155
0.670860280332189
1.1281274936267216
0.15467208021721776
0.5967256839965691
0.36339607676491315
0.022825174689873707
0.08701769482339437
0.26520758518182197
0.0892071910417205
0.5426825052236111
0.22222894286176173
0.1346473378740871
1.8031065902696721
1.0104339153360145
0.29018039438021476
1.0012738131242327
0.5235313944144905
1.7837344576460044
1.441601456151309
0.544558614165315
0.8184527164022071
0.6120078898049945
0.9815456921965943
0.7869406543909083
0.06884922314648002
0.5093017419452702
0.11589245672776398
0.5380244095140572
0.44903550980161727
0.17538079183141106
0.3753931232065543
0.417203528569414
0.56481311008537
0.8849785697389282
1.4455078646532227
0.42341736448109824
0.2201805058288762
0.16016918381560313
0.9445088238464867
0.39081369592559223
0.6932465066857745
0.2628662683984766
0.3516485050770635
1.705149329106249
0.5381758244561992
0.2063833872327174
0.527245001807653
0.06299044677271554
1.443345395935455
0.02801779001638419
0.1378415880925881
0.4942175733730912
1.1853035309301945
0.2712840227130706
0.11122855984822493
0.419538761057717
1.0039050756198025
0.7588475362225833
2.389204569771933
1.1852190842343175
0.6941918732733863
0.2676064707661149
0.098726639056964
0.30112918425421387
0.11873097110541514
0.029636357793980016
0.016047189086039745
0.3881229496520641
0.3204934599970159
0.4526634292504276
2.532567571091826
0.2629715158700498
0.07918585423729929
0.06692288878058655
0.9052971104468891
0.9767785943454046
0.3293775953623323
0.09764283789165837
0.24887582957536314
0.3270569582119178
1.1321523990504936
1.0431831879800881
1.079792199326209
0.15378671024744917
0.9359551313439869
1.0222242515235915
0.21372200663851515
0.12071645811264241
0.8448449298462467
0.3868996122200428
0.8395214211592834
0.028518523233768685
0.015445871144221903
0.03061941493104101
0.8918280191500852
1.274789888377045
0.459530511386488
2.0898070497831425
0.3749772116931638
0.6723612798165398
0.5295110604608471
0.4046229319119728
0.35783105513794516
0.1660471395614265
0.01784464406892057
0.024043009292102152
0.21132489248230618
0.028201337183006922
2.291388990115225
1.0544896652386926
0.8509306619813365
0.20009995657092927
0.39181319589910335
0.1240302543466748
0.06139153653052017
1.7700699845238403
0.13789138242294716
0.1712766283142138
0.5021717974686873
0.26140023404663415
0.027082251690345026
1.7046205001645813
0.7752897860517793
0.3659804406756374
1.1117004466342255
0.06552362386976765
0.1063880195490905
0.36077285391496294
0.06078370786647183
0.40064681338190505
2.983122776022139
0.12559248905949455
0.613495185839707
0.1096818826714814
0.038303673666039234
0.02477962813195713
0.11766263701519311
0.06234651714102268
0.4064222103846647
0.09442016652181384
1.371722197606943
0.3208952446761274
0.26251219934739506
1.704269056590732
0.38528924235389184
0.736167738590823
0.43760191285693084
1.4638869962564052
0.565703515779094
0.5503561631756277
0.1779238429353545
1.6090882513585225
0.9931494520657942
0.05931089513248836
0.6638995150164578
0.12527930780210728
0.3357686079167511
1.2977144067290352
0.2490349830238166
0.5790466944060434
0.31808747983314256
1.377432777895068
1.1123716759650266
1.058271571269149
0.8882740428519263
0.0982472345650506
0.06442505245834335
0.3580352617571202
0.16994640138704994
0.31796125646907586
0.04625719225391794
0.8155321745780849
0.276311448674884
0.7791832192555352
0.42499461742724803
1.841593536201987
0.2033029828854639
0.11276876487479531
1.8363345206801622
0.5939534760318247
0.026132756072880754
0.5361639082101105
0.05862601035568636
0.13730300785432367
1.3175014538665704
0.9376055987702813
0.423543205051132
1.3476312680332285
0.08482111517136076
0.016908949246987038
0.809035755618344
0.14014746929205898
0.2644650354480898
0.8906179645323026
0.8414991318437742
0.48210868550184616
1.090304755932647
1.4304415051041033
0.14308945421798874
0.4269487257794926
0.44653627702050946
0.34157382515946794
1.2830403935625183
1.0607568008735129
1.0191550699748153
0.23158745205304362
0.09914229586208965
0.3750511157935816
0.5056660747240416
0.8032973814709368
0.7524219636739001
1.275668814563539
1.048680316089578
0.9942068725564405
0.10791739079670754
0.047402570769413614
0.5015660535817182
1.4873095456444991
0.49242158168720324
1.1366654840124604
1.6730048169537421
1.6624173981511698
0.4483676501890455
1.5431737054832462
0.29498757840704204
0.060774457623260926
0.4336893192699056
0.6667073520557544
0.5501674671098532
0.23841042949645036
0.09496040709164744
0.03742598700082994
2.0676263518307305
1.0921681495749813
0.2120016337057592
0.7055926364912732
0.09594094834762575
0.16168930220920122
1.216729815003275
0.05129219002356751
0.6674324821375905
0.230028409017619
0.02165824606769794
0.08241460484049593
0.24030729541517792
0.4804171411892538
0.33705729218484454
0.2610561738142864
0.09845420344121732
0.3889224790501871
0.443748314016341
0.6609299232704487
0.10886370280153636
0.08005461685987844
1.3951667750892478
0.1695286220606493
1.0926739662676088
1.575027850249627
0.0448199066503142
0.2207985071448911
0.6368787533818249
0.6968665339610501
0.558373871473671
0.4966648702373812
1.5207959058174088
1.5339866169639518
2.539191610019456
0.037277716649370636
1.0797771675506485
0.11289871568222873
0.12657251715733908
2.0376907081787543
0.2519916473029268
0.9881735976533034
0.5670149020729767
0.12202874680580748
0.4229903899141824
2.1314453020051203
0.4380659631679199
0.19438585717029414
0.05166976858972046
0.04143596001933964
0.07568003819784098
0.9714413063473795
0.3154451763166106
0.33687139427554286
0.711461669605461
0.009036334340535503
0.22382242356364862
1.7245423608816997
0.6244665323679659
0.1229687336379973
0.8275582980571649
0.09842630615346072
0.14203368401221508
0.3370055396402447
0.2317415562879682
0.08682007932857061
0.15686602224348645
0.08829430438532263
0.5649484257787456
0.8597516211692062
0.7613442369453988
0.12401141513097984
1.1924824661241678
0.6747500476448494
0.1716544248037345
0.8904677131027432
0.14688442325435558
0.02465263595094991
0.6963744180388751
0.2047384503356282
0.16675948950386554
0.20395328667112303
1.745834544967636
0.25959480766059173
0.6143049208451821
0.3321907952398406
0.5490345704205718
0.22854683710936208
0.08403951277260555
0.017849101392377477
0.27564474547900103
0.18043533498343037
0.09082408497253938
0.787969261334554
0.11807646193685735
0.05308374900094976
0.8319949565567778
0.5948014865721253
0.21197568691760402
0.31020522498887687
1.657754294972192
0.12552492112917013
1.3612359787531656
0.5683484314255599
0.2171809543400805
1.0223878204968369
0.3598026259848449
0.09656307505095146
1.5285549111138244
0.05971287008612251
0.14912815085643763
0.009912347793102023
0.9183514660969062
0.2303366725318607
1.1440722362377993
0.33838527726326206
0.7708197994632933
0.4648071026270709
0.05677661497204281
0.7098616248503836
0.8684712612515257
0.6848692163714106
0.09900563329507933
0.5079609910777753
1.0956583043634496
0.5651985782299601
0.4537479823126067
0.6659731348657683
0.6724019850242521
0.5924167967951772
1.0190695889438819
0.4499858780233873
0.16697742470978608
0.07383948441170371
0.7101142811401023
2.3488077532228386
0.4200677530904929
0.10569025103984814
0.5350800464712625
0.04043838378901341
1.0381618893451101
1.6761557926577386
0.9390655371632454
0.48638772728188656
0.5588893106944224
1.0359829018020348
0.10840878990715834
0.470949029896544
0.26522335076093356
0.6061016525827173
0.6796780882321001
0.2155669440034526
0.7174909087120467
1.1885277375924401
0.5769855581189962
0.4439253056919338
0.15769375656008996
0.20912632781509705
0.8189352704716935
0.12358394277206988
0.01666556746642387
0.16824979295922324
0.4973573273931025
0.061167018304392196
0.4506219939167611
0.4946049674405063
0.9529242755287876
0.6568782060059762
1.136428200876928
0.6171464553194672
0.018033537107637207
0.5544936874183793
1.501478072554603
0.5796129161726118
0.45418462045557645
1.004199490323099
0.09030221203978019
1.1285439929315413
0.22453549707361953
0.25646378164788874
1.8137553681335785
0.4964440790617107
0.4533135940521928
0.06828602477725794
0.43731656552093817
0.01406293242291691
0.3135093828874145
0.44865459912087197
0.29043146546053294
2.9285331394436525
0.16059194435596644
0.7746949333253067
2.531834306245684
0.40432824012217133
0.7112019437835164
0.24967091011483686
0.2283243810455531
0.16732445491586084
0.36293578454120307
0.5429821612598419
0.41442603882975276
0.45986415447102685
0.63271528539938
0.4161149390190888
1.2812480839718827
0.34019845159203344
1.0221362949654194
0.4682321749584819
0.39069386954331137
0.1692150377406372
0.4455648740512321
0.3451300635752739
0.48906773339981807
2.851304585220502
0.9855708106702689
0.11269199555710081
0.22799896394618582
0.32583895274909996
0.3379184028549437
1.7753316532262924
0.1471099676345334
0.07956860078227562
0.388196143704613
0.6252513293625965
0.6422065557047143
1.2631787277776494
0.3676830456118287
0.2374832758674065
1.0503422116793713
0.08444869042295416
0.8040149486613994
0.44329285004182095
0.04682157942085277
0.21469298911206414
1.2766717021622545
1.6137521741838563
0.14522183130754243
1.2163553959778945
0.0218205897946998
0.05018414513213531
0.5920103800212286
0.06671950900976459
0.021514330202899185
2.4294683344939525
0.11747841767132805
0.2336373190987567
0.30758380622840725
1.0822877546475376
0.23406024914704757
0.22677958074851048
0.28796434710835644
0.032167338718603306
0.30606862315333944
0.10992377207110186
0.599347818650045
0.9158473786672521
1.4430710594508018
0.8240759173355952
0.6578892481781516
0.6109179054417745
0.7008582868688124
0.10871401251977808
0.31717274056054917
0.07690576139366548
0.1691844423226092
1.8619375764169646
0.06057445693211532
0.8002111989461117
0.04988971596707566
0.26282530538260324
0.6623636032929157
0.09504038489680774
0.3185195758054234
1.1288443288189078
0.20003779831477445
0.34977656033986615
0.28491971499452295
2.4169942033066523
1.0673477954713837
0.9455299055334461
0.3604644124646515
0.5310788703884135
1.7179935442846823
0.12579803106684206
0.31204117027000805
1.2257671639583343
0.7981012757131136
0.5158327712960942
1.1016378338915735
0.8275575849969917
1.1950604076265734
0.6356144758628238
0.10720243089185177
0.32641067022408343
1.027502516265357
0.9271238311905462
0.5197687066462738
0.09699253506818209
0.21340506933416262
0.41785582189272663
0.3187120044309687
0.665897138194919
0.6253117668772135
2.3500161425226715
0.23566420697047002
0.6819029303818965
1.2710644437492373
0.4410684821018596
0.14936331266697644
1.5983874496515194
0.6192487318704422
0.4827065652916088
0.15135663527475937
0.14008557972724012
0.11526563411928853
0.43621447807677693
0.043664413119377486
0.03442165651426849
0.16425945771432776
0.1326073323093884
0.08137486884020122
0.8498428417479224
0.04001517322451449
0.7438392413555794
0.31253158886133003
0.042724581341368424
1.0231594534208117
0.20546639082685408
0.11466644519139337
0.37878565815955384
0.8029344278542137
0.06033577655369455
0.14900195613636125
0.12684166606607847
0.635735403898145
0.34575269936058933
1.4330268080570099
0.2535861273121927
0.9250283322804498
1.1570197184270983
0.42968269858186253
0.5579824199633758
1.3607413028906794
0.1303281367413113
1.447745174323383
1.4080911706991106
0.48314305524205065
0.7143495224477385
0.058207752808015226
0.09036227543741823
0.07946699170913517
0.47683676535049846
0.04757343446820382
0.2860425963995877
1.7714080712948432
0.165998626385782
1.4153317295684
0.7519056869477538
0.5153499633822498
0.21181104165508285
2.50659347870784
0.7621987595491434
0.5268836579800181
0.21626157474314703
0.5661888153468645
1.45070534162528
0.29345429262063727
1.9523103979642131
0.03982611079238812
0.26158254633128625
0.1471549179761428
0.014433769683757671
1.0039157519047994
0.5557856190876075
0.05973190381234226
0.843933519454023
0.0330747199006683
0.09123245966128461
0.33532261777626315
0.2475864533601448
0.14255119111700362
1.8911464805757592
0.5082317128257339
0.14989944247553957
3.135499532175246
0.10527974596032934
0.23709789578828067
0.22384136471759877
0.035345722013700835
0.5781490480824314
1.34311869943958
0.29838610039095037
0.08155547373410517
0.2989118154254564
0.10128263055727692
0.3515059578481669
0.6968009401250772
0.05157885352858564
0.10394611301020483
0.7400065905978206
0.8394098271584637
0.4007788806859687
0.650811563076939
0.11528781341944233
0.4630676510583714
0.2930218498724443
0.5173145582873069
0.5002227464245664
0.8717337569546049
0.07899177354750078
0.21386717279778295
0.1325321512411283
0.6302587660070564
0.07030553450014329
0.09748398736657936
0.03932212110551226
0.9527738873649124
0.6162515858001474
0.08249871112712034
0.13404879647983345
1.165782900887609
0.5607708635840626
0.4808256374282247
0.6859351262765351
0.8633124178414018
0.42788420707962865
0.4480156052388683
0.2845704636796655
0.022546069820090105
0.6113160671115291
1.2443834764658057
0.37520923828717384
0.1830691599149502
0.8482867722603943
1.2705229763761694
0.5637254168943556
0.5134145750495777
0.3342374881655615
0.06927868064350796
0.05218878013755328
0.2864276152697259
0.6245724602301848
0.10430588063659152
0.04855099413466516
2.6818871551380052
0.21849554774486432
0.2110333007205476
0.19440877866112793
0.1520259946488834
0.262390161210188
0.7452425536647631
0.6067587617195399
0.9318672276311253
0.5732038115744864
1.0393030758753836
2.5877719973344817
1.151319012284921
0.0666987598344738
0.5285651684590086
0.521611470379761
0.14407376431685578
0.0433498412535883
2.271999661046807
0.35733294916597014
0.5931798337251943
0.5291337313651764
0.11838857736911305
0.03684282117002742
0.04742112432638701
1.455133497824913
0.4569320776803888
0.8392982607244497
0.8075743516239022
0.44880409818254235
1.3071496873511976
0.6459321722356298
1.7196671923263134
0.2341565276350808
0.351160731095261
0.42139733040401267
0.7388812646993519
0.5644332689649132
0.012702425154100569
0.800895468670173
0.45877897152656627
0.1921036118033704
0.3748704460874542
0.037739414331153895
0.9538443949036928
1.166488546614589
1.0537464105165957
1.4476882241500126
1.3186806854793074
0.7109761333530178
0.5215067121987791
2.8808711265125257
0.24172190586312786
0.41534261211200324
2.743849596123331
1.0026384382455944
0.34807921364104133
0.9384749543528187
0.11059244390524049
0.8332796322979437
0.7277469865269033
0.03013113990982586
0.2640846976422368
0.7824675594343362
0.741124627023345
0.3892688599933586
2.082926561833116
0.31720668893879134
0.9121829645204875
0.6342503106579945
0.3410638846420052
0.13842815524270094
0.2568414799591821
0.0576658840064207
0.37262667331202776
0.18029724800639213
0.14471430165809532
0.8705297505095555
0.1635134926244259
0.06052165872067245
0.8800957304679239
0.35198839009408034
0.2507784199169588
0.11322392654357431
0.048989662964249364
0.4810899226041784
0.21532553799246795
0.01993727863957096
0.7123769290387827
0.5338351484325234
0.23064309093792612
0.23646652277058217
0.12330146606365383
0.7097769052160493
0.9331746475404976
0.9054971863319047
1.0422076880823357
0.8208054101289909
0.12365562347890685
0.9330725815294848
0.05306138900553062
0.5964546873823509
1.0496668384421648
0.4212839933577016
0.36042483090662847
0.6761250389394181
0.2820746264880944
0.19187968071031558
1.1768998654326395
0.7726532571304962
0.22472571621783347
0.5169090960301684
0.9075318946133677
0.32817436222414764
0.16724476669145955
0.2626951839148369
0.16277660558969237
1.5128627036974114
1.1723729457363634
0.9802007406207359
0.5433025584078022
0.0290077698283176
0.30242581530772816
2.8176474909598106
0.17640574199162468
0.47959826206384343
0.47488781893858034
0.6610896436806678
0.038295540360968626
0.10227212784697833
0.5209503327427819
0.3708508002155697
0.4084439937020205
1.0809164310132313
0.7974241261517605
1.5841302560407071
0.7742416427083513
0.1975705214385912
1.7257803331573582
1.335119092406983
3.547829415286986
0.5829532394524874
0.14950202323191922
0.9156178076469452
0.2549772002255276
0.24807237857675182
0.21229382009397368
0.01675609626294865
0.40253847183868574
0.44216177063378354
0.3955861766517363
0.06141658276469414
1.5289887795639208
1.3160493931113157
0.47670690347915445
0.12413403373601324
2.11434380751519
0.5596814858714192
0.06703167045359534
1.0665186601237822
1.7849468770649517
0.10961533039406736
0.2921267818078763
0.14180224294197508
2.0190631940969634
0.2994895274588607
0.2498941638336546
0.4953757909291903
2.8811772106272286
0.3851939381060559
0.24182919190537433
0.19066802650597836
1.4880791341885222
0.12497777212052624
0.4180197589078331
0.2417011951206223
0.7566129096765083
0.14395903611528463
0.036231843660284695
1.068431870623879
0.5902886518237613
0.13651046471565453
0.19007419345743531
0.46134269775557096
0.14894542028931584
0.0468024129101612
0.6790850950891485
0.3669330771533201
0.703305959743458
0.8548075374309307
0.12079110667871186
0.5867190331658498
0.271114007972784
0.47535785171414036
0.8447604045782039
0.22749060861603798
0.15702890210247955
0.41214528222127916
0.6882541600721019
1.3096381723372539
1.3249069030236933
0.7108531514166754
1.301032991231089
0.2860905688444679
0.8002174351615333
0.21086766204358814
0.16356499686687365
0.28480451180804095
0.4440756353966549
0.3653150042629573
0.42299848868253487
1.4157814916748461
0.28636334537750946
2.4717944542816968
0.37173701722944374
0.963400544520257
1.480929485411953
0.14306671105737928
0.5529802799932884
0.3774159949515325
0.4560074734452818
0.07585263504803663
0.2761791763869409
1.2225764438972073
1.1548179843187967
0.12049854886348418
0.4643072384894855
0.38157197774409507
0.18566590117681986
0.1925101983343927
0.5340172805728798
0.4333775107320232
1.2083316745530646
0.4152925984144704
5.297189421931313
0.4179402288748847
0.1508866382745204
0.9992613144480132
0.1884402914238915
0.11160001018838674
1.8411582887052746
0.613520683054437
1.0885340950372935
1.0611958538771062
0.7296314147711463
0.6811809949166066
0.3732648772196127
0.41110285955754267
0.4963693185414912
0.5854784830689153
0.09579149945115491
0.13211531252587264
1.2374189011593861
0.773244619021945
0.7725740360079961
0.10374073553540533
0.40574036268350844
0.34058304596153277
0.5349987770427922
0.3659807327825886
0.3997023784865884
0.20106695114260073
1.2348388260397467
0.3236308817919748
0.992485807880056
0.9067539916727078
0.8442572262602499
0.894030861847508
0.13455596034877088
0.24968959706197288
0.7468069838281114
0.8256181186061475
0.4066957376455098
1.4306379180928899
0.432342617454188
0.9435206907914293
2.381011181662905
1.582174185984358
0.6811072666505738
0.11203107758428657
3.690419229071509
0.535498031621146
0.5675489697078636
0.36039131806209485
1.1032614510572185
0.27314357479388063
0.05161510508553015
0.09745026918546781
0.2921452353929128
0.050782423597936735
0.012569817483519772
0.5394466379093971
0.17297880929313403
0.06525406138642342
0.6276852700846465
0.3910119793331691
0.060415150084280805
0.693251829230341
0.01301345645409641
0.025393724388572996
0.9052625888509284
0.14468139288422877
0.17867308297528303
0.7114391495281288
0.20207916936864226
0.30374819504022005
0.1307846268382162
0.970809277099592
1.2585230368563394
0.038225529318046084
0.021563405572385688
0.5549323512195115
0.6695756811750453
1.4296006374541965
0.7372224405030929
1.2479683999643336
0.3201068504016348
0.5840575396285336
0.07157493370521804
0.0014120407305089984
0.014322341353094953
1.238048092144177
0.05227796569868298
0.3128598210592683
0.8642379060802322
0.032348770428774785
1.4035236973154315
3.076070054375392
0.20354500478388585
0.41239540933859886
2.010250642268279
0.30067926205936507
0.11247947377332149
0.11601149111573031
0.12513934192067278
0.03382671185029092
0.15545886797210826
0.10758673975026846
1.2005009360843888
0.3120631691774665
0.23626131443737386
0.07436142896052456
1.0518796040049752
0.061986471714307344
0.010158215111715552
0.20889924567597268
0.23860468543270943
0.2021488513471931
0.4785767777420864
0.4130878655756301
0.06350320314783472
2.707813933326865
0.4442708324381221
1.4052585297798441
0.20309826141510995
0.15936254939738365
0.07875461753874063
0.9436557439815658
0.27970908021480606
0.12195050202685198
2.140198902711607
1.315632273092445
1.174588219991332
0.0669629978720992
1.1010422612585316
1.8651369861549414
0.803827193340707
0.015303074765978081
0.005276006406500881
0.067441422690568
0.1677590862118532
0.16089321208502405
0.10937257040236578
0.18254042144785443
0.25791991538230025
2.230016522379116
0.11279895372069385
0.1236855389660634
0.3143012180909986
0.18904110947737537
0.2052631013058639
0.3485272372310116
0.6226495293901738
0.21036344311925456
0.470058059090463
0.6279948136655445
0.6360922231050853
0.38954973668467047
0.1584835173960945
0.8129371759108585
1.2936906094961371
0.0265679758496958
0.3192900942323589
0.5110172750781331
0.2559879617908471
1.6688314664823949
0.12476299281358814
0.10498331918186739
0.323242883073184
0.12297298808335885
0.21793482976717782
0.7127888311971053
0.47820851621339383
0.08572537439894172
0.6871305110575658
1.5022945398047194
0.29290749754739526
0.05874035679624862
1.374179346641445
0.4411077539948777
0.5467130326926458
1.7717011649580714
0.005300021892219004
0.11366570157223391
0.3032717228901504
0.803649412117272
0.7479819899972138
0.1954165126218488
0.3924431967663607
0.3128774743045006
0.600878894122907
0.6250109642510169
0.6960317446824987
0.385427323233028
0.2708956819828216
0.1941633397042941
0.6569479190919696
0.46447865981389885
0.7137697331986124
0.16781200477494676
1.5857247499116138
0.1555053663847544
1.4643079881658578
1.2130580140195943
1.1750637306468905
0.7905524812690863
0.5995067944532935
0.387183108928804
0.17352692615278967
0.7427884103425804
1.1139519625823653
0.41370602919868144
0.5149701634381316
0.27413792426978467
2.3260779339936994
0.06939987798450346
0.020088156877863448
0.9457433895210002
0.2709590933932559
0.14355380539475224
0.651277322961846
0.7912388890909928
0.4089910320001432
1.0497744263532074
0.11963434020839724
0.32608035757239834
1.143007868725509
0.22853772200850292
0.12596405133710398
3.2604375005607062
0.28335312213964386
0.1528131793344224
1.2703310444551073
0.3632558319246169
0.6477328100555189
0.5124757636851957
0.823590769475327
0.3207802973563587
0.48308460348360244
0.0902505456087176
0.06289435697611219
1.453673211275662
1.2209201249597486
0.92334914466836
1.7858695148873363
0.1796956289018026
0.3205894898521643
0.23522684336396515
1.0740955953589646
3.3565099330404253
0.771949234694803
1.336954440304235
1.8002019715194348
1.4666513236565437
0.664139260970284
0.16861780849855337
0.5259783874343558
0.36655937978190345
0.900881739847572
0.6327916021965433
1.2203335675771247
0.019836426077911935
0.3123598614365304
0.6148799450304651
0.291660862002068
0.7279279176089494
0.3228182115043706
1.7325935894577493
0.1197015624125127
0.16603541364099705
0.032702555644378274
0.09039893727139195
0.23639841087933547
0.5051409573346151
0.26024977136906974
0.014249513262458541
0.21175971917444722
0.8373190582368577
1.0040616148685961
0.2534039134722604
3.6962685521203
0.10648780582383299
0.4208634067779018
0.28218562928390023
0.09107900650067324
0.14239715085552032
0.49326908056461427
0.25521004185177776
0.4429490930077387
0.010243834516025835
0.3519754268302482
0.14260126208835153
0.3592270692293213
0.06793216704453368
0.7117922791722417
0.24077163920056074
0.6030609736216191
0.3707613640057923
0.833685524153633
0.25323224603132644
0.16978858607708314
0.281341382650419
0.07229574518244118
0.04465217654791854
0.3861723661684887
1.0358160495120872
0.40912442824358697
1.7928464508841144
0.26639055688920343
0.6487031145161348
0.5308785911881625
0.03359598037172288
0.26909502595165574
0.348038869392202
0.8279203948394076
0.7130268950106871
0.5416403804267732
0.2484571034423869
0.1789892409553326
0.8902735839977826
1.2624308080183528
0.39363688660537755
0.04025623307345872
0.026658413313315282
1.2936478840546821
1.2115141288889888
0.09782712860198203
0.39207677499597576
1.1950491913953831
1.5574357022441712
0.7372600156455004
0.04742813956267371
0.22338883391003772
0.7729690299475777
0.7608581579580953
0.029385455354996693
0.3318184995662687
1.3827495639197123
0.08081349475379551
0.20867718072025523
0.34835731003745807
0.3784196971214151
0.17987697808146655
0.040583104110646986
0.8723168145851931
0.02884943199819372
1.1366242531544437
0.5667382552434088
0.07979233046625812
1.3544120404790356
0.5517896486234336
1.4112493722893478
0.5549356624379008
0.6102837689905481
0.935287260254165
0.8442938990646585
0.08038887371311004
1.0629093009486341
0.6668029467686521
0.340943607241449
0.1472005502155799
0.9074923328674137
0.27579381200930897
0.538021494510815
0.7268254579211904
1.0106683584483709
0.4021319509516633
2.1221798466538773
1.5023273459057642
0.582343653521092
1.1450347164048948
1.2861123161358392
0.6960988796957457
0.12513247662876645
0.5518954920962835
0.40086945548219355
1.830756658690269
0.37447958040705887
0.21437448302680703
1.131198854014228
0.7920927343409241
0.8812883041628058
0.7810518263847901
0.26011799569251004
0.4953431695200948
1.2965547071192842
0.20140636331419426
0.06845745673667251
1.6154427072046884
0.5512862865546647
0.47090791981695646
0.7408774016557695
0.23308299921700842
0.07220102259964573
0.009647113966549364
0.20441008775228048
0.20412319323348818
0.5871000201916345
1.3172403332597484
0.7462956321580424
0.877667477586668
0.32619115893121786
0.5230140083268533
0.5236387847526865
0.022130972856873793
0.297664729571147
0.6323519050907497
0.8577675027371158
4.687534951729864
0.2475098610260455
0.3310959529261433
0.37858754811090667
1.865918872135125
0.18736769732119818
0.2677393669103275
0.1219785243535983
0.5431124378746055
0.5029765582794619
0.3571979145292607
0.5536769580076655
0.2309300538677279
1.3766042279458741
0.32440594845923143
0.6955913416313885
1.171875756251477
0.049997483184657486
3.200920078678265
0.8284135177552294
0.10374135733246818
0.4690673096816429
2.496335755300735
0.1605461887189249
0.1004814812462313
2.050500806937003
0.28169901362389566
1.2180266200981307
0.05617349895778754
2.517462749360738
3.1429687551300596
0.4271600550396935
0.20453442171435965
0.0032367798589919205
0.011936187464431187
0.03143586843585125
0.05493659940312114
2.285426286033894
0.17236135118311813
0.23938589507843708
0.4830769875644868
0.36196748675113066
1.3743985851176954
0.031666328852787175
0.7437715115729939
1.303454284979708
0.09739089982896279
0.18826786407523607
0.30848491484239793
0.2127467974097812
0.19358133589207766
0.017668255735142985
1.3085081218188934
0.15960139633045503
0.09796639274402222
0.4955868624209747
0.28641905125936523
0.4866214595669183
1.699214927742764
0.5121228198098711
0.29321204117411637
1.641942174790637
0.22667630546723969
0.19726870578893782
0.8636429591838211
0.4485037013250701
0.4724952342953435
2.00873202141057
0.6148023390935087
0.27667956539902244
0.706117671824748
0.3356580310659265
0.26017714219282917
0.4367523067783525
0.14524109812578187
0.6721566615066105
0.34916556127676923
0.07856147949325575
0.8656275650056796
0.6298873785825099
0.450693548535411
0.2605537492696916
1.0714900960060978
0.09248064007138519
0.23968639919630982
0.02158374762606071
0.25972934095480077
1.019878332807337
0.5566503526909043
0.6685736890192617
1.7859236391518958
2.768073522244475
0.6055896562985147
0.6876442415253725
2.5861883902051646
0.09795823680725645
0.21758040977818752
2.573630364388117
0.38220042965863665
0.27616692517243036
1.241931523592822
0.03876840406575293
0.382985817698465
0.48954846920352224
0.07946280883495932
0.10211538288621501
1.4612649199609842
0.3740644331481915
0.18733801535946354
0.4002785466155892
0.06502014847843018
0.25697693681410266
1.927598611709452
0.16668770148944312
0.262657757938027
1.1986559220724726
0.2866321705106706
0.10709327785516062
0.29716122014513396
1.7794720377004978
1.8926402670409714
1.160115196762794
0.12313062410345975
0.19919777777384315
1.5097401344792756
0.026209428883295485
0.6610165517272659
1.0080782270649054
1.2149721351652345
1.3837838921616579
1.8710209803643572
0.9543526228069786
0.5656465300885639
1.3484757568649792
0.09108979874165482
0.2985477847371103
1.765170467821381
0.6479031196813461
0.24291355241621732
0.6641886903536465
0.18742952321499723
0.07167871945044633
0.24304032483478644
0.1881877937332063
0.4380867670875501
1.482672684627919
0.27147265232321505
0.6600576451573095
0.8628823057813605
0.18857035865898628
0.1688472894797936
0.4475764089329448
0.08331515700147267
0.06269333396009809
0.6666044213031942
0.34700556327276494
0.1714396066648065
1.2975659360674086
0.10773951220031303
0.09655556493686812
0.3787815160828291
0.4727176756180534
0.2190242970408687
0.2650543295878705
0.6450920278738654
0.06138308949507323
0.7395652094328435
0.032094100310557046
0.4689271682553039
0.7626750023552628
0.16745401182825015
0.3514036180901074
4.128842758105687
0.3410840978737235
0.7619492033140778
1.2634220283956599
1.7947592371544736
0.5655403624694832
0.3794728024311786
0.8500934885496293
0.3198619374775391
1.3545905985999958
1.948408597046608
0.008584208128199268
1.5061780800024271
0.4797209109908842
0.09863844574257503
1.0749142694348164
0.2336676926515294
0.11203236321794449
0.6564812588019506
0.3058119830100491
0.07329909261160865
0.4570625697269699
0.6638741184827542
0.38530578836194945
0.14611214162337058
0.6320242153279415
0.8358365612800592
3.2410295399956532
0.36563893850152285
0.20113995834074033
1.3912346546695176
0.7249887167579941
0.3488117733625207
0.20051898339315435
0.5618396184700216
0.18134737325631675
0.15475076183822062
0.9444419025795393
1.0310689087126645
0.6248869804720931
0.29264834166042486
0.8904160538609329
0.47908847651702646
0.7448253373575308
0.4694301566319932
0.23066046160018805
0.056385965696575634
0.4845116076156266
1.1901420635582116
0.5919482250651809
1.031520254107681
0.15587776274801865
0.17772473116981025
0.08480905764357874
0.38038074725178106
1.9800996427043678
0.19962335034724624
0.9209582010354059
0.897771394703645
1.224056591846527
0.40919196560325133
0.07630673994601408
0.4252131062204741
1.1112291628201065
0.6128389753538441
0.9763973382188131
0.4054708161367628
0.21684818089530303
1.7128736702926144
0.38975655795695985
0.3767735446380997
0.23051437587366888
1.5839627829562546
0.191085690864904
0.5147123487399833
1.1354973537216506
0.03391160182785806
0.2752723727743437
0.2742051917670241
0.18712645858239285
0.2772524397367308
0.3959538528623584
0.025663754588662987
3.64591772794934
0.5963544217584277
0.9893458017380318
0.18745312581118662
2.288191093614215
0.8227294797152207
0.9659999067736176
0.10030935069971393
0.8364388169615069
0.13376525294984595
0.0422105085501218
0.6115063319279929
0.6819429627202159
0.16929710668091885
0.13942760841343066
0.11451796691673936
0.548050786286243
0.26757510000249635
0.3973439859561629
1.1020662843601392
0.06801648836544996
0.13435384774979853
1.404607715374173
0.36211182862594865
0.4195800051898868
0.5644587832993235
0.1683318549809468
1.3626460111259273
0.1843987714293228
1.491139819997746
0.08380063039570725
1.5281066210238456
0.06533764865901853
0.3872754243581733
1.5471489409859982
0.17211046877213845
0.7010287220299576
1.004278440074079
0.06539983478420315
0.3384356061970058
2.888818793365732
0.29513548939994694
0.38644275103199643
0.03421610894123336
0.4066713015087448
0.20911478327620955
0.27412071663590076
1.6353928000636988
0.3724507099697758
0.14815914000654432
0.015492230876003803
0.8227019147876813
1.2457187528726852
0.9533023654713193
0.14034163166486308
0.11634078157974341
0.03679658710033935
0.08894267340355366
2.1545175376356154
0.42282272686831673
0.7613114476650052
0.14823315015648822
0.30015313647477765
0.05144855923396217
0.02893759302499372
0.005347849362324022
0.017359498277622454
0.7653809795266032
0.43828736491339804
0.2853767828076981
1.6033183526496078
0.054545662308548334
1.84726232312047
0.2057044700417322
0.5007347641932155
0.06740157359692622
0.47452508620967737
0.0644528404703442
0.20831928990059703
1.2691427605566312
0.0860351491540818
1.3097496779878905
0.8290399912083268
0.32003594412376246
1.9272367094572456
0.3532365909622981
0.6888791497446559
0.3697540864709856
4.211921027831811
0.5781989638783748
0.24285126286882247
0.19773983618676988
0.37112010233402765
0.031178210740907285
1.0441218109143335
0.04508497934667911
0.13613556764985682
0.18448201119226576
1.1117769094259664
0.5350525517880678
1.0798280981342818
0.27903523341039627
1.7861557895917008
1.1622879439217584
0.2997673310932676
0.08330359818546111
0.454931843333076
0.19372801274274537
1.0552057346632733
1.2667069642353785
0.6012682248285927
0.5974628944574416
2.195540995402261
0.19661748147281288
0.1603526222542519
0.6168849499539916
0.7401292263230238
0.7099887912265935
1.047496467546741
0.051028589963693166
2.788113419564938
0.2521292940024431
0.6627206879763846
0.08427268856491499
1.0317551851593099
0.35851576254487627
0.32021571454003916
0.1836922691726614
0.614944985857266
0.8894764750916615
0.9665631159041501
0.0993562737551719
0.5589360757819066
1.494069612472286
0.36095440479997476
0.10324153369530763
2.1716139737033906
0.8428723240237922
0.7250638820435374
1.7797000986578166
0.49850259616171
0.018873278599159115
0.1436946680470558
0.9208078007970938
1.0752199195003593
1.6072647486484621
0.45467777177811997
0.8125586949478388
1.6393846246143038
0.01379178798104686
0.13677148155538604
0.04378361561153789
0.46007350616347775
0.39728871542514355
1.9625954689068414
0.20943753579427452
0.20546505577422777
0.3703147938880696
1.3201137825220368
1.160484150309922
0.6495817321267827
0.045442426654695514
0.062068759799470706
2.98991209330153
0.7642185737244109
2.10936767311715
0.15943952423615962
0.9595749990366772
0.8516655821511246
0.16257311119095721
0.6055084785395838
0.2908835956591532
0.23887408938911878
0.5945275334268054
0.187635319631113
0.527816220155985
2.083986558114825
0.1477311291826268
0.1022959795645746
0.004399642884688693
0.4736246878805926
0.5253487227976247
0.30536745380261154
0.05608440101335947
0.3242531567697279
0.9187602893395219
0.33759512391474933
0.7180640390427413
0.36845924201899605
0.12139101751174416
1.0072088461987252
0.16293847951021184
1.1188565753375908
1.1205865285591723
0.3167214093591421
0.390470025521519
0.4461285831307115
0.29481047866107607
0.08582256731603119
1.1183630145479315
0.6613538638816765
0.18154020475111574
3.044532509314401
0.3516155411401634
0.193018408079957
0.5842862093374317
0.24370122890019652
0.32637656413562444
0.821254128780671
0.3149841737613704
0.489924894221609
0.3254777589823827
0.06396487928133188
0.038116302065954115
0.3973627774424888
0.029196406748353516
1.1752324795109999
0.030712468688839013
0.8506395325702562
0.7825256677439036
0.19198853802704127
0.42045708243874974
0.6122828963664569
0.36165284839630735
0.39328865962034887
0.09633522055509418
0.5874323211508654
0.4541047509976717
0.369755804146629
0.4351554706316694
0.882226739458178
0.14400321035439997
0.4748230810835695
0.7841144504127266
1.592068089089226
1.1502725681760282
0.0897630843681155
0.19366447258490355
0.658896161269425
0.832668402398458
0.6866964221511538
0.4044420087261698
0.5581101765676252
0.02167887039941348
0.5592335968105465
0.22057167928989582
0.03278214901270487
2.0849964130408996
0.19972753055821257
0.9533146337794052
0.23095070813309804
0.030975236976773183
0.06444764404997001
0.6919244116013338
2.066019321251804
0.44875495865555715
0.35070522729994713
1.2824261007793627
1.4877184225751072
0.5659488883466444
0.6410118514312092
0.08899849605777317
0.548458602447691
0.2847556282209614
0.7163885920483047
1.1332941508545145
0.2967006273054817
0.15792087853936643
1.529527458571605
0.3486280362213522
1.055056916831264
0.3124117161749291
0.11190885379732227
1.5755416654515517
0.4442384737781659
1.763596609079078
1.078581904680194
1.3261907553671644
0.4877207990888899
0.3085823953132145
1.2407156519530678
0.22606166666505426
0.7358132565574153
0.2293489020109951
0.6518672153881765
1.1756545558106284
0.3179298236939643
0.11747674161140657
0.3225375445574785
0.23847266662808256
0.3149787385220686
0.10344562749642162
0.22652454813720066
0.2416868461323494
0.04942080447705526
0.07256897980231977
0.17427642138921953
0.04682396772672628
0.39990450741081374
0.4572400011416391
0.7938125960641225
0.2373486907485688
0.06634468394834524
0.07123289232143681
0.5701125156597235
0.28567137157358213
0.1352024084632309
0.5218922220406629
0.31205817302014427
0.3659316005526725
0.18765092454807733
0.7078363950120877
0.8347916433454217
0.41431638057607145
0.9423712077764886
0.10547845212532624
0.3082847259813423
0.16042043195031047
0.4801594760408678
0.39026840393460316
0.7007729349533822
1.1643896243318541
3.7713194593427204
1.5669576495060455
0.3791288553444514
0.8300974108533962
0.6434602942258454
0.34433652123722436
0.730057955367992
0.4192658628227863
0.08203060523873794
0.5391040301927068
0.3072297624386036
0.19127643736748717
0.23306423925695888
0.07454578158728374
0.17434692080146214
0.9534521302028905
0.22158819454659154
0.7098801705365295
1.4691338462861592
0.8154707619632207
0.09636285643340713
0.04491085264132871
0.26593813458330023
0.2749210295703647
1.5375097463414569
0.5240590566530228
0.0507928528375132
0.47538259397737515
0.29087701011926764
0.6181966236598939
0.6556071781335919
1.088291685974329
0.17357230709675553
0.949714944339165
0.11824595800763395
4.957731452045609
0.49276560007725984
1.0425760045118013
0.41576687542607377
0.9231798327527801
0.517862782596664
0.3291706336679059
1.2628230848780975
0.15538379240516303
0.2065717436404843
0.9334470206591177
0.41398285729406425
0.5946979352470749
0.49524659778618313
0.1086336823180756
0.9586915462756963
1.5795174901436007
0.20706473543884454
0.6435392373940632
0.43368633519267247
0.36266399355741386
0.14869333738761847
0.1975710590915333
0.2656326926168874
0.6192670726113496
0.342374976083939
0.7777087342407721
0.08052287616344836
0.2629501184336392
0.16144839700427324
0.06636161634871934
1.0929605462110497
0.9972183518101859
3.882225551086675
0.5165989284240817
0.36062709674850835
0.13976383242535342
2.653059508070722
1.1026862909366377
0.5277387612301941
0.7543983502499128
0.12773790616835445
0.4712032830566086
0.5037865894290388
0.6726574748677104
0.0294896118877613
1.0538340517238458
0.038081471055480536
0.037207626574051855
0.3364050120314391
1.6913508008690163
0.66872249942428
1.31950230718581
0.15608557320985544
0.6128671621691171
0.3402269265933769
0.4077252103692178
0.33895473834492446
0.5890990713182576
0.03331503032697455
0.03389848036150696
1.0087453800592059
0.24168551149010664
0.3542485076611162
1.7388521022050833
0.2970203175549604
0.3498595578411589
1.611910458769873
0.3337934850202917
0.2307986714926043
0.7766864158735871
0.5117777058892942
0.15242283154839184
0.766577437440465
0.2858380777672654
0.04590489567958272
0.3573860468901012
0.4104547750899996
0.5185636563353045
0.46060675408732354
0.1529950058645625
0.028524818812694284
1.366982356539293
0.1497827340888557
0.2714687198665585
2.4640185048487213
1.137995455536065
1.130300649624548
0.10879198336422019
0.4013079083927109
0.21523104527187223
0.5841512296096556
0.6647618501752837
1.2257103030054102
0.4491378267611819
0.15399009539160943
1.3481274710862874
1.6387803007824002
0.013339406787863306
0.7389138008050702
0.18549216305451832
0.14152497784649837
0.11454051789552754
1.5477621393858003
1.2068068190332257
0.667927866503205
1.997881485253801
0.8644499696804246
0.24125768970052347
0.4753768881801201
0.44530231607290494
1.46150796657124
1.423145411866375
0.1605942809383219
0.1888823820123652
1.0837288079731884
0.23069114308745547
0.23958686428441986
0.5937595775697962
0.08427698598389248
0.42180546731156227
1.190708238741403
0.29012085051248626
0.653835452768734
0.5645232322286009
0.24797393778227972
0.3054704058119041
0.10031388419825955
0.08482688564858291
0.6194971345061131
0.6099991305770259
1.2048069192481667
0.09496649877282967
0.6388129766098403
0.65095637331385
0.03951837516298748
0.6335417856923129
0.06176864437710038
0.9274939303040665
0.5423069922928807
0.8809527303759649
0.13795501792017173
0.6369904919795607
0.34737291818230887
0.20131996678224862
2.7488942100683933
0.1957679731155177
0.16622275670180356
0.8659825792465204
0.9550953389023069
0.5657523484560031
0.8936055364080474
0.8081273338835474
0.5254758407751774
0.20326470111044295
0.8462126380220809
0.5145967962586221
1.0435131901983026
0.7771247346550433
0.8607087397144316
0.7081390262386759
0.5721135836771803
0.05037930800028541
1.5909503125033568
0.8659796439312033
0.570258077827293
2.0024544790006478
0.24459033122319418
0.23313379751395422
1.1251960678299633
0.5476054625733746
0.10570624828037088
0.029929451687984884
0.33595385350512424
0.43654052093512596
0.9227627196757106
0.8618642361227474
0.19021320757238705
0.1685691421610081
0.6553404070403556
0.790001743708158
0.16636872251407736
0.346555151681888
0.22085261073366874
0.5980290627835549
0.14409889123857275
0.11822744739038038
0.795003452207246
0.63311862260991
0.06422715146601239
0.9520881063843567
0.47059682080454296
0.6566127944709166
0.8905051069202219
0.5752219258986381
0.2401379356303157
0.5821892421099857
0.23814908534568013
1.7746113982253438
0.7466664939279667
0.6927010374256438
0.4467741640972666
0.13330356493040676
1.0825050949130022
2.4628790692184306
0.46068065451202106
0.6386061765219375
0.03697122839694939
1.961508624144301
0.01622439986444026
0.9577980391307362
0.480116243520412
0.7651508130241013
0.2199301558685862
0.7527660166339503
0.7036986485558232
1.0756279239164148
0.3817960214515628
0.6246814360499151
0.244226135660275
1.345591682113606
0.09036845935843431
0.2974006292275031
0.31189445690148626
1.2261861360661623
0.11682193307857047
0.7459482171035583
0.15351510275533406
0.008314646935130949
0.22782209443478685
0.5964469436192951
0.38797669354066494
2.205777557937495
0.2545262367142307
0.14657876854828109
1.237570124028955
1.7575310686973216
0.7879762162157192
0.26996610424253853
0.13679760212733508
0.16715814752472002
0.47375616068897086
0.07976023598012656
0.13336241917601363
0.4810119882057662
0.395982624586678
1.1799722112835678
0.2896731092924511
0.012117051550510847
0.15752515246943086
0.9139782900639488
0.4215759723475268
0.17733793747890325
0.13412371172236148
0.20312829029198196
0.08774138712064744
0.874290922438994
0.03250398854289049
0.09819236646219918
0.3686005797392261
0.009281218149636818
1.6150182922693113
0.046788368456521956
0.30395759044419507
0.315202577801873
1.2567202682998901
0.9451395343303963
0.08884993792315189
0.5648434407377508
0.33184153683722667
0.4228658482240131
0.14102807951804208
0.6219461043368412
0.4063900684222375
1.1311907591144148
0.39043766384819295
0.17256090430009105
1.727155834694989
0.06167368880969573
0.24508595436272373
0.3494774064999046
