0.19959984809949524
0.0320109872831327
0.01201853210886093
0.17862279597772374
0.7130370071792933
0.3386301953710248
0.1576553241201273
1.050675211567485
0.15945303950998815
0.5604221541900258
0.11776241921280482
0.15053432169430883
1.0552368960315437
0.062543228318585
0.6065792328462162
2.6771365362254187
0.07684807001955075
1.3584007195232801
0.12138243908444458
0.024505573629295282
0.9122530889327197
0.1487418331360374
1.6882618060408194
0.27253114926005556
0.38273192535287615
0.7341403898293848
0.07697444908840026
0.6943105484058971
0.2548720491295026
0.1732103677386798
1.1441965179715272
0.8670572895330703
0.42382291880959205
0.7623850383226953
0.08386912064704188
0.2533640789621812
1.4098212617074735
1.2504308876023922
1.2826846183305185
0.2964617746910615
0.5428190112064143
0.16539348885152194
0.4679645317263514
0.3320822592568717
0.7253787716132851
0.09765578499359079
0.6110319211456465
0.37111067899773403
0.639695313285664
0.08218781440723269
0.5209430561308777
0.690717009728873
0.13790506862790308
0.05118799021803438
0.6896879825983487
0.33820507819534784
0.5409376420731753
0.8777469993389868
0.19817482051037444
0.0906563507283435
0.38819637075604935
0.16176695334070126
0.1619693970640814
0.7328927818536772
0.26079753070148853
0.6898973968035966
0.30857338090990755
0.20201416657944848
0.3561996605421009
0.3834247301749221
0.27175979377994386
0.7467827008714748
0.7709989120563182
0.1303479820718489
0.2268604186822995
0.9581341581886621
0.17478359797144255
0.20569538501826332
1.616146198032922
0.09013857917636814
0.08870568413921624
1.1340850646862184
0.19588227243826173
0.351076908302852
0.13600866812715043
0.8653858908376658
1.0093871605337064
0.24824014662036795
0.14782437626520883
0.20747615725054008
0.018355130121589125
1.100087581580115
2.003588262876269
0.7847571561266932
1.312984199066066
0.06426219467710322
0.9698784440714907
0.196180910096975
0.8533838683849344
0.4152248135207077
0.1853148221985747
0.7978875344332026
1.01751453406313
0.13471810387533573
0.1705274625456836
0.8265206420833291
0.07293017333923464
0.15269444208479108
1.6890925089841857
0.42745977980772354
1.1444203626080414
0.11005199094400395
0.3735242175653725
0.24628830705844412
0.4423143450393778
0.20308270489860053
0.014055939196866436
0.6765524196646449
0.376217170136307
1.0249451915368226
0.6776169735039427
0.21471679034212457
0.22752998162610313
0.1272373377555107
0.11865530335299726
0.2183963799904409
2.942616357284078
0.7469981530525949
0.1894920208932291
1.3606731078881233
0.2706355362283166
0.6095265858694292
0.9419700330189752
0.18713488252605398
0.0015078637486529872
0.39355931814779277
0.7258866561304038
0.6302803421224966
0.9396086987101775
0.3251651504509596
0.28569268421016236
1.2983252016831552
0.289081359091616
0.2850494781296779
1.8062611843907035
0.558968105687333
0.19319364249769774
0.749950596139438
0.16828186286316965
0.1395640411915373
1.8216412585296986
0.8627404591439144
0.29883370231206996
1.5988251359752295
1.9074221847782218
0.12706478241348745
1.1676447250259185
0.918273243747684
0.5360110879787274
0.6122445905254208
0.4630913627021634
0.06174175887187491
1.4226781815645277
0.32193456565809386
0.6158715378385012
0.964344228793054
0.21383445909752838
0.26623771723502565
1.2958082239574007
1.1051968436061739
0.2740273650494256
0.2319925652489038
0.8800938140671809
0.15602239247077773
1.1285718244308023
0.07851492324578593
0.2806116064078823
1.3055582693162275
0.8373819182123399
0.5489414618695092
0.3686042145303239
0.4568024453885049
0.27294380450411126
0.13252575931086358
0.02074477367849921
0.13676061318413885
0.4065355114152677
1.1429830487836854
0.3302808627912694
0.9614209135976413
0.10596138621793907
0.24714986089667343
1.0368105781477859
1.0302610480821779
0.26320441868043837
1.492273799850136
0.2016730824722771
0.45297280530852146
0.6470778411707496
0.03783342102400667
0.054716860507984244
1.2249990813394211
0.06834438465178269
0.10487687516585696
1.1345435842864782
0.17455666878718462
1.3507067907766492
0.4333391459945806
0.4422829173842027
0.36798933400502454
0.233352672019654
0.3062101902423895
0.7382856522251253
0.27947214423840466
0.3147585088863321
0.050987350935092025
1.8268183535562033
0.16079752132826416
0.30938697255026315
0.35052159927530147
0.6644347958416456
0.3304620405066591
0.4808860840825005
0.30679593258512483
0.10519158515785447
1.2796035855965175
1.4500597975026108
0.03287852564637439
1.1262850806785134
0.27527273837868443
0.19396687798524478
0.7976863283485355
0.6694109416953995
0.43071903242395465
0.8372289780242346
0.6385523938772194
0.7892610566869209
1.3950676312121173
1.1654657336784087
0.5939533376876311
0.6849287746125877
0.5562514476693258
0.5977908101937467
0.9525852482267566
0.2002685701958824
0.1599625008296875
1.0465719926829393
0.8276498124969275
0.27618361239905054
2.2505398045436382
0.08723331252061171
0.47711710778256866
0.45334117416496666
0.24698176949881184
0.12175164791528557
1.5902188181891779
1.3233390465632513
0.3417835390884886
1.6223081210625958
1.1823906304914416
0.3743227990203713
1.1163251020137814
0.9742657052478302
0.3074279361335199
0.23424288149030034
0.8038521677845392
0.5185909757287734
1.2984540387231043
0.9352987418086497
0.9418294127243648
0.5893750411666943
0.9081198569970895
0.522955656738636
0.6260752469907096
0.8488462100606493
0.053993364164761935
0.8410227240349671
0.5037151823640675
0.3521916907515739
0.26103541741511804
0.015158744019724306
0.017703945913246946
1.1029080990607996
0.024945997131650806
0.25869800535465626
0.42449500099283366
0.11940474895324231
0.23607797971674888
0.8598486906370655
1.1447683621578664
0.7359356239257984
0.638081946518988
0.11587818516604832
0.6033291958172484
0.09940221945725158
0.035897183675612496
1.2460924235932676
0.7492394417482663
0.10634957371055229
0.3341948997734484
1.7954797060482146
0.16359410866768292
0.28426158197423607
0.396080681498962
0.18594281579073443
0.3266621807450365
0.7432153490728394
0.5672797158900088
1.4366389950137906
1.288234532722692
0.5009700281494635
1.012732293216827
2.4085557747261324
0.7691049101059565
3.2641347434849233
0.7351379562114119
0.08574935822288773
0.181531292582697
2.60821352870442
0.015991568814683676
0.5020582883272933
1.6978287765362279
0.20146231983136126
0.4436515752079858
0.07266948198721984
0.07789206249082255
0.04006323463137524
1.7993822107609179
0.3416727526686226
0.5958063298264028
0.3843933317628325
1.015250098790514
0.491150023431482
1.1338317971405418
0.887400736448667
0.3601435737623997
1.0409025941463164
0.21391447629335097
0.08540790017995628
1.4086884043900807
0.665155793254801
0.7390110079880338
0.5378924594631787
1.4689375197045698
0.7353819258392486
0.6629963602926089
0.10501268094806117
0.11455654939413225
1.187204548142667
0.11822321572460787
0.08513797072018589
0.7347627874619138
0.131689137939796
0.22465707503036855
1.608755347682172
0.05882984551921059
0.0762546159589666
0.2617878260538999
0.020891113051448536
0.0302230586193221
0.2549236554167985
0.5578891154797289
0.2011967272408686
1.1761994405000948
0.36547955865555265
0.6629629345940528
0.21550686946227895
0.0162336511661317
0.008417431157345107
0.9382384898816006
0.5113758479459874
0.1524563596090545
0.8584443144568414
1.0846886113685297
0.04844498566429819
0.37791301686626527
0.3766324435556306
0.5669334090747116
0.4771415152340235
0.05450714628766007
0.019941912868387528
0.5305047648217316
0.13932072082034214
0.18505149758480535
0.04911612694478613
0.373612299719223
0.3886565952558886
0.3645131949135139
0.59843828688379
0.35980687259642546
0.8739710086766524
0.7420654989542786
1.0554196351616199
0.6852758411836002
0.8840252525144631
0.28529803489143085
0.9954266689618455
0.2530120778344126
0.10710099801265488
1.0560444691958102
0.20790944922796603
0.48116819739180405
0.49047981774886174
0.2806848607435511
0.65161922308091
0.9444219050088543
0.2144243123181911
0.09056097658689621
0.4479031080620412
0.05086946196983712
0.05676266861015736
2.2428977851639944
0.8646391458916117
0.5612363229320173
0.33992043003833644
0.5138624496768767
0.05917611626119378
0.6863467137543542
0.16455877427725876
0.638238207840262
0.42416121543316837
0.2080989634961115
0.7460138404686311
0.1673569878411745
0.4468479245368824
0.4430718099156961
1.9560631489959497
1.0355869948674687
1.6907674187945625
0.2084440582883656
0.8600262119767681
0.9607820371008141
0.6062201211459394
0.17713282657513635
0.6455827280652734
0.946376308883668
0.30198283054623815
0.2134401463566815
1.1295995943994457
0.18442750439480082
0.0811721189329134
0.6341748952062047
0.16065696283282313
0.013980943651619962
0.5694608970667387
0.4315000525843594
0.008554694883954727
2.6097800505704067
0.36731595392774813
0.35076217184931996
1.620478767578442
0.12727573506512443
0.11492641372511408
0.4820039258289395
0.08453708075538459
0.009632095475714168
0.3379889159109717
0.372484427607726
0.31094694702192976
0.42860901094788595
0.37814533360066205
0.07495313764564611
0.19835949548959486
0.9042699386169415
0.8355001089400835
2.624748821996962
0.5539333442245924
0.14035155659219498
0.3523108965618484
0.4656529765389075
0.8313161149734332
0.7119505901419376
0.10308566706049556
1.0510294704539922
0.13697868086661652
0.8364549312543177
0.20409839776825064
0.28510991341152864
0.09699336395832307
0.049375862598336116
1.2718833546580972
0.12969517956858304
0.2957087557211201
0.1972965161219945
0.13878272584840964
0.7135741015621423
0.8872364818723556
1.217352538209744
0.3545753064276713
0.44616058806646897
0.5818317034323499
0.07709836923590858
0.4758058979865008
1.0587963480547313
0.44907168639147715
2.614212222986367
0.231071214823308
0.07239425340544921
1.0280043306173565
0.13539016236682255
0.24857033925183755
0.7417557106256633
0.889320639416457
0.29215025921510884
0.2076736423117081
0.027713394171091112
0.08732643952361935
0.8787835360834376
0.0459062674079105
0.13618255434698648
1.2199987657842748
0.009905920378701282
0.24356853921694097
0.6483786158272312
0.13493060433228676
0.22969164545449586
0.3913972203456452
0.3116514080388624
0.2387811822853734
1.5699940441151228
0.3985739961753958
0.32760731783304997
1.365071694553684
0.7234328525358812
0.2116797577088354
0.8872448355192168
0.6580265445089263
0.05771529289663525
0.4949735888695875
0.41281500655623077
3.3448540224432013
1.0320571374339094
0.3816165284021575
0.15572605132896145
2.4274891295459096
0.8951032229137135
0.7467712560236472
0.6454338647948648
0.5427115677275298
1.1659213794956602
0.3203077532522505
0.8323960434373329
0.17350735927064276
1.203347341198777
0.026167792850449643
0.7669848932700165
0.23833134410281676
0.7370036014778754
0.6734996694627622
1.7764114642131992
0.026503670877173393
0.5071721442559022
1.01373794418753
0.2981025508263358
0.6098409574939956
1.2365796642482254
0.07962868554499967
0.4264710861150878
0.15457086816826132
0.27157532894660447
0.03960022944883233
0.6392933384271939
0.6498920417819547
0.4152385472846769
0.602397837587366
0.14175704180311188
0.24984591319515762
0.8529841934298492
1.3788412550300655
0.3031797649315062
0.38735954266585926
0.2175317149819324
0.07840353124302007
0.8362397427497661
1.8719623325122328
0.7705724544323633
2.9862710624208844
1.180823398880519
0.49640280916031826
1.9953553901965175
0.40651155782955867
0.15098977766243601
1.0404182668491273
0.05721660063075967
0.09061797598919549
0.730701461063462
0.07367248752973453
1.533187388966463
1.3254421571668356
0.44346617084461837
0.16331243577823934
0.18808589528920217
0.37920568457219145
0.030135443945216788
0.47836689345878697
0.9906188634636
1.11460988199916
0.16662490799359467
0.031628428596568094
0.09221536280229535
0.6866227044827827
0.13930559889953129
0.11892482852554236
0.7071100923790419
0.3172584392224412
1.0509078648484282
0.676802595893846
0.0356506384729178
0.09583664247221209
0.03979577200942685
0.2896601165645755
0.7699469498391068
0.2541674703987859
0.44881035953121734
0.4613544691610022
0.2987595229228034
0.6683721653680015
0.542987658426458
0.32463546521672965
0.2301379488356668
0.25247200599095176
1.3933709363791178
1.7639920663110915
0.1014102074711685
2.2019508904611316
0.6323014064134177
0.7896389312532082
0.5989313181847077
0.2845473675038512
0.29876080643247327
0.325965927605415
1.0787212120721987
0.02033668825501818
2.035590440931972
0.12107075745286547
0.1475741673470715
0.6233593336016842
0.12705759912544135
0.010154597575873675
0.16651161634378778
1.479750844588416
0.34753197234283395
1.8662771145782922
0.1267738619110458
0.2442113633003066
0.766847546994755
0.22090525443654122
0.7901278796136764
0.3202845639712864
0.3442081509752696
0.9246225070454459
0.5345878085432143
0.040959612830941565
0.09534678735153616
0.9268797288953273
0.03340007444728121
0.16815610231776387
0.6921979658546418
0.25560189162075736
2.155472045889998
0.1945217042021316
0.5084472924837857
0.47180755320455936
0.1406302089584714
0.4189391269638562
1.2584889489288262
0.061480982121756615
0.15639806412485008
0.0021971357414424524
1.1314605974270384
0.15379286598026057
0.3771574432677175
0.604276079586552
1.4597737980188419
0.7108552238936773
0.4084616643808258
0.6310162181840074
0.7794538638051314
1.0442854471753753
0.6714161962979152
0.08324402060067959
1.1538979784879708
1.7026846155149078
0.08395750785107967
2.1762100974916003
0.039474514483718366
0.3389042351982598
0.5589297820870294
0.07394700420466986
0.1538166316166414
0.2600604256568462
0.7811336583743084
0.20418251627095335
1.27457710952324
0.16433944575933948
0.07114349258078546
0.9163340241567205
0.2588650899723769
0.5426420193462954
0.875559329068763
0.27033395947546157
0.2764504427472579
0.7306848181711548
0.37368272686904164
0.7422529107324979
1.4347903637039485
0.05809444623117819
0.09017801214779038
0.13010874466428043
0.10364613836305694
1.6873813011127738
0.26249503379876477
0.6036503207509742
0.3760911930058206
0.680940316370354
0.1617233366136925
0.02591623525376848
0.14017010672334065
0.06003757986796873
0.147368881992089
0.6283106136533175
0.7469496738248255
0.7792842948150563
0.10198840992743172
0.5222472813448048
0.03865587146756465
0.44689772085549023
0.02081330296256388
0.5325549022765745
0.675278275153431
0.1577589128998261
1.174625781370524
0.250746492850061
0.09353507006547104
0.6735461577638486
0.7833938961435287
0.1945178838724731
0.6180936179598265
2.1632779321858417
1.3091203547534813
0.4370587472318461
0.17579024941733395
1.0355760516259715
0.31413654006273256
1.0689866453134738
0.22143088001491204
0.0756317857123251
0.8412799847422017
0.7490085501198125
0.3340277729367005
0.8807973979832948
0.11893121168808107
0.7829674209255933
1.469863464985247
0.14517426126132654
0.9821684123237968
0.03181281662755379
0.19988752124920375
0.9041887741859803
0.42637719265168783
0.04818972339003284
0.0376454797452756
0.2733356173745214
0.032897807558970975
0.07223337729442399
0.08967370716067208
0.3892884676463492
0.5446213491226263
0.832607641616769
0.018271595673730597
0.04472852725590557
1.5350997436898446
0.41346804013785365
0.720964477989416
0.2502235750372125
0.6790314983222943
0.528581306469791
2.086740254825474
0.012490643733128182
0.21134765734589217
0.7101136986928568
0.0407199109225511
0.27007102956154927
0.9102759305598545
0.08014820360582824
0.21049400171132962
1.3004181360497156
0.27367400654468577
0.31085558631448623
0.8730116291575958
0.332354357207184
0.24831639723352078
0.08150687764923935
0.10342298736864948
1.1582219339459465
0.3035682287796795
0.018457816253115
0.08634240475451574
1.1450343925345967
1.1335185716583285
2.237765949670509
0.4092246327174661
0.5655237456297895
1.9197594096417279
0.8393254241651057
0.7122604749698357
1.0888196486551993
0.793057294777961
1.3256639417033451
1.4177628410709808
0.8918560263924789
0.2575605435808467
0.4841927508418797
0.31946989220356053
0.2709651760714603
0.9568360285509577
0.30103689270325945
0.60886755374268
0.04323571989735127
0.9352187833907827
0.21644602646378858
0.17171563688214606
0.1596950056987971
0.680561359527192
1.0641993484547467
0.21395040816087382
0.49484028849548706
0.652074562928241
0.2998381012062934
0.26584759014432036
0.21572409994713526
0.2869694887496101
2.3319081569233697
0.81879660213384
0.472906928449512
0.4763159245355929
1.008865595349257
0.451063173864464
0.6672855017085493
0.3812144208611797
0.4368791939903019
0.5189840741444726
1.344012137313746
0.9991940250027977
0.3294446446800028
0.09370802011074933
1.0668513539570394
0.377186661007028
1.3554107252107694
2.2439105220373112
0.2575972207048188
1.9405361807215418
0.2709505767787526
0.8714637232290215
0.8656551906733935
0.5228632117691103
0.36157922939047105
0.37278719702969276
1.669461938557966
0.034994979219267155
0.5207011205600636
1.4287838146206755
0.06422383212561114
1.1585389498159704
2.025631883094917
0.31340407470399406
0.22910932849615118
0.28169616054068036
0.15434582742298128
0.1377462363917794
1.2115279723647856
0.04837770994331852
0.14875867559494552
0.6738205317087335
0.6360682910145543
1.0954094520849587
3.494553626335842
0.37743511762177556
0.17073717832249735
2.6982091819065728
1.1007480165298529
0.2667771306122441
0.5330417432548906
0.10887698409929494
0.009847192049590246
0.13568422772168443
1.7103715410814018
0.5393300430292618
0.37521921623684173
0.45323767285138317
0.9351853684703517
0.3075771538280124
0.3809303297648139
0.40786354011214054
0.5607197844795491
0.5695782688472533
1.4400803531431614
1.3903720824693957
0.02877022309954116
0.02721863446811287
0.39383298076289996
0.00803933463375407
0.7599626969403034
1.0913151081498527
1.1112542376523953
0.11503044224871141
0.831352014595534
1.270308385040492
0.004940400488653818
0.37843421395090165
0.9477382650039027
0.4717710101336534
3.6553772056464533
1.9877866514194722
1.826027401536692
0.7927882841396628
0.026736465217485766
0.332966332913485
0.2960716542674764
0.3204975236382878
0.38714471903704334
1.2779426550016175
0.8790990751366771
0.21304947578207514
0.754514551963837
0.08518247905032418
0.23828738720574927
1.3483648873851475
0.644584613436294
0.035260452146658156
0.744415356656493
0.24203992623532336
0.10415251682003383
0.6762913104616389
0.7103021407745475
1.0751511747973301
0.3008952450614056
0.02548016397284815
0.05435238231557185
1.2005569918071288
0.5446151654740937
0.041180388398605536
1.5288982106925875
0.365241902829194
0.029634967250743688
0.08073299414986415
0.34688855733273355
0.07554497131387158
0.34410881057602977
1.7484329603511748
0.5638181994741696
0.1797974682449361
0.01879975920912632
0.24957457079794398
0.2427206687930516
1.6189274826783475
0.9344754479561594
0.8208935697828589
1.121072041867644
1.404244555921464
0.23256985566697194
0.28913523493654475
0.49691030761074007
0.6002255268761638
1.6869901135551806
0.2354675848779978
0.5893764916719411
0.5476297695538985
0.13374804980088703
2.2031099806177834
0.3766971910446443
0.7267809962502368
0.2449437182455195
0.05910095164407874
0.7717889418536936
0.30036350752661567
0.34657821577132025
0.21164874381182
0.30849645217263183
0.1935703717264914
0.3528845697555276
1.1322706051087823
0.5599419529257589
0.05398331505949885
0.8891136361967594
1.1215270661786596
1.368813159264385
0.5993010691700136
0.14904544710652795
0.6446480617766654
0.8811067630937744
1.0475838728870466
1.1733017718661456
0.51556381512195
0.21023608273787994
0.29083864188484204
0.3909422928136905
0.6763207546829499
0.475650975602326
0.6335438434408807
0.19034344709291182
1.9197877135044554
0.6551014628737589
0.7744009651005602
0.2400783037330406
0.14546752813783853
0.3387132490081515
0.5863618699163623
2.3352970149558745
0.21939453442041545
0.33262820414766336
0.9695864325834925
0.7764124824892851
0.36479557155171755
0.2575750321877428
2.252604236318712
0.08773991618546541
0.6371288441927258
0.22346981128504453
0.06977732236967944
0.7670094916402339
0.8241240979957624
0.1670645458924681
0.726876201090568
0.09548384399940855
0.1809449442726631
0.5398543444105508
1.043454548239522
0.6030798753485785
0.4677871632480271
0.34819152916252427
0.16849895916089444
0.10780287749706127
0.5507537978782037
0.07505246972176782
1.1227644039942877
0.12115033954654798
0.03904574631186306
0.01870504740305257
0.2276639709248657
0.060363048222269525
0.7301530989633376
1.8168588235522793
0.3693705468892139
0.940281448277493
2.1080230637818214
1.0741190819017914
1.6639515433030916
1.4118885371971248
0.542878247014855
0.27121532218357675
0.3525778342872093
0.09431477438061729
0.6453412133311184
0.029234989551628347
0.45101332763365654
0.4288925765582206
0.001981380834820385
0.04261811938168717
0.1829293970548588
0.5332146128453803
0.6656426170553335
1.4680853060839645
0.03313434459776739
0.5288094911924236
0.012629278272414923
0.5516653971014773
0.43778591173119646
1.0086223395346463
0.029703917570473172
0.023994512112381235
0.18912560778099127
0.04280396293971827
0.721041564151784
0.4572702562840085
0.9332979911373653
0.6880941043125358
1.8032520717542184
0.19224331414894638
0.292972503025186
1.1324930612463622
0.45010217118790885
2.090460507048823
0.09852670912507955
0.19897214561500043
0.1504091562893945
0.0517104615419004
0.876896910876604
0.024642716747420346
0.12889084307148865
0.42665378914429647
0.343814557403234
1.4759073485200844
0.7860763391104217
0.9952485787060024
0.3020882708291882
1.5364757079590063
0.8188123516400964
1.4982342619299056
0.5346417769062798
0.106749937931624
0.8897105251085817
0.08300105360170865
0.6029163387353242
0.5475502490878043
0.3724258156416898
0.7291725477745212
0.5659597985847158
0.8385049623274544
0.9125218196145215
1.3544672794012325
0.39389591442669797
0.7338833266750793
0.40289461423450484
0.36994676889244527
0.15957653780601322
0.2834203431785129
0.011614600169297083
0.07609221763996042
0.13383419606022404
0.6640660602767428
0.17465865926332097
0.9406613719197813
1.1149198231163433
0.3434916849370792
1.7685483711465053
1.663582286879895
1.0146023950999807
0.5719812341753108
0.5394552871740694
1.3055981726239467
0.6924496174258349
1.2228073660082444
0.6008479277642255
2.611607697997819
1.1561672051611394
1.0168778285839115
1.2942817113923213
0.2087529952183861
0.42982890965059867
0.46892427752009724
0.22627120276771776
0.3313243990801261
0.9425012126136314
0.23006953506524397
0.35833196653177674
0.6256608881012126
0.24954018205710266
0.5379072077014615
0.4286201735561252
0.06664443942312083
0.497303675734099
1.6295757654409975
0.3265305439905865
1.3701374698365427
0.2114582585753479
0.1999394512538735
0.20111363069292335
0.8659962849414005
0.724667170699714
0.4663461535261461
0.2770981633981376
0.017785328201842348
0.07858542916065886
0.7175218464164961
0.35927265093561966
0.173210203009632
0.7088161132028954
0.4482728174862736
0.22868056166183978
0.5785746727855796
0.39991365122106176
0.8443282109520414
1.757102549914202
0.3465799547851543
0.09057295052215235
0.1006076300150321
0.9704560627897337
0.582255663534702
0.6833471890103149
0.6756734765236069
1.4230666802689682
0.4553766452663539
0.5606902457676842
0.438661034349786
0.0959215279903436
0.2795062031848858
1.3377804175185757
0.15411066033366322
0.9887010608415684
1.3727358542900112
1.893880085448593
1.501631216745617
0.3380893711175831
0.7025078775943164
0.11869272399019938
0.01165830096205873
0.5194078846359466
0.8777751582536227
2.3157728193233242
0.39813489645296685
0.02964283666402028
0.4692538300015522
1.54741221927371
0.314962448386576
0.25509663171391866
1.7098205027773448
0.07543424138404979
0.42697352176433157
0.27979788536749706
0.25995528538033047
0.07733009886268717
0.29009676855506716
0.14921888376882309
0.6224975574146073
0.2240433772859872
0.2081197116252561
0.6330758519124341
0.5224278509861784
0.056106111116514805
0.19935998298005916
0.2025423488860993
0.21627510734736702
1.3481990380674345
0.556624304172333
0.5971370176808122
0.24247826412812992
0.3419179624619925
0.6340696475204712
0.12324651025750788
0.5429560367634687
0.09060409884247722
0.07240657864915614
0.2991134395362642
0.3441876370021068
0.14789567886335594
1.0003393759652017
1.2965484508809173
0.06298202149694142
0.9933928362099707
0.3996807948588328
0.8863176076094846
0.3639096645991865
1.2821817444740455
0.324658648054601
1.171620034799926
0.3097007278350406
1.1320775848995472
0.42016854965090156
0.14031239766683465
2.385042598009451
1.0000700024032707
0.08914773591794198
1.1138333915281609
0.7207861144854588
0.44183754204198283
0.2278381781792357
0.13063292842445515
0.28419265130906834
0.009090811450859168
0.2492200627828991
0.7176770250731435
0.5993542706358025
0.08110938727917497
0.6672693139717039
0.16395561152444388
0.650623641343698
0.14115161277681637
1.003859465039681
1.295159148574114
1.0065631141723204
0.24516160573541093
0.24598605440095583
0.18901048806394824
0.4659774404239114
0.5453443085971554
0.31888741460704995
0.017384192372025657
0.28244804693001685
0.1663587530818076
0.4029247392823202
1.512947150762919
2.068449966593538
0.21729448228176326
0.5712827346857909
0.34527313883405975
0.9233103963054382
1.3454412845939645
1.2531693608688272
0.1322674003926679
0.1580050213290421
0.5485478780313032
0.675457573257811
0.22349472928047562
0.08059617082123917
0.7762120983543924
1.1261838609404808
0.07055944048203279
0.5300485655835544
1.1090112548897675
1.6468022087157876
0.5162075372179836
1.552889749771877
1.4818693127030949
0.4535098609505605
0.2658704653704349
0.2402593919771698
0.24880197493962922
0.5589446072694446
0.22151505513064323
0.5041507278077088
1.9703076135767856
0.2829387564014137
0.24032144401458772
0.41281270835951933
0.601173861333072
0.13400651356667645
0.29750154606167495
0.6513644447147653
0.3225446629994462
0.06899987795418962
0.07063898587578694
0.10708021607265064
0.1366392531012859
0.36245599087914077
0.4020042463161751
0.4322642536931467
0.282788718746577
0.40966071531056375
0.6398679193914949
0.14318117712332842
0.2556916685160085
0.5982461243572537
0.04359269132955878
0.17774011282242003
1.0245825152823855
0.18444677943819685
0.3852558661503209
0.4449773189570728
0.739283199746339
0.49825836550321295
0.35036704890560694
0.04608809138724685
0.23008673977165134
2.1914295096891494
0.3410821577816262
0.533695440598668
0.061700371203626175
0.25301290571277785
0.22514643547561253
0.8423129676202427
0.09064565812219828
0.19098275458324457
0.2211399159277734
1.5704556650322565
0.5941901894934671
1.9677756765064107
0.5739118468419524
0.12396529732481622
0.23817994188057934
0.6887201300844068
0.2801926387420956
0.26443342211863574
0.04343618535366517
1.0695219266110596
0.5002266777096214
0.06986485021136202
0.16401302665861367
2.8475620472245087
0.11104144369597174
2.2095279720596617
0.6438164853765408
0.4429053536620708
0.0769638991262926
0.41426168031171956
0.057612392371153495
0.2171644712210631
0.06342192753594808
0.4554085029535419
0.29052384102437007
0.16820603876917398
1.1500695659605256
1.4007247462353998
0.1456175501319627
0.2754375907810668
0.2887835611575564
0.18963757652457786
0.04387779995771179
0.025112954006311937
1.1229921960064584
0.06411285762986335
0.26910843219532554
0.6125304473833968
0.006699230183626629
1.796658143614165
0.8059675930475036
1.8877336054569536
0.5703577273448658
0.6654059605764683
0.48383546590895604
0.2585856123266463
3.311288621937454
0.10880386483266843
0.07952898539094552
0.507668883577304
0.017154537412145433
0.04387375248385981
0.516333630585571
0.029983969492656564
0.23759130736277942
0.06002128784816436
0.4492963525835375
0.31029177306492933
0.3281153491721109
0.2865180935911317
0.1872116086536803
0.20455651873525815
0.5696373941311849
0.029625898826644206
0.14340603038644362
0.9026472591062326
0.12844489467454753
0.1451929217523634
0.5355801195161183
0.5039921475209203
0.6760186736463086
0.15165158002279838
0.6257136408000679
0.11450846376776448
0.2737955820550664
0.7998235204717558
1.6673424169883355
0.14059862813739588
0.20117537332445287
0.07442163110154394
0.8233548674837521
0.792278930175355
0.7620488178836582
0.4226386868017802
0.21106136647742166
0.20056785066162125
0.3145376947429006
0.21496769516058653
0.28461792003787917
0.45053200522144893
1.3487721653942963
0.3139057107692861
0.11532819957177909
0.07051352233345415
0.9529731094146434
1.5883359769777505
0.5428986943379782
0.26974420851671416
0.014789319291255088
0.05546809364254307
2.328867194219789
0.1682490391519364
0.6756309142775905
1.7180598483259317
0.13505441479574312
0.4738287094329813
0.8797612549118794
0.4239952263215328
0.7054633948153141
0.19718652307422158
0.7990405117032923
0.4478883368229398
1.8328225254312585
0.473192269765618
0.2803751268395537
0.49225232175242595
1.0858419433698896
2.2963550746700383
0.3824119237783807
0.17558749177113944
0.3717722842721608
0.3202059593822637
0.10938863344816901
0.0974507062711333
0.3128155777712442
0.33036040709542014
0.4437415835796498
0.06833243173505152
0.417449799577912
0.9549913176343006
0.9684953464914736
0.12359740875294868
0.9030997576438357
0.4551264396935325
0.3889896136597913
0.3219823860289685
0.19061764075709056
0.331929522158737
0.07612596940343558
2.348863709541207
0.5617667883107568
0.46150037251904136
1.913605067894915
0.5812012259603174
0.07766787720981566
0.45523804920107935
0.0038353145621247424
0.748485948487586
1.3273828098006872
0.8093275236505879
0.4539272160172193
0.4684337324958196
0.38662055597923084
0.3864824831873908
0.20305727961449743
0.6166105984911163
0.18765731457262697
1.4724467955012759
0.16701737907258968
0.08950569685062447
1.2147925898430065
0.6366623793333217
0.6689618422588749
0.4554291353641261
0.5308707567162182
0.1295370975369341
0.9438436682821023
0.03380501553824509
0.4745113879673679
0.497992861337106
0.3466921675800454
0.5920922014613471
0.49530697336148
1.843767582787418
1.7136346476361608
0.15069062297907407
0.9204716953755294
0.04609107310480321
1.5447551262328507
0.29104214407867324
0.030822345706186832
2.6432886754355267
0.172974108936128
0.21365800400560447
0.1652570136163118
0.4096059816795158
0.5063141674002807
0.15277721880053957
0.6821456238345757
2.4503535021845955
0.4935287304438996
0.10022258909467854
0.1598943519254822
0.3671401808889847
0.04840985026381736
0.6486420396360757
0.3271265633011556
0.1732248818330274
0.42593063942201015
0.32491898595239216
0.18492278495364234
0.38983285768889847
0.29332933723008126
0.40024463636729857
0.6864545135441228
1.8716361374619517
0.039050908569907304
0.4157879949529367
0.27421642495941245
0.11039567700811515
0.010745087029666766
0.4187234065543151
0.4567879130108562
0.13066740663312823
2.8367341528846812
0.002639124739584709
0.12618166255080615
0.44617654551674873
0.15359635803284638
0.09533590329887962
0.24051036713310692
1.0026184654930685
0.040264537737690696
0.14084168701388108
0.7735814475394562
0.16933326227004927
0.06007373390592304
0.07621452284638135
0.08452328929339761
0.35563142660364305
0.22466620224698006
0.2917075518371351
1.898070925619729
0.786369471888133
0.8806084835552198
1.4432739943338422
0.7948792858105861
0.27494679096133595
1.2633581484685872
0.11091521594460606
0.3349639117835959
0.8700764802053699
0.5078019727957247
0.32640036778585263
0.5109990953180068
1.8857036017708644
0.4348625162086555
0.41395383307216205
0.17178398335753206
1.7427798161740238
1.6122058465851505
0.6840326779859736
0.2091884805590389
0.997524652698465
0.11286841372890316
0.9112259347201785
0.3039325499544563
0.11989202472938076
0.11864345404204779
0.4039552195508101
0.21992191774263223
0.023085703713545826
3.2591782357563845
0.5563088505818623
0.021411643502655116
0.2989372993521493
0.20117806123155405
0.5374185655122332
0.10575873114024846
1.0173712384219895
0.24953512094591196
0.46151308773554883
0.1471377011237522
0.16508013464540902
0.1354205230893803
0.8991887143738668
1.132782766708709
0.555216955954336
1.1838829649124374
0.5396002036656552
0.9351612303924529
0.15220312837335945
0.26906287496693976
1.2860968120137637
0.13210118663070972
0.8685181298462898
0.5174077388648024
0.9525713228370141
0.6632091892092435
0.7363403563886554
0.036697342480360474
1.0607184543274628
1.0466646103154853
0.7403364510962386
0.38741429504423514
0.4021198331171083
0.05554164717101749
0.07561848878379057
0.09392653695331746
0.22149863296902006
0.18100128253418196
0.12670792406572937
0.3815509013301763
1.9032473604934685
0.5683002371093399
2.2982350314875424
0.8444640381597072
0.6155132940532773
0.10943926627538586
0.41507204529252945
0.3366608483337124
0.365121972497843
0.4583649513570378
0.8125893360673082
0.08217823809431994
0.08302384566393695
0.7406826278127705
0.005823423052353625
0.048927534857976705
0.6473685133921598
0.25119750377687
0.29695116233566793
0.3578263321057107
0.036751122765022154
0.35993881553885587
1.2954178732577326
1.0207535837896649
0.3288478798298402
0.6770065223922785
0.5199523493111504
0.6701994197177251
0.2326610009485838
0.052993277761290314
0.11573847298861767
0.29058597432335576
0.09143233747833412
0.0792702147232611
0.85596804708998
0.6468488343926286
0.28401479516736455
0.8095584739978642
0.08027595842599412
0.39622930581026894
2.549449450247521
0.1437132761337502
0.5087036371572731
1.5922191962940695
0.9564076435452749
0.3432741660663791
0.41471787962625056
0.4335070805830115
1.0374942414608004
1.7744709750279741
0.23968513808182093
1.4913885875667812
1.6735501810606426
0.08274560636004324
0.16286923692918154
0.5295015478950754
0.9887049074226575
0.27864348853551724
0.5173487279163276
0.21719029341243093
0.819634221270169
0.13191985653325608
0.34369942712120133
0.08010162526909215
1.6186532296608704
0.15243471697247343
0.19541656852106754
0.13904346407666354
0.46124696575277074
0.39214199550527407
1.0002885679198033
0.498339694071948
0.3990973756716017
0.012717102924759372
0.42633103970998537
0.8113794019023619
0.370184722477376
0.3567455659409149
0.2349160016701104
0.17436270034523443
0.08485971814245732
0.20791195787168681
0.9785824955349561
2.1238341290549445
0.26611264972529636
0.24736026343396592
0.12168979616212573
0.331258010438605
0.17581668823939692
0.24662720091067544
0.8629160895337051
0.4296684141824636
0.4916158351101699
0.03789117434383459
0.4186923694204014
0.10140912249476314
0.23562213043433441
1.670491593886121
0.06825443076080169
0.23066136123112224
1.1973799442748636
0.030977058822941266
0.5288174096467836
0.33952116265607674
0.4079237108905228
0.1002039226989206
0.63897144537016
1.481735978153645
0.33393214532282295
1.7713743300711409
0.11486936225246039
0.4777399216397989
1.2928335056212668
0.15540217164669823
0.15660528262585569
2.601046515890358
0.1696598149711203
0.44251293222967164
2.058945568619643
0.02815109543115308
3.174523827373516
3.2255646168520293
1.6440116583266522
0.33425838641469563
0.8749754398055081
0.217302769693101
0.08056984369402592
0.15900457773152418
0.38930994101862415
0.41703632708867827
0.6042993370986431
0.17368767080473654
0.2560426139809509
0.3863987429071897
1.1495030546859664
0.317434411209596
1.6530393091215287
0.24284913422169047
0.07448639055677155
0.29309938647372813
0.5965755098464637
0.6653957302591936
0.19513618117223414
0.11885811550384459
1.1746497888013936
0.5891435239709147
0.9016053453377054
1.0384975675759136
0.42316695177320846
0.13373530887131893
1.4044516849025648
0.7952869873312199
1.4524219028031853
0.05517411105309095
0.5877732455924981
0.5488383263721193
0.6696666323900139
1.96164360940657
0.4246471673650436
0.10139757259618437
0.08241676797639648
0.8394487302903055
0.7389872866548355
0.1336543404876251
0.5463067004448035
0.5284454626505346
0.7214911967429168
0.3380922311649307
0.04407219186005054
1.1221554635594113
0.1979729694084569
0.5069226570452624
0.5571017770310702
0.037984587833911156
0.24180782472177426
0.9725249286062901
0.12074530975640418
0.8023312555361758
1.4076103350438325
0.6977425742550076
1.585745544516416
0.3125551604438958
0.044095760137732726
0.4208642783256443
0.33818681150736224
0.18856753841717988
0.171339796865264
0.05510284347104874
0.3089799405912435
0.2708058339184129
0.9327651273167314
0.2857236106227018
0.20898062868757655
2.163582187414448
0.18264128899930399
1.0727291615154917
0.19752738368112105
0.027608050705311714
0.03046154082985408
0.6618044012536177
0.5956893284643533
0.3193388934732422
1.3136882428807712
0.7608828993405865
0.14865231204074744
0.1701687097819042
0.29974349679978407
0.3919537497140603
1.511603010228476
0.815785235498063
1.4698593955956014
0.8253461816203662
0.49487549894769073
0.5807312896208824
2.4162488446404735
0.2006901856177424
0.17133069598182507
1.203133905810083
0.3059331582732032
0.3104037490979221
0.2001216117097173
0.2894331308156657
1.9788782687920063
0.05313037904391153
0.1684024574144679
0.768329424727274
0.3978288927240015
0.24146342514649238
0.18273684429977344
0.3224377151178708
0.04801294639532643
0.3063696759656454
0.18096237647110291
0.2601908666391855
1.5293022297755419
0.2845169952654512
0.4954001017690003
0.34745977640922077
0.11778816585143957
0.05844637089419563
0.026346832914310222
0.6527717646254113
0.4436173128757224
0.4106172904601294
1.7094773436213822
0.4582258738706645
0.8734421805004595
1.7271335896057576
0.9443761780785647
1.0289384337363043
0.710048122095931
0.19492806026160608
0.917425713150708
0.703309869061846
0.6399563429786386
0.6335337561554742
0.379580682146864
0.9144152748964175
0.47229993936725234
0.6426269195406215
0.3761083566582169
0.8852818801931781
1.2547030044353877
0.08120201429291429
0.6171350139340698
1.3606686910248231
0.30673772471643035
0.5922775512688618
0.389479353958466
0.272859287335767
0.4523416492138249
0.1615264056337739
1.4599529290778004
1.1325071434752398
0.783226500040302
0.34363360295146816
0.15386926068281823
0.6689700031461729
0.3327224241131169
0.3190527370142778
0.3389359998104115
0.024847081860778435
0.20343203876210356
1.3143233316438578
0.30738680215303166
0.2726341862028041
1.1781353109832937
0.11837800839645835
0.036107206547699
0.00602096664890148
0.5809483598868608
0.8087987481650044
1.0244535773656174
0.4308406817194309
1.4460012739430856
0.1916388642942736
0.1801047809699329
2.062622994461312
0.18062403676877667
0.0850765209675433
1.4396493910501778
1.4784227159182082
1.121245743646181
0.22020296950256568
1.4400442234888984
0.6288798073401044
1.0028614229828736
0.1248554082552658
0.04240493462104825
1.3594565145379431
0.5424168968885302
0.5658368651696801
0.8610558137338197
1.8444639745872276
0.22549363953908513
0.07165525924764579
1.0477507269638928
0.2679496638978691
1.3504584031804758
0.7209973338081953
0.0710981504742842
0.3662475535167476
1.3484726322766616
0.5584887728207719
0.8740424611478682
2.6185120384609304
0.601366309270625
0.3860853862190071
0.6524910119686134
1.3911767690426202
1.1137143381262475
0.47484629546597723
0.8586366872255476
0.5508008194071901
0.8686246822821483
0.49469356879680415
0.3083396292561309
1.3773758485055834
0.15292053485489698
0.11941927465295696
0.13717541416316262
0.05607398542179401
0.296108363595085
0.7137407382568511
0.08396488494881206
0.43327463255766774
0.36973381415994755
0.3827538919547718
0.11260981107989015
0.43430093267852227
1.0439817598433043
1.295196777163459
0.9934464665339743
0.29909425110773236
0.058585362505994776
2.1449738561854232
0.34186733714522305
0.17290753761533836
0.8697371332102972
0.12086595386104766
0.18818508491708438
0.608258506037363
0.20264953426010796
0.08292748671771648
0.20837546314995417
0.4456701965715706
0.8664546598739694
1.2020492528793119
1.035518994483922
0.24706223807130553
0.24954390883225808
0.252771708418862
0.22017150946273187
0.6986713535408081
0.9637894860236973
0.719013413788665
1.2209476873336083
0.4121281702818355
0.21558230090160274
0.5178703765193132
0.5633197540060528
0.017530928880326885
0.44288991236163056
1.4977610837694446
1.1726623680242074
0.6797965283302569
0.10497818623596353
0.014425562279673097
0.7139122047356388
0.27938163898813956
1.2583556373169928
0.19451796800453472
1.3165619117467315
1.0648602150550601
0.6206267096475937
0.19017766032099268
0.4129755921364748
0.031145176542147254
1.5942141200343207
0.36269018100983863
0.09497528345866631
0.4130991078047497
0.8033403795137323
0.34147374671766006
0.2629089176197891
0.15131834243546213
0.5418895439658529
0.13746137482446502
0.24115068166533674
0.8110862667512999
0.18984415819555125
0.05519961752064313
0.09133625839486803
0.09010339401691145
0.08480041209548742
1.0816914713354147
0.4047299084032596
0.8219024022241918
0.43356164154793353
0.14747330318102453
0.10330337885141715
0.20137619408481686
1.316545779087064
0.698211377342251
1.003784737112921
1.0969656736154934
0.9026007698070546
0.8076760269212897
0.15389116751223772
0.4331083061967485
0.6371538676977723
0.0137925777789716
0.6094636159727284
0.42169098267503324
0.03405111439629587
0.03490439859765075
0.8420582390442539
0.29551294902370595
0.5015619108716647
0.9578413708103075
0.08014756417380596
0.32899760246033466
0.7712413146248936
0.841942088834712
0.1075998283718915
1.4873133848546027
1.3699335005643374
0.7425163275178721
0.7640171347157728
0.7798936657564607
0.6081588343526382
1.7559917096389344
0.7297478779011812
0.5177627470124005
0.494482118973628
1.5635594661956735
1.0923372906043758
0.46207495388199127
0.008961808018265773
0.20264266533932074
1.1202878743715128
0.03335828894340933
1.9421982685302213
0.2929322761266248
1.1753821242150655
0.2937451089311578
1.8401909342492089
0.1106765202917965
0.7694502673195767
0.9102304057956674
0.790488954741593
0.6717851078549286
0.2729373008938699
0.050361809163738364
0.09136875018945449
0.5435884946786542
0.18127608335711154
0.5225125950661904
0.6052901809970674
0.4845592098292014
0.13884483677936488
0.8664171208742805
0.5962331467669442
1.8552270080267137
1.5432538093673838
0.43810735097800374
0.22037871011243285
0.38879072330746517
0.8563781443164171
0.5549406023578162
0.4263265320363868
0.4612274302908637
1.0779716713145813
0.769401980567899
0.5143252028846587
1.3466596797196932
0.9421762604714103
0.523755966856154
1.3830475375319433
0.26831938419947665
0.19480134541051924
0.5648527793457137
1.5427744296592656
0.245402393070607
0.2340199533973671
0.13206348958059938
0.419260363558504
0.07187204839107458
0.6816989953541168
0.8707858793086901
0.1971378479697256
0.5816387982910434
0.34290131708977845
0.2332592926360372
0.08358415122233429
0.43250824646710206
0.14355618801444775
0.18683865704979377
0.3656208966921331
0.1877398339838861
0.17366485274108437
1.023341659800302
0.024719896000944746
1.0416125929375393
0.25102602718643174
0.05745291448634607
0.5938755106444871
1.1127759667560435
1.1317163431075699
0.24684859164569567
0.01749954791883028
0.7009415293574208
0.15308097374774385
0.2573779351528341
0.1433458496660939
2.0494601058399
0.16741769839780912
0.19459581841235266
0.7442412088568823
0.036054561454015185
0.15526879269153157
1.3738194143612228
0.5162117538354312
0.3169730143688364
0.3393895529004517
0.44728453451868
1.054042599253968
0.48693829135419486
0.0332565305879052
1.508150516748273
1.1956511088109611
0.13368139137343765
0.16658035313046557
0.45315116538741085
0.5479886373754346
0.8352030628918369
0.05955997102618695
0.08796028760546944
0.13843322974383596
1.6420129412212046
0.279834476026262
0.18650279162836372
0.5465207929678888
0.4386458774703068
0.12760236609959208
0.6597513171413226
0.15110491581210214
0.07295268522186951
0.719756682550682
0.3026835412843045
0.5991855670049224
2.6863147559618783
0.07852035512984028
0.16626198275944615
0.5459392348598266
0.2917942985402108
0.04245489431056743
0.461564773992921
0.5005084553817811
0.8576004176792638
3.4465928428652224
0.15229313250376322
0.1513428287688872
0.2671726430527902
0.2628437495743007
0.019661602555503845
1.60371446197358
0.582694306219684
0.31575977730871546
0.6616789222026472
0.024643627057355795
0.03745071528575543
0.8793834970419411
0.1226333988988595
0.08755904745254499
0.6606450841538947
0.14092603214182844
0.21830034907689733
0.1892236103299671
0.47996332847397916
0.8487144503580233
0.11714087318723784
0.7164789034479421
0.43873144993411944
0.3760976706127161
0.07872085933907827
0.0665732652042439
0.5134955279275909
0.4135038857993812
0.05579809689016524
2.326596855873788
0.3211746038447566
0.7493513072471909
0.5441206422764394
0.5736575364003268
1.0162738646851863
0.48699309963061316
0.7261615207936724
0.10831368874013117
1.862764269434111
0.2272781842346348
0.3505375905636976
1.0539628727359431
0.7106962301607334
0.9468169798266275
0.6661215367665366
1.5677049573940478
0.15154566049529927
0.15033954050194856
0.17835046971822396
0.08878673239776591
1.3696817252994309
0.2493912882445807
0.29100513619893853
1.119553657332645
0.3003775896462328
0.698240850765556
0.7648419829669368
0.3087231431488652
0.5520283532184923
0.269839311944373
0.4552419250497034
0.057447168682266486
1.889348138105854
1.0257803362833906
0.5903073336848463
0.4500329851301848
0.44656167734502483
0.17556415105845466
1.7404496137485197
0.6123711770988219
0.38979497407202823
1.0371520106977246
0.49881277041930827
0.12667113962654525
1.3482443791497565
0.4557356346520654
0.4426343751150754
0.12283817089453712
0.13640096706262453
0.7538826300693713
0.16906938631380328
0.4793725471127933
0.27554614648639386
0.26289161715449705
0.9244180866050694
0.9344245013127619
0.6938315688521046
0.06943922104934196
1.031610312533811
0.19879423213585368
0.728210381178916
0.26544604827865736
0.724453407144916
0.7856667564125264
0.7689896876747883
1.4893392484722683
0.18021681925212657
0.04101035529969034
0.5017046467496542
1.218662350784576
0.6149926164560428
1.3580773909942658
0.1420553098917861
0.5184905006838175
0.9576472112695239
0.8001133233859289
0.22088797059357895
1.1734905591405758
0.3409022134080415
0.7492183839719574
0.3653408960343692
0.20759403603289775
1.4985265021688419
3.173540104443452
0.2752938426170168
0.6733806999747705
0.9889709621722451
0.2769370541063117
0.056409269313291564
2.12381192548353
0.023991846980638516
0.2403366628348156
0.042872303131162574
0.19997439206897052
0.13506063647279817
0.6027627399873027
0.2594838121865021
1.023979648333371
0.4738393447616028
0.2822330617452754
0.5700595781127813
0.21118804259909849
0.5312121743485354
0.02965510781396972
0.8268125124643882
1.4376254678488727
0.9768909934261263
0.5339083479779599
0.6885840469441667
0.3888336141778602
0.43426638758810115
0.011604735566556135
0.0734741533168768
0.9174970195198927
0.26980749947103966
1.3073142595971137
0.8033710059065989
0.050432267303388165
0.6778521064097219
0.7447246551186176
0.4502968378170492
0.13227671682417297
0.5349315328542331
0.8388560551347539
0.1843665549781229
0.7696799164335664
0.4571239452455652
2.0733685484638995
0.6789473780091353
0.07602861375710364
0.8411338017343649
1.7002976992277807
0.5297288864143674
2.3667179975733355
3.0072985887250194
0.2131173093389697
0.39263127953818266
0.0426015299973812
1.1270519049192593
0.526151715169324
0.4544494712009535
0.3711587962608554
0.2962769827046585
0.6900418452032774
0.904334880136282
0.08538200480045936
0.3942920456826168
0.28507868192991087
0.10976104597608848
0.23682374610983195
0.18881064911043074
0.3330314475123968
1.5025782180963982
0.3128013440792701
0.014496466797554076
0.6675713656626103
0.27556716314205026
0.9327687731507663
0.6613578002012902
0.008723113613969049
0.1420434462764825
0.6472150880437944
0.6313345373582653
0.6844164344924846
0.7419040556159837
0.044492439306704885
0.25934149875667584
1.149167763396693
0.4772800001289289
1.202473349964856
0.3610707110348506
0.05441555093276336
0.059592364661355875
0.917993401277053
0.9126812561993074
0.10709166765837849
2.0246109864098
0.27055275232778875
0.7995306333674027
0.2521935595186346
0.16543779492400382
0.38525449357636327
0.20894449010675942
0.18217988274784908
0.27333479954599876
0.059799056564590884
1.5441166422057835
0.15313972564280007
0.7448726737998989
0.07719640659892933
0.19459927116340212
1.2788460165760682
0.2888075969547656
0.06314794934524018
1.003036064535376
1.396476570850882
0.8749185212156702
1.3233357679715427
1.578837402912297
0.0722429957287729
1.75830182769486
0.09872003779351173
0.10608338712127027
0.9543651697633901
1.0746677084805913
0.25305409432445153
3.4839742336389756
