0.7852820115641342
0.060044817570219775
0.4747437202913182
0.09289407456695004
0.561146087474569
1.2602318585725627
1.343260572494696
0.37505797553155423
0.6433593649150179
0.11325945376702248
0.00922869748734838
0.7139035156216432
0.3216863347707878
1.2347873083709398
0.05220926573310939
2.23535292732718
0.5144725787693847
0.8572729705006453
0.04104067672493913
0.06232923152558165
0.301542742840254
1.8376673813587514
0.12424924107088373
0.3110457632248767
0.9386011784900908
0.5890902445216913
0.7737159307620528
1.0542424889572541
0.22251488127581134
0.13723732467327585
0.04959942126273312
1.1573952396696305
0.026651691910497915
0.5439394321859097
0.1562866243736101
0.46417547129932263
1.2930551219483752
0.1437716727132798
0.3865706254150514
0.132533817327977
0.32419145708382274
1.390073386318795
1.6832923251830292
0.11511312550282685
0.33581276393538906
0.31108334180254626
1.0042679740594411
0.19503000372455148
2.048448895165794
0.07540412660080673
0.06055826548796906
0.36180357901251875
0.1966478181940181
0.19904019011050456
0.06501969040666006
0.07291449695714877
1.1322529370970673
3.1145420407131352
0.11503366004460977
1.2047370913927848
0.6723330987175548
0.15039649505844552
1.559828046872053
0.7489703915886069
1.1998241169748924
0.07813572399582072
0.5867199663660158
0.47006904475797695
0.11193950124486429
0.03957819659188585
0.3050866773368193
0.44786152281532693
0.22918072122984917
0.9098412146387317
0.4551052180849267
1.5503694851647498
0.8593356588184349
0.41313885437702524
0.1266211580614599
0.09924288608520955
0.363501644069246
0.6799407852684017
0.12749748015183643
0.5762813259226103
0.12240066057160057
0.010349675735075283
0.03484651437940858
0.2728093608207893
0.024542240794637654
0.24346727925852782
0.5512407066507252
0.12967462923036455
0.15307954236769228
0.6693432697289728
1.7265141949697835
0.027474452039073595
6.925603352267631
0.46965759088741926
0.5113680421975059
1.0544622932129615
0.6056179992278352
0.49530528789240474
1.6105551532157543
0.6560951019300786
0.02156953193908585
1.9135808814024349
0.32386527683041
0.10040689020306998
1.902759122931237
0.5102490172228223
0.16959100760497642
0.5237174307668095
0.08490255921178096
2.173518185607158
0.7968936680667839
0.01640027531861833
0.03929789504966733
0.6760508466645782
0.6624187217721346
0.4199129403263742
1.9091880933083132
0.92806994007633
0.12461771966920385
0.662609098712951
1.1604131127544914
0.3496144891756524
0.1737343631230568
0.02154528355235626
0.0361029314043867
1.3574526788723318
0.8528065242756332
0.1908849019164148
0.6860823746581647
0.532830968322611
0.10749587729372433
0.6176937654526922
1.2954220855678553
0.08192862803919386
0.46030466356449773
0.44425421986197605
0.36435210979151167
0.20202317766318842
0.4429778256127977
0.4500169759785222
1.0205547813209412
1.4651833711636206
0.4971164770136186
2.136837578190418
0.16877910308256958
0.3127003579540175
0.7483787347603126
0.2145231956067273
0.11811946974090543
0.11195375870641883
0.1457595352171448
0.0605376089652445
1.563776160223989
0.32170661832419695
0.18575770945117243
0.5879802487831728
0.1378085612227346
0.13917826680329737
0.46332756366018296
0.24278720464011785
0.3826202719986222
0.3493902542947148
0.3733932214911765
0.2705842892756412
0.30650580491389645
0.1346256310357153
0.06702732923345187
0.14880572942804407
0.09309851216717205
0.06456343704898247
0.6025055058775746
0.4132588237105286
0.5858026327112682
0.7095949733062161
0.3807393013127654
0.30312393307757823
0.7894732021600835
0.5165073633787061
0.22399506186785115
0.13974428309882786
0.12568004734844165
0.12631719021241802
0.38010410156697183
0.016273272097804638
0.20884132936638705
0.45699884463039936
0.8136838233413146
0.20595882805224489
0.30783423366801665
0.8023259137236314
0.5150207206799573
0.6553388653766457
0.6727042542905838
0.42579378225804526
0.639452245558503
0.6732360734105944
0.8477280874878763
0.5611424318863218
0.1658793511371788
0.02251732434946788
1.4520177701951247
0.5738581232770313
0.8649458625635523
0.9143068867263245
0.40067062721030167
0.5515438439576652
0.46512619649789055
0.48322336167907415
0.2349053406123299
0.10967627789156212
0.019998615156743595
0.5622384034766922
0.8706235761195669
1.6064032602422738
0.21439444110707281
1.5239453274189114
0.2474794219623571
0.21820956551606296
1.2304767166915234
0.09181789258444101
0.015095819535142756
0.26237313081307345
0.5582495698622542
0.3108274146249487
1.5793992232328826
0.1897992723314592
0.2157946028864969
0.10765855442889907
0.16086692066571306
0.14040735924973022
0.2727236253201294
0.18451888445175754
0.1104788654139085
1.0363797081260528
0.0547002505732987
0.00401406071971602
0.12670754499432685
0.010945489665386991
0.1363727491249573
1.0166881990505734
0.07690590636182106
0.4858643871169709
1.5971616272327647
1.0920849138100182
0.5142807732831839
1.2870469651903012
0.08648878391192891
1.57254529132313
0.2208204362638089
0.1702289311748669
0.19476345567031192
0.9245248373271538
0.19798002165434975
0.22130514465345227
1.3432710419915186
0.062204351196682266
0.3434149874652887
2.051227548478023
0.7701343179893841
0.40120662856198364
1.0602483929686755
0.38990731301903053
0.8534007158760067
0.0664985081553205
0.31368570801706047
0.29795490615133774
0.39340476179173095
0.022691742212105574
0.2672715349853158
0.19307242509219608
0.47571815476979895
0.3214758484600538
1.0322463856224036
0.3693790263712316
0.7592320189475504
0.30126175445787173
0.011555655020711231
0.21401319758022974
0.3368053567826525
0.4407543941326159
0.46899632574221317
0.5315975764166815
0.11785989809626034
0.3562118615304213
0.07580788301901664
0.6082451229594642
0.2543331869345379
0.8451335429777109
0.0619753068689931
0.7106757685264717
0.8660912740114509
0.20351516851849208
2.9362683601554767
0.5709012655866331
1.0507683335227243
0.625917591530122
0.8380052080213575
0.6297408259960543
0.17029960230632785
0.780549507933861
0.6849340702176471
0.2847210819590513
0.728848435164401
2.858611830489885
0.2230851975961484
0.8252019590025443
0.08756406034099616
1.0166663007956676
0.39459647693688743
0.10124727620489442
0.023588871477347166
2.0480198747496785
0.049617573605669506
0.07520634283812049
0.9541370239190275
0.35487524909785223
0.311298245601075
0.6306356265066299
0.8776767913531635
0.1695441172595091
0.5777864592490409
1.309284016054561
0.9255821165736138
2.6138370358882366
0.3772424806775901
0.9321044411307698
0.47886119462675353
0.704125052029536
0.7189608089668392
0.7574742736584978
0.03563185327886209
0.27219922349045306
1.36420478343524
0.09277830890627735
0.11952736209793798
0.11439109352640064
0.6687014594653439
0.3398378398800775
0.5015501697873478
0.4128825846230762
0.3299284095955776
0.2589685821852867
0.218080007311067
0.27016254654870303
2.6394322372365737
0.12076678886790843
0.22665495599046837
0.3240597361928827
0.009327592455669626
0.0977300504239799
0.23011846642020428
0.045903177838215535
0.25466316541147194
0.569947017202195
0.31574845796790724
0.3392628824625955
0.5978564269986065
0.047452529128031676
0.053190745815455534
0.5742525064060605
0.043643694589095935
0.2408865253910537
0.31644828110017315
0.5698395915604648
0.6463267774064585
2.5680617090963733
0.2606645556868153
0.1579877863992797
0.39388305168814886
0.06866021161094948
0.9181364470391639
0.8676328013226591
0.12354002100613365
0.08188648507340049
0.8901864958988984
0.3361155535469952
0.52063856143587
1.0671059825198692
0.21654990326397527
0.37767778052707496
0.9173710927367584
1.0404021373862458
0.5683795657073898
0.5088630239526477
1.0718106048192535
0.11125742072374743
0.3406062511455878
0.18187820220808862
0.2701243986586765
1.5494041687205988
0.2515751951830106
0.31604370306299956
0.5533868256815825
0.2472441962014378
0.5087689473352136
0.034497763661852206
0.13453946426477703
0.19428343897406766
0.3099139164927307
0.8494643719955345
1.9208080227773727
1.173460699843153
0.2945216466538806
0.05924423709335097
1.390820156017572
0.19956273936216098
0.5465380752597109
0.3729907761819824
1.0291879019461982
0.03100778665259491
1.1301582001056865
0.10984993203052969
0.06034372623423063
0.3169333673273561
0.17184317907309912
0.43720398846251846
1.081801878937931
0.3234536152701436
0.12174602219260806
1.311441353679594
0.11003530143086976
0.29752909065510263
2.452948646328891
0.3091462447295603
0.13008452722898217
0.861331801658035
0.31803759710375723
0.3219879724872947
0.9013746013714111
0.3551863112688458
0.08616495168010199
0.14829712565712705
0.17467186666034576
0.7448639400843386
0.40945877800888947
0.036332263279251605
0.5732566432765248
0.5647327766809594
0.23651131192855857
0.24946285112119562
2.615309581863793
0.11393124453755506
0.42611528074295013
0.11131420183642644
0.08671882358821019
1.0272940859591884
0.4885975055518472
0.14340407053532309
0.010732674987096704
0.19641887833330043
0.6231567924280981
1.6233317720539469
0.30423961424495977
0.16392912428703663
0.12667047356019065
0.3750175640121804
0.01699909253739457
0.14925318110367325
0.6316581447114126
0.40895447070325164
0.16467398733059824
2.2963156900626824
1.0316761963876016
1.1212764749761768
0.3088721521151639
0.02756526912164152
0.04648354958700553
0.19143924815538144
0.40926861713299817
0.19741913758483257
2.046963103739308
0.22400285718800184
0.3530935492847402
1.3844204030715046
0.2130528105439603
0.773340094459026
0.5147294475234441
0.48015415222208485
0.0495165458017391
2.273325330389045
0.638704644530906
0.23851410416203303
1.2787785471682989
0.5978968901580455
0.5626666880940905
0.5523152263711878
0.6842552208140483
0.4278334962200281
1.2355118312145235
0.6133901967448229
1.0976684284089018
1.1189297199826636
0.2000381248676053
0.13672600198901597
0.9675882859961743
0.1737097195822024
0.21823928287739042
0.22665969004444655
0.26636646564646627
0.23405390729513792
0.7150410207296977
1.1559629456235578
2.041759302729851
0.07174645657727442
0.676584024795395
1.0061415321327731
0.502446684955052
0.9080054349682876
1.3950345795646864
0.5580869652185435
0.40300960175342043
0.9747688031013754
0.8300322338537736
1.8847578034656418
0.4135742889323107
0.8038739779804018
0.16184305855426367
0.08414894938065555
1.1421800199047059
0.3492022464952903
0.8215843840628535
1.029041596576848
0.6600690287438755
0.3830675052114851
0.17656687752021047
0.3297313076620349
0.35492078526774046
0.3542788874122892
0.09532710359408551
0.34362047157973524
0.5514607890839889
1.2423881212467034
0.7895754974334058
0.7017576568983851
0.2588833727463723
0.47416512741003336
0.42926628231330327
0.12076287232614362
0.03394042040175669
0.20702220095712312
1.8110190297327728
0.036687057651826456
0.6678823671279821
1.668052341045978
0.4337977433679868
0.21543701325295428
0.3679296470425612
0.08990741253526566
2.387424517492456
0.5485325131609273
0.3041077477267804
0.6605857397816126
0.033904627134254336
0.4785286204811273
0.1829801744509806
0.5445399972930969
1.4382466515537051
0.5340258495247433
0.48452286041063614
0.545065321604783
1.0023933965829306
0.35249554257159893
0.20463545978806028
0.29251062739065115
0.2029294423602307
0.1734627702986351
1.290068952124976
1.7393077927308198
0.6273726694324849
0.8592896987876416
0.2730399465277158
1.0792440651994863
0.19464929866680583
0.531670731043385
1.1450557491505042
0.0770209912783276
0.07585865754093954
0.039588431998209
0.49996311044765596
0.11232066485736705
0.0823017404508104
0.12450644408847086
0.4996204981155224
0.6019084438098983
0.874389994195333
0.38690974687547663
0.438576682253526
0.06334899698742952
0.10076062932445991
0.412572852585701
0.2718633325723414
0.6922160838592885
0.6654720582224559
0.2429204630097944
0.3860971553561118
0.47229740824621613
0.4523829748359628
0.11013029875496402
0.3167544395111562
0.21529077120239107
0.03203541749534969
0.5343485230175137
1.6089464201699666
0.204975957026344
0.4083142815164839
1.4986779673449468
0.5314387077600535
0.2534856738491026
0.27412420120088776
2.1807739513605573
0.6018079250935019
1.1106892717276113
0.19791642206463783
0.12797063985737872
0.5933189441737512
0.3836120502149432
0.4167695965726691
0.4149445763703599
0.2162938123086242
1.3493412455591847
0.7634634728766585
0.10551657145404598
0.1118424287984999
2.2883477872633895
0.5003462659008514
0.550250538950808
0.19847316234612977
1.8074955343222907
0.7729063601540418
0.9527739278883601
0.6352234829250014
1.5842511253724152
2.0297048862966216
0.2235000193225372
0.02815622977104738
1.3340631082628946
0.05255679219445378
0.06956003627026977
1.7862739170338553
0.26271372429565565
0.11675234541737135
0.12509290036646356
0.41235267204243964
0.5358665398258643
0.2438744642070877
0.14015215728609354
0.14123060028157478
0.9336853913783457
0.21049934662047007
0.4235886956456695
0.5001806281075712
0.0413740614248171
0.18487709327475177
0.527462977512403
0.2505005995816422
0.08140486621967359
0.44243017333826
0.054597761514333425
0.04046583201135952
0.6560574060155345
0.33351797307334785
0.23219777504545164
0.8150022190287446
0.1602900996023886
1.095831511691283
1.6162778971825418
0.08509208352563605
0.04958135910515851
1.6222225463623563
0.719768469727976
0.15694688141862267
0.43283169437429186
0.06534988001797842
0.17295545812406327
0.4160694618883716
0.05383535342775367
1.120695333373428
0.7722666271237615
2.6476990657055315
0.5679373378068139
0.5049574085447563
0.6969358983528439
0.5712807318442557
0.26703630702894954
0.0648773948341348
0.40373250827241297
0.6911225025869224
0.3305399176723695
0.056645470600594536
0.21088481104264514
0.8481695545664601
1.6970160188677041
0.06448975920066652
0.2644427462742572
0.7348116336259808
0.5936170398008668
0.9341454464046619
1.0435064504491
1.2900961106742852
0.4135583530647612
0.3607670092578255
0.19635181098423432
0.5234747604449104
0.09431160179882547
2.028132969364126
1.3620609338901277
0.18594341319755922
0.909823280258094
0.8853030104580893
1.2271231060417724
0.0480157827483463
0.4089761699909699
1.38902543998564
0.809534533205167
0.7349598925474644
0.29268370768061697
0.2397666081924697
0.2151435483713342
0.03082486537274027
0.16588888114187814
0.3835489876330154
0.3274323419147615
0.4706009757165205
0.3370262203830129
0.06253883840036434
0.07499663694978026
0.9120720908578382
0.5710666523926986
0.8883864558372644
1.2485042384317973
0.05701229412472809
0.5218156736682709
0.9092228330850357
1.120063736181676
0.7581387837149085
0.5548294837563396
0.607649268257066
0.3174948721440205
0.07721606112781171
0.35841314473774066
0.5613041800744306
0.08030937954666667
1.2244368089506936
0.7221913840141763
0.26784476835492993
0.32067703231969297
0.7909767762846174
0.09161616585793075
0.024517386805050247
1.3527544830324463
0.3097081991507036
0.14200497184519906
0.8612043293570391
1.0630618190787622
0.33014355375693044
0.8118545176738614
0.7483187708264429
0.5523492151286881
0.05141602303560723
0.6186946040822967
0.232715076911003
0.46902307864979326
0.13686891421621636
1.1777039162394303
0.5684033361429827
0.04774546025022212
0.03809944475838477
1.8538840295662076
0.17942097732868742
0.13399145658080097
0.7099736123236211
0.3206910441764052
0.29613541044213443
0.7663654531614374
0.08310234089659488
0.012619257384616672
0.14549913245433066
0.18651013763870783
0.046524157423455385
1.3751594301481103
0.16631038899931913
0.4160541877909845
0.13779767088304115
0.21554596602959455
1.3090528430431034
0.9167146122486538
0.3924050909713178
0.3568560224851707
1.5580980930799782
0.09622104867809743
0.3022878576734021
0.5153209894517896
0.6462858589735548
0.07277933456503886
1.2406825749184676
0.01076272842306348
0.17306743485258808
0.16752470349464113
0.14866645305439247
0.49937254506591644
1.7424949375444703
0.18948011069975457
0.4618314566815656
0.22453291267992798
0.22175015528755473
0.9334168707342707
0.5642673179123434
0.07480677954886747
0.43790901022437184
0.31653143640806247
0.04386177161856762
0.4758880688879947
1.0743747336366631
0.5212778712019872
0.602440725875584
1.0037125909703941
0.8760351171537999
0.28701319521818086
0.5780793585536509
0.3625017130042558
0.09613152583750831
0.5022538885616182
1.1290007402007851
0.837341102483311
0.6277951861152667
0.5882883018526555
0.03177162828876757
1.3150608877266987
0.9566108920617786
0.9362976209816105
1.1321052004005039
0.4487021607072086
1.4398205232496055
0.6139094081932059
0.05624602873290707
0.4046567882148783
1.1938431445252133
0.7070471113041924
0.5769224413889049
0.6772380451234522
0.04355858804038493
1.0184017118597828
0.43294606297636207
0.8061184496838519
1.4568258134442376
1.1351114778042133
0.09434675768381769
0.14723227534663938
0.37655838372526823
0.5235804504748146
0.6296033831928142
0.31277113364345027
0.09696659399619435
0.3044994408254536
0.08126694467915728
1.5397127800173447
0.24503137094075159
1.0018132071035546
0.3412085233863511
0.2756125679582065
0.0788996701902755
0.39422720232624475
0.3184794779323625
1.0866562004097273
0.5826421279172698
1.441540482031526
0.7477953534256264
0.04309019933899264
0.3143283883706625
0.87155660800332
0.34722433896399707
0.25486392832408566
0.08572455562971504
0.17868021937571726
0.10119986618580883
0.9483953489064669
0.4896707691875733
0.7857761009678854
0.46722859091397057
0.029134032041197855
0.7196507528113157
1.5678769106751802
0.9308945551955712
0.4072832208253437
1.5248546614589504
0.17767207978911886
0.5802138600201845
0.2203937763123795
0.9313840056537365
0.3280899923994275
2.5792304393807357
0.1368582769317964
0.533134174734182
1.8730963533093479
1.8202259091105053
2.0292660180282254
0.6969507248954296
0.8085149895177872
0.5059532643806436
0.17848208953601244
0.4930064114811041
0.667223336249685
0.21030793244885082
0.19364983266561497
0.10388996517734461
0.7199558278608756
0.2006808377088252
1.840380030906811
0.1168056202983737
0.01901169083733203
0.36575033422524567
0.287233814939933
1.0945745824913216
1.1632411010476336
1.5024657731882016
0.23022798868980152
0.8708309107382283
0.18780389633089517
0.18680848807599573
0.15248536141164187
0.3282517880304766
0.4116919167567719
0.36134541388131314
1.0589428891468893
0.07466380209702472
0.02340112365106922
0.5114033890665619
0.38908499135052044
0.6981688947721282
0.46481898860389653
1.0555420890842209
0.6432469148643294
0.3180743635437507
0.022904828554758404
0.12492957035243647
1.0744519315859273
0.24120963167745943
0.06567657915128289
0.8010994534099986
1.0584082022813937
0.2624297365879125
1.3914679336580291
0.4865227008735106
2.245922895764163
0.19024786715470574
1.3611901907190644
0.003191080559093085
0.2341911196526682
0.22368763227138402
0.1611683210665809
1.881215823192189
0.8597701619356275
1.018256806000081
1.1980716565313736
0.13981341002597478
0.6396600746610572
0.21588896782878284
0.201023326598511
0.1585778575858186
0.41794069143898693
1.0313107638294428
0.029292583349710254
0.49177514735540545
0.1314489887888414
0.03679497354500314
1.5094218798066001
0.20174593494541093
0.8203613263551252
0.1884917177248326
0.2654619278992631
0.28416267294452535
1.228145304094261
0.6494461833708882
0.47585478296292283
0.6512286123198455
0.5863828791751109
0.2214090921184335
2.056872774281599
0.2860808874298843
0.08203251647704198
0.3624261841845795
0.4697964483164975
0.7194151164297045
0.4563305548700852
0.3040296703966565
1.2680117193285887
0.5601151677103328
0.258597620301198
0.5013082351015908
0.6672461517879457
0.11557593416313827
0.3528389273784152
0.1407832355438784
0.8533764623004201
0.016466480759463525
0.5878365335329797
2.1972227407907035
0.7239495248740474
1.9393258126933794
0.8402897113871142
0.5041106243108417
0.520746715099119
0.3962510554659378
0.08045219314052356
0.9317751219366339
1.6084455491115206
0.6792373882981022
0.3950040571572252
0.02453863582859975
0.14943826281699965
0.5039755428241087
0.03153450292754108
0.20078409393740326
1.7856806090838844
0.02026428420376183
0.03288756297024965
0.11824934486113717
0.44439041614006247
0.8398206111690986
0.954446698649994
0.5087229174112791
0.17104595870368036
0.9665849615473864
0.23959028891975861
0.38488968586589767
0.5898994592454744
0.23201639567842602
0.008154160034311433
0.5387283838282113
0.05552403292562457
0.21439952898851602
0.353397325645772
0.22584389849786363
0.24783080544255934
0.4526427024695607
0.40930177628637743
2.549425508445936
1.0052576248499054
1.7690148875340983
1.7543504957824816
3.0872246727356245
0.0490808079130889
0.041509396477009644
0.3195802807528319
0.1128473663049338
0.9273352916581963
0.8153299450478898
0.24125191201086996
0.4060759253294066
0.9840977085047867
0.36279045273252203
0.07285054865814566
0.6264034750137745
0.441454778750104
0.291781954486646
1.1926936806882742
0.620437632670391
0.436134600305673
0.8376143120627301
0.13551260908671026
1.0289707333525917
0.3291575443431415
0.17613955111268922
0.5399777230689724
0.24172602419729786
0.49096460332395364
0.6374968651365635
0.43122358970412755
0.6625014248393365
0.8196384727446075
0.7698377320278679
0.3235897893267328
0.7808756532155563
0.5518018608776054
1.1162007958517068
1.2725903100742548
1.158602164804441
0.1302145522729647
0.9217435399920251
1.2345540850321433
2.460163153603167
0.007993524424840854
1.1825909753795762
1.0009302297254703
0.3777458118109404
1.6378546738137227
1.5990914719779061
0.8893215641609339
1.9068312993150163
0.6712316867425809
0.3923860683459173
1.2664058312912043
0.516406048073905
0.08908031584176752
0.3077970634188394
0.34960214307649234
0.27043212194965394
0.01049873454094048
0.1330410361911585
1.8682298572931955
0.7664823592297831
0.28797863443367094
0.16318348941138258
2.427999603046836
0.6048572034660786
0.32576756983968885
1.2243140058104482
0.4748936977260254
1.2202160924489756
1.0694357846258757
0.18383666008777472
0.3300512217150152
0.5031094336666021
0.12427713019638277
0.1526541720612263
0.7327571101068484
3.4362728750203666
1.213146626830825
0.5702764756222144
0.3671607190417012
0.8114743278554687
0.4245451942870295
0.5050731485277874
0.2609136601170263
2.0846359225887876
0.6400369367929779
0.7245666479824489
1.2430849263550547
1.7302221288465742
0.534286083505834
0.37308203851555694
0.13134346941225067
0.03131882387740405
0.2446246149850061
0.13407866307906635
0.25953729097774664
0.47249224880223806
0.04680710427099166
0.010068904755900424
1.5220672998595506
0.3622063830507901
0.04836494776774011
0.8335350294335514
1.1288271456521852
0.7670837893345328
1.3716999506503622
1.2093699890657252
0.9556511942253989
0.03050082141855661
0.6872953701280736
0.04944482971036863
1.7295946695018347
0.16668510630059405
0.4184242400581764
1.6147433843682508
0.42463381018564067
0.1647586552025227
0.21614826355981764
0.16443051895539096
0.05803932895832288
0.5207707347890235
0.40345424484609055
0.127950593782131
0.6573960333301695
0.3563551752347826
0.3468061009142117
1.1625516315875526
0.26477580750468915
0.3898426866600727
0.9002763054138964
0.4118214931230283
0.3683057198520123
0.6838014335995932
0.5622930213394519
0.555792824537191
1.5565251324451383
1.1668960371660546
1.6854854644609196
3.7200846163737014
0.10222619852435687
1.0154742692165712
0.10603424085845116
0.17649825025402138
0.7403265642249993
1.6226659811564943
0.5168373676734302
0.9471082091519222
0.3576595522077831
0.042079720787782465
1.0806582332560737
0.5039459243995954
0.7402930887923691
0.7008921305826252
0.2954626218203375
0.2191786116556149
0.06940565888261868
0.27121707029288644
1.128432895201258
0.9703404781402056
2.3115403901682976
0.517700180239577
0.44873430358339533
0.8271533878428963
0.17186464549429725
0.4316958236252704
0.4243662264909174
0.8032575299508008
0.13155395990030516
0.3141938079485297
0.02472325385533537
0.04829071038837705
0.6381234402568238
0.5151934133102835
0.2697666806774921
0.5238351990159029
0.1090844620225016
1.2970453748664583
1.424458738884917
0.21243311722782654
0.42409425199011336
0.09578108646586679
0.3450308932406137
0.4093292608365125
0.1869890932815876
0.03889940698726122
0.23261271932267294
0.17495863367333228
0.40614858400743653
0.33050821529611696
1.0191048351527303
0.3085439307103793
0.10598222265821487
0.23190807899279434
0.3675171461533478
0.6342813434467904
0.3148427814717091
0.10917238659438959
0.015422631057990969
0.7903419969412308
0.02800255512416404
0.13519713082739335
3.0008717769337885
1.1974380156308904
0.23592909429264072
1.3728665121457428
0.2426996071152862
0.11300329672542142
1.8500309982342378
0.7967932204527849
0.11564804275756305
0.05534007711089014
0.05572852408146271
0.9030449639781738
0.3736521912532521
0.09249937633610293
0.2619640817673797
0.049744056404520995
0.20646622237595802
0.4208306695023535
2.5683797627393514
0.3197610590411457
0.4354939236466245
0.6867724945276257
0.31582825752762084
0.1848465959411345
0.35506058760663234
0.18528062088821415
0.2581762642976679
0.5701732153919375
0.14261688690457913
0.12854082807329395
0.3532146627765268
0.1682640082267529
0.5451043333650036
0.495336470485738
0.8462216934373897
0.22579708823016859
1.1167054609341087
0.038013554013270806
0.49778838952700377
0.4032462599130717
0.04640255905650526
0.025314363097195636
0.26311793855159427
0.07250074710621802
0.24599640403739162
0.8528262509926787
0.26546413906340915
0.15160248396820533
0.9356676511579252
0.6756833707774725
0.309220376985668
0.9918987963577863
0.23136930632692027
0.3344573531865748
0.9728124997298663
0.9043150609152538
0.48237158296394866
0.06714378154861118
0.4350911618353564
1.2856449977036726
2.0230827898595938
1.1108332927009759
1.350205758531426
0.29890521862182784
1.8358562023486646
0.027423398818442312
1.017926286586867
0.8543043943062076
0.7305336134304011
0.40194974995372434
0.08580714986843106
0.10181230762215705
0.3244007133489641
0.14822544671547888
0.046391358961861744
0.09623185310198785
0.7904698361801318
0.6027974299986879
0.426727740483213
0.33119531729070845
0.11024758435690517
0.7724991861137515
0.4093574931109063
0.05845508998917591
0.6943213917231429
0.8049533055449766
0.731058023958569
0.14575803786330538
0.3348054879230046
0.05837209461178469
0.32340918695987675
0.47703672294625477
0.5193152428143083
0.5658553695772746
0.059687381018783195
0.5318020699801546
2.052470459629655
0.37956768963538395
0.2405324266647789
3.6458194565983466
0.7136207042929681
0.489622820878223
1.8403751001615474
0.5667117856619691
0.24364925240860422
1.5690784074691018
0.7012544573116172
0.7555391469009991
3.8472101890433232
0.2278636727762384
0.5897596523219543
0.4654057253401821
0.6180452005710938
0.1148669296344199
0.12607757007711515
0.19257175215835914
0.19963080060625768
0.31050241139943663
0.05072158764618542
0.38722962445416503
0.2986535347126414
0.0914681426175134
0.42092403502783643
1.6424197463588268
0.0697948305579965
0.6247496196284213
1.4321553230169504
0.11408511687027939
0.9226371605859495
0.709385210262076
0.7716658820788999
0.8739542759022484
0.8675751688109514
0.2947581129034871
0.3957816711323835
0.5319333514743816
0.2595280071797431
0.3838104209605466
0.44357163605128846
0.17155538902368533
0.9626850229076855
0.3600271957941675
0.1933500902877898
0.1872975183826257
0.31893025892327825
0.014415418579777892
1.6156344797235296
1.7774122312489908
0.31932274083714474
0.4787775223739449
1.202260888385771
0.8094761072801395
0.6875808175544795
1.8439466921073728
0.9064894805024006
0.19659042476886363
0.4773096662444739
0.7268654672746616
0.3107547064173018
0.6477647741954639
0.32013902300160785
0.26148409089774827
0.1955854427432695
0.09430822970056323
0.09681519137954499
1.0350425480226497
0.044530473321693985
0.04078452213281434
0.3412481476681417
0.2846868072451529
0.11575604665585336
0.5285105508419987
0.06059549263175697
0.0766840799890541
0.9659478251263284
0.8666894926043037
0.2600757009299388
0.17960638587048175
0.01175668718336534
0.0909978935774633
0.6166290115551077
1.020521830267449
0.5049369365166239
1.3320924724109984
1.6288283053139445
0.6584515097169119
0.6573315715860557
0.7296193002539861
1.7025979162343652
0.20487445793673534
0.886438150420141
1.3672683097134257
0.3821944744720902
0.31367807754400806
0.3197292754540546
0.4163893421772272
0.29247823159989883
0.07833398986311774
0.7349958275693477
0.9985884189008409
0.17664794069275944
0.23399279131185255
0.35852352582882757
0.16854106703479252
1.138705984705137
0.19015589243862055
0.5145044446522159
0.04371383368962622
0.061341718862884705
0.7034459862698065
2.6785393119616434
0.37577684805822886
0.5370216954431157
0.025123966142168244
0.33612581460325175
0.38854838748044446
0.6154013674310109
0.36085613414933665
0.18743029010516774
1.6980565584371579
0.1201631094058511
0.09981855107306319
0.4086940575761884
0.9399054795323171
0.37959995401135815
1.3321202147899203
0.4312933126526515
0.24801321604701992
0.04433940177662963
0.12550867662388038
0.0035220599685356247
0.2305262148200562
0.7726387730754787
0.19201432601546828
0.8776971700938436
0.1623563411302591
0.3853041114751263
0.7369916015912158
0.034776156880464745
0.24919215515010565
0.9652199371995135
0.23140365193876802
0.05507765045383702
0.25118440798253133
0.8758549735317944
0.0813333661601759
0.6520007735498949
0.6961098011951291
0.5285693770396859
0.4640946037446961
0.6412739562502247
0.7322344142418926
0.3195037378955565
0.8286835809000208
0.1891380518003616
0.3457482144919721
0.0511177276667555
0.21849777032978152
2.085301854725342
0.628289883453136
0.24275705746821227
0.020541584046303813
0.1136605606785308
0.23295700314678597
0.7235995911832356
0.6114312076753864
0.03629230664204252
0.004838321528544385
0.5032015526453401
0.012209364067301205
0.43943064755946804
0.1790342943076433
0.04656403314636876
1.4206121500887097
0.20958820669333902
0.456707338385521
0.31126491870151113
0.3963599979070054
0.09498309293346532
0.5213895141680888
1.8369337087420827
0.07378513423366893
0.10503132027380174
0.16373928372415086
0.5422375793033468
0.315989506362969
0.263508161641877
0.7749484133620698
0.911566397165428
0.4593698548410793
0.2052100105657048
0.31202220307419787
0.6272895222276872
0.42282238570066155
0.31374141537743266
0.12705094959533247
0.9534099849574256
0.9355814952067861
0.18915401858914366
0.6459725665563149
1.0190604643496393
0.05097371402515237
1.3133308573673377
1.1945779032095163
0.7722365803125705
0.4886307454928412
0.2659229117658606
0.02956873870774445
0.013373341281286722
0.3460200592126557
0.3893127326134781
0.24719621317985122
0.44611924466255526
0.5178941693714071
0.2767240793881171
2.030502015525274
0.09837284710239032
0.18768743608360283
0.3048297097049067
0.16686229078412623
0.3696232426178673
0.6505249972597095
0.0764754284041747
0.08311667662408527
0.7969618940521725
0.13187643583530342
0.05833782489358579
0.46415132279490157
0.1538407497409
0.9398240648192006
2.7252387707105026
0.10496041416455942
0.24201871858535298
0.5133588834833316
0.05630191042709096
0.11774115822610824
0.35751924397788315
0.685658613055023
2.0267280485293417
3.6927520398302693
0.3439145442035285
0.9439734225142695
0.3216856895554724
1.9598404434400893
0.1297582322960307
2.4671785699033273
0.18400675214327616
0.16528595946236932
0.8890198726736444
1.3596151517263055
0.3437507726608607
0.7675085768423261
0.486082724564955
0.950871956245594
0.2766602366554464
0.05025573832226637
1.2355424248955622
0.42221478538135027
0.3900135537125554
0.09457489214092961
0.2537308641943742
1.022437316481001
0.86524810185836
0.14937607380194157
0.27991238057922685
0.24133582647663343
0.5647480153632012
0.007815261165632463
0.07754541731860717
0.6888082614638316
0.44488746801175666
2.175850594940763
0.38878845912467275
1.1530630560697697
1.0246326774488672
0.7146310807485199
0.317155471111364
0.28325465417410467
0.37734702783625323
0.1765045061952561
0.08118552417137216
2.543864643086873
0.21249540708086312
0.06338074022198194
0.646333249089739
0.12654570139035387
0.030182624403395406
0.314007719575204
0.5295113604701375
0.15689053258404342
0.4212233800754044
0.38702521155579306
0.17200069777277918
0.8518280671081526
0.7324186646884001
0.33251861455594783
1.0440401228673613
0.3072912372440431
0.7669694021038129
0.9841596849613449
0.15545777470215102
0.09795036123288439
0.5517959439390792
0.8048558231452334
0.2573907036022227
0.1665716149516167
0.037297731509455354
0.06627291862795595
0.07828241417756863
0.52456944242028
0.7016894714817413
0.9731526753217558
0.23408090619319782
0.5433191780027614
0.08125178711312506
0.19288339881751074
0.7748584677768972
0.23293102105782654
0.2041640322398408
0.577018022960841
0.4625500908761795
0.8173033352398328
2.667539125357862
2.0414732284060126
0.36006695261597566
0.8153654460950046
0.27047502315144384
0.21647894323580663
0.6029084373182219
0.7406801827185283
0.10782114755356335
0.031223992423385343
1.7197371403529198
0.29073150940379905
0.3533395559437784
0.2458878172514171
0.3043241171584097
0.025819289926439625
0.5039360127854613
0.045021172938490665
0.06988827587789898
0.859780798411932
0.17833627605290928
0.28789629072903894
0.19357287448879734
0.5247000223580784
0.45611602582365157
0.9404648024155766
0.45308750191997593
0.523976370704792
0.3601811957039309
1.1700002243629288
0.7394083034283027
1.36348446102751
0.8248093231438812
0.06020224281157174
0.200556906035452
0.4917385849891777
0.6972606858599092
0.4638064736414399
0.9770508804377797
0.9227765057887932
4.11081660031654
0.1232436825221011
0.41015894988377555
0.3221021112555117
0.09839235091584843
0.39623215614223983
1.2129286215855637
0.2721510763387295
0.38878889970726793
0.7279924950014475
0.3753597222166618
1.0213688405053287
0.6574741397271446
1.5545484012254307
0.06810904092836442
0.23069421051456993
0.32249666052202736
0.22632572043446067
1.9505216825941643
0.16188007663371784
1.513287598895604
1.5684580072549543
1.505114604997692
0.3192028201013836
1.4843735249010805
0.10242606967098146
0.04190179547169002
0.5012651626158098
0.5146107316587067
0.629811392865808
4.05653022578586
0.11472321300645909
0.1388764898528009
1.500939549000107
0.04161893051951069
0.057884353857518576
1.697809280046042
0.07864169442855626
0.08145120035275696
0.9217850265250337
1.8151572586885452
0.1252775346233436
0.11069129243538096
0.05118653508976894
0.05648879055658323
0.16092377215372378
0.763495547131759
0.0386879941592865
0.5843212414293402
0.10653247620845098
0.027371958521663554
0.2619883448089154
0.6755589075102333
0.5621304073588052
0.9158428743145839
0.0938501677027245
0.18907856088842187
0.25519467813686647
0.8162604500996886
1.0103688440732221
0.3693368262448481
0.2124511768667389
0.21539134720356246
0.20110274053740643
0.44272571253850684
0.49568922924336917
0.4636647599580194
0.13314655834467978
0.9299787273764855
0.5103195484169213
0.06615612746342872
0.1052009744972939
0.5719785212448003
1.2982964841279023
0.07755106573796682
1.2162462405933008
0.10293123824740517
0.15300040924432765
0.22423653704286944
0.31307200485424275
0.024690319263695967
1.8083178997808502
0.6188493748995186
0.09026908786919667
1.8191732443006092
0.06758318324361437
0.5050673382438131
1.7450833128544219
0.08986027275717942
0.3419018231381501
0.3170318723368513
0.1556141729818988
0.4577241662967333
0.6489126036755827
1.9937898296523326
0.44986988212175333
0.39942059836083726
0.04298926123450067
1.1936932071198962
0.2651633672743057
1.0806452849254062
0.09799615833577018
0.23717354384631925
1.5349521880539496
0.4857430074659894
0.4047451716075906
1.1617344465448651
1.2331695324746952
0.022857676670252267
0.38382407443185645
0.00801930960828677
0.19626525290493937
0.31139530511799496
0.07490855022853882
0.5036540098973487
0.33455926508840567
0.24076977268978147
0.11040711734457814
1.1800454860251521
0.021019309258065912
0.6221145516549926
1.392485705214927
0.8453944264439056
1.6421175190313857
1.2592086758490693
1.5097989320148637
0.38426465934286497
0.3597673378160603
0.09526983863865048
0.9329874645097943
0.7039071639296931
0.13788220132528597
1.5712373689605459
0.5827721520262396
1.4542679079605305
1.3470761693806679
0.8985396128900225
0.38590481747216243
0.34077766527891157
0.05560172408082368
0.022954334397042586
0.6290514636878642
0.1585913041334708
0.059219370899931977
0.47359906847075345
0.10093755893274788
0.30355435027698824
0.9384512710382191
1.1492055146622056
1.035840975255494
0.2257095810781189
0.2391024785224061
0.41238860417506173
0.41341620651745875
1.2017836631829997
0.1338354807551624
0.17338845915666654
0.039082463781363354
0.06767578938719816
0.09380661791829434
0.8258466926783574
0.49924911564087904
1.0171434059291367
0.1325338037405055
0.8663898719593234
0.42830310565751245
0.19576537950609785
0.01945560990068722
1.985586813939427
0.026435388787825777
0.42069827479979593
0.14555505464314775
0.09087071681674758
0.054616423451058174
1.4999241574866335
1.1736871561624105
1.0528883447154487
0.33956331482190455
0.043997845335579905
0.09366519240789459
0.5594207009782637
0.22579398520797234
0.6890526698869671
0.9445147570624196
1.4252411657095816
0.06948915942719293
1.3783752367261775
0.4494210889174724
0.07827447275629666
0.40735382031085265
1.6280815425138215
0.6713849364341633
0.7531878350712252
0.26011434486545154
0.1059542760365542
1.6134545738685562
0.1457772920508314
0.11940540117572346
1.481420814169546
0.8688371111448945
1.347213554584964
2.553395908273743
0.4928372951698512
0.153708349244171
0.306077564397465
0.3867949695610847
0.10679697337456553
0.14346362804543014
0.8126846959984891
0.21623265367151281
0.5589689218677348
0.3123930018731788
1.7757815768124703
0.32619438308074145
0.06937296559531317
0.051908375869555275
0.16515344282752673
0.16950482255936888
0.013753199426931586
2.234828642310595
0.23872362013822088
0.014266499311094728
0.5353770106654516
0.2844289110754993
0.04429941808833925
2.1365868588219046
0.2568631579141165
1.1512741458838174
0.37577112916541466
0.0827064923362945
0.5474908894415752
1.5885311266840956
1.0973574235530457
0.3270958184350076
0.10639505369935472
2.0125861994869974
1.5783917633900806
0.6898134966335163
0.059066472645769474
0.367170694836426
1.6265814345239737
0.3040491177295255
0.04604945986647627
0.7121533146752024
0.38150055512061726
0.41422523883901585
0.7767788903503686
0.47705347061044684
0.2922999917347356
1.330236627276657
0.2592294631601159
0.11195771968083669
0.8024535683753433
0.18083428180636493
0.07707480880282888
0.1812840035930204
1.130016768898543
1.5091606251300385
2.915902600291316
0.5504034271313976
0.16916842849595054
0.7030153381919974
0.2837950505135702
0.19505082410884275
0.09412274418217925
0.09409963312356222
0.1024139935811636
0.7738816804235106
0.10706605435137641
0.19622164648189555
0.23019275669900577
1.4727079405300196
0.8632877524669802
0.6830239688999258
0.5603797025155691
0.7933902556024063
0.912097482849064
0.46741264810917754
0.4455928250400059
5.179217899336766
0.31575928271528003
1.1078561369941673
0.38573253240692024
0.02422454932114424
0.6142822088867069
1.8653414064497895
0.9259698883431525
0.1908798675824086
0.08494535242299195
0.38701921208559537
0.11435344106431479
0.11923196454649237
0.36205712181660027
0.3833306928255654
1.2303064817571918
0.9262057747621663
0.09968243977249
0.8246541587513019
0.016842544834154302
0.07005532333292602
0.07452372569480602
0.347717683162087
0.06576499475706649
0.12840436741862996
0.31038610979570785
0.17245138126044854
2.5516006425831166
0.10823477743555632
0.7859524419908296
0.022010708091425475
0.013830659052866765
0.6185734679501228
1.119122867805197
0.2641605207316011
0.18156020067464224
1.6178483584865637
0.1869071918323355
0.19950132754283326
0.5802475322756667
0.03788208472092768
0.027473766009145775
0.6321460493787568
0.17302508935759192
0.13394605835265003
0.1262457187344338
0.15126588798866808
0.7071308555023506
0.21352348068047652
0.13999586077138707
0.12011562216742847
1.0954761269426794
0.912930793831015
0.21004247803016504
0.5757338321491339
0.6008761984282945
0.5265992719006277
0.23311596170760726
0.539168703472556
0.18930147899208524
0.3147127406035729
0.398331137275129
0.4438527440885938
1.5339915495347347
0.35091262841218535
0.17963588717975812
0.5792225112411772
0.27199280299555495
0.7039765096835382
0.027831083114829375
0.1755654809334921
0.08027810081674802
0.2841049080228153
0.771178812131268
0.3515838409822449
0.3095902856635938
0.8897277329303355
0.9647088795835773
2.5714990962419715
0.8432205867427702
0.17755074240487934
0.17287210896948782
0.011423905191606335
0.1673710849925004
0.5618718439620968
0.5373219167937603
0.5857885682905003
1.3547719177581228
0.07247846311611647
0.31092701033561
1.356352814336432
1.2551792859490567
1.137828007178766
0.12270778306543455
1.028923949649523
0.11846304437766018
0.08455496046088866
0.06431248312332048
0.0950266515587326
1.553029206557038
0.5756575696349626
0.2451392051908727
0.5751024377949187
1.578518196872239
0.3101175209082142
0.5758842185976788
1.0668648528919333
0.2273564941992658
0.4005415483791756
1.4158725590932062
0.37462580869773404
0.16962431447058546
0.4319136543344405
0.5014806086388496
0.9661477302798875
0.2871544810363494
0.06793578704523269
1.0752545885228426
0.08472790646685416
0.7044142820376531
0.8390843478592832
0.5624408087513293
1.0074166792625596
0.3117127906959437
0.04166242781065588
0.4758247735732182
1.0986208157214932
0.5477223146531107
1.281278064638596
0.8697978604636782
0.6579818984759672
0.16984478824808089
0.5765342744947879
0.5202353462619366
0.10170925648791791
0.6893749254030711
0.03023629427787169
0.12623233690166522
1.3127273392952024
0.10482873436322063
0.10767271966054447
0.5405275275698191
0.22270772078434728
1.1641693477995243
0.7750597440396149
0.44207813000324314
0.522581165652938
0.37348598119416315
0.018829489713472737
0.043556773991735354
1.3648841913345835
0.4230221514524792
0.05329162750578656
0.33538572859451843
0.025306766215800514
0.10042208736796145
2.6431198730844154
0.018537907626471974
0.45220097118217956
0.7418536477414803
0.22104634150784744
0.02660295738972559
1.373510237413798
0.19785939985323958
0.301244553787844
0.768273636362276
0.32406960986792155
0.19002945253883774
1.2928637596641817
0.20141119238231692
0.0824001712518886
3.0462762113282884
0.8341968512408074
0.28044944500804986
1.982332135770852
0.17287422732273333
0.5681972144413793
0.2948509198224571
0.0603503310069819
0.10853777283354213
1.0950683931989982
0.07624090871627247
0.009433352354793943
0.17883614346811935
0.08750230451559671
0.5276763905278319
0.32452708082637105
0.15546823922735367
0.3903072706049172
0.008114106101803343
0.2644087524898907
0.0009087470148132742
2.195993585936143
0.5850265054516949
0.8335379287916541
1.7187773358189309
0.14233663644706598
0.16454090643699523
0.45473994344704793
0.14375396244060604
0.476345481117975
0.14136543808708313
0.7172748170800654
0.027663780822451006
1.5049402488737378
0.08189723004658579
0.11417715431534439
0.15516513101021465
0.07420404147696665
0.36762792222555885
1.400170824299636
0.14824517289701425
0.3489249044563622
0.8506298612467408
0.027093819864578605
0.27081714281162944
0.38115155996087896
0.05838900673616445
1.0207905117216707
0.10367890354575783
0.9544504537088984
0.39286276454252966
0.4047791055634857
0.050028047551391876
0.335889264271477
0.23595820081518298
0.3496903772310915
0.03863771239196595
0.7762359681518493
0.2724900482632169
0.6032299104456106
1.605867337643261
0.2132675182156578
0.2375845001948895
0.5867974277938897
0.3095828396418053
0.05073176256596254
1.1758578679871827
0.2092312874601419
0.32241357991365033
1.3984345898233121
0.16343025074311282
0.32262534678853005
1.2105030780005193
0.24412076352194695
0.40225015405971043
0.6463000609961105
0.19497989269704794
0.0018764872356738201
0.5260853044217433
0.3970114961723671
0.42924136085653775
0.12959067635115126
0.13132384119874338
0.6937471611627097
0.09475731864907384
0.27802038272609986
0.8542242008929182
0.5148337450294512
0.22852270096110863
0.02355824490437149
1.0253878136398509
0.17447667790203714
0.07665362783999838
1.016188459648448
0.26010441988088684
0.9583829800017942
0.06461638552945899
0.2533860137644326
0.09896136407028451
2.68249120734139
0.15896841516239563
0.7210146782635455
0.44285991452758383
1.85366809225349
0.48661074921481595
0.23208833915863725
1.1732040699931434
0.7828812191057298
0.18181173971175393
0.6536050416925092
0.6028062581009802
0.8279791275073674
0.2729648192187736
0.6110323435686102
0.18067080532207608
0.35657584192845077
0.1438686577675642
0.4059405508947596
0.43755007389370565
0.43483847750660937
1.0953663837572403
0.3072220612663606
0.09239945748053535
0.7182761668571049
3.992194460939738
0.23631693915004737
1.1142922252251748
0.3353034296918908
0.5505356449428751
0.09966460585317964
0.5645950663021773
0.42487565238786285
0.7071441467244306
0.03750402050618083
0.2183227162346046
0.3685203354019465
1.2290427808770827
0.5199069214628649
0.5113988915063171
0.07059075564236438
0.09500520778282089
0.19723272156124969
0.7497938820659322
0.5353533460325186
0.22748423255413613
0.030015152704739624
0.5367983544311943
0.5435786372069921
0.13275531169842336
0.2947576077960864
0.3143300700859788
0.21491227030794152
1.7015135080809947
0.3305089090489846
0.08188711331527979
0.27929985404454677
1.0993334750559145
0.2317409412161769
1.099035417714554
0.3405631204987175
0.42124579918405336
2.1566129143022748
0.5658378285538788
0.2932746985518458
0.03309026133703776
0.06115769513666299
0.21007451571848607
0.08441549751790256
1.2053052725656728
0.9276105333097358
0.5437994933497557
0.16120008525317192
0.7176388441988272
0.3397941648821005
1.0635837936099852
0.20475626033915761
0.15746472580356355
1.0912832702637278
0.57345843151739
0.5952622264024446
1.1477771531513357
0.032795903735889705
0.009623324562890667
0.7826660828903182
0.3386516920577666
0.49445418653671436
0.8330747061822872
0.1829612208792922
0.2859510021350885
1.689046168660887
0.31970995256081103
0.2818572449586608
0.6920291149577584
0.7701222805815883
0.17401100587144255
1.496297221052245
1.734501877784342
1.425855073987783
2.281076349063836
1.3440066166770945
0.6469361290388008
1.1200840333833646
0.25081241620791356
0.011847839472957259
0.11299173965930623
0.20691768615268352
0.16632331696731473
0.7432519721187488
0.21446555127244793
0.09581899313747942
1.695164230953824
0.5028851753266443
0.5036590285728362
0.35501926168201947
0.2812624378082605
0.43079141315242925
0.15046712058826248
0.26431469449495126
1.0408701640728406
1.4042443014417658
0.05728135484843684
0.166158647070265
0.77517908200965
0.32295894803837394
0.03944249464005956
0.12556429922432524
0.2788395834294829
0.11038588390886726
1.3080586812922497
0.44241216672776174
0.5303192973873084
1.4825525708716298
0.04085796698533166
0.8079969956577192
0.29938782392401986
0.03990538718526532
0.6882026571684506
0.19228569261734738
0.09002744085501839
0.22344186769428964
0.044546811257545456
2.1023315664196227
0.6850454254324664
0.2608017398938142
0.24411466078462507
0.18201551564681195
0.7483019964032198
0.5340752881264813
0.5167160509660829
1.1022076320424037
0.03205266624896197
0.8255879477014276
0.43428718216354045
0.14611732422518448
0.27540324648735515
0.7987342591415435
1.0510669921065652
2.5030767751691405
0.7080821014490747
0.13467752461051744
0.18670833852803437
0.4496229256608295
0.29920303994744873
0.8803599138455462
0.7728286405413041
1.5954068058412962
0.5177221038596321
0.34909409733396984
0.21174150025114197
0.2803663929986748
1.609919809707663
0.1012229605894506
1.114569728140779
0.6467499303621771
0.027957914913528076
0.058142142873438774
0.7325431965469389
0.28203323446982437
0.3255890012958273
1.1611010075053463
0.9742359604338758
0.23753212033469914
0.32274079782527926
0.693811997819833
0.6139545318159895
0.014100063475938084
0.10989219566976995
0.12717118284397583
1.3806787392818236
0.20692174766498767
0.07936607241852531
0.30946838764844264
0.09661253205136924
0.030123302955757436
0.8745568878911347
1.4034147645924224
0.17419342686823758
2.980145988044992
0.7368810909294744
0.2202299082194749
0.4733454055480859
0.07355231499992014
1.0646704049068845
0.455974915623969
0.168803325216362
0.13895683737569994
1.3130772507464425
0.32761911147269335
1.170379216415581
0.9435468306689593
0.9127522997259765
0.19907166577481236
0.08404250455509162
0.6150062768808163
0.45270389887381784
0.38328424544376766
0.7158168484398497
0.1364428602677353
0.7891730376311296
