0.31794141468102377
1.0180670930863474
0.5255423610329107
0.20603207175207158
0.10635530003103157
0.5396492446358847
4.155149907903707
0.3126038977304916
0.5149451682669997
1.523162705901052
0.8214795951641624
0.1620311408503056
0.5781979974882329
0.6422192011179183
0.4530676932169278
0.9900022660889339
0.23795866598694154
1.8961236300823692
1.1971374077486756
0.524788969071178
0.11282200417084068
1.727626375530342
0.2361587521667259
0.4888704545528452
0.9737250261009666
0.02616625265627958
0.2233154688357611
0.4428090350240407
0.01951385499887845
0.1396492346513605
0.07473334339981771
0.12527599386626112
0.7575329842137103
0.9589372789814926
0.19521485783885462
0.1988861888994126
0.22103097837496888
0.8930735979081882
0.5167474392959136
0.9491771706774587
0.36664028742907323
1.0949659999237569
0.22592243990343425
0.09059928072412993
0.18423779632439696
3.0413402282428255
0.5829431921535368
0.1809562982731844
0.6086355912647712
0.029473739761853655
0.15496292247694446
0.5256897543053255
0.29118041007354184
0.030215834436022465
0.6506538439042393
0.17967809948082322
0.6196732550428898
0.7256202372713028
0.8742177743971622
0.8596219724779437
1.2444241504078088
0.14281447731200378
0.10329600147615728
0.06638159627984028
0.0640117933555561
0.01087005483268533
0.19280541353923047
0.06196873863397212
0.09871642556596316
0.240456253370195
0.06780140842081901
0.08896984632326707
0.29846703856532697
0.3417922119182047
0.6227445111282609
0.0170023849364118
0.17755473118926213
1.3692562030822328
0.4414845948234538
1.453474078339643
0.9126805859906633
0.4367159492041602
0.30733240305283493
0.46941186001610313
0.5414269827770383
0.011972861224986394
0.16960807082698762
0.6842400021963366
0.10596394102873338
0.5611387339551214
0.9850731272425025
0.8499727519024012
1.3118748356610688
0.4588701254190178
0.4640233545231959
0.3416351606460248
0.8519933125090722
0.6386523091342781
0.03342387506298791
0.6763648250692276
0.345645920124266
1.2999680965877745
0.05583414315941518
0.48550095652582326
0.3614715474780483
0.27007206916282184
0.0117751122599558
0.0352634546844319
0.5903835451942979
0.6919978021901748
1.3813178363450211
1.4709460031422616
0.04419672044457819
0.5889222624437241
0.7125468839446369
0.7348957492472435
0.7990978788008869
0.8605274079518985
0.10417349142014544
0.1316829184694593
0.22176070006388018
0.3049535909888799
0.07052682868032714
1.0461867904298325
0.1917419539259514
0.6921740703676722
1.004692637645025
0.02766796435528048
0.11846245651463044
0.5137585986248432
0.11840077691304725
1.2746797480169152
0.3288281758627007
0.36215296407789993
0.12931922844008417
0.44668260461623827
1.435015365853236
0.9659948312802139
0.4064154572097029
0.9354287790568241
0.18482601968768914
1.7267857942550244
0.8605810884758102
0.33945021290618466
1.3124133276144747
0.345670331439835
0.30822096228501533
0.6694486978796939
0.7375153657475042
0.23238310528803618
0.15487437125919415
1.225182695125801
0.5200764339433406
0.25523150459328875
0.4342458971170461
1.3195769446872583
0.7097126998836082
0.5909097928727518
0.03941057736701163
0.4589588127128094
1.2096427508892091
0.3035831998096426
0.45052903189627913
0.05662612482583922
0.01750103706223927
1.2834421241659222
0.9168860658961163
0.08200671574328729
0.2858005669684189
0.31859522404666885
0.721869148469617
0.4449032870907845
0.8439868661240401
0.4352275445622579
0.41051984874298314
0.25713478079914215
0.14351502865101756
1.6639547689304546
0.1277538311509437
0.5967079908926894
0.3767550684815508
0.34259412233346703
0.22884403167820155
1.422773160228287
0.029607614128638014
0.2506558825890512
4.1177157883745386
1.191494301383748
0.2761710929607925
0.03801744573962315
0.48834361807514937
0.07505031248446979
0.8673919454134624
0.0666339218402074
0.023123877846841914
1.273381967053803
0.035419118794452614
0.08924852993839577
1.7248369867260145
1.1607411597162942
0.15120466583041955
0.296710176961909
0.014506613831240545
0.1060335295775815
0.3719660897733351
1.2748798683430687
0.4191679636481417
0.40154073860950834
0.6545123332434505
0.20688980108042707
0.26149034014384426
0.023612638967364784
0.4313563940739074
0.7143274634962238
0.09896938263049734
0.2379092426183575
1.745782533183095
0.2786239409844823
0.2473722411611
1.0293443685749695
0.3381240771523626
0.2900152242296914
1.8235268514901908
0.20041863450413086
0.25531097393129865
0.3931274757876775
0.3091168865389747
0.18802071786286897
0.12835950525139098
0.11791556481545395
0.7963443260149748
0.22964869865429197
0.24725672188250014
0.028122449411163333
2.068540565293473
0.34418128030543876
0.3172528742751923
0.5305764223301997
0.20307036129582443
0.10042645529841829
0.6616385205999137
0.3159282522813863
0.6718504101225161
0.7043016783729725
0.04239973708303988
0.5474719617620476
0.36056334000403156
0.1048811257298737
0.09634444389209286
1.293647953940896
0.6359594210437532
0.4828268156792573
1.105689595554524
0.12883923376910167
0.15498452715322134
0.48546798583065476
0.14902144323863045
0.18825073241743906
1.4491426171257253
0.23176521833615826
1.286330299670326
0.7864741747254761
0.2359881250158502
0.02281689656523992
0.24968597850175292
0.29747403946589585
0.27218575122057004
0.061080792378798404
0.6080511905513191
0.8516126670142339
0.4000470048599335
0.3515587379597828
0.16963881630946648
0.6549601638140893
0.43566189113347814
0.7573324131427978
1.0100115221492338
0.6359259393122704
0.6964427355208282
0.3498923735364444
0.30706887681561545
0.24710496859846878
0.7761028147554889
0.2475960823161753
0.21715698936450534
1.1465495052942993
0.3852622124006357
0.13107484117331708
0.09355166161903453
0.23727398569903915
0.528121272746733
0.536639454518171
0.1361310281287607
0.19689337733138662
0.2451710630670716
0.6025224933862937
2.430257093441168
1.137183535967328
0.7818118232127481
0.5189014359394409
0.5238048732284658
0.09450874968908263
0.03844227171003707
0.654910694153505
0.14776533449397353
0.3866395918960253
1.6492161323260632
0.5784864150503197
0.751976303753965
0.11048102358760548
0.5647338769081054
0.37870336782360037
0.48274527431800557
0.6431379877474587
0.05295661702493405
0.25151777811873893
0.8814318649679274
0.22434300734375964
0.24098501587211385
0.03935369040053603
0.23641730766584587
0.3898837015036307
0.12661607747553466
0.39302970367924656
0.20505470446938592
0.6714256181204922
0.8496138096619738
0.2518063415009024
0.056080959529398844
0.11995650658268589
2.1823949153499593
0.6744246776552321
0.20262176928466666
0.3952046528404169
0.337141108862686
0.1339381968567625
0.6654308577513954
0.03551549850676131
0.9108399934681685
0.37736334624980794
0.3188008631567218
0.3910557006174225
0.9116781579362722
1.0753693093585583
0.052184450657321454
0.05183705777337149
0.46630692517534245
0.8559511305678394
1.5799229681927993
1.7210807914260353
0.9415883390405119
1.6195715374830946
0.7047168902363272
0.2690295363298542
1.470815799607059
0.6457353872020661
0.38309107014390675
0.4619032996020745
0.9482235286208572
0.4721124905802662
0.5200889872931685
0.6787862199482619
0.9293724248435083
0.7146567344382543
0.2219503626424203
0.9533596324202611
0.21500501390675975
0.6210284467277647
0.11810909450594641
0.47561303413456474
0.05057415430048486
1.3128915149306852
0.8075781412621871
0.8669608855965789
0.9620321565193211
0.7869021573398355
0.944833537028182
0.1283464098389569
0.047065099409440946
0.18344542555246837
0.08314781964528685
0.3305811377127919
0.21587005124976477
0.7423209137898579
0.7705137587267679
0.13150954049668934
0.10912192334629373
0.10923413834087983
0.44189990087786746
0.14491342604595675
0.14842327809802555
0.3544677263195885
0.7342950896915874
1.18636547522794
0.4472561249031992
0.8150493493544253
0.2624621681692248
0.1796480192863796
0.2022783154976315
1.465667119491322
0.14206519762128209
0.9232478831555978
0.3238170329886406
0.12881625117223108
1.22579478405698
0.5577971929919748
0.9594455173195305
0.3147319893971182
0.5918917490467048
0.03043012275087286
0.06812733866240873
1.3635188632140869
0.18668691358722472
0.0521692997934623
0.6589466818824152
0.2391763663338207
0.1278868104350022
0.26962264939990144
0.033123153772965146
0.0039026065902699344
0.6332500917486341
0.19152382597280262
0.1449427546455213
0.2379851237245989
0.22135217070305882
0.35341307866467053
0.7968605754146546
0.565886054695505
0.8281506757641166
0.943572263646023
0.2733788975615033
0.25393293672312583
0.2405443385680316
0.5661042146485364
0.06789430474707248
0.540259896649092
0.5461543156013106
0.5657987768335893
0.6272154565157549
0.37164544982470027
0.3471233547973603
1.4751950796780833
0.07809574862299
0.15692618733217098
0.583401595283016
0.03335710946792757
0.10203781634619007
1.120556128908792
0.34881923609818055
0.24310349883547563
2.8814081916365524
1.2076186375052018
0.33902448363846205
1.0761273156202353
0.319529260358095
1.0882208914240252
0.1316462819280876
0.19534334435430126
0.1301184138409377
1.438578371565777
1.4584916296639423
0.5210389838179049
1.3736594585049122
0.5532499501633528
1.1849257987634967
0.5699938589487114
0.0329134075110845
0.3327481874527587
0.08895168633550365
1.082465431400279
0.8470748379762598
1.1277988540179282
0.08437044237806704
0.3581135095464464
0.4755816637367814
0.5846440416752217
0.08950387743555402
0.3503050221799431
0.15046794897945864
0.5443365224649929
1.3146246920668532
0.25656064998105027
0.2501668444929821
1.483008982661947
0.6052217469091598
0.43720771559532806
1.2004262581831748
0.17560477373454925
0.5138086710634004
0.8760625153754015
0.030187007759685275
0.11179587693107221
1.1100401787667604
0.7702091413669566
0.3153101274708571
1.7675391259279445
1.6356609618910176
0.6388877319263363
0.5173189954845335
0.07809210622704725
0.6542117387749808
0.6060988438064402
0.09970617205164338
0.5918077919563343
1.4081114677120692
0.06347485048978892
0.1671055135376255
0.09686670619509427
1.0234786351523009
0.6076982955855863
0.41486597542306314
1.2678569527203587
0.35849207681241085
3.2471976977331605
0.7532679872004875
0.29412069771521493
0.5654755521294206
3.0669919025278327
0.4493414666338635
1.0715194968121815
0.49200315096355185
0.621181406950269
0.14097873616577009
0.5000130517557119
0.5333833104127804
0.34486586661776586
0.22566224138984964
0.4687646752382714
1.1608602174215723
0.10465211033338884
0.27178926416168836
0.6536379978112916
0.46798784080803024
0.07100910908235467
1.002413372834686
0.8730485431162143
0.4794266627871341
0.3415985909927304
0.40469505636166037
0.1802944195164132
0.16789578910356381
0.8996061968659835
0.40247937206517265
1.3142520975939092
0.5102704184018314
1.6879399955504486
0.7660549036285357
1.2532367185961946
2.1760219625054167
0.05661876250802688
0.01662045952139851
0.16423833361159304
0.40689734354570467
0.2811655608423937
0.26530505002410865
0.9609176319787113
0.620728879823849
0.43859249236327347
0.7374600019960433
0.39356366188994446
1.1934272499229557
1.0579707072415987
0.6759105971665804
1.729134659620326
0.3899204412654563
0.0443033207485379
1.7897566086210943
0.6647081447489472
1.2068711828779701
0.25977585466765246
0.9873850192788916
0.026546307764371595
0.09597140344165118
1.8989113687894406
0.18250385805449246
0.7232261576954949
0.5909266690846053
0.09224250230081654
0.22881182406844372
0.1932752447570211
0.9750766030833908
0.9801604869605904
0.1299210196136855
0.18964332583130322
0.08201743338886942
1.5486839261817438
1.7889158038362523
0.29462400419580215
1.1824727718413999
0.372049625926501
0.0519572282827443
0.310253560394391
0.7635561628198532
0.34923527440808577
0.5282497343224212
0.7156387774658312
0.17863350667400701
1.1706418888932255
0.23723182792270925
0.7082740886965304
0.6163843285554171
0.31103791287070554
0.06333278368140037
0.6941431212241452
0.7602030953587089
0.3252961551625479
0.6782425012099714
0.718132464179571
0.5389226660925188
0.26140090140105315
1.0239321654605475
0.9008379373967446
0.6475994309651285
0.6108386556559362
0.15629552074139416
0.08144913958722477
0.05977362909107871
0.2125249918582706
0.3910756302930902
0.7151723507376211
0.06689917403022207
1.8761883420677479
0.11964122700205061
0.3871752675552277
2.909936253967743
0.38770809270293977
0.447542901980939
1.2354570182443603
0.48083085530730096
0.24910186936697873
1.6254893248645053
0.25293163062611274
0.2926329898768986
0.24230374711395447
0.28391862192618594
1.5465295241806818
0.3398271919205188
0.6175549065520523
0.10005619127282613
1.229472769821414
0.2273520868131504
0.3318435567049354
0.25063519423603753
0.44290335705308553
1.484471000890876
1.083809068863409
1.233610771793564
0.2337268297642213
0.4232979214628782
0.12125116235886041
0.2901346994225985
0.6946335543917935
0.24424163989725053
0.13366835866773666
3.9450067562945756
0.47161313282124784
0.1530972422269153
0.507124620327367
0.05373360258199274
0.19240071153726046
0.5910682894754219
0.6942676463570333
0.03094613051089543
1.4976098254819548
0.4736573776989861
0.24293238579656803
1.4262787638721728
0.2542728738565132
0.7149481241987408
0.824265260404051
0.18520363536114923
0.07425014361690195
0.2519151787830181
1.1839180023664688
0.04642691886686013
0.1544084641405202
0.19410861075603814
0.466712291545961
0.85454557311878
0.1697056256729966
0.07115401113226906
1.1665028411008023
1.0449031909207789
0.21077093166282676
0.05519743883546903
0.1451621023104108
0.08992277459734471
0.9418348847479338
0.4734844623228565
0.20983672428435157
0.5084175955483894
0.2312284440901273
0.07168436330901157
1.023132546749607
1.0353063228061214
0.822078099852693
0.4124697032855693
1.4086961189256149
1.2285309913226192
0.3143892619043804
2.1140505404041394
1.1911460601385866
1.0407172944678544
0.5879158457924585
0.07501487893779536
0.3369397176276037
0.1609323738983167
0.25776529855687375
0.7619476347591716
0.0832990289153787
1.3578379948615553
0.3999831484156922
0.055464680632972545
0.28913241323200783
0.8581365220259367
0.2158347641092225
0.023770310386887678
0.9841294931258578
0.44412729401448414
0.807063161077362
0.48675430253645285
0.8537387248823748
0.32904971560110824
0.2669331421139758
0.6459558073078079
0.5015175120007559
0.04523736576063913
0.3611955491225902
0.041669620702681674
0.5435489933738962
0.21179196343090867
0.10666592407215908
0.3806115188260387
0.3858984031062247
0.39178227024065365
0.6136411480190234
1.7816055051914599
0.12954240087187788
0.1450072123392976
0.37121255105807716
0.8536221600294744
0.5137404367372701
1.5732087269984607
0.6647201227094139
0.24370782051727313
0.5284674670188396
0.2784638795217595
0.3552034648581938
0.5725427066743609
0.09223261553957394
0.6989294962119184
0.0044946701236072625
0.17977871961797995
0.20744427708395538
0.4317276778580834
0.19044060972748902
0.37076917064460707
1.2982814315078046
0.5777177349366694
0.0008660628783917592
0.17169460158644448
0.1641290481438344
0.8505029431693747
0.15284632974341394
1.0992471693383798
1.0712182539061763
2.2004116949336487
0.5947469067504537
0.07961633131925179
0.017150979236038914
0.18528571587095247
1.414985241134604
0.004044188614346723
0.1872603136752821
1.5656662474009235
0.49265178520375413
0.2481236052454526
1.21729278578953
0.0607915558279476
0.4320888437376247
0.24474761008648885
0.33272525548770343
0.010251659554653637
0.8026458463062884
0.22288631494521774
0.11601285220568731
0.16559355487291538
0.25205874269016953
1.1937514418098412
0.2935798801867324
0.17565505426305833
1.5490157254286754
2.576206905654492
0.26514425641784295
0.7573491630518276
1.4461184839784436
0.3265275928801908
0.16817818406346455
0.16708208222329654
1.1652210286549576
0.7387353925077988
0.8577913955822535
1.2852060714907287
1.5643684928199908
1.8996312066705712
1.4282284325926202
0.08372324803812459
0.3273354974526411
0.0429991210077739
0.007978370563383443
0.5189247798134348
0.7639234795519249
1.0915945719727667
1.0466745197970406
0.08500008326175973
0.18980443720404816
0.8753195334273937
0.04904599750907674
0.20505226946573496
2.0241739349367354
0.15904374580005526
0.5983373271933863
0.7557417857259457
0.14360159132084327
0.08775900854743465
1.2982255364971655
0.4186360576923017
0.23398720467054443
0.6004746633908346
0.04560650279409788
0.09475564324439506
1.8444803500730125
0.7298436358310598
0.08207693531225733
0.14752293641257763
0.0150417658431053
0.004395700344418392
0.032939575665882105
0.3772129005465266
0.3118457032645065
0.3836409839074683
0.1576106362524542
0.09712231677190417
0.3562423331786091
0.09017603708806568
0.3427953580812924
1.6797824100821628
0.08332728595787484
1.375092951090976
0.7947883725599793
0.5414060900770271
0.6484459758458426
0.49056171576968904
0.31624724155494294
0.12232910795766129
0.8538664557779632
0.308941515088289
0.041943629087324824
0.6321224023972597
0.3652003760776688
0.43055209508564524
0.07471711531098767
0.0037910178875659997
0.94448095584332
0.11147952733672539
0.01599315316936827
1.3893779790970284
0.7447062748077091
0.6752938570153574
0.3537957902929528
1.0398921850152616
0.6950275255037935
0.11042950109877056
0.7886024512757135
0.038894871343142935
0.2488447473314382
0.641221341375535
0.6063639900512785
0.7052560688180475
0.9501989585977682
1.4099413541501211
0.48543733241671616
1.0110151046878098
1.4851417131109057
2.1946112458125486
0.9403884587256363
0.6979456742080714
1.2022934994172505
0.44736431950211875
0.0592511459978728
1.1948493158431703
0.192985512941661
0.20608136432449095
0.04509724951524826
0.28455247762470864
0.044364541145736486
0.08454821398116179
0.0827375123101146
0.24423488451312395
0.25458839849721854
0.07301835333342999
0.06936945590826366
0.05596581659945845
1.0688858241818393
0.9946074965918874
0.1434223681142206
1.605411202660574
0.08653054174341948
0.42095620316115445
0.4732620709378679
1.0478996635700704
0.5950981523738809
0.35414758674970226
0.11936426911937155
0.6322786341227492
1.4172936593033383
0.3524769261315547
0.6270380376098079
0.44678978914373935
0.8560583452057118
0.14783037482224948
1.5457968500536998
0.2155448907563519
0.6816519781888714
1.8046058144897856
1.7373288448733397
1.287281517043678
0.7834041265900311
0.8314376596282811
0.16599446059239847
0.6988581707695657
0.6515417965166945
0.213940891325547
1.9255658238252622
0.9259863084987546
0.9755928645919186
2.355833061638343
0.15205856240540372
0.448208371972264
1.1098804896375756
0.9223591018661282
0.14431277573813317
0.6692981802744932
0.6147426145062573
0.026131279919193087
0.21923198252352616
0.09099934055736712
0.042701114198021764
0.6016882056080517
0.03236081344310622
0.06264041940660107
0.9555433314436259
0.19509357171315456
0.015454217004089619
0.44446211864785806
0.22090059099081613
0.08894511061214802
1.1469994036564626
0.011826844599842233
0.007353869060932072
0.9863050107713768
0.04956344973741901
0.5057738969712876
1.128160347688459
0.15128451425208317
0.156801900844114
0.1217498561299575
0.2463769549864662
0.7617849554968408
1.0295503269185164
1.3557200345901153
0.9377058463997116
0.7518288795007141
0.7073411870355418
0.4407648720121829
0.504618737268766
0.3531816307871906
0.06490930251994956
1.1318856667375006
0.38763582529307866
0.2799984221688286
1.3126247822787234
0.13556249862438677
0.6305711613499192
0.3221781140921322
0.0636695626353293
0.04691515060374783
0.10973054465654597
0.9516082676346563
0.2512020581154519
0.5214283182399501
0.03536679610436676
0.08874801047993029
1.320298474159819
1.3647160243018999
0.16488280307658967
0.2639114734821325
0.30163752563046997
0.4878256351383377
0.11256309302847908
3.152225544719321
0.20304280980047723
0.18261642150001833
0.3230868234095293
1.1193591049554468
1.5382203902001057
0.6996997456466414
0.9514447517049347
0.8124988824885865
0.11548048925060338
0.22109418136916992
0.1843381125767066
0.23050378491867607
0.40135507815466687
0.7677498413683249
0.3316905024163242
0.09006367661892513
0.7644453950066038
0.09218163473640693
0.01756072097502914
1.930273373946238
0.10937216310256317
0.9863322170906689
1.0014767703713539
0.15310227236894272
0.34725069927857455
0.15986219480167688
0.02497976278072358
0.06733604184013986
1.470110569426433
0.1158274190354235
0.42250965940532187
0.19044988795108067
0.07093494990639447
0.01095984732024778
1.2269986414079677
0.38209509576562783
1.248834785317472
2.848142140892467
0.6246606540423323
0.5137984872719923
0.47512333933433665
0.23721009920237227
0.09347818588633637
0.15271763666167848
0.08793254889508738
0.6446105073389833
1.827902020422799
0.03723377124597053
0.1665585581226484
0.12643178566992447
0.47473597470609846
0.069098467324882
0.8823488020594755
0.7055335800147576
0.31023383200639704
0.697834245418591
0.827202973988029
0.1823039558913784
0.7859957982661105
0.25056189396671624
0.1627366406505972
2.6370258140524307
0.3165284122372754
0.0646635882601068
1.8430386245998223
0.13820136458396548
0.1004626846354401
0.46874388394431854
0.33955862933557146
1.1765501650523482
0.9805714772963268
0.3151230205089655
0.1668834475116965
0.0861090427798019
0.4037714161309736
0.13126538227292367
1.342936940457363
1.7548521931445737
0.6460931847133028
0.897136068209898
0.34478545084352913
0.60198742593614
0.9262939458477638
0.4062194196975356
0.8641212521352982
2.3651963278117334
0.21504157766804444
0.7157145612274624
0.73611448314321
0.21103325223308766
0.2781788138531461
0.8480866474420553
0.3500294053077519
0.010924252035769935
0.643608876688317
0.13648025058349203
0.06455371797817805
0.33188356142165876
0.05027698408023009
0.3617790058016742
2.9803476409368512
0.4076138551646714
0.12713347298940897
0.16970516681760495
0.030295917684950158
0.029717620378347465
0.6714571936995034
0.7679042637276465
0.9794627228504954
0.24182250747705689
0.08784877253242125
0.009675530152615866
0.16305632852056248
0.5725294159430468
0.04738868529129376
1.2191708787526307
0.18722608547323236
0.23001802081436412
0.27618146111979264
0.6105845832759108
0.23557324616189126
0.8347705080531663
0.09263355163550355
0.30630953006854905
0.5864991236539991
0.3832149376768588
0.6721979341104917
0.655837136993799
0.11873583274983314
0.14658127451506303
0.055245724121921004
0.2169541999210633
0.5208153227225014
1.3964558239977871
0.026059847000682083
0.19879922697424435
1.7396113347834807
0.6096915621426058
0.6446363266671744
0.6462477960501904
0.5899242908184839
0.14757362978573973
0.35616967067940664
0.15744645569658042
0.8457900236859903
1.7106011987505174
0.1128145633621983
0.8826532667731786
1.7944089975193498
0.3541456800020969
0.17654663801485473
1.340423177584057
0.053839477780217256
0.24606283705001217
0.3139074803943355
0.1867016604119243
0.03306925056080502
0.16252317962096988
0.625011845298812
1.3390879973509553
1.14103994376247
0.6810781421875371
0.10945947882968213
0.36524207485574645
3.7972313062860557
0.12447725379578724
0.1774684156359534
0.207416874505948
0.3513741338285457
1.434119243411063
0.6656091999478954
0.4693643087435238
0.3133801950347826
0.5709429271271598
0.03677173831013
1.5477788943998447
0.3953433514864374
0.06474774706585275
0.05623211318372387
0.4970726805328568
0.8041076478648125
0.0979135346655409
0.07258565344950499
0.5154247311448857
0.26123645617668534
0.3120530595206219
0.051713958860034194
2.2621889108119415
0.45416173695909895
0.049856397879469015
0.5196833952190242
0.13416047540285628
0.020875127087107422
1.71213322266922
0.15284932784850574
0.5602992083092618
0.03326779817545707
0.18782408782109508
0.5504746624124708
0.7843152093147293
0.32474707941721775
1.184389115782845
0.783049778502496
0.687846928467953
0.16959925104795112
1.0741818024688876
0.2811107551338505
0.815922431670642
0.5073549954241997
0.5684856406672665
0.15242530355465936
1.0276239105517997
0.3210827763544029
0.3493251923842548
0.17744137355148024
0.6278953502836742
0.6233787885221369
0.15296490391840384
0.475003020317759
0.8458687091798323
0.28827507969268584
0.0503920183598665
0.20828249051801362
0.43980326538271747
0.35394083004221333
0.01011435155466838
1.2136366630381095
0.6771772124162606
0.11994277837948435
0.32788969004941465
0.6713365680806292
0.015746614289147056
0.6772226990120185
0.21415730544002629
0.24127099431171325
0.09021180242977245
1.0280248207065772
0.1753792077314742
0.22756247845920352
0.31727840536988033
1.5307057244173432
0.5634893670579626
0.04358263965919005
0.2935120541778811
0.43582889455934765
0.3048947885350653
0.1671353179362084
0.1702321537827979
0.8564224528989819
1.7829851083030361
0.6525463323515832
1.0556413975486822
0.40621833219204234
0.824868616285454
0.32361630151893644
0.9372632988457613
0.4957350140542649
0.3206762746388619
0.1258062097780552
0.5951277233456393
1.2432636573737526
0.33207854698212813
0.8148887996867603
0.13592589354777196
0.21298612706681205
0.398511635467222
0.21354883945490868
0.1331585951066839
0.3116402033122906
1.162342422760382
1.83571187138466
0.5355699521427623
1.0721422509500724
0.09719135258610978
2.7201686790061586
0.13396534847109237
0.20748280502938896
0.8527838546663363
0.39149478659601267
0.1564567465413305
2.6152181604655933
0.18413710094105273
0.1781554835975519
0.6034925472707158
0.2803311117453956
2.613695328166242
0.49575095244175466
0.17461137954494826
0.1907138707090442
0.44988465388610077
0.6191758871562145
0.06832607818633105
0.0875395910368662
0.4118452008946582
0.2553719676526366
0.4375061597661061
0.15777706772182015
0.5951520162896136
0.14316416594506506
0.43618051847989614
0.12948430305216072
0.9583382057128469
0.37035307242706395
0.6194104708195433
0.10686932501441927
0.030789371987395106
0.15696721123480736
0.2678083792110669
0.023283758579648522
2.0031541415465726
1.6039487982307534
1.3090208015552967
0.1149124375754307
0.05216888485851666
0.48390028130662344
0.6064764313428427
1.5144085670495175
0.4410640962373416
0.1678858319849917
2.6522711530132734
1.135524070818403
0.2412390476919828
0.7572541634215612
1.3615059359091726
0.36550663268083544
2.821688904730908
0.5366150680799704
0.47023841842953196
0.4241607321720785
0.3165994063488534
0.24043761049071172
0.05457144141012965
0.39352979440031444
0.010281918031320177
0.7143826887390693
0.7859728524970325
0.20316313385722395
1.2837002205350014
0.4181358121466926
0.16954810622733402
0.16861619076287468
0.04402736341951652
0.21545320173344254
0.10358588531048568
1.208144051531487
1.4679466977977509
0.20178828175670657
0.25843119783579
0.3372359077411351
0.44496330418539176
0.32133047207873533
0.06909740689726397
1.4161455287500286
0.79521654344063
1.5751215847080018
0.10256248585426497
0.650304581614342
0.743980075050139
0.5028009486751668
0.1698374532664684
0.18380605641870099
0.132584473104499
0.24159156829276826
1.0792656810535644
0.48910340794231444
1.1168387653985001
0.4650927785688057
2.1395428530025855
0.3831645655835104
0.47747725363775934
1.6252793974354813
0.5500532859456474
1.764310243531479
1.268844925569846
0.1379288581421471
0.4349722646407994
0.2458185950276286
0.0023094038227276306
0.031227195752522658
0.5844437508137592
0.43006795084862603
0.21080057580280792
0.3431361892173688
0.3802418170614682
0.3933229293849835
0.4450371868204627
1.1915305536253293
0.34699936615065763
2.258896954134741
0.2621639847167283
0.2439717016821255
2.9411844202375077
0.23473292720564035
0.021735881196338826
2.924003665491034
1.259560437897751
0.22416390646193102
0.35111133238561004
0.289587977205784
0.04873230589131707
0.2775282519344206
0.3428128379705948
0.07501631567481402
2.2463124124803318
0.20172295031205423
0.056180337073694034
1.3063515403616808
0.3868262227011809
0.4966195056092047
1.1369357068623882
0.3030067262657128
0.7707790274221054
0.7932336888918469
1.7708231441773183
0.23438992040867862
0.07566827520700296
0.20947879824686835
0.19499069705353236
0.9530623156404362
0.3367041794957787
0.28451178617720985
0.903906857531797
0.04869469808571995
0.07402588459308086
1.9589598915621305
0.8109497334360777
0.1900806007502436
0.24288119096707692
0.5220006329957316
0.2494849377753677
0.7642852229606324
0.3729758918694906
0.5865410751540694
0.24160597970616846
0.4101282295561498
0.40049182757957547
0.09044704379598091
0.33596157820806816
0.5337045728901446
0.2519451428808257
0.16067265999350672
0.151298009685398
0.6979177256642773
0.6639164502428081
0.05302200827486253
0.21933330265549192
0.5464317753440584
0.08551278966054518
2.804376378351876
0.0781585619362638
0.0722326026627581
0.15504588331398825
0.13570370350865493
0.07182482051644584
0.38426053112442654
0.19106087545683956
0.09149769189864788
0.6996882254555156
0.05460951929746796
0.5108841893231301
0.07098807997518752
0.32097661563066204
0.23785008357287565
1.6276989218923856
0.09287324309903967
1.1629907983564216
0.8607238969249664
1.8979716458517157
0.7785588261033776
0.8117118003833139
0.3431841595235084
0.7095759435586775
0.6205988590703956
0.5205031880097251
0.18909541485849696
0.19741807130249905
1.1834958559382154
0.33877332370369845
0.75756735576219
0.3473971253312515
0.12041978211881556
0.761064454050512
0.5819713228837391
0.2833129233670296
0.5677803394530803
0.3002490944893551
0.5909306832246671
0.46262576983747017
0.0784670672559227
0.1846917501461548
0.14752434432469266
0.05497822071986969
0.09525812886940564
1.3539817906427787
1.961190013670646
0.30045074640212943
0.3878684326423747
1.130901558282449
0.7994769223256678
0.6974962700471067
1.0345245285185278
0.8869924481217699
0.5336247458829724
0.7692610171282774
0.026948649618918276
0.6622935063042561
0.3814394331544958
0.18523668950996433
0.8711806920193352
0.1587384902391637
0.22849638346509626
0.564444767397297
0.1336767010909431
0.38270100742538554
0.011779945923374143
0.45943133291856947
0.6004804278331066
0.05353775597082223
1.342321795103529
1.1753120396593284
0.0694321892821671
1.672715091061147
0.11691330686772304
0.3945364378645029
0.651125530706289
0.1214623426595758
0.9138698325846933
0.692100316496067
0.1022364499736086
1.7358839930903118
0.870297613275538
0.1369824909332866
0.17975654316594267
0.08937047694231268
0.018079693583611743
0.359096502513966
0.059365082486949106
0.0410623063921321
0.5453087423319889
0.15151342711212282
0.16772829748736778
1.0353394268080243
0.26333732462297105
0.18876750653299235
0.2640715312932819
0.29662509204378645
0.12401796837797482
0.8251923927294392
0.3592163337614093
1.1881899355470125
0.40061572913234644
1.279252845444506
0.49249039698726493
0.12033054263953832
1.1309614408833764
0.9591462107197384
0.3356474913531246
0.17343766292934068
0.23785545375012673
0.6267233039195621
0.684788720744646
0.007377267741420711
0.9928937102386125
0.875998228826375
0.21327131935588114
1.6870133752063068
1.3083904527781314
0.37340228725575764
1.1052597496448406
0.165510198870775
0.919042761631173
0.22800270475513212
0.295091174983771
0.7161609652436508
0.06529452020935068
1.0764413827126558
0.7095406516181264
0.5216430288998904
0.44463490944733813
0.18259149140087585
0.5280193197933021
0.3420898941288752
0.2123477378391087
0.07045471013368247
0.21147220349756027
0.14960100823549796
0.38175265641891065
0.9379278556914067
0.23744030910399888
0.13651283661449068
0.40438121439097313
0.16532658930348246
0.4202967429045937
0.1999894441863952
0.29587602345490277
1.0240924361700323
0.027626732836924493
0.13809784288962357
0.2203931824250831
1.5839681185338876
0.4309069207235003
1.7479930960037997
0.6187976533203995
0.6304026634514395
0.19999456496748988
0.5334764480365141
0.27154871166960803
1.7558562269732858
0.8497535651518584
0.2665018254249639
0.08317524379222291
0.9042355401108243
0.16210032767033553
0.5261737882147368
0.3950123567812385
0.36005365168055575
0.8804930056282574
0.08335662916693815
0.7999456803734638
0.5459803576514052
0.6374648899262731
0.43948738389503905
0.8735613839624293
0.01098789324255019
0.2014044646447109
0.3704731483280885
0.6053262445257689
0.3419660729773987
0.5070992695357034
0.010407587753043637
0.08906954041576709
0.13523385346018624
0.0742651723131132
1.001220702282755
0.708900525932842
0.14054416319527713
0.5643251271115901
0.2989605076312733
0.028750248269252338
0.31661160752565914
0.41727418502222124
0.4776768985330431
0.8803674544102661
0.08692208025718993
0.19121222398680077
0.02886029217974187
1.1233564615796783
0.1123826467954267
0.21522584349415472
1.4500878718013879
0.5833920434395808
0.6001717448009052
0.5809381902658471
0.37756491973911266
0.4470573264430023
0.010689862229080043
2.1695864527827964
0.9071138626755685
0.03397649706958441
0.937320772474539
1.5905539036656655
0.8915167286488445
0.44922862935105756
0.19553209296433602
0.11753662368121728
0.15057180388506564
0.24904931492527743
0.8525951175200764
0.17909350453101408
0.20376826299051576
0.8937006500123732
1.4340979296910645
1.2024943500397869
0.5256554916738139
0.06978119210257037
0.0678270995010031
0.7117864326909868
0.6552834731627809
0.08693330973361406
0.44082738270425365
0.4192355776991499
0.4232648506222821
0.5539758697782334
0.21190784115508365
0.050236090824576515
0.4407170505162026
0.07207183071008054
0.1640706956513107
1.0304979021647374
0.31906391641033016
0.04305397469367144
0.272604686479708
0.2966962960613632
0.2780860649197103
2.01867473699026
0.12736183539286267
0.6739523678469707
0.2151242751083623
0.3559470133276969
0.6459142612941021
0.31994807778827455
1.4180333572478638
0.057037102445216495
0.20471438975172274
0.039549150340123775
0.11933846756895669
0.8802504250021448
0.8991616077060969
0.5480490556440558
0.6783699847794064
0.05293737349000733
0.08814718650881782
0.35165923419464834
1.6526514499686078
0.08013005896743247
0.8747525278162167
0.5035934089095231
1.4027710456988898
1.382974333005728
0.07991737210711107
0.08994888418160386
1.2168636359249274
0.5353533913736178
0.3645820059072752
0.4662469094702819
1.1924875813241664
0.2396433019284335
0.8263023124302672
0.4244082943057597
0.1656538636398191
0.24139881687776354
0.27261491863054504
0.3931723298849193
0.5935718835167404
0.5454147380600882
0.9144239150324591
0.04465198717676884
0.4315993130794868
0.4349650353745076
1.1956672733424962
0.5012765045044306
0.945812695320257
0.41471962883973135
0.05830899972336467
0.12273327200891274
0.7747528827067082
1.3157044050306634
0.6609684825498208
0.538097634502546
0.18076199484008806
0.011638016084311444
0.36848376201838484
0.07109846589481336
0.7892278117349758
0.5655495680886697
0.16858096726024238
0.23418945140953298
1.6671172987426006
0.10333709235338731
0.0622149422462756
2.4611515478180426
0.7124466628089234
0.18065451487059933
0.7070796118255764
1.0140331808396095
0.20037459941161118
2.4598766106861563
1.5583820117811187
0.9052149391700497
0.5500178016844356
0.36467403581394525
0.035395431241315486
0.15782321559463178
0.07820442882827533
0.21664412852261475
0.39760781786375954
1.49782509562949
1.3924069055805397
0.04937132102247419
0.1351575735089103
0.2550590134024263
1.1796220945828073
0.09498420255499362
0.2563231774912184
0.07847146145235208
0.8574290975835076
0.08742432715639818
0.36933940538927407
0.887075455025036
0.43566129497821143
0.3004611070874232
0.33625599477453544
0.1605208834108208
1.6697317860389844
0.6671526493629026
0.41763642090563796
0.6720235215696932
0.34418724524820027
0.04764253185475148
0.553629534041875
0.06264798760661898
0.076502646278344
1.2554720133451995
0.39625515237743075
0.4532673327825821
0.3674090048061065
2.8446480193837815
0.07580690809798286
0.2657358184720993
0.05685814078811925
0.05755390605000168
0.0961320325871955
0.12729788906349188
0.16821871261950677
0.18285263803468838
0.3312477263196366
0.27669135036797854
0.8064255856987709
0.3374712230867228
0.12070606326465969
1.1277135637403406
0.09031236609719125
0.5596955620062154
0.13029472719371388
0.25703830278970663
0.4148277560679448
1.7683277151702959
0.44727594473221965
0.4633792061010083
0.5921477547228097
0.1342726291050621
0.38885034024631715
1.0415409305532894
0.1863384036273179
1.6488837619777041
2.425483899737568
0.02635302080952879
0.796345597576868
1.1574350112194327
0.3489151479539446
0.03172915528487435
0.26351492693499834
0.5023003026359528
0.8723221756410673
0.059772578139256245
0.8111628461764235
1.6114924848167382
0.13000080528074492
0.6178848200236023
0.6150292550921624
1.6972718407926577
0.14655014559735452
0.5510940171336397
0.5914332209985066
0.33063095341333665
0.3442767341153171
2.5113441970304
0.2861101828816343
0.37755273881703105
0.32995614098348014
0.16455865063580155
0.0022380408592049088
1.5543181236228987
1.0522106050675677
0.2955660843358873
0.3082746217974708
0.5221383828986014
0.12981593829500016
0.7087147570310821
1.0202443976712798
0.23801386691594756
0.2570703861250323
0.15830520912329313
0.40406415697034476
0.5179726229557937
0.3120753880247477
0.01917787599299514
0.10279768389938505
0.15236090641838723
0.3099471033056881
0.0817866894470845
0.5714260322827451
0.8598401870456833
0.5192387699315856
0.4134074846613197
0.0525490135117692
0.4493603552100373
0.3238979331201761
0.19466026130720132
0.38966898921987203
0.09736213936253868
0.857812561603047
2.4409534596993625
0.018477705571447383
1.3840185960223617
0.5228541249893663
0.10216784998142507
0.5684689673162365
0.15152940465953016
0.30388976443920845
0.8878925060760293
0.3663207610165889
0.2194513148238647
0.30011888244523116
0.4936033711264014
0.17369343276733468
0.2157832154327415
0.08401931067622392
0.005735510943929807
0.0205208450885779
1.0006253943641639
0.10774587848609041
0.5716584888424933
0.8681595978301956
0.18322925036365825
0.15062691567644693
1.877163835646177
0.23438156675733066
0.3056632001054584
1.069518953232299
0.0709726291083291
0.17414851968625467
0.16811731054993673
0.3430825844010168
0.5706577462879431
0.6118795973935943
0.33488616576948377
0.06661103129635429
1.0566353560405364
1.6509435969438504
1.2483559030140903
2.036134527026712
0.09411890304791047
0.10012184254843395
0.31025153065199607
0.02141951071301217
0.20893530050549577
0.2039323989872624
0.18250351455641498
0.010387651782362606
1.3225839888969269
0.23602516807850965
0.5578439648988667
1.4913668860875569
0.48400184780468086
0.5218732265254769
1.1856341273774584
1.2192232824523406
0.4776369491187009
0.3892805423208321
0.21010031582556565
0.08592636343743193
2.616036859371628
0.1112323387496168
0.19851196060003337
0.24500654956941337
0.2326459754074906
0.4094653971732809
0.45807445829852805
0.4205346977404655
0.26848747718075705
0.19641791639982048
0.3930380402340596
0.18319311293861876
0.02412926271854034
0.9018456014700674
0.2584076946998478
0.02955706653268649
0.39884041084485744
0.18113781479616448
2.2545283252299786
0.08812468618671605
0.8899410599593061
0.172715531674524
1.2015570759060457
1.5045446259079944
0.7727507403552951
0.43070729098089694
0.23425026854622755
0.33075285252976516
0.4175517834174817
2.756180026485273
3.2945154561285053
0.08148920483757832
0.07207260866587599
0.8551643704145913
0.04931022796787123
0.3012608102612633
3.797554919185065
2.0813457599049734
1.219948384117987
1.237995462853981
1.6524845280659881
1.9268677598533948
1.1192210744020745
0.17504044859601947
0.11598523002213422
0.25322932871324466
0.513680833365776
0.2917512222693982
1.0985661377943352
1.973743441339675
0.11602650374842978
1.260544210505991
0.13125231653349176
0.03780062717096137
0.5010155175762375
0.5078596118509439
0.24837983131598798
0.46714983348359107
0.22541261892313597
1.585020444198926
0.5717863767079967
2.0886070239560803
0.7429598963121095
0.7949793561901315
0.349468313829944
0.45406601943825414
0.2174475788065362
0.32814519981951423
0.061274192531216146
0.06459542305025712
0.512105650269644
0.5492925444427369
0.2907615640796417
1.2736617564724
0.0842679831040801
0.07606700103170344
0.041437068624808546
0.18691064188724807
0.20631519597944645
0.06156740303994454
0.3507880519285386
0.5580736615124976
0.17893088599629023
0.7030218378276167
1.4876357764819308
0.259149176183948
0.8775319137061156
0.06470839698775092
0.22718767967426876
0.11322645816673675
0.20141165228149732
0.11338073917993925
0.04137456967480872
0.20337388262774952
1.8629512341575185
0.23965699913444954
0.096438702404194
0.2441645277602668
0.6560333727396821
0.139644789389779
0.02829849386309614
0.129427761612141
0.0908085211058283
0.24231811158634908
0.6297026951965473
0.1492110020512446
0.6881474707098449
0.1115571222306562
0.04855519247304421
0.2780273049761283
0.2532871956545079
1.5774057243857003
0.2682990950861807
0.07312320644516376
0.09552752602456085
1.859112598999824
0.8635982652164148
1.0453282134890856
2.202531848744189
0.9264783313183022
0.5245411862903767
0.4629070502243174
0.06940658775904851
1.7330224568867638
0.17286987057849929
0.363552232947114
1.1890951569187458
0.341449304375952
0.09370792131638113
0.6370908111727033
0.4079316409936549
0.32382403059270304
0.5428668404783603
0.2504046351574876
0.4195611876803206
1.9026662806802475
0.1460565353306961
0.805152830421939
0.14654841771044036
1.0682113967481142
0.45704868083130484
1.1597784612599609
0.18669314162131298
0.20047127340019366
2.468516150326686
0.23016758949411198
0.022672160091137553
0.9403208802886801
1.4453405063887774
0.2320654768743968
0.6207200756197822
0.17253206204196142
0.0945045794487956
2.022586574748908
0.11520499918914164
0.12754945137210288
1.2223664841410737
0.04987668553896832
0.14180798597696964
1.2796806651292965
1.236632713803402
1.1491059022942396
1.6936041041014127
0.44366950629770724
0.6383542277337955
2.0095024051367925
0.4976713852442365
0.41787088870594413
1.51737395710842
0.04993977655490912
0.09995723463876414
0.024225950441505564
0.4509979840039872
0.7742174650956789
0.07706249186399193
0.49953265505998895
0.34837404264950944
0.5247054254595235
0.10503492662303252
0.09330723528300511
0.47183097003515184
0.1942722070636436
0.4275187441168578
2.260054927545057
0.2799138223897595
0.35205984964977594
0.5762089191267133
0.328646966216234
0.43576599862566395
0.4912865190157298
0.6049254613202688
0.32634718022910364
1.9040801574243735
1.0905405167637312
0.12752557294232628
0.9568519645703482
0.5137547743412383
0.17732658597222628
0.4580429094072307
0.08701649900851045
0.35089689267417395
0.12481754143122936
1.5143277237502917
1.3144352229002243
1.4949687964403986
0.243864145157166
0.5636964024945164
0.7339607394506765
0.043464428369374586
2.200697235274327
0.6784020249651815
0.3540382378815298
0.04843720498108286
1.046069543625146
0.4516918504394746
0.2223411915852773
1.825976512100204
0.18116456911009376
0.4827395695744824
1.1531974782345655
0.1539948168559941
0.12591816676160972
1.5957250317204748
0.5976279535512011
4.631374554544178
0.8912443731130812
0.31020488984877226
1.1218943067167424
0.025445718754659143
0.035311983309432346
0.49274374128724524
1.0024132606448841
0.2855649294593476
0.1005489678175318
0.6652995429325186
0.34853690120012115
1.4436319138361815
0.9013701628101239
0.8297903650493309
0.10749594146318343
1.3761676704542023
0.43629305717962996
0.2698381758633679
0.6331249082420176
0.29408560510006826
0.347505391901026
0.477411983689342
0.9280533643265934
1.049812320684758
1.1003741197204573
0.04755641289508058
0.12189156382473375
1.9342666566425193
0.8220062286850821
0.2638622979777458
0.5108109282807501
0.18702858799055308
0.28664115169865084
1.042043707371926
1.2454219635184653
0.29264453284791464
0.23641484170832597
0.19090711028839866
0.3700032734694889
1.2844659878526892
0.9010963678352185
0.3230268862617253
0.3464724681548693
0.07316993922444864
0.069057225708688
0.9347065935487658
0.3634492188252113
0.02516569423020153
0.9930130625932467
0.46979799135117045
0.6603527185276379
0.20327669500322199
0.2668769290199544
0.6729628621350965
0.28714350454145576
0.038769705806080544
0.034896199908689994
2.2906490226676857
0.1875744341210671
0.6201172714808696
0.6087956813095626
0.6500169663603393
0.5771168438104013
0.47070781648682947
0.3925909179974679
0.5500525193379662
1.7163240810070888
0.1243702007934606
0.23790893585366446
0.2758950234178486
0.1082359940805812
0.06263267731706489
0.12168729474930849
0.6319959197861564
0.36123739715964764
0.8553582687910847
0.23096523825435247
0.18709100538920134
1.2972644919576137
0.13932924178672365
0.14089706567185734
0.304270251891473
0.6867715739438583
0.2563486856060865
2.9456744700917077
0.11431160536673227
0.6526571093581356
0.42707362438525437
0.8506129001648114
0.7825127314080097
0.9012977847843603
0.6319977240183181
0.18622661682033467
0.26564659456034456
0.515439604741959
1.1230235100712216
0.2135806561196921
0.4234592099857072
0.2574887845104196
0.3658742116734216
0.32697381984053503
0.09527727476921115
1.3437278761160047
0.5653650635455616
1.153494692988517
0.06506328403366043
0.34335645884328153
1.6067787865298757
0.5788774279906533
0.3577144028739523
0.08699318242379821
0.9119942655676901
0.20381291401742305
0.33732561186262555
1.237317471651438
0.09573380180001223
0.14576732955944638
1.2439739192887842
0.8508615385553673
0.058462730083596294
0.6393941752253728
0.47296013501798995
0.8431264210798403
1.2096634122337724
0.6300291378643562
1.7425776400109598
2.073925199278356
0.24365228133993888
0.23676287288276848
0.706266033867032
0.11987424673519231
0.20818170866520813
0.286904465366953
0.07735636936487017
0.018277150718669897
0.48943963667692636
0.5294170646941871
0.42096054677081685
1.4526138129623587
0.23489537997110768
0.07716438176217759
1.2409546255448944
0.18202218620083388
0.6723608747427798
2.0966004087678836
0.40106759114955504
0.15952735787214514
0.29656445079516564
0.8247239923266634
0.10581949059089439
0.5437821021929482
0.11318188064359351
0.6118352174903159
0.3951158663133152
0.432974235257442
0.4195990396747892
0.9743379066995669
0.1521554411643745
0.1499573885795152
0.8194692979963185
0.12152655670805915
0.09110832482587873
0.5079965317923558
0.1670961291388658
0.0980966594936778
0.461488035195769
0.47442394788053976
1.096310437395992
3.448133440185522
0.5652247608777974
0.6688011062099112
0.5075262529323928
0.056836194849765174
0.14360597373312
0.20451368384715374
0.48725576351241046
0.39364209078499396
0.14517507108438724
1.7828125617491026
1.7859726385502062
0.4875358887454975
0.1245783082883278
0.3022851129296565
1.1260797748867162
0.2728051382155184
0.02258238032608496
0.49470007124166065
0.44299721081794147
0.18279654391423025
0.3616229377986599
0.7950444687976937
0.9179737054635925
1.072156628042056
0.25347504880477534
3.2231504204626558
0.27701911545763325
0.4435751201483948
0.3663518225513671
0.78239572299869
0.14555620532265273
0.6396103342112724
0.6072600534327283
0.061257116702556375
0.3697627425186375
0.543699624149943
0.3517554067060896
0.1656618049691138
0.16848926397165695
0.7391278208373119
0.10427781484385137
2.795960008498545
0.8912038776641046
0.8019947258357544
0.6555722335860289
1.0289559891014697
0.6656237417816231
0.8662969178397061
0.29260480883151346
0.01998632958596394
0.20890888222021037
1.1242751581658441
0.8082080048888495
1.0838975290586308
0.5196732130727245
0.2354657084531279
0.2067417984839121
0.7223540210595387
0.15155433227189474
1.5188329279843338
0.5502053688531238
0.17091496647632343
0.6294997843980819
0.1161499609403782
0.07601167748440918
0.3801830305916054
0.9833536292230778
1.2910232337823995
1.319177340702566
0.019900358987572645
0.023433399765428485
0.5185906548692031
0.5096111825432474
0.6471216048044994
0.6133929330446416
0.2099667236946431
0.8086508812198672
0.1129505357973465
0.4526080260966267
0.17288763218204053
0.9613824555674443
0.0696373280463349
0.7876081711729013
0.9200843716736943
0.3091537241399546
0.33270185246268447
2.3387920484379294
0.530758455864841
0.37989201393789024
0.5201913745198214
0.015605536138682416
0.3970419090455238
0.4927102554291308
0.39629185338827544
0.0630287088927516
2.0460220009807157
0.18964819681721737
0.8054685108623973
0.030746362298141334
0.2188095299296413
0.3464144127938696
0.48440852746779794
0.3004401214233135
0.95668381393827
1.4376250824300927
0.09480988090069255
0.657519801448122
1.8710800261082607
0.5972529138278584
0.6171237712684675
1.1616527026850108
0.9023870539726265
0.7432001400170976
0.06409413028359641
0.7160944693016644
0.13348609824625526
1.361150014100689
0.23967588932691103
0.7305929892287828
0.5086406051764764
0.003545067395573125
0.3596768877092044
0.16371399504725476
0.1251338246235472
0.14658130799266447
0.913891481958526
0.29077051947918214
0.2094871873299732
1.3410480904948177
