0.8893793870138239
0.05902686089811572
0.43273029639220284
1.809957514439016
0.06407667810813161
0.16455131585477586
1.3136936237644599
0.2779629352093373
0.3672024692338398
0.45584204807547263
0.046144738350944944
0.04529012207774477
0.3477908753031217
0.20695040486219637
1.226529699123437
1.2475830243567145
0.2735020380487888
0.784931293909247
0.1646616019090288
0.6799970996597333
0.04980065867507075
0.5883411170058145
0.20479425020058034
0.11897489655359654
0.7807466626314464
0.038398616859544175
0.04649111780881416
0.9988027758865223
0.49653932791414357
0.1596654229951413
1.144074412428457
0.09701704133378976
0.5806743427501239
0.7813597772212841
0.11155175729937614
0.419387726788449
1.6808957678867396
0.21627142470171867
0.1044034914278178
0.2111154663980046
0.2750717728298485
0.1496513209372213
0.7278856682027088
0.08176768735484075
0.16618615958775645
0.04516098930465878
0.6403058133261721
0.024842618649288346
0.2617687930825737
1.3641259036736095
1.183821625363828
0.09261472603625899
1.3795956863043461
0.09943777031002801
2.147727413504117
0.5933546523236534
0.2244330919184026
0.3041582143559071
0.21822671294588805
0.9305170992322325
0.6798485854960605
0.25665499191632024
0.32386414411687064
1.7324472698466065
0.27629067409723307
0.4537415934775416
1.3425075138018414
0.03492222952347387
1.2859402994926996
0.4837144831364349
0.08343647387442635
0.04267717315759979
0.6284125200995667
0.07155745929255523
0.07309772755461429
0.5812005060642973
0.09931678507240116
0.015265574891066435
1.8195146295883027
1.7973288943727856
0.7951429797914612
0.5077085092823792
0.20376138767044694
0.01772571172503367
0.45127495780407134
0.2444598309992009
0.22841516550356944
0.20949637549290126
0.572290919535564
0.029690797811490005
0.5515087924697313
0.41348528560318243
0.6895818156306831
0.08392905513570541
0.262084125602352
0.5120021901616838
0.21947509150479208
0.6100830763704371
0.02757570237606046
0.03902440836816019
1.3659475883595449
0.09364548080453881
0.4832985338021653
0.2161631429630605
0.12029861609743582
0.6839958382152108
0.39090758954560473
0.11575780091932147
0.10156707126193387
0.4319077568292669
0.2648588735648439
1.2310978119594886
0.3012562598260364
0.011492878290962566
0.9218928353758015
0.3745552671955686
0.6306974149302573
1.0205358667270557
0.05026553053219291
0.2600902941617554
0.08686547920069967
0.15245959836155382
0.8111619090699419
1.2103868437102818
1.715594060239787
0.3375337914258268
1.684919980733982
0.28127875994462065
0.3106967736397328
0.5582748036913734
0.2909474114421463
0.7056742542970371
1.1581716132508868
0.3174379285387107
1.4299121252749485
0.2563114793502204
0.08304033917019307
0.05721451559527703
0.26847036778849226
0.2383625832256781
0.6701116855722685
0.7344303459113432
0.08024931250983543
0.16611651275598424
1.2687647166607046
0.04996994238939877
0.02546969705610049
0.17521617015999866
0.13072246368758822
0.5280518227618449
0.30240176298870985
0.3694731325956482
0.3655814706991201
0.2887506336541802
0.545944021846211
0.23409631039944365
1.0939297999196917
0.31651941538936845
0.7368062202738286
0.3804271866529265
0.352392849439324
0.07963043067269804
0.2794240752748333
0.08878989085453307
0.058034953004056415
0.3930220019298732
0.002131421707821492
0.9342330746523279
0.35654188871927395
0.15367258582238483
0.31118460914004764
0.6282269633420818
0.8778901767472435
0.03948538223672452
0.4517204461668565
0.014719489065506889
0.05502079306701114
0.7367257836608212
0.5181019032415318
0.07899032661117045
1.402204006767261
0.2951672871094319
0.22121666267945583
1.3074284605162487
0.1074809365587655
0.15210512512045715
0.4037651572018507
1.837126193675777
0.002068575317381352
1.1658123003663983
0.6224435266003734
0.03801276930258878
0.5772434702000355
0.2861374266238618
0.03331452501813477
0.46173401478456205
0.3669390848400129
0.5187835565542105
0.9451965391225393
0.2098825382994686
0.2204519004751835
0.9909754115581405
0.07146940013171871
0.19478360472981449
0.12904889893559782
0.10921589566456977
0.2166674562919174
1.5333571904706391
0.024269116129828777
0.10885634336716389
0.8010142634886891
0.08922829763830663
0.0009539898269753455
0.15575182972629673
0.3807132993314913
0.1856405410467916
0.31049382089110694
0.43171838619027203
0.8955473644072562
0.3288808444657739
0.1604773140579751
0.10572273700400422
1.1857801531061258
0.04282605958292067
0.11298235105837032
0.13114743956416872
0.38145100278404787
0.02518834554937251
1.205457351092534
0.12709481409160064
0.2758868478807597
0.1263830212977715
0.34596154266246865
0.5630950355617854
0.49484757397914286
0.21953469645524087
0.3835126746687637
0.37454578071722294
0.13110867250980368
0.0495922625113965
0.43916146883621626
0.9951358436487445
0.12690844207101612
1.4420995109104984
0.7045560248901462
0.2369904012932724
0.31678521043626945
0.2841174732139768
0.788064820152364
0.22886399803097743
0.24394485225022666
0.10851442405078365
1.0664046382704933
0.232252916073758
0.43977032957551204
0.3940937574490141
0.23532084864201852
0.3867683537983929
0.1747304199476867
0.946391559919758
0.6918950798290243
0.22140531628061969
0.5370485459540957
0.019126538182678086
0.8880677270202278
0.40603738435865994
0.2221314179489487
1.2966914291309708
0.0767135051612754
0.9481556019373524
1.258987686180519
0.269295197746288
0.293032163610175
0.1171116573059255
0.4942002741870703
0.4659227212894226
0.273231986200967
0.502812594383813
0.20038836452752343
0.16385571926853792
0.05649780927114388
0.4510775791887153
0.776824324514715
0.2411035915155564
0.12091658418042162
0.36728026519599044
0.3233498167561287
0.22809567631582342
0.222411492219246
0.32145329155727215
1.6467543630092094
0.5293711410282049
0.21619330928199426
0.19318770996609833
0.24369578049029358
0.59656069291332
0.11552518645173744
0.10503108257190166
0.10200133241679596
1.0831277404897703
0.07734229496081578
0.05735737745085142
0.08071762313858523
1.0843475918702257
0.16628418687630167
0.21140821256661793
0.19724558967697065
0.41870919913059057
0.17313561990878623
0.2823721554902619
0.22584523935333706
0.27776551926283616
0.2307686591209671
0.2559423853686935
1.1000542483898106
0.7965219753949749
0.2845437599361175
1.0543913244292624
1.2177835095714102
0.1605345766564855
0.13808786589508118
0.5338028315923447
0.6310306274006685
1.02578673599749
0.5874442679226453
0.12831564317230382
0.33864559709051034
0.3822849575679739
0.42554893178862935
0.17253174663018297
0.9646348849743103
0.09321373924749288
0.13583437924806466
0.446001738868954
0.015210803151870563
1.013388427530713
0.30814310518374455
0.03758015143299218
0.6934791154704292
0.25211699868282716
0.6887676849060729
0.4135552628842029
0.06050080185784644
0.10968961857968286
0.01306347857647852
0.48331186283889466
0.11801093025327335
0.08339060164236758
0.29562857015468524
0.7564109101450308
2.039999488959753
1.3567828321290316
0.2734459946459533
0.257445306843801
0.07039473520551835
0.03677741701082087
0.014637898564863285
0.42659378823541644
0.43733935966000037
0.10682918438793403
0.4562726407751056
0.11894271374052243
0.16373582572260373
1.038810264728735
1.2849768372149526
0.49117431566578373
2.543543649532182
0.8922971429695465
0.30635113490170157
0.5359609953198443
0.024601712412539327
0.6933346648038282
1.207222673213591
0.18368851050621868
0.4489335028193947
1.3779533372873396
0.11504819291463697
0.28184881198574957
0.3694338129970496
0.21921590595540377
0.4370140693808306
0.8855936176421813
0.036806556115248
0.7007325249572397
1.8717867283726166
0.3386910348948836
0.07795540841827117
0.9851737613764981
0.552725003121024
0.10138677115522335
1.3241176014641485
0.3405907127690335
0.17583581970051798
1.2442709753122336
0.5343732673572885
0.9560044555048545
0.6367178419010815
0.21853205723175848
0.19544854037101003
1.3979261786077986
0.3484209922724011
0.2009302043931805
1.1930140318874742
1.1350565061145523
0.42503246725724714
1.53120635264755
0.22955095550930454
0.3124160611618063
0.7049255591113056
0.8129106614857677
0.05015725034053224
0.3983005242926536
0.1364485559637895
0.27110910522234083
0.29075330998085347
0.16680774600449133
0.14532560344460382
0.39917060020646583
0.4709849897768694
0.04044484719076482
0.8767894603788001
0.35864228006151244
1.0752358691269632
0.9835226837658321
0.10685475055408046
0.3560985922927573
0.3305028824186778
0.040125185542490706
1.1678093033419152
1.7182933036046353
1.0940077033685958
1.5020147534087072
0.802925305238429
0.10388109486576572
0.9698737822671183
0.6176543595990724
0.4618296787922774
0.2253737264524812
0.15700440675881047
1.5712768105638704
0.41064958938415214
0.21069018171876178
0.6883920992871732
0.6986011753977874
2.2829558950708533
0.13756142726640277
0.3111415056912247
0.18875238755253165
0.43951770098721404
0.1172394378644758
0.7768354865265678
0.18840336163609886
3.7765087913553685
1.572609286760614
0.4102092146491874
0.04865555674520979
1.086884394269288
0.5273152208586261
0.4043727403183136
1.072943895987122
0.10889172600710165
0.101130814837839
1.3384317772698742
0.5284555632828475
0.3112005777655586
0.5065362206184838
0.11492033715906297
0.05802893130059514
0.5166942696536073
0.09306710458437686
0.04341393382640933
3.1972145675442025
0.22542265864197927
0.7904031716601104
0.8980030028267996
0.7312225077483355
0.45847831780720466
1.31394251447095
0.5799738170823928
0.15535464063815252
1.1010541354761394
0.05574333314192125
1.650131159472668
1.011760731954238
0.6029904420787676
0.1698805635886439
1.5836807473423298
0.050019004496295906
0.02496466548476222
0.7274975371231385
0.0703527109248721
0.20817812406303363
0.6997035133724376
0.8517148060335639
0.0890823344282868
1.9600533416270907
0.15489075082971857
0.28757605913507767
0.34986376160722804
0.1320565967158943
0.030305449163210648
0.7216494401805835
1.3352928982245975
1.981657287682336
0.37052504803179137
0.3535876788085232
0.31384835570075903
0.16284420162874136
0.5644473824958399
0.23220937802342273
3.089875488456583
0.47072852942842464
0.21199949011356564
0.6641527674250655
1.2465372376907033
0.06203876302241023
0.32394892699968586
0.31195898746984324
0.3161518551512254
3.4716315708028014
0.45780394417162545
0.4470454107485212
0.8985363253286047
0.02889061584733658
0.4167739637396926
0.10130669126076484
0.14060452446399777
0.09199122680906772
0.258352805220295
0.06791993966873458
0.6491627178762812
0.28060911139005557
0.2326551793888425
0.069167960978288
0.23912172337487284
0.09984773053868735
0.024373761117690646
0.7618065029076245
0.3238287537322146
0.7927171283076732
0.43192179996999214
0.33100230812608394
0.417410281386235
0.29430781271659984
0.5059928865845768
0.25788630161773807
0.21130144256483407
0.34530717705045466
0.1373920604579016
0.6692850434604061
0.23517441653583848
0.33466536370987876
0.7941353937821836
0.5205087928199759
0.2635231847939694
0.8163105229008782
0.22399809248686678
0.12942533489380714
0.42629611287225727
0.10220098362535968
0.2256724466141583
1.3234024398514603
0.2715850981222764
0.21620874078329747
0.7440755960455163
0.42775359754606845
0.0924071025427185
1.1159565482609703
0.1746167576133338
1.4537621515194652
0.9071931617260053
0.1533212087481715
0.11551130748637388
1.4653282329956134
0.09561378654003162
0.643606943132939
2.0622231027967834
0.729022277626748
0.11216858918049209
1.2266334439310846
0.1908789395544571
0.4142044736146114
0.3887098464880902
0.3783031656900934
0.19946931977434648
2.588667809438581
0.6351369385527503
0.36022677280627097
3.9153182734894565
1.9796436583387806
0.20366135589333031
0.6378674712211251
0.7205833690245466
0.7103603454363583
0.6976014262488888
0.36958622814420633
0.32328678452247867
0.1958086052392873
0.07603634712072209
0.9319167204629549
1.0252686475528527
1.2874227903173319
0.8323863805470447
0.588940355762344
0.10615939343991547
1.3560548145603304
0.1715296234671078
0.028499963065994824
0.19897446999728305
0.5685078921224165
0.414197709441249
0.06486872763235083
1.181501905383713
0.2667063514236945
0.08383937764722242
1.1163175924559112
0.13835750799593802
0.36950522779565653
0.9832500921277406
0.25901668619991786
0.5071066227046113
0.3489120217350074
1.0179030059609284
1.5388140016536873
0.026039915233862808
0.00989616620330605
0.10327044720088806
0.2515957608877468
0.6495005064082868
0.1271093690088129
0.1670616753760941
0.2122054078274038
0.0863918850660688
0.5795620484406988
0.08406453578219165
0.6888588616318477
0.7056475463160845
0.6599866048942697
0.5248746542577357
0.07851978316214403
0.4003760395331944
0.7669214558137799
0.9331342918958455
0.3089185565368615
0.46514577755789277
0.312800289172481
0.41448866496511183
0.2668124344659582
1.0661930575624945
0.1395021629802471
0.015887543117175666
1.128234840230607
0.401197065084427
0.6245482533331629
0.27193011690182817
0.001298272048389256
0.052171876536833924
0.17393430336831403
0.4780273318328624
0.4589705014516623
0.019453235376127222
0.038620699295916244
0.111151158888846
0.3368669209244368
0.23641221667115053
1.3958299099174802
0.16242475094270656
0.4847560784832444
0.38757644133315994
1.9737122778394298
0.4792164573946412
0.9392190360979029
0.18130920609277001
0.07721537801564783
0.15226794486781975
0.8813629920981388
0.049820750814058325
0.6764117576257698
0.30627076566528155
0.133003751610105
0.6942595262521988
0.6927855942315474
0.05015147569479465
0.34518745474016793
0.35856561314683033
0.5547367897541913
0.2778964786089562
0.05146683787978873
0.3400383758632077
0.9239135428283217
0.6615761570794293
0.12819538680609568
0.06757874390679222
0.27957470399698287
1.3318847421367026
0.13288111447799508
0.19654079162470622
0.3544806684829123
0.2816818417087438
0.9164589694543764
0.5684782529415118
0.6452945698619358
0.10423097311188466
0.4832823595696028
0.28598615715772474
1.0285205192953069
0.058609617376472654
0.17354742774445647
1.0723320228147484
0.6747585751001167
0.6919437864414435
0.6046446088292001
0.04776678694401613
0.585289037434909
0.35285288996784453
1.469832257555694
0.029941063844398895
0.30964916069288456
0.09452731448493863
0.1946089584852133
0.3518615867410957
0.264548195714716
0.9978322559884589
0.6681110098118165
0.5687796777228852
0.19930078130487852
2.6580038629412557
0.004104780803749138
0.19784491434810403
2.3788435974740425
0.43762397853774704
0.11586982956462043
0.30605785968097454
0.27491465846744256
0.5490596788999058
0.23850968412407425
0.015224104079081808
0.05713006518210496
0.3928399224847008
0.3747058057141547
0.24382681743624549
1.2901313289532483
0.3290479024617728
0.21527407684248126
0.4240808810686689
0.48269248139329607
0.4175217892798074
0.7364852007301274
0.14513000204996523
0.47880641648590505
0.3207861441664617
0.7981334440994973
0.34468900032707095
0.4553041329822182
0.016403074259053622
0.08696748167623435
0.6350599789047001
0.7035855868392462
0.12519812084092086
0.798644408834993
0.023970769293023098
0.1936208004268986
1.1302457130567312
1.3655315310547524
0.29812898398594945
1.0824428605137792
0.21858037977746186
0.7470148444695744
1.1343561827841153
0.8233157317035874
0.26041403265249335
1.2829315135504704
0.08213401689316824
0.6860103928202886
0.8740262406745121
0.03331228663337959
0.025687976360080807
0.8320874919152826
0.4475412431346363
0.0799809043459588
0.08492158515690217
0.8530120122165404
0.06568282671023822
0.42085172664624476
0.07907821534919747
0.21445967734423094
0.6090110682056249
0.08487845181942422
0.08666809772986252
0.6494015359683295
0.7492234217818313
0.30420281317211806
0.7541986762841965
0.15666303823971434
0.18167037908609454
2.3112116579592974
0.2898511386887371
0.7633046403989582
1.3331623894795201
0.12493504154457609
0.17127101768251157
1.3502524046914237
1.550099489086417
0.30945464676151613
0.8416674265059315
0.011555592440536404
0.21998695743910163
0.5190564215500305
0.1155461900272904
0.20761891147409836
0.2980838836296464
0.4271839548425682
0.33750698866367923
0.13261594542617725
0.20591398157174684
0.28823613647509994
1.0897040112699417
0.1474267956722469
0.14485579991982278
1.028182563796186
0.03976870372651553
0.0481565449076404
0.276708442913157
0.26950719441115556
0.3418449746658519
0.9297073754524477
0.14044089371800839
0.29317754151468195
0.9608387537724757
1.8516229250482392
0.596074083106039
1.8915830317226812
0.24395611516950452
0.18748649711924267
0.12797603907533517
0.03952003710054336
0.11833391571022453
0.6714528511760925
0.40164507931913057
0.5417224417589561
1.1134522524955106
0.23319334811583134
0.12675579218799374
0.8296841582345467
0.3436977510036276
0.047345999404996744
0.6297248153645346
0.9964207468667026
0.7072530213786371
0.4743018795361588
0.25585336329212505
0.9039436990254068
0.035271161026102685
0.05074152068311158
0.10624348762915538
0.21562396171494513
0.22534882049616953
0.2718159689051728
1.5494415236043362
0.7991929033397088
0.46702542543693687
1.0489731883859372
0.7010541025088881
0.2453068549589484
0.30433576012755137
0.3419115466169161
0.8917781828796683
1.3634972560759229
0.3714486848048352
0.6792143383119553
0.6965055229948106
0.4228122275744775
0.1440266998790583
0.22065071281482435
0.21735225438424755
0.24265818449915147
0.248321649652529
0.3315865119893027
0.49032546820099027
0.10477421260663534
1.169866529410741
0.6205597931390883
1.2442210379033898
0.10462498490316886
0.10717077353980332
0.7823156708665112
0.09614802012649225
0.05251399384528639
0.26188034119051684
0.24163963507107056
0.1881251111563884
0.938527412414641
0.16614217552725027
0.4046474847869801
0.8471501742164679
0.15510118446882737
0.444503600931833
0.0577031603742872
0.5018448654421712
0.5172282381530466
0.04313572034273328
0.2797889658791614
0.25475486195031743
0.25073992516333976
0.28533230119546216
0.06501642990892581
0.12391038041200376
0.07111461052787142
0.18092898034675423
0.11080363378170548
0.49950027155503474
0.28687645691521
0.20082001454069215
0.6363210494892061
0.5949787080246627
0.6537558527987636
0.07208437218921883
0.4758884035592665
1.7398964434898554
0.07363513390608406
1.4353207329453765
0.10667667354377351
0.299247908144503
0.017787033057693635
0.1170293746188571
0.29359311225027096
0.4893968828048576
0.43098359569101585
0.055839431638420825
0.41982965327891886
0.7224690549072902
0.09624113813606064
0.24594111685628958
0.009918922858244656
0.10369064785647698
0.08683467790038171
0.32853176308430254
0.3605090122618027
0.9435534910671469
0.42194749480709404
0.09325493663466689
0.5861578845154677
0.39768025053928957
0.14436787909803167
0.05666382850673192
0.5720822793362681
1.0285495286240605
1.1137875038560072
0.5076605626347214
0.3014043765505845
0.18846352583672812
0.7874406269291278
0.15511461268037213
0.09693591664087987
0.6343489743794876
0.021069465329484807
0.053735831003377775
0.26089808613792537
0.13544703035158853
0.6481004657902949
0.5957365878674942
2.355777478682612
0.7079066569893145
3.0077717980526013
0.15613713363876885
0.19908385046174562
0.743644596355722
0.9254629847784028
0.2659294466075923
0.23541239256540017
1.552169327572376
0.8094736943021327
0.25440979996739443
0.04427103641639107
0.08307107286341868
0.18099731300649888
0.1832719884279939
0.3958941811181479
0.9996082424345133
0.28479880554531806
1.0362550706909126
0.18704626028159219
0.06763989246189245
0.27032047056813785
0.516708512164033
0.30504803616208676
0.3384134760957066
0.8987675104283537
0.17458266396359806
0.40962520900818916
1.096558284728303
0.3708674683594667
0.21857101683338379
0.9928630176385479
0.15237560168670214
0.21559935999377178
0.8103175836184058
0.03353900476268054
0.10902185903279558
0.2511076699576197
0.3205794668923768
0.07017147430010826
0.7810821362781533
0.20286978081560306
0.7742908041163801
0.7043482000764097
0.23156767162074385
0.16766117355776253
1.521419043036871
0.08960663895083378
0.0925067639253916
0.07733312620580547
0.3155633847753289
0.7494563664947064
0.047211606506638706
0.436792412219964
0.20757358509045587
0.5455757703827265
0.3048125045957523
0.11399347696755141
0.8576486231613684
0.20967625316417626
0.03737449189226982
0.0595132320645069
0.31167151043096614
0.9914021200801154
0.10334281825503804
0.33117905438530243
0.02225751067848762
0.6757117671249322
0.3555881369490378
0.0758426177857382
0.549774905468805
0.2464807393017456
1.0434658703269855
0.7016683286446548
0.5199946509932502
0.426665160976469
0.9093899290887363
0.1125379073779828
0.13305272351466285
1.2870853596168867
0.3397920584917875
0.17433834778555135
0.828454843688817
0.5129001506540045
0.18611508256532464
0.6605004993200856
0.2055177902204206
0.17351073421988958
0.18489864844809947
0.10693579559721683
0.12895836819848372
0.7684295665203134
0.11819688622979695
0.34179008679168094
2.1448765214842282
0.23516680346651223
1.033211076222176
0.9479825045621755
0.49733129402659604
0.3339024607833934
2.2299152615562363
0.8406588192106512
1.116348947387472
0.3395140499623402
0.08447770428464138
0.20515224235486776
0.7097427176904774
0.772633449248243
0.38343184704992056
0.13514901309056
0.6897645414293248
1.2639562708555394
0.2746030831379078
0.5051481478738717
0.8451644831668286
0.8476442637502701
0.14849324883463225
0.8621715430653432
0.08193257466034036
0.24818950657020936
0.131111148069598
0.43428744297173977
0.4158871411220524
1.2817427830474124
1.0972880103358258
0.06068414950837446
0.0715200266001423
0.47253147158847875
0.05996497968953053
0.10858975303661755
0.37864963030845417
0.15829052327626306
0.05746552341594326
1.6951288856866005
0.03682095904080906
0.23579084141900714
1.6737037336812164
0.24784042258940936
0.23332864782511292
2.247331786342661
0.7044826629964676
0.5401065228981297
0.8946736141965007
0.15656980934155418
0.288862639830218
0.5910019775879657
0.538611481074295
0.17930276949931928
0.05462374899148556
0.16625472658479984
0.27865334773407063
0.37246489897045065
0.045707567521272606
0.01387344295732401
2.1596587342310927
0.6132018454863865
0.12234782065215706
3.73582731220066
0.31906306344942426
0.24407030526548695
0.33414108831386086
0.8158843605018593
0.09973598056514314
1.7933862998674632
0.35391112863261287
0.14578863005885076
0.6710454019317996
0.4552885344675288
0.4296490834805418
0.6466650732301441
0.25037408587796117
1.7108920886413224
0.811694993852022
0.017853809691742606
0.05141285505728004
0.13502922508670773
0.5204611267071911
0.5916064975275919
0.8686551877590206
0.346521303377787
0.16962072407552645
0.43964630594105886
0.6374039500388171
1.1561692212836532
0.9744621540448659
0.1067120468101146
0.13023810681054648
0.2956546944552869
0.18099992564035977
0.3717291830143062
0.3662200107239505
0.14418876063502586
0.11715302719998652
0.7140462358101204
0.005659513954791329
0.08239165813630304
0.887624883659697
0.8446494059261842
0.35460126813754306
0.5669974396835692
0.016897356400673143
0.11001541600996859
0.9703414363335086
0.08760898248287706
0.3972019830236587
0.5516074955399086
0.035028478920691455
0.06033525761204795
0.027072223069540043
1.3916507941380383
0.3493263211831666
0.9141688938416836
0.5859954908441547
0.21441533868528515
0.29610746163946416
0.048116302165223925
0.01890039421383591
1.3773844116205296
1.3755597387513712
0.26813962380026396
1.5985094861272413
0.8115636480159358
1.0093460510065086
0.6705918296609952
0.021348054133409768
0.16104089786079206
0.21991071513529922
0.05349258115391456
0.1200149138559571
0.17838732064148607
0.049507953953956914
0.21935176029656628
2.8972743012151154
0.3738649566088242
0.04464902947150266
0.7118151573642623
0.1972936873677101
0.09961869971110636
1.1753787271882037
0.09719271368756134
0.16523795422879842
0.1483361960945653
0.1746439406673287
0.4263088670100008
0.2407814787853418
0.09912373786276128
0.6483641315573235
0.2063059138871166
0.8582582108824522
0.09417534730366273
0.5551690605892766
0.12014596759420364
0.0455423238838334
0.8299543899542587
2.412835783463709
1.0631747205853344
0.7965723121519074
1.3893100583410924
0.31470433450718366
0.10992946730432089
0.8040236228955603
0.5674563070344737
0.5359555916560574
0.07421550996476686
2.2616617054656154
0.17750141761121105
0.10245503517727597
0.1917041985120818
0.8894958080653339
0.10823932305921452
0.42006698710824125
0.0732143130748642
0.4805536076858537
0.6574073637044723
0.6012178085202379
0.23584160832608858
0.19064829745794537
0.7793636193394504
0.7191746009583379
0.14011534740857098
0.3712651746659765
1.032348933272113
0.03428881876112188
1.0045252986057533
0.08123857380183575
0.7624388734892369
0.8225792022732376
0.04646886639208747
0.11931501553229176
0.1743129661575693
0.29777940465135183
0.16043624672273724
1.517959394369298
0.3319541148426214
0.2435360284713132
0.35380727944656293
0.21365743393568914
0.4005002729419441
0.060093779199102075
0.3244078442788359
0.11737539748724467
0.5439053119546944
0.00792057055295875
0.07842748075624266
0.3304656103264033
0.029862720532793742
0.029838325326705186
0.351337945206007
0.17307662737985688
0.04245177401736928
0.627051552958249
0.08950954392394407
0.02088017406433692
2.4638377506953173
0.3121733714363353
0.5596209316607959
0.9534303432207873
0.32318836055435035
0.11612455469077526
0.6545439231573609
0.32187621504504554
0.1519145350058013
0.32572650043775614
0.01320828458942955
0.3140072744698427
0.8847312091940458
0.38552097105761124
0.33643598988083767
0.6069975191142399
0.6620186264124517
0.039039237371462955
0.14620739780760136
0.4265482778058781
0.543943126387403
0.44524267616275626
0.5746761908505728
0.4201712659006255
0.2003895062830319
0.2622488230521332
1.226799878931391
1.353082136312709
0.2769351363431319
0.2061595882132017
0.4618114456407078
0.2612402902153698
0.08916018569886254
0.1858223178949863
0.23214530005058565
0.13079042128519294
0.5095743522619391
0.02859085727763268
0.15708547010169807
0.5987723060602784
0.23710522118338204
0.355906871629264
0.6227489775859251
0.3041897301123773
0.3314210853162925
0.7370650227030201
0.40363855759945566
0.34633289141736184
1.5873454013126733
0.4343655410315032
0.3815380254821314
1.0638746782824549
0.02087236937728612
0.11770312555641359
0.5117024756116837
0.735139133355945
0.49930799019898514
2.2767974246599394
0.3694313384367356
0.025750313898933588
0.44496952675565116
0.22924257294241002
0.043589240799053006
0.7000420446717341
0.8206623476502273
0.2184185307252183
1.1715493441916565
1.1759174677208648
0.6845963501943304
0.4293538879986341
0.07481533014352433
0.84223469432754
0.12944986174919204
0.08683355753752472
0.15740402249570853
1.6994949528921244
0.16775866622657684
0.11166172613453723
0.35664784625670853
0.12827421441495507
0.1842719997943122
0.5138870743111675
0.9807772706129114
1.1011098982515655
0.09136823296915658
0.0479746581599958
0.4351298045908308
0.5422117402896433
0.14194829459590724
0.08500993402290632
0.21403860952182732
0.23997034183263752
0.05910794528725046
2.3811297177760364
0.49178860343159336
0.9763236005742417
4.7511957375733544
0.039867496334778624
0.6808464899223571
0.06241638143415626
0.11442358525932873
0.022342882489654475
0.5879546821683876
0.0894222783890863
0.029429304046485256
0.3747004520160074
1.0187528745054282
0.3699742444860657
0.30078906400070854
0.021026860185941583
0.029698958862748186
0.5426703021364997
0.17120466896560074
0.4727237641490271
0.17607050121958642
0.04908031586529764
0.13522865926851124
3.8420957682400045
0.4188568455901603
0.2771428618919378
0.7365356080637924
0.4255855576597246
0.0053689979604372015
1.6025196057145543
0.11253832652628815
0.2560854683480132
0.3662598221726058
0.048203122841608166
0.02290111342255819
0.7434081908486312
0.21241556304130776
0.10334886891668865
0.4385076777682374
0.4538227548664833
1.1093666810769551
0.5362069388312827
0.10799611465461076
0.6363650945367603
0.1664573839639627
0.5623232628419532
0.5421133007007313
0.25158160407117536
0.16216064441584796
0.5742918063319051
0.9012924017065862
0.3027674443619965
0.7273773316578227
0.27101070227027446
0.5443467349378812
0.7207145794355002
0.05310267607729376
0.09396093456857575
0.027762752270020428
0.9414588587656475
0.31409856235032524
0.10663605541663385
1.0772709462358276
0.011417212563748341
0.34720745249204743
1.185132136995546
0.21999715528799166
0.3059272019102217
0.23048127058026793
0.6422627348999081
0.16704640104956292
0.5839659665511318
0.006072010644384936
0.08612045067006124
1.188138534414043
0.9111185849218997
0.969392443355529
0.8043490598956528
1.3407484034035952
1.1146714509794566
1.4207851736659174
0.3368803879766945
0.46189374383333054
0.6253372992162989
0.03726719343031896
0.8552539706448589
0.7044477697565021
0.0800592347606087
0.21517548013616536
0.46551303097783303
0.025257121008835315
0.03895525399946008
0.39464409448500143
2.3151357069945706
0.6181917403220193
0.7301487868819343
0.11323667228982914
0.06043764497174141
0.6457135260540455
0.8987247881202998
1.0382091691790012
0.726536045630609
0.04526420464772028
0.03509658025624438
1.556631929502897
0.19805322838807451
0.08254966155868063
0.3511583230843348
0.420652620922183
0.21683711945649942
1.2897442599142799
0.24965913849114515
0.18987575789177075
0.40375718797881566
0.035308728933240247
0.7389138828228176
1.25123958895936
0.3710334964564283
0.5019158984205853
0.32502146614749483
0.22780629769811872
0.09130203995636642
0.2840928686762497
1.7347019976673117
0.9586516210745386
0.3056731946011402
1.252725481028259
0.24217520607148332
0.6672034371383896
0.22873120722102577
0.5731186463198367
1.2853705711012477
0.27655502318901576
0.5686757391774198
0.48880990076109704
0.5951129455220883
1.2141059099011906
0.7135673091447781
0.059372603313254356
0.032400057446893345
0.6365103602305004
0.04519280416794235
0.5224838166892366
0.2278109397726557
0.15396087336626588
0.2890980940062059
1.0665224276740888
0.6592013830845636
1.4282580417452904
1.1463387773005784
0.9375382695652262
0.09937020176378407
0.8852660322525868
0.147982842809542
0.1680151333167818
0.26827773815414563
0.025755214339828723
0.11833885142706932
0.4577286032192591
0.6858599581075716
0.1770865580761574
0.1523574204593355
0.08971999216966056
0.09628278924451221
0.7037080851688469
0.8572281569951297
0.13325509001120092
0.33199336831106596
0.335173076763839
1.6552083641080484
0.7448026932266043
0.7593363154639053
0.3173623683434188
0.10103691705921371
0.9958171615894963
0.44798519397871656
0.43741415963118857
1.0602886481515825
0.9958661119020806
0.4338369925630269
0.23887537702315634
0.23281410984462894
0.3234066695690947
0.22390433230207543
0.5019131231391948
1.0704416343499055
0.04331298042399711
0.7958989553419776
1.0135644191131605
0.051234970064896516
0.1201401125254497
0.5044045355193363
0.16707768963205136
1.3124688037213235
1.1950652363701275
0.014446063516234463
0.5740258868508432
0.2994836711096619
0.19441967402108654
3.758372877230113
0.0011703412341524937
0.017951669356337883
0.06717993658612578
0.06592003173109784
0.1777683130785334
0.1469590831005796
0.2530944549238303
0.5268072783277581
0.5364293658019521
0.07666456117113446
0.4367107595459987
0.5298751309937578
0.6885658814133433
0.06941487217942932
0.16419984488539496
0.3889773881138905
0.02545072128401722
0.032615997745797244
0.6774957832928438
0.0055856769539188965
0.4519339442268182
0.7629334471735721
0.1431194557273293
0.9814267921893477
0.15773067502836946
0.5502455148807336
0.3126359654387998
2.984258655503517
0.38342455821960997
0.1304266721304976
0.43176795435979093
0.06256521482993566
0.004105299328961168
3.1658649449647687
0.10379218784391091
0.5887681871982787
0.2967076530025159
0.03829231026879695
0.05607764319401915
0.8286891243390593
0.19494634390887583
1.611885913196849
0.6341587887776824
0.14006254325726142
0.25877961550956685
0.4191595607167459
0.9016070508457562
0.4127497589934543
1.2760648660848055
0.17970868694666417
0.4250913270698997
0.059750099472593465
0.9315503035155694
0.06545447866229932
1.3450223661961223
0.5576735531979581
1.873002989971018
1.304689000243142
0.2685663048670105
0.6057763054702678
0.27082929198183203
0.29523185467447793
0.6221089346697702
0.3327704254640203
0.21325377526770833
0.24977308593683215
0.5172874986900926
0.2002987116604249
0.016214536372646183
0.2975640241222804
0.7023307642594618
0.23635389853337796
0.6212346055066166
0.502818921937068
1.0335153368244507
0.5732505025272648
0.3494613778251964
0.3838683618610137
0.7036559233931982
0.06997435291107504
2.1374390053816437
0.5094750283600972
0.8027319076289237
0.0351621101053811
0.7131510865833846
0.6263323003411649
0.24324556245159426
0.2818050537381319
0.1569000303526598
0.008911603833216349
0.7368933372865073
0.27478554581105735
1.072827756767252
0.09397219843837785
0.5074037447647446
0.34930197295761123
0.7630946717248333
0.38000752157625645
0.20132359908555653
0.23815043554288
0.31766819570501104
0.31175227888938595
0.10285338975472824
0.32416559563106895
0.009144718519390093
2.358058954795976
0.33335376913502585
0.27793993706009595
0.20703839427514445
0.2708997666126986
0.2720426284385569
0.8058182093827537
0.12843256677181564
0.10759545399982987
1.2831298045564496
0.015540072603769993
0.37330348737066
0.15880318118390768
0.2821209953217516
0.22436494851942557
0.8939979012022936
0.2906562131112392
0.6077627582287394
0.6477497510054894
0.16616162571034854
0.2475712466339601
0.40424238724726713
0.014343351908134816
0.09405580479393819
0.18204242036130258
0.10920797128610274
0.49795700962560185
0.6860772948877258
0.18183405130887456
0.5316053577254661
0.715753078456948
0.6534828337524242
0.29772801485710915
0.0393964309760334
0.40957516365000946
0.5132758897026647
0.1309829135017661
0.13885624889945059
0.28433897444721534
0.01642530890973975
0.05510211385971466
0.6537690602675578
0.40393439710162365
0.5746028360923396
0.8416513704677202
1.2876154764999654
0.45406567909073076
0.21814810731437834
1.022209005394231
0.42193796705995074
0.14204274819469687
0.2549602143339851
0.05704117464776931
0.443035502221722
0.44065699061750535
0.061045352515369786
0.014468796417116245
0.2894808285839068
0.48339706340341276
0.8820538899863591
0.4107294375471043
0.1360774503056345
0.32008484655628255
0.34826100129006254
0.2404229913727991
0.4940074805873615
1.8079203440482718
0.4983475644030402
0.21018010340573456
0.4341113325423107
0.24374490766085702
0.40994362480329105
1.0398886612873541
0.5462430851058787
0.04811699421797037
0.560423431280777
0.02714813619665323
0.28165195532683945
0.30554187174598396
0.10054291568595652
0.3136783321040733
0.3553162507781763
0.058576069880383115
0.1200815920945648
0.38530302324653354
0.09380678713385268
0.19008855520750173
1.1346387058830998
0.17768509176650923
0.005028614341832093
0.41388582628668646
0.021174742869813953
0.12869159379314743
0.04660016999686995
0.1105674685924297
0.057896016993247375
1.8456017911123515
0.5750741281992565
0.1980045634037277
1.2133570278170822
0.39617240913608365
0.823823011652823
1.1214786461231503
0.29812647856322033
0.3546669124262724
0.4264752045636685
0.17595954166857888
0.07694536925619118
0.37498061980142466
0.5389090511734246
0.2109305367828765
1.887873011224378
0.12290504272114952
0.1092602301524672
0.07195464875224179
0.12810010109640052
0.20521371669352723
0.6622411701253972
0.8625881903748455
0.06550058172235117
0.5217612343987328
0.40099152949077166
0.14135269531719932
0.3358981102337206
0.03143270717819159
0.9032035964992569
0.9250440090879287
0.06651061707439349
0.5978127742022388
0.22933618027227273
0.017225577666027177
0.8737400477818983
0.661292615085511
0.19090429283030008
0.17822357671199038
0.26573096138124686
0.13137195212611125
1.677812982590023
0.44519234714802536
0.4102801051914293
0.22290026491535683
0.6407474966889131
1.0364989169460739
1.232356364517618
0.31434053030135684
0.30656507513111525
0.031037195165382718
0.06266665246384645
0.026068911317220528
0.011563780445662468
0.30041541662096605
0.4473942934368849
1.6609987540427447
0.8488149722363957
0.1945169646812745
0.5402882333503745
0.41847951175866716
0.17009911066158098
0.3764625445314064
0.41119684416105595
0.10364556790130347
0.08817570963173361
0.10700542072808306
0.1273505512099128
0.1938119837429898
0.6107352129146028
0.0678661778522891
0.22796305780535545
0.17740485364171102
0.4343190532114718
0.4895401246621137
0.24906102893090637
1.1571993999458734
0.5578416184303989
0.7623510651534499
0.6683076507069573
0.2653995299559629
0.23452230401469198
0.19520769353434742
0.41416752351767583
0.39190527877125947
0.1529355455115575
0.3969169814909935
0.06278864507312433
0.35456975147956943
0.00518966172589664
0.8510817967103266
0.21627357936695607
0.15103050313637692
0.1513675806788419
0.11542232871089064
0.019742727063401362
0.6065522781137163
0.16135265658058168
0.10403531131882238
1.6930744865552403
0.2636445230638952
0.13460022419844186
0.34942891552883565
0.6408314426373753
0.5774396771836618
0.7656617225895255
0.21057916954079753
0.06292640679250402
0.2990792138650511
0.47545056403980135
0.5320306491682553
0.4564485929865931
0.2640544572692572
0.1696267552887261
1.2637316387123427
1.6726078685936199
0.4944134052105568
0.16233404425030326
0.5039201130061897
0.5409169294279655
0.6566044841241899
0.5321305569969369
0.11725585872562316
0.28632328266013474
0.9081318854681789
0.1513383271628537
0.3867957082369542
0.28212856334178643
0.6713855994936084
0.07320088446750563
0.3855966627089617
0.9466046149883809
0.3856975765978763
0.14617601579119346
1.6038190666230576
0.28342049303494143
0.6552999830996332
0.9327290550995763
1.0637666964895858
0.2749901631354187
0.5072870856555037
0.7161670311364722
0.2836435611551668
0.685226836276075
0.8902351124379866
0.07196526340001996
0.1437836964451049
0.7085746156309097
0.1446522887723404
0.272716584048254
1.1553168316111748
0.5575857508099802
0.5598269117131615
0.8390791643847552
0.8848817258363888
0.685017683245031
0.3123089171510378
0.21351700894256898
0.21390570620537458
0.575006669185573
0.04294152660186692
0.15703489571692283
0.2753915177315878
0.31409744586019417
0.13074504722370134
0.25921304489445046
1.2711374510676292
0.058253860889086066
0.33589715903159034
0.10179229021400138
0.7591537984124258
0.2828972241953905
0.013541747198637087
0.07188473728718962
0.06483269610921667
0.22936066886855247
0.10888638631392616
0.4539929128361491
0.14144462241358755
0.15531134419005468
1.7389766831498128
0.4912337807565041
0.06458067201670276
0.5702130213895523
0.26127470605706365
0.31933985013955035
0.10548982242074578
0.11979663373055406
0.2149439387204375
1.5533336165083271
0.31005748901020314
0.38284599079082526
1.3820389264081194
0.6410710940704826
0.0654802444400389
0.11082960383149014
0.10795850234583895
0.021909663223367768
1.7650806921998157
0.39056740147506436
0.20681002722758063
1.2614239618053245
0.18139615580602544
0.015689909171890302
0.3799357970585743
0.09130588705290017
0.2561395329151095
0.8970371796230394
0.14140048688316564
0.032434529796132455
1.1263308769949993
0.76768663937496
0.21723080344126158
0.22781741989279844
1.0640351287702206
0.05788778230021442
0.5944283476740474
0.10747956591838347
0.20934705146210644
0.1892383301636041
1.0607394849416918
0.8030220284938238
0.9808056561495628
0.7014140084647839
0.2523649940351222
1.0645071879281183
0.36979499004750754
0.13193179077606185
0.5642229299493002
0.05279985287017998
0.4760517709334002
1.0547064860575204
0.8959033217325645
0.3975521312176673
0.20403850381357377
0.822392477063256
0.6905631109853998
0.6009196919180142
0.11741854560528796
0.27233900564110997
2.2987525954709915
1.1753078991772135
0.23852029406367992
0.5793475275393177
0.2479264049416885
0.01681750836287908
0.24001895612135513
0.5272279566200639
1.1766866478080231
1.6213757116756793
0.08898480072420319
0.2977559640909644
0.21809175058058827
0.16872556226731653
0.49024725388240115
0.4385282672341358
0.8072453771719921
0.388836615742738
1.3664065927475917
0.19855713488993967
0.32885924447369214
0.21478364192152516
0.3492872343711086
0.6009767855260518
0.38102384656573624
0.0871223608320068
0.22514773530451787
0.9512435935360793
0.28276308569080255
3.0183721647064337
0.3684834635080403
0.1937218796643576
0.20678064432338847
0.9525350906274916
0.10180113626285021
0.2132893259948911
0.6310489384949585
0.28139431086574773
0.2531904813898737
0.7377411128105287
0.24621941885514897
1.2032319194592946
0.597206735371764
0.2540859614934754
0.4207525344281062
1.3579529956841536
0.098011690911589
0.21425994469202647
0.2929367435038684
0.0499346835721985
0.1871094508958388
1.8371440288346406
0.3066943812083278
0.0857919343738558
0.4581594165302643
0.6932925677073132
0.1194683471282631
1.535411415378301
0.587978228894394
0.937702921442715
0.014102242856930477
0.3101262091858285
0.20075355096452824
0.19798830173702398
0.30115119224252007
0.778339630021389
0.8215646315832941
0.6921687069933486
0.7126551946090239
1.3097047762170617
0.1674702091446607
0.21662613963854546
0.049972456258225266
0.022459227493447365
0.3534137281224824
0.06318832148617937
0.7143163173976718
0.191175903178709
0.3400874861394008
0.09264368796251823
0.03712962125213794
1.829398551818105
0.6447638454863467
0.8734706729160113
1.6281821423705187
0.07261568279517687
0.36120430935096814
1.3129855287536318
0.3116411639309091
0.05436515326545337
0.0937514925073767
0.5068024241484569
0.21067877838347968
1.2170309086474016
0.02383105823135144
0.5159028065777578
0.8091076243274583
0.4167889939897209
0.04039917207500744
0.9850829878011078
0.34543973779806486
0.42566123724950694
0.32088826573609275
0.12313615198520016
0.34862341727691204
1.4007609354612427
0.22065651542353334
0.8627816642921609
0.3173378873049409
0.5333429344789997
0.34146017302803067
0.4403469769556733
0.0517495322220705
0.11863974708792174
0.7348603284230103
0.5920779203717259
0.23160776326871557
0.4945298789686664
1.2693656273890823
1.1971056915427523
0.1669554510184832
0.6147788586799732
0.27140490484438334
0.8282577187112028
0.8260544284129258
0.6347334187851997
1.4272047739428038
0.9339087905293914
0.6967573041920857
1.5657896176130597
0.4005152331824474
0.13418565130024
0.6545469790421135
0.16389517859129588
0.15460827167226301
0.3231340616139337
0.05342887003333888
0.058011822550374126
0.020129293025804885
0.33944618818316047
0.1438284665734012
1.644102737554272
0.7675974024709648
0.7671659496504595
1.1096737332558564
0.08582178134409195
0.6012025590118516
0.24460792255902883
1.2040383151162304
0.8519379098331312
0.27715869833325063
0.6415661481016653
0.9689242836536525
0.5436730976345884
0.5156084665488372
0.09001530645914692
0.47204713155206524
0.18982787151811312
0.6219768351279816
0.2225116018882171
0.28340871918111976
0.47521116031804644
0.4584398763429954
0.9229647584412196
0.6274111200954221
0.0457932884944461
0.3013422400261388
0.5369363871336704
0.23011698577455728
0.27968948395088705
1.0636620523189408
0.6086071726368711
0.37744578295615794
0.11864610690836372
0.22871543757380086
0.4520668787290088
0.16298681422603187
0.5865405836148767
0.27860158430758186
0.08617493180257571
2.1653077748923506
0.4265701311671288
0.8455421824244168
0.45027902044844514
1.2858807555920952
1.349422498512141
0.6871747513807891
0.3456375572408085
0.06020818979056751
0.7968559405083182
0.3074597542087293
0.5532993965617534
0.5490414025394831
0.04385162658228421
0.052070852054521374
0.23395118946692892
0.6634889337865275
0.5439328653023503
0.782961144198733
0.25696914292313294
0.27246448599597717
0.15008084967762772
0.25677853451463384
0.21885624476571622
0.9358457805969266
0.3169527941567304
0.05754376622212804
0.696142615022938
0.06264907994645683
0.11478666693964568
1.1983670804137303
0.10490674120829559
0.07144145731757351
2.219127938373721
0.6827444996240155
0.17510858695649884
0.01813898611021922
0.0018436052448609235
0.0546248053317752
0.6043793527665484
0.13509233778754143
0.23655824136511364
0.3280403033319616
0.24550287299635037
0.09040981489509291
2.9161167612918795
0.14723060766257495
0.19372207304994454
0.6007864218935327
0.12367819417891117
0.15592151005828028
0.1563388437644938
0.020762852523565994
0.3772875305660607
0.5185793575628965
0.3194720456709278
0.031851474749522116
0.828971913481722
0.33419742381678785
0.45281660413084807
0.8172653531174944
1.051826708673821
0.2020906646117947
1.7184823236668059
0.7812292460256685
0.08363335411288055
0.29323752876326115
0.4968744108016515
0.19430349093107907
0.6512614239626333
0.28552525779108495
0.447131282120694
0.49595681916736833
0.5072620076029242
0.7316245463245713
0.2725473553320036
0.10387247316449068
0.03191434442509367
0.8001568902278698
0.10261283683803119
0.018428686703640472
1.0863395780843375
0.5001857450325659
0.2582911402962575
0.6784227066481304
0.29649088950170566
0.41587755181969915
0.5314164150393542
0.6909283503664883
1.157345154592548
0.7268681266172392
0.028904602085128357
0.7118062899593839
0.7370938093468334
0.19974893048184517
0.6000176704737905
0.36245360404993926
0.17012770765690463
0.11245126449463805
0.5006816113380447
0.02517503865204123
0.4428759972056393
1.7150747804205853
0.04733349839715484
0.916911501448005
0.3182472951144233
0.00800368440928674
0.9212078856501223
0.052739391128190496
0.0869268104302746
0.07347903164987983
1.157638772263387
0.25755603103651675
0.3601205856234432
0.5455577922535202
0.5639622630626435
0.3505519390587102
0.5076000408580205
0.08072884525280759
0.059857421851402866
1.1421541023789012
0.8119885143642667
0.4853192234836016
0.5768406673090677
1.0580211004869786
0.34434712705419673
1.2163518673024327
0.09371819192177809
0.5578152733594934
0.06288605696518874
0.3790830194865857
0.09918677690964174
0.26147647217200004
0.4773962608668861
0.08673682685389932
0.9334219070533984
0.6373916073240331
1.2161168386294121
0.41933813362021966
0.00983391151760572
0.2026453810336878
0.29558918773021403
0.9685472195550904
0.3873763361550741
0.48004368196459407
0.05345074420001708
0.09264870841277774
0.27258559953684164
0.07071228711424285
0.12902944016316645
1.1809327346117955
0.5646873902673466
0.028047920384554746
0.3094989194502818
0.4873942312372918
0.1134886913524304
1.5920260987346733
1.9909459484046736
0.1443804530102023
0.9179108686923864
0.055054132287710895
0.9569486192054999
0.3627436809538107
0.03129659753763769
0.46772980808867465
0.694840739625781
0.5598049177299637
0.2781055231897211
0.47210197310058943
1.629284757071227
0.9669677271834614
0.2639744252195726
0.2864767372975588
0.09729456186868643
0.7208706262507779
0.23069178719230068
0.12094570432656523
0.3571866293467315
0.470703431715292
0.0502423145329762
0.5046015111824853
0.1629072101451963
0.3685275877010343
1.9470225806017216
0.2714221556954272
0.17328769664329147
1.612791315590399
0.41888018754962253
0.3834272640662003
1.1433791779729918
0.08999071784577724
0.08396839271877363
0.2569908359858702
0.2006203492242754
0.728732185293191
0.014215699114787336
0.043784847223462035
0.2626126611585815
2.071038980225286
0.2149867649838496
0.1969784974858256
0.6607152426710425
0.5737793314735552
0.3503433531436497
0.971508256421858
0.10103342616177102
0.023195735323221608
0.3855918701703864
0.018841365221697926
0.16290745485728192
0.39475080547335584
0.2317318452045601
0.5622132617515153
0.5726360576966452
0.32516169680436
0.03764527529189354
0.06326763501233465
0.057113307659346524
0.05863244457518701
1.6379541243122162
0.8005641909280587
1.0561649834378068
0.1618063585063586
0.036969407630213426
0.6600075040791004
2.1456210961758875
0.15521215247761352
0.9535715961689706
1.1096805303127781
0.48355895560484563
0.5300087088081316
0.7756437702172666
1.9195830506751312
0.8515975445606643
0.7114394952088635
0.6320179580483328
0.8499801814789527
0.17908060370845827
0.05180896152284841
0.09595867890350504
0.9167600076715997
0.8626229038218305
0.6185719038340356
0.025814324800088422
0.4699494503104986
0.1732226423132533
0.9164231983077487
0.32809412049771597
1.4832044068819281
1.5433322676871346
0.3267325452406549
1.0369969825545524
0.35109000203503715
0.2670738358079056
0.2373516327207139
0.5122687792667039
0.43396012392647054
1.0010972169844778
1.573995326707343
1.045588387660993
0.751390323524694
1.488822003108543
0.3484920604970144
0.09157291669364219
0.5472091334492688
0.6141842969855517
0.1424562577487983
0.2076720498305953
0.10865944136361269
0.4997976215002498
1.0080455691952874
0.40939347893801675
0.6266879771102901
0.6583099845862326
0.2787687947565884
2.0256758647428215
0.828577442027687
0.4742015360002378
1.5124443638844387
0.4171426261212539
0.09051592105869743
0.008931573123426646
0.16519718191616914
0.46907905826796137
0.37633911312632423
0.756658455248572
