0.6410303206295779
0.6057508100728056
0.8288749056982544
0.502352347317759
0.040398646625325496
0.1660894461928797
1.5284085903910494
0.18162901349267438
0.31435677475695095
0.45388137509507953
0.03121859543447677
0.5401973076643469
1.0441984430540074
0.7744987891029743
0.31515329293211686
0.3952331431116766
0.08038585188724576
0.6862219996039581
0.44164017675858186
0.20298966375179373
0.13329584823471846
2.219318643044238
0.13602418119531523
0.1846223271012302
0.546340517881923
0.23008179401337905
1.0400196754110536
0.4046220472251431
0.7477115842230011
0.659377501213134
2.1781452415759017
0.19515571936437456
0.8042831088683711
0.4320019480270419
0.20008952793439083
0.5386741362525806
0.46870829434007616
0.233254230600681
0.11234691425790365
0.28675387877373293
0.10345678166812707
0.32716050934542923
0.28151290928099376
1.2484884027514642
0.2080191824214475
0.12543006217241592
0.0507131154143405
0.13627466693963958
0.1281863139384115
0.4433536911332305
0.2849658186420386
0.75097255226994
0.9009747890625419
0.4500509064295188
0.34272500287719226
1.2949465423931765
0.19472207386711043
0.37621932022045707
0.10131102285392897
0.6366299675227105
0.43541778811544163
1.3813016996237149
1.9619835926204308
3.053626381062443
1.4776826149427538
0.6186130231380965
0.3326955400363539
0.25216101452177103
0.36130340211658735
1.723952795375271
0.6363732497228508
0.5583961506708508
0.10540660332780585
0.07949562511275017
1.2425991201357436
2.829110494835313
0.10215279154461142
0.7723412277391128
1.4312596433895637
0.2951310051864111
0.07875611304566005
1.0591724867794645
0.022078530319457546
0.3254099658479248
0.27181487117784064
0.45294257509653324
1.3338963747626973
0.6161784851517284
0.9812249480146787
1.8354254124320037
0.696974675225431
0.49593888973649186
1.123350050405462
0.7393845705209994
0.3106702952853563
0.486984053123831
0.7540220591352856
1.2383522973960597
0.09904158651411069
2.307624940415253
0.6115852177180052
0.9260716811922179
0.8267249660488187
0.4745689911890495
0.37952841695468215
1.4664699665474592
0.38330162151989733
0.7144720835625937
0.3560724013341106
0.16557722767458347
0.2094948195653861
0.24826350383951784
0.7528608301950251
0.34639568725889414
1.7017130465875678
0.30854959295239
0.5089365696180809
1.1890017175862075
0.23493978869178167
0.30335172853747516
0.612197843793694
0.7340976525919216
0.047428860663169696
1.1631771569069929
0.06971226010212282
0.07027055241178688
0.20774379941017018
0.16364084018930372
1.0789150805709515
1.6705430904268244
0.04125184836802858
0.2354020630156274
0.9158231538537044
0.25253266758465276
0.28169354541376806
1.1451000008539645
0.2692223602734408
0.10474479711144762
0.06948652133882907
0.406990961390058
0.7181897912028599
0.20740566677304387
0.3929155739279805
0.015311938466947022
1.0202217222827001
1.1917594982774
0.4610534080211739
2.1600960588525564
0.038705153022289385
0.520913181291586
0.976445540145193
1.04469836769896
0.0655493979159845
0.464618758214704
0.27770621519249394
0.10113397770176083
0.28233526485804844
0.08499420122622296
0.006546010189637727
0.3342792578851796
1.3850345012268634
0.574603800506331
1.5277875073366016
0.3181985219476822
0.3936999566913541
0.31402067071097733
0.6025787910199618
0.1173613459346213
1.0572528174227216
0.08413673699925592
0.2028989186369082
1.4254259733957906
1.1857280130878336
2.7232989177944
0.2966508632747397
0.11096230047951344
0.2963199295855106
0.7352320321329293
0.47373373515421685
0.42014292667143444
0.1274366814232019
0.5321122229213504
0.11949152519554976
0.11763945821617741
0.4633668190672046
0.16023158761215753
0.6879032214313436
0.121644144462602
0.7128080077143809
0.8531111324371052
0.9300139769874807
0.4820365415221272
1.037927710701073
0.6745850377093944
0.3601999040557249
1.9447824854463298
0.2435183624586641
1.4475323251249714
2.3602978920021465
1.3236365919477695
0.3537598290383342
0.5020711733683526
0.8208743696280456
0.0070860853173271305
3.729688414940187
0.6261358200464088
0.9537384091841197
0.3697578947190094
0.13166262702029172
0.5039575509501631
1.6266695567184424
0.2604894923913166
0.07834252955107154
1.7477101978968987
0.4233162818801688
0.8219996955980926
0.44495847251390386
0.02588294611686669
0.08063448269751576
0.6008633581148383
0.5586221053157235
1.38457140327336
0.8877434578432455
0.42327418580882326
0.9399394656644477
0.4835189180245651
1.6977444581302827
0.8254879606581832
0.8159699800651401
0.1827315798587627
2.4654001431035057
0.5687702126214268
0.9800756203006006
0.12445435558559183
1.7653468737657323
1.6994609090039363
0.6236727323963804
0.4150934724054558
0.207305886803669
0.07117187028321892
1.2927434506136053
0.5640147677593957
0.038978721331243645
0.5809616952304831
0.08949844547067255
0.22448586932796338
0.4033927427721864
0.44143441377551196
0.12796070095044512
1.9260876705705268
0.535474332665118
0.40449906093393095
0.7737556508947155
0.2888929883540003
0.7315684190802169
0.560325085791223
0.2896471608613053
1.3180876837186006
3.486120488950022
0.6734989572071154
0.665534352570706
0.6872341336027692
0.12035693662211462
0.27430821855126414
0.10178016687475018
0.0833259929178339
0.47449786520383036
0.2604064825673157
1.3089708871141577
1.5346744067565252
0.32683779003392377
0.024182259877272086
0.7789739165655016
1.701881235319955
0.07226291314220074
0.2464711451573367
0.7482848183307936
0.9683456381507614
0.652476548131238
0.4077988792149596
0.3040715853868136
1.1440261136648886
2.6815937540854278
0.37258765725861803
0.5652583286989228
0.794215579240194
0.14800807025218987
0.8039862182306227
0.021389415932657474
0.6934840288720462
0.6026489901464664
2.0444580471788534
0.13786455677179008
0.2409644995447851
1.2202597626410603
0.31945566014771615
0.245158630299788
0.8643599439123496
1.3510993168916763
0.7925208582016594
0.1840523466794971
0.31674633517024264
0.02201343686873819
2.0140357906505333
0.38864617917909267
0.26901958763995293
1.4019619475688823
0.1812251740265589
0.5706330065181364
1.6287267897164839
0.0057697793396009655
0.4501464518487233
0.3603661745748616
4.12834352245951
0.9550354972957757
2.4151627201391013
0.2248728283089386
0.03767367503964026
0.5795149588233132
0.013332950167908217
0.6231893275212477
0.41877787414973805
0.867616162663745
1.3390710502493341
0.4693039062372357
0.839961526932357
0.732701640619893
1.5632092563561681
0.378463378313761
0.08713880656669934
1.0304579883897238
0.1341983074364901
0.0067700421089397075
0.2868053601521365
0.2600756936812369
0.11937102014914455
1.2786688286970271
0.2117330039403869
0.11605639344054433
1.9275899631131201
0.35599729070655456
0.23744905646124825
0.6003662353815722
0.062150221368189075
0.04562057671211514
0.4108817440863778
0.692571272179625
0.5453859864115042
0.7410494449313941
0.011946215079666473
0.43585942848927534
1.1877284248850783
0.7204842137239363
0.22943516094169084
0.15907871296726245
0.3252158669125388
0.1983177615008509
0.692984975121836
1.1889780047066334
0.6710760523588462
1.3490820018838903
0.1123226043102431
0.09034255273878555
1.6265423230840945
0.13428188790819723
0.1857502979534513
1.6482408411234615
0.2780903066348461
0.0786763162065096
0.26166595126227277
0.06243575144291575
0.08853813958499057
0.04669905367750664
0.3310038783551913
0.6278454260282673
1.7181436420555036
0.09259237092838148
0.14272269868857856
0.48124831790117684
0.20537975927920293
0.06440877069285171
0.34731513119315505
0.3820109965380283
0.49691606224213486
1.6637630097001195
0.6168980672824063
0.5327734579023599
0.8590302731663838
0.24730279532929073
0.0727496768421398
0.21221827440029212
0.3872370573691641
0.5651617546951281
0.814414804846438
1.235416374159613
0.7743156161531334
0.41077742425746877
0.05350093481121313
0.4961563320776935
1.950206917451772
0.6306010328178058
0.4661438956832918
0.6090174647685601
1.8370374476072646
1.1510217402098861
1.2269679917954492
0.3423171375284344
0.6769646584435001
1.2964386792121285
0.48644980773893554
0.02168833461192201
1.9822701969395726
0.44257408421531474
0.30982642630225876
1.824356454211125
0.14992107878908686
0.27510553233342244
0.5726355498333677
0.07479963152962862
0.032021196162414826
2.0949304518296534
1.0058459195232454
0.9538685553322769
0.2827022350096898
1.2172490923297021
0.20674554422509567
0.21620075222858437
0.41045995669404545
0.4261505287082347
0.295736968966604
0.27042497058902604
0.773417742314506
1.2868533623879674
0.28020544540480147
0.7449283537409934
1.1554169530091982
0.2817841960671582
0.060486695275228826
0.4361864429390672
1.0444112251934177
0.1550320270370792
0.24801326777854266
0.05315518809787662
0.8874935739289499
0.5180993649393253
0.510556938204972
0.5430065012514664
2.228571396414206
0.28075435238903035
0.11122159099019929
0.5743794669549768
0.07836797000545939
0.8432694620195755
0.14536810015819382
0.25306087914937164
0.37098496061663383
0.5651587082578924
0.6854766560256847
0.4172989728656473
1.2897108290464065
0.09652694188971199
0.9561384804323657
0.39236970980621544
0.3659999297209381
0.2670014966432212
0.761249890227458
0.2921263629754737
0.2643329325370141
0.7237171440292827
0.2849176864746649
0.15538954276704514
0.09296820175900526
0.4166061372587461
0.16883059840309678
0.5758534070718079
1.3840878449866385
0.3612587131590121
0.6892880187110747
0.09361586958416131
0.08140040257316664
0.3152052187974239
0.10151760234524183
0.4936926903926789
0.5805193574677723
1.5569582149851382
0.17726682189239681
0.8492097407128651
0.028585108877816748
0.7138531410297596
0.4132361606421238
0.5840034550059775
0.3221944417596457
0.5180628743690003
0.01743823302696574
0.035926476754987786
0.024813690477156293
0.6976533743606629
1.2580195984722862
0.14003317193432638
0.2963256518316924
0.1483373991506954
0.7407522512443186
0.07787941548403633
0.29232789555905353
1.968015637204518
0.1386503444561207
0.260242701427579
0.4013967419513268
0.08056444469044441
0.5182459496072762
3.121440063963846
0.12043051884618229
0.14540147116659555
0.5022086687231153
0.5357061438582275
1.0536444023066656
0.2573149356684566
0.27019063745199046
0.008356220286543252
1.2148520703951955
0.19718911421328744
0.11253956786041573
0.7797688163670065
0.32597537581574065
0.9076444715953882
0.9465341555051819
0.9015451859574155
1.4997560319112861
0.2021324203414823
1.3647828240635693
0.9259819814007401
0.6174883121081153
0.17980699914779882
0.1026703660137047
0.4853862146344783
0.15662403004996214
0.13969423294867617
0.638606034673222
0.5797751622878908
0.45160478023004247
0.416371414715311
0.38360318746140176
0.3349610457333636
0.47497639935644076
0.3288341394027564
0.5945457959828345
1.112738167258132
0.26885845322104196
0.17028794419311563
1.6589524425656026
0.2184606529132819
0.7168290765872813
1.0435146779521918
2.1718226003470575
0.24687346927685327
0.7035182167972288
0.6941598288997063
0.07626461735297542
1.1300020833959012
0.07417061478889624
0.2734941987939959
0.3069192800827983
0.6551376081009654
0.5917151246669202
0.19754378104842288
0.08043969560002294
0.20502032442444232
0.24019567152624918
0.9165717045425784
0.8096374855491199
1.2377599953005403
0.5684110658366321
0.21304733811543244
0.18281649158972693
0.6933049735172656
0.17233510454858367
0.09478468111287511
0.1445375853696046
0.6033497588720184
2.1785764238725944
0.6745633050776438
0.4480745764486701
1.1143823216934712
0.17967256871128562
0.1805523904767511
0.5192241592253771
0.28153921703792667
0.29005229362249924
1.2403329502545828
0.09314095031881667
0.4327731229986509
0.07714340945670654
0.7433744653970675
0.4308684853135022
0.16286328624955676
0.05708941518065582
0.1665700814232403
1.3764532757291483
0.33102801915260405
0.08840079461678915
0.16945579120055035
0.02363248517479218
0.0332656301951414
0.41116987145985656
1.3055583410001883
0.35666449455506244
0.2022131882341858
0.843973333497132
0.6361853200514825
0.7783777631623736
0.06765977516987413
0.07285397902003736
0.3252311889014701
0.3378163030788315
1.1229654815194055
0.6687509658731701
0.12886140728452208
0.13805414759402032
2.2136666037574044
0.07947668505070883
0.8913903769859349
0.9872106883753441
0.20673427371788208
0.3430558162692851
0.15858369626618227
0.03260201961080917
0.2852590053439948
0.2621725846644107
0.16169321803395625
0.03203764893218753
0.8232543729161108
0.617802340941522
1.0947373382661092
1.387459748727075
0.3881403084137601
0.07443251925366359
0.9647497788243116
0.4061291225385739
0.1117240363942746
0.6969640866007857
0.785017681056692
1.3790672697481932
0.8850111693493451
0.6526579327134066
1.2972589713522777
0.35797658577868674
0.11063356091397424
0.7854167576986144
0.2782930994230006
0.07011727796830007
0.3653397456698505
0.4296100430031301
0.2196169431372091
0.6208530360963492
0.1090579493904232
0.25792695553247713
0.3120050928024903
0.5485498861390083
1.2727617671446771
3.310476439958046
0.6997533703646149
0.08013981278116389
0.9204565168557609
1.5134227946644259
2.1469638584148
0.1517795036108889
0.26358556705701036
0.5499329284601974
0.23835237023334807
1.6062614164776148
1.1098305001091675
0.6787493528044825
0.14164647965285465
0.5812263316183627
0.07213862088179197
0.2624777844211496
0.3409535168456208
0.21303241094356545
2.833764637698888
0.282125791837516
0.2935147518991521
0.261138743264317
0.2644734529428216
0.2498648433509238
0.9399804513371708
0.08976639881530253
0.050484779411425956
0.7170091675992996
0.9284548082774694
0.2455711835339875
0.8605353412639919
0.3017163905525851
0.014814860687953112
0.9874430852256418
0.8937802903568256
0.4774192606006928
0.71515805805469
0.568195383876118
0.20869825032129236
0.1841069215115538
0.10985247231020145
0.07497447032770854
1.738339030159964
0.17495842817868268
0.05404811666423161
0.44466904941234336
1.0470282349567508
0.8031301077118579
0.8546076333206277
0.7084641237619418
1.0046436120781572
0.820063282953587
0.2555735893202148
0.03381513409877049
0.45517292856340225
0.14417589472435788
0.24516600371718733
1.8776335485984512
0.4716862195964843
0.3406448404870503
0.798392369309554
0.4966752272870731
2.0231922154840563
0.7878813359326681
0.33410913642029016
0.5451599030458706
0.8989841990251562
0.45169917743112253
0.36476429000006416
0.4661098203144076
0.03510964171549385
0.025098524399399025
0.9840548483211943
0.9464498847004366
0.9508286189698666
0.5947029481239582
0.05995650570358669
0.11685093218791301
1.1345338845708588
0.4966782938677395
0.23423362124169617
1.7456361257811066
0.15285285643952282
0.2459318457071398
0.7361207937593208
0.42936909860012723
0.4835107120564338
0.6669757647581223
0.04257244386917075
0.5363100605308763
1.3347326030044964
0.17280239885562612
0.9283314923608326
0.9223841177897685
0.26873494459815644
0.04926091892905463
0.12910233448025157
0.13699727698911465
0.3033126839708445
1.2586537450484347
0.6177813838907468
0.23990723419543789
0.13812850186707243
0.5318703912081773
1.8878584622526884
0.3024223283102417
1.205388057873936
0.27622187596585235
1.1005138613073733
0.7430835283962963
0.7406787495541499
0.7389537676264466
0.038529167881612494
0.8322347535819116
1.494384518988034
0.019936064272810902
0.1305670522020282
0.2910188862357932
0.19164715066030327
0.10798066282534576
0.6675577384518925
0.30654636770614613
0.27969352752718574
0.2663168455623549
0.21205200394525214
0.12825862268338561
0.18591351403775463
0.11505584795513857
0.26325795185030826
1.7884698707367064
0.1945142884206054
0.7985980021726989
1.312533776039876
0.14325837703938696
0.17804910144851824
0.2523072137735596
0.20879788544102093
0.5135889793217682
2.5342467098121637
0.12232460440083479
0.11398879443509294
0.06530610557312377
0.06854640431162885
0.09944817850380604
1.258891126573256
0.04387993193324128
0.2234516758884893
0.5320565670477121
1.5916851003252381
2.1850392666053478
2.003193293598492
0.1834713527495104
0.11226401642030401
0.39041978949448974
0.06169189159909305
0.09062667806500851
0.2080377376130223
0.11330213820890313
0.025135251445110716
1.9197706765369615
0.4550810044516602
0.28653930701407243
1.9216816894770208
0.2736492730664672
0.3583066744701757
1.0760218585262342
0.32114940163815214
0.8987436218781311
1.1111368556144694
0.1723818140064194
0.1882128382566435
1.7709107100658137
0.31249134149698027
0.022380610900701432
1.0744327618505494
0.4263212920135569
1.0255859104429041
0.8574137372495652
0.6766719840757163
0.5364523683758817
0.7338247035127919
0.1776510640860879
0.7328298364864326
1.0278453633895939
0.10546440890215156
0.05526018907782213
0.7967293599810732
0.22070833329679468
0.032730021279836936
0.5674208484762499
0.27964971995289617
0.36634623847977177
0.7952965420189692
0.1634396047323504
0.22247632378712362
1.4756559392912179
0.9171418090850032
0.6603672585847047
0.6704313832974288
0.3880416534348997
0.7066709381903534
1.3216314314348152
1.2735839232409227
1.2418166118631395
1.041397083388712
0.9349893675128225
0.11090735472869256
0.7167987748114848
0.5554265729785669
0.7455065433675028
0.34037631611350844
1.2817207391042473
1.111839437926093
0.4659768211350704
0.1999843651091089
0.20499358675944904
1.3346813514873086
0.23881909744575036
0.04429321152121933
1.4930432436270384
1.2322224918519873
0.18533767309059376
1.5457668242463436
0.06520003571850165
0.25625988741979877
0.25386106949430187
0.407563810996468
0.5607223962218019
0.8918553931688322
0.9726906586114334
0.4965855222792927
0.0930581065349004
1.1277007787879452
1.0655684070748663
0.4372828968759404
0.14425806327135207
0.18088874174357303
0.3038702978425652
0.171237718469949
0.9183360001267675
0.5298475178360506
0.7045019997583409
0.18430864114808077
0.9439340684339276
0.24161359689185316
0.801318729475692
1.3203547370558042
0.18781310517004945
0.02021388668178707
0.05648183527313619
0.9890684035666923
0.45311227230690554
1.056680877693593
0.12725856403870037
0.3325538199431343
0.8029993664462056
0.4753678251407904
0.08807991677373414
1.4334400515445966
0.5240956629815455
0.7814628734392518
0.5952125868631477
0.27794568159732214
1.0175993867343769
0.33070403543902943
0.25318495005524516
0.11460354706685816
0.6916364284788283
0.08303259074640182
0.13725687615044418
3.3968057999995187
0.8919460318605661
0.8111829615645408
2.744796213932005
0.41340758253399096
1.0390162582406506
2.6190678146981274
0.11706468119192981
0.7360420405642919
0.5128250995134934
0.14168463423356645
2.6696995263817094
0.2341775783537255
0.47019504841168447
0.6077647964453667
1.7145258832327266
0.22945133875430357
0.373132957080797
0.5804183039918158
0.0704992489323331
0.7109687479226706
1.3839240479559047
0.1448622301656289
0.218678698923311
0.6150708831082801
0.35596916876355483
0.14392904989868488
0.33770105397323863
0.34929261095412273
1.0894511307079275
0.8181126325301339
0.4445892319686577
0.04511208886707685
0.46626200031533793
0.027640924941163006
0.5731630825410389
1.3732751826980765
1.1621835722938263
1.669659900155364
0.882621228254872
0.20603120876214828
0.6052329183574208
0.6441042845859006
1.0842418619040213
0.4824379841955545
0.8024468759058949
0.011820792486378988
0.09306407260179834
0.6233798960814416
0.8483337943232544
0.006540638925569692
0.19858236275201321
0.13205540426804957
0.35890148532760874
1.4785572177096789
0.16688765456014212
0.1401183316140164
1.5714242801887943
0.08328564130200261
0.15899093280619825
0.5623217829575189
0.2615741542962324
0.18938330250392146
0.7348208766340066
0.039022663166708924
0.09645840883754603
0.7169805512502694
0.2914815127135248
0.6597844050375588
1.0895858881623157
0.2900746908223317
0.5719586517187196
0.9222563564760033
0.6515465730372778
0.02984606051292848
0.9160944982446108
0.9391334793325934
0.4966925216311695
1.2987189577992515
0.3285522962233011
0.12280103693436159
0.38429675500085686
0.37675796083503144
0.10842771124186157
1.4608255704313464
0.25187522171538745
0.17748572792872927
0.21744087977755744
0.7530203212613248
0.2693799389446263
0.19794446807295052
0.3213508040531695
0.27849134553180904
0.25584523799823977
0.6913808426339386
0.8499859053815086
0.22788813588747442
1.0372680093120232
0.47319859141965415
0.10958997765286542
0.0342673133398368
0.5771271947062321
0.17833094869372357
0.6044600505857557
0.08629346890861056
1.5348322701862487
0.37019902970877805
0.8260228585227831
1.242428723369172
0.1890348299494966
0.3934793675763997
1.001565964220033
1.3874016864494765
0.3040445727156892
0.6652279215685646
3.078347171468881
0.20499749146573323
0.8422395910923055
0.8531174732609684
0.40476464888882946
1.3650579494377897
0.21125384253540658
0.03764770769521198
1.078535433853258
0.16836305462547996
0.023177648546575492
0.5315247689617302
0.7303670730575961
0.014797846863023576
0.27427315951479975
1.5418806131198664
0.33201730550018027
0.05810343913833989
0.9994154644631613
0.16913905716727273
0.9010381901448541
0.9798108229035618
1.1222861875910828
0.18694600073033507
0.06310903203158849
0.5041819782454932
0.6030847117597917
0.5468005832704633
0.06627757445008604
0.18573818967425604
0.16954196864258117
0.12769833740950426
1.2919875055907217
2.357870832265128
1.2868235538700532
0.5596325405089256
0.23424619039676933
0.35911562766028904
0.9985985453861211
1.000575581045362
0.7613509235994234
0.42376382350283404
0.09767669779127594
0.241087859566031
0.30986048612001715
1.0320319247471919
0.8870290944402069
0.24448747574028254
0.475850432427399
0.25483144146067116
0.19977243103478867
0.4483939132772527
0.044282607967262355
0.3174238124869223
0.48368657792150577
0.26598758677602397
0.6268265725739468
0.13120705086541998
0.3804941694057687
0.5311328731892371
0.036848317752591175
0.1318102291608271
0.7788987924619913
0.7265284283554534
1.472005462898547
1.3133341539598722
0.5956892407417922
0.4860462067132156
0.35154054305906146
0.3371045995328209
0.14162487955834863
0.6706448565118812
1.4485385763282357
0.09702309390551746
0.1789022352920618
1.572997061068199
0.4836547816802758
0.18445326570390766
0.39655042884710895
0.245406025770956
0.16294753038653634
0.36737696668172115
1.0070483346320651
0.42183469847065075
0.42878675578566655
1.0237624887752574
0.3183003300373208
0.37858841516484765
0.017097086705781552
1.1244606872552065
0.43811739551440215
0.41813170866142135
1.1771478727356388
1.4495566764295185
0.8627919687563843
0.048448905770001806
1.14756086414775
0.05953896036201843
0.11535951973683287
0.15746703839435658
0.15614023007409966
3.2138857849903806
0.20001721486470705
0.11652476548485563
1.57832246511624
0.18632711147017306
0.5533904088823007
1.538834367031341
1.466375771104154
0.06913887216724376
0.10825202304099175
0.02033885353595985
0.37402435597354466
3.100487572594034
1.018591215750692
0.706416730425451
2.4586007748756846
0.16993706595313154
0.30663454932771894
0.5106967710780504
0.22657285705726105
0.32785706590478186
0.6339821878338354
0.044968674238383646
0.1111743045019813
0.39780637920373635
1.1178865975156265
1.05904734555564
1.444371917673983
0.013476257106875748
0.8275965896827626
0.41886214552740997
2.632148959106984
2.753537973365455
0.7001747191886784
0.6190047042326333
0.5051128831912048
0.6659478956828873
0.5547143526623333
0.03245516798849739
1.566557128683039
0.4081617516280871
0.011117440449690855
0.6778545862007764
0.047006638031468165
0.7311676223928343
1.0690012219930678
0.2685958610521238
0.15061558688017118
1.259423224606585
0.15629571476809542
0.39743349804418104
1.7775668914223592
0.02912743828683813
0.1464009433303022
0.448494017478465
0.3090304033445601
0.24865145740170166
0.08980171548100645
0.05538067096432956
0.035905810374043126
1.7810999055944903
0.31747871804653804
0.38143267834693906
1.8972883858995704
1.2477147818135133
0.970683503631149
1.8856446966450036
0.8601619736092232
0.49964619593232434
1.0684901476056177
0.8984591936843206
1.6810267410185924
4.70051684517666
0.9670040335801249
0.7075313000000847
1.5028440356881394
0.31338667638563955
0.3209273503651504
0.44298712161148757
0.06420261339941535
1.9076898024293192
0.1996400061687639
0.3994940583199714
0.0365826398049716
0.769559301720482
0.21265770559491068
0.567323625404304
0.42799214460114937
0.3078497103015434
0.5654991727138355
1.210189610612476
0.23939340679581145
0.9371395576961223
0.25726898998014797
0.37224491327997566
0.4686184471734238
0.037825141943283076
0.32985758112607566
1.0281693328922479
0.7415902164230721
0.0266883483513974
2.012728490354684
1.025589421600409
1.6980455953534384
0.7286483273310869
1.33529777136952
1.3557336065654892
1.0286114424066237
0.25760795598344
0.09012315592141827
0.4832948538038409
0.40422373000253886
2.7911092165517415
0.024999754960127078
1.3841314544325574
0.1736433780516065
0.218205221330491
0.6077291324437428
0.5460164789223952
0.7557106525131121
0.12614828836615974
0.21289194217552063
0.8144597736835344
0.5650655316082965
0.3593932879116773
0.2886902092343103
2.2787997031919964
0.10980552940781281
0.40944947352229116
0.37101632814138724
0.010450996243573438
0.7875198237482444
0.5726768775204278
0.10535821109179451
0.019842466978221975
0.5079099419070963
0.023661763824163642
0.07113547603084992
0.3634263448285248
0.773111708324183
0.34532169236668214
0.9619200642013838
0.5525442073936713
1.3790227579052432
0.47608672535049235
0.15880712014465465
0.21713438485711134
2.007428333095747
0.23258991895897924
0.6095709108703918
0.03675331219969647
0.09178589123529576
1.8457758503621722
0.2555521868354241
0.3944632387255747
0.5148388089583739
0.5268631991598558
0.32935819631334334
1.6250489609794796
0.8202269476283234
0.42461463812347217
1.4301039980198527
0.8664752588735415
0.0874837798832749
0.4076184457574504
0.33223562892957625
0.3419174851477485
0.23764257412213555
0.4626682874135363
0.2950290677739567
0.020593778784897182
2.6020804918214804
0.8630494605905487
0.8580979450506298
0.7427004247248092
0.3242264808542129
0.08613540095366791
0.19210715924603308
0.6323509543733722
0.05722181554734184
0.12708701062650923
0.23710527397519784
0.5807766596835422
0.3659845083972927
1.152322407986262
1.6257574522450202
0.3267438601906221
0.022360175752582163
0.16532429997700268
0.10650981638626114
0.2592124396113863
0.05750723725204184
0.24935973932738587
0.1787028430404004
0.40667336099257345
1.164884239843914
0.6379595856463701
0.079946746598517
0.16955300990501507
0.055859927990092144
0.006412966875007735
0.49681174546519874
0.17540578147877164
0.1342864808001907
1.1822250992041536
0.15650298836737264
0.14038983900227406
0.1594493013771208
1.4682687433890156
0.4743855303143436
0.21514892598087598
0.8793074069575455
0.24214286753089984
0.35244900807554236
0.639714736567263
0.8452007989291253
0.6758800471390014
0.1724194733036876
0.4984667903689419
1.7931746795980767
0.046451996209611046
0.21751315965639903
0.6446444081670745
0.595265778926272
0.07007035100103894
0.5090937770358882
1.0304558719056904
0.36540716637397563
0.3046115304377712
0.9694583508401485
0.5305733418356726
0.1987359089297063
0.5934012369046001
0.020808831866967626
0.9906396171506291
0.1940213625404112
1.1690586001386147
1.2016460621158855
0.02581326717685561
0.11848419996944325
0.6397752370768219
0.9708603092954783
0.35287897882226693
1.8724720233967362
0.07753546931178368
0.11974592999558392
1.234944444517075
0.4909816282752175
0.48370373198000705
0.8584508639758177
0.05122019599378921
0.4384371682271005
1.9873412320275365
0.02127419130679975
0.2705515559381054
0.2600173803388168
0.1334774484514936
0.03202960113817864
0.14723091511578337
0.1505483814474841
0.596622394354749
0.64191177598497
0.9071159704364904
0.03994611804273371
0.6311984546911504
0.07676602310245897
0.041974073842400796
0.9051618832161937
0.0018396001870302295
0.4324183229866147
0.07485134460990743
0.3007113215607138
0.11105698657591115
0.48233218344995477
0.5996246768485397
0.24829613325334285
0.11833487026412458
0.032136500367023084
0.01893830395833653
0.2438829612298066
0.7746046272487361
0.5947370750399218
0.9546705122888551
0.4682725034435922
0.6462010159060054
0.6717300682275773
0.6955145745325063
0.36855393501975536
0.35782829975806446
0.4795064305297092
0.44283482185783024
0.4054091529751816
1.0318515222525846
0.35975816422375756
1.512384384881689
0.7637909037894274
0.3000248412035788
1.4798764388234351
0.9818106999922943
0.5993217473030876
0.4098199766941061
1.1009548788762817
0.26902000459702685
0.8790791247193214
0.003865848275178199
0.0669767152757047
0.1210585754345106
0.30058746818637855
0.06840893834211066
1.4464100832548796
0.9906365784661176
0.7465012411668717
0.717733692129031
0.8293347081919625
0.8278805886989177
0.8791674783013503
0.41365515524170515
1.215226344056537
1.6757724296571894
0.6303979021456182
0.6065219570119464
0.17849264123008593
0.038901409462687504
0.01720407921384335
0.5946924516940311
1.2089610103331845
0.025106377772005646
0.8143395320056662
0.13216458539982553
0.022518183643133776
0.38602222261166536
0.26678476346677993
0.4821932268657422
3.129715105146474
0.8185439153354058
0.3671915637307982
1.2859256288114513
0.024534563644397205
1.0824313741639615
0.33964230515284377
0.021236280723012705
0.22537463726305537
0.9757438334967184
0.5786416564995921
0.12776005811220006
1.237957809164806
1.1359978594641822
0.5981925573558482
0.24273927639958823
0.3543424980846149
0.34480697559500173
0.3401114136089233
0.10226972643204169
0.40961427322276805
1.3284694244106443
0.4462423295162691
0.07028765196512654
0.5733706499690845
0.4452673099183335
0.14394127513880053
0.9209454126823009
0.11254724600138714
0.48997955654603376
2.545625352936327
0.1601141682339708
0.13559436043936118
0.16653541116459084
0.4091564614497161
0.20101131190013857
0.4863268980154958
0.15133873469918233
0.22106283056703388
1.9733719457430647
0.16836573891019016
0.12477035114484586
1.6029748725346948
1.3272647484082527
0.3978919739645778
0.12172492425205036
0.08122841099097378
0.07146574937832896
1.0002174726965967
0.1314123575746508
0.10927552927064386
0.26832081261623386
1.7159691044400487
0.5478371427275168
1.0784870456383
0.45689382220046765
0.9037863448020151
0.887812843574103
0.3330525389948401
0.05320031924038166
0.19224239897916207
0.18577436662475216
1.1950758313929053
0.5297574443357986
0.08945206192173229
0.3637649847262249
0.8363384389246108
0.4329052127049409
0.33954586105986184
0.16910704331525164
1.7579386149542802
0.8939946964005463
0.2336369246568539
0.3130156692059414
0.31299898881053084
0.2535777163566046
0.643544348158336
0.04697778517043257
0.7493341413527157
0.3608746419463665
1.9389437751669163
1.915885067093304
0.1459246476540892
0.15312718808756393
0.9569566807683179
0.20241069327962194
2.1089679943555573
1.6565592093852983
0.8763149298934276
0.1519725127493759
0.9293954537260565
0.7324853444952367
0.042637805754200835
1.7245901783531559
0.8085864514025454
0.44555774437367646
0.9825537534130474
0.5505707305127626
0.786002565397937
0.9685297683371555
0.04625755806862606
0.41835781369608604
0.8150187367706616
0.8222090668241415
0.9314481373526331
1.0682270729271015
0.283709516850159
0.19468623032545376
2.2362780829224924
0.4809514972369287
0.5226522596450476
0.8944225983684749
1.191116188869059
0.6864010472976954
0.08192100855462467
1.1320778806445073
1.397377013360997
1.541766742018368
0.6089227115069824
0.06661582478558163
1.0043288906775067
0.17838517986306401
0.1394698894801416
0.8525990943718469
0.018292410067549482
0.09594503041897949
1.0344564854977187
0.062464192933134856
0.4719340020050578
0.05971954799863742
0.06398651676500013
0.17790919942333785
0.8626737908989046
0.07410511150385078
0.4400696037410844
1.68797064089741
1.5159742768582338
0.23331432155676446
0.9082063122236109
0.7379089214113339
0.09726887190950768
0.5104328360703101
0.4856967106535746
1.444646793714741
1.2159957141703828
2.5548070839895245
0.6375180451030878
0.2176957142578563
0.5571187451939177
0.803951619860376
0.4779441100032893
0.28179902925513917
0.2931717545521002
0.8372584740497095
1.095901344593188
0.5242792366928561
1.089984060140327
0.991049485191157
0.008995473139191553
1.0476748262206503
0.5707938527263204
0.06253384348695167
1.6784154139061869
0.5386974335031092
0.10033718404898316
0.526248085759479
0.19456370846952648
0.15014501441992653
0.6389408665349458
0.047321189072706285
0.2226161246764543
0.2937605462252506
0.7541147246899804
2.6802575071540513
0.20895361428154788
1.2288574054551373
0.4404527441181866
0.06064238886684389
0.7857705685299469
0.28811490820954205
0.8045842680831237
0.7783576779245446
1.0931414416878353
0.2858461601039668
0.9879083944136337
0.9103153802878048
1.1924195657350178
0.016631281019258586
0.029239146405618286
0.10169341198798675
0.16838021953360946
0.3051647908944029
0.15467567889857864
0.14495257376223444
0.1253214012189752
0.8952016396925737
0.1499941661024352
0.1444305994359514
0.37153234478498454
0.17767166040706853
0.2529620959008777
0.16354204201690653
0.40133344516814434
0.2492543669368453
1.4356026629541712
0.1749929866183198
0.5624320822354915
0.3737700856490546
0.24372853641452016
0.018976249238492556
0.16573761221979805
0.45821894757950293
0.3526473681478657
0.28585335605577566
0.5042082160830603
0.35811180425601435
1.125860741834387
1.161084382375742
0.3298275807717057
0.4412445772733321
0.880758877670289
1.3382626989686492
0.20453293787477775
0.9124969595337296
0.9439362635857197
0.5529007625203196
0.014951395080811796
3.442900411364399
1.4191218523303686
0.21335602869471618
0.6502011557849259
0.20029563591250854
0.17143984170607757
0.1535194438782887
0.19210542382248869
0.025312533435098438
0.13616503141581748
1.4279453287033832
0.954246869591245
0.11947035543542663
2.211158953034711
0.2971037312016147
0.11759967301940721
1.359957849362445
1.778691522633909
0.21398661103892924
0.08551999464617815
0.8784233317560587
3.6726221739886933
1.6480857589662863
0.5799118352491498
1.0363838436121209
0.5657614584266718
0.13565703983523586
0.3969887589784033
0.2596894118037176
0.03694281695661957
0.08536031728761388
0.3677407278681102
1.7472631065770294
1.1329115998998467
0.15818170732003395
0.4737078807715927
0.07247883494169673
0.2760158165431124
2.0410016145080867
0.037901897280562126
0.4458271183729685
0.18393953505305852
0.19435267270914477
0.08122292048083735
0.021229482992237765
0.005931237597952864
0.7708550817983817
1.1203382058511686
0.4572495212190178
0.30681097728270285
0.19258148368057987
0.8573402318972252
0.2575673755970557
0.42450470549333746
0.9811895437576691
2.3952905357698335
0.538620667502192
1.589435592391452
0.8096576019249518
0.04060736793100279
0.2110415938134757
1.256995218966721
0.07679998402337597
0.24192240809179555
0.6512197802450086
0.2121389717353585
0.04350248757029981
0.9392363962387527
0.13724036296799674
0.19589873042170786
0.5588473377974996
1.3500530640708925
1.4799205956067096
0.15698639299167869
0.0766560895591962
0.009374686969220425
0.1796089586613104
0.20187417369798547
0.1756235555786297
4.723898547684793
0.254815070574625
0.803250362549595
0.5182889255666004
0.052625301695980085
0.08437061172399757
2.4380225057605376
1.372171268806521
0.8077205158176022
0.42428328243104263
0.3872055485287633
0.5459322506924684
0.09440639823013648
0.4385223829196273
0.4093447592826313
0.642777421092465
0.44901418263656995
0.06721145461793494
0.5614112257651219
0.424501098301515
0.0247199519155762
0.4988964550174848
0.052520508781081346
0.17199153382369956
0.64309438098631
0.22678393913294642
2.595389832239447
0.40578311414815466
0.17432997596689503
0.13167519043392903
0.3285584209942295
0.7046230909203667
0.6348227950924201
0.2008379774742096
0.1123329938267043
0.09563604135655852
0.28671936564584044
0.24259333979023948
1.9522600383883757
0.8783020766681687
0.13798629881317184
0.024772793322783874
0.5388583201025887
1.633111362871132
1.7798931167825933
0.5775830564610952
0.1856049049354106
0.6712739482169315
0.44598622552961076
0.25441207935834803
0.13791329575171596
0.4742398427094052
0.10899064200320767
0.0449792975400772
0.55144135132284
0.08091257025976331
0.09469868446261015
1.0934841419155874
0.43724758034270816
0.42609128521149603
1.90280020574821
0.269891899672694
0.5379637283467583
1.1667540780638155
0.07374188025309421
0.14611581283168432
0.40428026694206226
0.43417095193381156
0.42945517297323893
0.3072715914524807
0.6462793866543958
0.45597561172639417
0.7580273593517779
1.1088411199562385
0.6785506852172545
0.8807894982260639
0.14252344699443928
0.4924067720400344
1.2244195594596112
0.13424313232761545
0.07348441102522613
0.168626749239279
0.7511339373309295
0.7742248620554086
0.9047888676515765
0.5265921543589964
0.5051072925054196
0.7845280972415998
0.45925686695653
0.6243716838957469
1.9213088749587763
0.013105518112334754
0.3488329487363751
1.8498308263352525
0.07681726028103841
0.1532477945461741
0.5797049748223185
0.026062091116759847
0.27101315565721346
1.9143468637757444
0.37419916004359016
0.2221537074285994
1.2009011119671191
0.16604318930959858
0.118205041716635
0.5030448580745073
0.2140594421663121
0.09750623869052336
0.88330419376711
0.04960461213596797
0.07269659713705598
1.822703469247393
0.2693292112136667
0.44843388854876637
0.8659415321959295
0.45779900297182063
1.3450265923491689
0.741083920180673
0.1374702133367005
0.36163811822211084
0.22518527907883912
0.05739534534505363
0.08399792894201874
2.365449687305663
0.7763598868931038
0.5853201241693002
1.405287782238663
0.6789921224942234
0.24996325529426267
0.653745812561826
0.6471327810990125
1.348846327220235
0.105840482005197
0.21449186933154743
0.04390010236913113
0.8178746618378797
0.4096631163711437
0.25731445296164973
0.9315729786575744
0.9759262582853983
0.989456804772102
0.21707086937589248
0.08196597903371186
0.6191996340868322
1.5860702078441309
0.921578458782867
0.25016570911732616
1.1885560656989165
0.510945254837474
0.23406906187536555
2.07321137493486
0.3380417333991068
0.23525937068734176
1.6936108981323124
1.3825073518674003
0.09538176394438748
0.13425646494693436
0.5572874699661391
0.21937560925906466
1.2536794413986343
0.2843856327979203
0.5367993109698135
1.4651288920169487
0.6579726333505258
0.2247829314207626
0.5807022276202544
0.6448671523245663
1.2088673070464402
0.9772917270666674
0.25491063047063595
0.08471058002411372
0.6718228298884562
0.23479173604841144
0.08691665342050166
1.0626127793441282
0.6406754029297448
0.6931983027112528
0.007498191472411934
0.19390041379891637
0.05167728460595875
0.3780531203508117
0.46003324402783297
0.41538237290329677
1.5533593189275177
0.3137732725810986
0.227690661847411
1.1944112159469218
0.3845756502857155
0.31489125806710344
0.7698849270347724
0.32569625767682886
0.1799673701364996
0.07417988962786856
0.5340838064777446
0.023631354020023327
0.60782887188961
0.027671767267096938
0.11649632968819526
0.08860787676459378
0.5093958747237632
0.6397433258153126
0.8231256923569871
0.24180555511863033
1.305146029677901
0.4073451493919796
0.17227405205400514
0.7863834718126582
1.4984363907887466
0.3521319357985928
0.5053575006377418
0.6090407313961542
2.209267068083491
0.21674057631547441
0.5242836551513341
0.28040900784787587
0.31854841006644713
1.059168184502697
0.5270499512015542
2.0732155647281227
0.6595764505998976
0.04786755703816991
0.6623608381649874
1.4600375976627726
0.5654455611725215
0.8388881586103017
0.35710025156315794
1.5704545869222217
0.5403585857899312
0.2090145042687696
0.07508630510172916
0.0741077020302485
0.3438835470902665
0.12071824676825134
0.13396367865807873
1.7955446376648856
0.47689354118573596
0.26782510294687867
0.7161800298753601
0.9764975064180716
1.4651383439512617
1.720156475136077
0.8182665023040895
0.4380055380149591
0.49780772570568704
0.33797481730084045
0.5371121144899429
0.6261758370265195
0.7306232688925222
0.9759975929466955
0.27826590623362407
0.446845562257767
0.7503722560304195
2.794015536294618
0.16803773712534775
0.15254323950152035
0.08198572445279656
0.08371782436347208
0.12979283123206115
0.1566269518428613
0.1882878444429083
0.13924079786865576
0.3776756566097096
0.28811696670495546
0.5972398870259742
0.3151232925264535
0.10362513034753862
1.5002845856902238
0.110114105744849
0.04192785814816999
0.10866009618602598
0.4457758228614754
0.8183511908042286
0.03087697034131907
0.10881118414473491
0.3388424937922064
0.059345620008045274
0.25563680934554833
0.7322276326168704
0.9156079327920742
1.0686616401079525
0.22849168221658223
0.02741014500095939
0.45791109572149247
0.07346765273903676
0.10698002004303106
1.7043050274300533
0.10357896019883302
0.21733344045919337
0.13178507948122553
0.2710550529914906
0.43569518861448464
0.07417894271675364
0.20635809828153526
0.7532952490552024
0.13904207405981495
0.12258163378948389
0.28223489571102484
0.5140722117345714
0.47749259488482565
1.5182816271830872
0.2743349912570471
0.12506179382371374
0.07513944299401207
0.8309935578583303
0.7160368087299744
0.4028111833187112
0.5385798890019439
0.39632789336830965
0.33397055376266727
0.5116628783692292
0.349145400731418
0.566443764407612
1.012569171681133
0.09605016749174305
0.15866937830072209
0.6636393361263572
0.19823114362500704
0.3561375758351193
0.30369817696142204
0.3251565527460448
1.00404195762421
0.4705384430285779
0.8006002112873737
0.1314246157632414
1.2307154707789725
0.6994747020221621
1.1608910226348241
0.3222756288225905
0.6693416987298596
0.10551152464484699
1.1531067772444534
0.2004001163835226
0.33607452548560335
0.49467117619371387
0.3687297061771298
0.027731227058577543
2.3168800849029614
0.44548578781578624
0.5221625939500245
0.6674030647808676
0.06086045301938197
0.1978524654926064
0.2377153214995858
1.6399443850663555
1.5794318534659515
1.094782241523282
0.2965277280151951
0.08170312474853891
2.3616706930044566
1.2875735150670886
0.5691153469847796
0.4117802915494067
0.04552148204278028
0.37670978937927924
0.2792740200581585
0.031124311787657684
0.11688379903163562
0.5386555247385504
0.23810976953546706
0.04296992687795489
1.3215291366103774
0.47195396546387464
0.6375354203233613
1.351745408779373
0.594835578044218
0.20175539557652364
2.0262516052700486
0.7954388162149786
0.3838386385768244
0.4454658875096473
0.4079529760653517
0.44036185871164174
1.7066735323162152
0.3918230760109681
1.91787805035074
0.44452370691180976
0.16953123602341744
0.23263789385975683
1.1419439447872077
0.2430096784977484
0.33724367510327513
1.3525846858525794
0.7909992315092583
1.0519298855780719
0.7433345990880523
0.26998390333644257
0.42682331361744796
1.702274792838018
0.1382346584138853
0.876463367949158
2.0314586605104794
0.9952139421627453
0.5052712723438295
1.0447815761258983
0.9455405083381743
0.3744204594152556
1.2723545451559246
0.43793674001489685
0.36241806179216046
0.7381307956009648
1.327674778656001
1.202515964791428
0.7815093590111308
0.39331612979974273
0.34493190423719144
0.30404869717676164
0.2765767022364055
0.36923718968264363
0.7007890213225636
0.27902155702858844
0.48082595050785304
0.8564883960699539
0.3781420893789095
0.04879280371858421
0.38287874232661206
0.3891549046978234
0.5635803057972368
0.13676415365766822
1.2051063189631925
0.24690684190030834
0.39726967300661736
0.7348591227124868
0.8054821875859804
0.4313071319975386
0.023247723493795485
0.5564524266599313
0.35182545784090236
0.12101259947967814
0.2593539758007274
0.9749830167099589
0.27295062988345165
0.0752628064203854
1.1181713987394424
0.42772673785511095
0.3965691481059626
1.5741074367532228
0.1259864023910457
0.3694376870094718
0.4040978847410825
0.0831856968947908
0.10039539681770743
0.3624676601069723
0.23891280678300056
0.44927684378668953
0.3790549868455537
0.4413435199008563
0.3159051577831327
0.44408170440748285
0.08729862777740155
0.027387904847936205
0.6348938449704247
0.12592649833085207
0.3725706748205802
1.7170499980373253
0.3808741626919815
1.3645776319959604
0.18937064934280548
0.8212117667286203
0.054944642216655674
0.6939546177099436
0.7791559461773088
0.1560412711885513
0.5502126230028204
0.2312104216311131
0.03349161648129299
0.04007593464056412
0.17343535364872356
0.14554772224003412
0.7207621693331783
0.4852290846545073
0.057538834484262974
1.2137092618412741
1.1749445948852542
0.3566358127767834
0.30304326828475314
0.438748799171082
0.014959089370172842
1.210159901487392
0.47995568766729263
0.18989156708722704
0.17257078994669478
1.066761971437364
1.1222087629209823
0.46078911573960596
0.4589115206549894
0.8361685026666689
0.1429715038419675
1.0158537512800332
0.8213446497113905
0.17320326090583812
0.2030528785967438
0.11381394519282749
0.13164288434454557
1.2765544916000664
1.129732841493453
0.3022015889324202
0.06709063892027524
0.006597163325642196
0.2718502256459087
0.4590444771430258
0.23711052279427278
1.1684409697380735
0.5898989216301269
0.24133701528570478
1.282007033385233
0.08925435641022675
0.09541280440498884
0.8752114042201266
0.5178014660698763
0.15173896050962918
0.15623695515751462
0.19218296442909927
0.47469060659693374
0.9865619706866178
1.3539323729580606
0.059777292195338776
0.21432125808673452
0.033978809783827855
0.1678593767019765
0.6210299755715403
0.11084479850933268
0.08001351220711167
1.0426986748497697
0.2904330214683147
0.1653495881469535
0.12189707630984972
0.019907189647373334
0.4298224377034263
0.7961395610849215
1.1095563012598053
0.12871037387857792
0.22154240114513307
0.7498505155876074
0.29686154684936966
0.10107058960996063
0.7565404559508263
0.14682461391647703
0.60545017878782
0.2076897374492935
0.21789225412348381
0.6634621549370466
0.24935138369170257
0.2885768675529082
0.09558616039625935
0.8999688112763248
0.825753816085574
0.2602597718328922
0.675332406885594
0.5138504939708798
0.6568841305977756
0.4945489028185827
0.348683022647448
1.7162516255263602
0.3670687121093392
0.40408331635249906
0.7932183402333631
0.10315982312822715
0.6413835680181583
0.5413089974152138
0.38387682330848183
1.0131504383877332
1.0080431126561624
0.2935206386776793
0.2904701530377813
1.9851505198024098
0.958163529375975
0.7417599339550989
1.0524336446755143
0.47759906165025023
0.017026196543588328
0.7741580309893943
0.674463966015594
0.04415366404994006
0.050522288995157066
0.25037471910781073
0.1583987383672203
2.166303287805982
0.20108867410625614
0.3149805236284583
0.4664075943410033
0.4478384654999155
0.37409577979244635
0.09439488936182562
0.21788347889697154
0.20325600896626275
0.3648153978819617
0.14454937922971695
0.34427676986018335
0.12130231530697205
0.22542995112444955
0.04724668648010998
0.5978105542156156
0.04126128316921594
0.06876139746461121
0.5711534002350732
0.38708035091019166
0.725436775302645
0.42378012406128546
0.22861275415603186
0.15817617877442122
0.20327475724321475
0.20133598374740125
0.008111676154352652
0.6576801953374835
0.12667250254191534
1.3227714732997917
0.17458402322678784
0.013710464862356362
0.06674624803697804
0.058911889881064286
0.07921772012416377
0.03999934346820056
0.4830694651550426
4.392500748565494
0.45646465187500235
0.7478032848314611
0.9786604232689577
0.2981275573703542
1.8748611804342354
0.8169438325215954
0.23896298499489163
1.1643638547296533
0.09049272455182297
0.30788651399240835
1.7865107509600462
1.6014327314299657
0.476838490253388
0.9012899176499917
0.9779070966376384
1.4335310293586836
1.0159809808127704
1.0295387620423981
0.23205029557865606
2.4142757347095425
0.8925855039564934
0.40051011836676875
0.2009550670431144
0.09416046756995293
0.11468007973847215
1.5074431331668243
0.2813601133299272
0.14058106963932426
1.7743230084073351
0.25914271732598837
0.20105919768844088
0.39410042442440646
0.4766583515797059
0.8277222755140744
1.0729406212068142
0.09334144920613399
0.19210777533646067
0.2785282677391446
0.2658528799652312
0.33470267860514635
0.19294861363641114
0.33909270873423
0.22928289947827232
0.6161920343989652
0.3832060384672763
0.15341821365797098
2.5363100979880047
0.3736196108419943
1.4949404206261374
0.7126509278678573
0.25091774664153244
0.9312714292541395
1.2120095435349652
0.47487273634423083
0.11722213208628804
0.48779427613936704
0.05792688713346287
0.17179029341192698
0.4191437847142482
0.034273866148409264
0.01058260659767655
0.5778349694069925
0.07168782909289759
0.22126897749334393
0.4912165362670673
0.8461666381149363
0.5138507657195379
0.38819070272606243
0.8341781455281346
0.07287045319590937
0.7327026209226816
0.11873464948161268
0.09222537862810039
0.44990797631092616
0.09165408075959944
0.0964411430672189
0.40232397071215364
