1.8041806748160316
0.5711158673361582
0.2979644060106554
0.06428972659439804
0.12900107828712248
0.6820956402203807
1.344466707775898
0.29309281119045943
0.5480779806506532
1.3869460671179785
0.9595814806508338
0.9849731008981351
0.6881246784508621
0.11350612341365916
0.18177633115044334
0.45933186858672287
0.4004384048032283
1.2541724099139928
1.6316419913187195
0.4688282287387749
1.2821257710532459
1.30874372040993
0.17738652853212733
0.11071606116663969
1.556299555935619
0.43236636335061573
0.19590292283327973
0.42229177742641866
0.2611859096667618
0.6771279517207834
1.1193095111382303
1.0031499252435534
0.5165980584327834
0.021783447963765995
0.02335179582728097
0.02094084284205792
0.752989288452603
0.5165055252714653
0.7832046651541493
1.856574733923323
1.2852111237839232
0.4254775608021109
0.9380113965357859
0.19423474617128506
0.3162792977163066
0.2256201252977475
1.502592124890351
0.08821512995399997
1.7377397234150542
0.6926739309091232
0.29948568046724944
1.0386639115553526
0.2636741859180406
0.16490838404861582
0.2886070079524174
0.4250830785328562
0.5674336029992538
0.2423310704837776
0.6415531561824234
0.11239470810674725
0.2787792596129759
0.3273040230017647
0.5072361149677862
0.5089801390670953
0.45235194774920595
1.749339574124773
0.26630978270484273
0.06657167655170722
0.10967343375289143
0.3533952501643136
0.6225989110382985
0.19071618126293066
1.8304138194258759
0.42757018853868006
0.3499325826887341
0.38604560096980134
0.019582599749825316
0.030671061242615708
0.17615623070600353
0.48219222477755314
0.4782776040567058
1.8308192205211653
0.05324299749383078
0.04159947578810595
1.040737610069489
0.04170859421955166
0.04824761450871852
2.7150078806049387
0.2918352596648058
0.3835241342742497
0.6024413454208121
0.8233107053923584
0.052516660219663024
1.3845536577183666
0.6340848798903024
0.1580535492910486
0.8279586991072521
0.5548083849283738
0.18651169089549247
0.8103168604350068
0.1414288999845244
1.56076095792232
1.1127580092446006
0.514576182723256
1.850855999503496
0.14919355651580257
0.16423065041037982
0.41399421609727083
0.5595635595011428
0.02744368361462555
0.2729883975151165
2.627731639294884
0.5859849834715609
0.2237899248716684
0.10352317520055819
0.29374327069412853
0.27844359014303455
1.1963605099330297
1.3808654679534662
0.8808943423905484
0.15411471675190158
1.167831805474135
0.08323496441916162
0.2071259975750396
0.024532984132800556
0.3479733535000638
0.6479758827656078
0.0918427578668019
0.3662739900234846
1.03347108533295
0.25897478283234276
0.5052430388073332
0.24881592170185718
0.5942263681469753
0.4479581167854482
0.6180477913843214
0.3072745520908104
0.14419601099131277
0.45320888018107597
0.12824409991210411
0.7063187646778925
1.098627711220476
0.2809845242113352
0.6504428711795736
0.8967467856867937
0.15515928791690975
0.307862482925211
0.17121663478601998
0.12270233833982412
0.3768622484306497
0.5971700580171896
0.15648411122382316
0.49633231151559115
1.8376512881097518
0.8299442908252888
0.4398720573836325
1.031033327940039
0.4216021703407896
0.823156506144503
0.17699991114318925
0.08756433374652126
0.0930605642990916
0.06676679596075627
0.029487176584181495
2.8367884515440664
0.5040244520669966
1.2144024079437536
2.1496681300734037
0.16156392691362123
0.06732871666697506
0.24931136642305327
2.3958052038125475
0.09928116643266524
0.30011999177018445
1.2823085946920212
0.12424361555689745
0.3526674339343402
1.2725250637534302
0.1200396073173032
1.584764660117501
2.134102887555017
1.242283134706832
1.4382043496048553
0.21212366858095305
0.9468815272071548
0.5892281785178795
0.40399737710579803
1.011862279854777
0.47933825403096314
0.25171853342355016
0.5764567932449726
0.015737995249929006
1.5193216555607116
0.46644892781066777
0.2800188570888233
1.2608559574100604
0.20383466303458966
0.3623180178872857
0.1507590632194966
0.14067647562096208
2.55509954563327
0.5844668583591692
0.8212120265917174
0.14646551926921178
2.1011118574858214
1.0356623214237037
0.5941796078260002
0.6540029623834246
0.0986455059099884
0.16914898349761023
0.9409568017589336
0.31715936121299515
0.3330519055717168
1.0847410667344994
0.431420239470791
0.19478248402942605
0.17190417001290054
0.9565773199670224
0.6422683035027724
1.294597540484652
0.04491240383797366
0.5462407061738881
0.582994307358387
0.9093612017173679
0.3361055980241968
0.30171346103972346
0.4572242583216692
0.2922235390732011
0.6709047906897675
0.08791223745227071
0.2788644572786802
1.0222690129386454
0.2152376212811135
0.32842570068857196
1.7541805331527152
0.08669869065770913
0.30732271223345636
0.8794387947546698
0.12042864754618644
0.13640362019534402
0.036664948540926875
0.40899722492892576
0.14691975195070922
1.104357683204694
1.4566419295201962
0.10053856891580186
0.45246792754672066
0.1614523355025771
0.5063020978025695
0.7646187171150046
0.4813533848836394
0.36750610740758693
1.4906514524238357
0.16396596265668234
0.09840147390632718
0.08204636965056092
0.31305605253517477
0.7226204939433675
0.1473486707722767
0.23988385987735458
0.46975367302661175
0.1557776271539919
0.26508767627677104
0.1320576605809422
0.16789093376888525
0.43628013225204354
0.3478311372636551
1.6238479082342383
0.3045069064192423
0.5638801341678467
1.1157438144333074
0.11640992805112026
0.3982174560249845
0.8389430293239019
1.2832164723754778
1.7510951677469007
0.14535632246065103
0.33080020604253574
0.050552846823917676
0.16769782223771124
0.5179513962635294
0.6704709017053835
0.9518255497417306
1.2706943998160096
0.014836873670094827
0.8090675821853758
0.9860894733492114
0.42985001789873867
0.13451814555563543
0.08717665775533062
0.339401238654521
0.02697327800969421
0.11868132546925501
0.30178042963449137
2.313772152652751
0.1051440440857244
0.2646464882682784
0.058667826945767
0.8960789035383729
0.7346756747335317
0.04063531667291539
0.026008788904521202
0.12936167621761915
0.8441229269452399
0.5089689011397949
0.15177884342012185
1.024478516642251
0.4232531936084081
0.4002188276150708
0.5300287845426087
1.4584689390978318
0.50298127648022
2.1465195471498446
0.6053698649375857
3.1652518508692573
3.805135534442077
0.9073680995273818
0.6566725172431634
1.1116536814441016
0.16112441481707748
0.42384787169654276
0.9448534118404388
2.1581080762926446
1.254643570017796
1.1937329851394083
0.3436892130213985
0.1656997865741279
0.7897669088366748
0.18220899041847016
1.2033207871665446
0.5524894375023544
0.08597070405538265
0.7615692836053206
0.4509026613613137
1.1150847725766162
0.9320522121210066
1.0650847636642347
0.1399525145076238
0.2615750698900957
0.6427758439357252
1.80478135470715
0.577072482121533
0.07459353266638369
0.2172690723232813
0.29189119562039123
1.4878040364789107
0.5525366583991738
0.10842159440624072
1.6603615754716765
0.42478359625003687
0.0658865861802198
0.07188444306678475
0.12938001396513682
0.4101222273649027
0.5449331899851322
0.42102233308845466
0.14904272209403216
0.15629152563351514
0.7736537348588629
0.9850223727469833
0.638467250770304
0.12323113608106163
0.4706004195359264
1.5872828343949206
0.1119692986575014
1.8062074317453631
0.5674435658639054
2.9631213017790023
1.8495223782566406
0.5455052865869365
0.32057489759293256
0.6273955063312423
0.942956074731805
1.876678208754702
0.8915076871106138
0.34971114061242786
0.282745182913546
1.2499876825512586
0.5129467742232651
0.09910826434631313
1.1543252727299371
0.8722613183175199
0.4122945545133316
0.5465959091303022
0.15570690773103
0.05031391529271021
0.17557383760764056
0.414188396001683
0.09970737766635149
0.2419873736177673
1.0719740338145902
0.4526945621552083
0.19182656249905397
0.3980178696707035
0.33926296943809536
0.5202542297092106
1.054011287303356
0.14910404057261317
0.7436473339761803
1.0436384494614606
0.3482533401554467
0.24701321798349662
0.2292073865218325
0.33350494005549075
0.37236246446467464
0.41386373879958716
0.06543837452943778
0.32735766978361747
0.4913072172463072
1.2605427789893282
0.3953139418965592
1.1404789820758652
0.17384217335453658
0.2067087952417108
1.2403570241295936
0.17648168513326537
0.7724619115196952
0.4747214686812043
0.833011811461755
0.295452513344268
0.8369546588232892
0.09572383879963829
0.10666368545446869
0.02152659432192287
0.2124616451256815
0.519276547881626
0.7235396003457025
0.400033033330051
0.20338894904669777
0.5825262268600498
0.3340297475719947
0.18683266365536683
0.24897421146589738
0.2381016347660429
0.45321876113713033
0.2228028832880896
0.03284517501093205
0.23876386756544626
0.4292494983963267
0.224076616297071
0.1426235744799954
0.975232400942515
1.3797104253586328
0.4186992663341377
0.04068832172401796
0.5924992934947882
0.35468536131743855
0.7414032060350326
0.038075473533717256
0.3948241075184347
0.5134258026313457
0.2001442935414809
0.36333423872140624
0.6142750582875545
0.12445911335749815
0.07321753194960579
0.8075482061709289
0.681169246287306
0.5452036091278608
0.7410473459463668
0.2065013825373504
0.5003473355803598
1.0549536520065286
0.2580317679721298
0.3398931198528892
1.8179434087953419
0.34888506401271074
0.05774218456819127
1.4151014967735804
1.1157340158720626
0.1515262537624633
0.20425647229575086
0.6420685752494995
0.2728555912491487
0.6137703094399554
0.6171237760792384
0.4528205133220695
1.1646782975598524
0.05326414313579527
0.11326634409412183
0.6481228115866788
0.21224151368685423
1.0093069013631595
1.4253083609178525
0.6629053361504653
0.24360640087043609
0.17277515270983068
0.2879825984571606
0.15720760373266549
0.4270139373721521
0.2770723723913746
0.9161279073848497
1.9241959970225648
0.17986492380833363
0.11227401421637427
1.6754054210158864
0.5850302081726262
0.01683796434887159
0.18362718718927293
0.29409835942210255
0.7798931173938987
0.7673711424728932
0.23639188803715008
0.8146945042803871
1.8815620957516315
1.0751924829138229
0.3470021013477774
0.4829232876163011
0.1431992768539008
0.02766015043435735
0.7922458982659885
1.3399455313824993
1.0948509483441713
0.015134662468063142
1.0987518626942656
0.5165755107312628
0.4473587530648562
0.06312455928697504
0.33621206141421667
0.1738688072237866
0.31534112169647965
1.1052192465420934
0.8455771780116823
1.3113164953687098
0.17906163903292807
0.38609538523923503
0.5670410251787329
0.4384446408196678
0.03449629264600111
0.08324784430638311
0.15424853781646491
0.05738440303188301
0.24639648124691008
1.23059220839898
1.4953538547677208
0.594016726305293
0.09627605701553345
0.7957850010608793
0.6454076271067982
0.6937542661463175
0.3439426067992579
0.8328260728121645
2.045291875688553
0.08534984009709438
0.1468460617156896
0.10541155271387033
0.3027050704354107
0.584281893062331
0.3902297095707895
0.9626655790172234
0.31482175334927937
0.2134263744869101
0.03876486559129867
0.591514165582827
1.0832580046079927
0.3600976924909475
0.29015576670869525
0.4957117877736179
1.362736906247619
0.4943310576023475
0.21108945944458538
0.4800659984783138
0.041027560037270795
0.2532506344870998
0.5235845921488915
0.26969161358238886
0.5987241639679863
0.41692962827715535
0.050100680586078875
0.1772608521149027
0.6558014855242592
0.4487113766004812
0.30104460688879
1.7284917505154416
0.12455110480661613
0.6452629816276343
4.318856095535874
0.10737488224924373
0.6515543077435295
0.24456652818077998
0.1495766760166116
0.5504504771759671
0.1823162891957925
0.5019591323850462
0.7493125901499779
1.6397907664157683
0.30360114368105434
0.01368709397238538
0.7855979961076589
0.2877771253858918
1.6666431109480142
1.164234388775571
0.038208450660540315
0.1044526954389906
0.437708645977078
1.1900269243316934
0.19296921187231925
0.11181807951559325
0.6956623074174563
0.05035393204325396
0.28425357120886235
0.24773585594044467
0.08974416931519087
0.18031996962672012
0.7387546665807997
0.2943624939405347
0.5719761467122016
0.18211278217182866
0.023478186898288213
0.789761873361214
0.17186938106425895
0.11445953250231342
0.27571764951321787
1.7501177385292315
1.4537472027237712
2.8223549540516935
0.23530520671628485
0.16869461389058174
0.3677796085530749
0.015556190179584631
0.10601759654833777
1.6136692223233935
0.043456065983323425
0.6701649237381048
0.3916406078585559
0.42407799943147345
0.11276963054774536
4.657771716358753
0.6844644821582148
0.15958672276497146
0.3720658837682969
1.4367641781751406
0.40891234061192183
0.9911052091186126
0.8324688163866838
0.2502383571541184
1.3993239757961415
0.11567724402653197
0.30172168887504647
0.8382610080917805
0.33077702109017115
0.38111360752765056
0.28194348924830037
0.2939447413567648
0.4028247931306249
1.264990984523268
0.06832995516208473
0.08850487675789166
0.11563162721540172
0.4918067583798663
0.11076405897729243
0.10634838604273798
0.375967199089829
0.3393717796933683
1.2067911419878692
0.4103491424020172
0.3587576375410259
0.8860331539904002
0.058945568038820055
0.702978120517966
0.6211431860054029
0.33581201076296185
0.11647715074745259
1.095387825567515
0.3439415262312111
0.6572009017870346
0.5057490292371771
0.08408819841327111
0.19991527633487968
2.7149291554615678
1.1791423766489162
0.35392453888364717
0.4428668003855281
0.32200103445371875
0.04424619731421246
0.4724933964579538
0.1466054890789113
0.11514702895281122
2.8428609967374436
0.9976442988652693
1.2630846689641222
0.9816824337929378
0.9748614937232503
0.26654398132543217
0.3758170835584261
0.05327837317904093
0.39517499356745306
0.5099751649158901
0.2202424960420708
0.6702105371021003
0.538822067598494
0.09325839585338669
1.0838076087009405
2.606615937427672
0.34570731377721287
0.6064977109757739
1.0179074428876564
0.21421271849152254
0.9553569024744885
0.16203417271768172
0.4655434580680111
0.31821346615462287
0.9301354921541258
0.09802864131665888
0.08380026531233538
0.3984292555621462
0.03033096127264973
2.140921742291996
0.40311706397070984
0.06279766099916355
0.10624965725520444
1.0209650875484424
0.5579134211852144
1.2524309297658973
1.1293214713622846
0.4452014250922765
0.28525026010153615
0.2357467432307132
0.07093075953439956
0.31029563092394996
0.6832594043157179
0.2852165798170974
0.03446627897347457
0.22367071598905347
0.7523625157481411
0.8792062639406546
1.5125255587228936
0.4087391738199293
0.21332514383624723
1.1270226346837025
0.004078691724962101
0.3962138668666551
0.49700704194933365
0.5768162216309909
0.6886838140887599
4.792161300615955
0.5548480080518038
0.40404205972560786
1.1953760372707123
0.5708143447456041
0.044709918738733805
0.1878693749236842
1.040586508135487
1.411238728013305
0.8746472086148515
0.20171085522830826
0.07972402774160725
1.0454068617603078
0.17081228722857553
0.039691010231800196
0.1350251945593012
0.9323450369737171
0.8920481897409932
1.7424734234002417
0.1864684542988016
0.5677649193855424
0.2816789529774719
0.1182190110701992
0.2970524752202025
1.2673547110004875
0.12124675370375917
0.008086144507293381
2.9402591284798194
0.2748624374813585
1.0458936067202398
0.29559243613531094
0.27851075625228755
0.043059494304303905
1.597986827591055
0.05899441290241993
0.3238074547459217
0.884029774971262
0.05679205640349613
0.2501080397109593
1.4397862532615584
0.49396411805573853
0.10025771389237019
1.517177821463935
0.15233632393494986
0.17882639830406366
1.223414929258647
0.09905139926689703
0.09176367793736924
3.80076579120888
0.42011093666687316
0.26486871526138395
0.753535847055822
0.14700215258560026
1.0610592351697492
1.0830713952310065
0.6384660612376013
0.38675152513624944
0.5565589412620594
0.11830675133760388
0.05999314307776122
0.5626260720486301
0.40408460654796174
0.6144557934608414
0.1553670665404088
0.1640891366801828
0.36198244506939903
0.5669518332896117
0.23924530340060413
0.8182286263763057
0.9789662426958822
0.3241494603638934
0.30573548699121056
0.10850229567467015
0.06131941512439824
0.06934119806002981
1.154923311503725
0.4336992806749106
0.6494699428912497
2.1452190324602065
0.09639797196186924
0.6131797795573551
0.19127086371145663
0.16279741690145888
0.5222345930239968
0.15922235291021697
0.1029318831286918
0.6889155930064657
0.3785327741226384
0.00947290010660914
0.040349125498349736
0.5113533236793626
0.8973512971969884
0.6231673031318737
0.8009793478337315
0.45754796759881844
0.9040639552749075
0.5747315414299422
0.01446093254093587
0.06628682151700324
0.35747113663984403
0.2021545201415562
0.11293300597626817
2.431058269281881
0.10850093867796744
0.037691815406161296
2.470076140266642
0.3043826278284256
0.4097752032990501
1.172961266286526
2.256820643912727
0.7600677789557188
1.1568323213608085
0.01046670779452091
0.04131354217765645
0.15421632353876813
0.13219270579510517
0.1649717687715894
0.324843053420471
0.9156336358467536
0.13619788569580799
0.13669510141590505
0.24015901503784634
0.2510364756402114
2.523261175960732
0.6845097440694725
0.025941516557994652
0.34481838549345406
0.12309723593471135
0.14341923595353115
0.8155655817658504
0.43937888282828014
0.12776902288133765
0.25404974874672714
0.09226358687922344
0.12459673135058151
1.125090107712422
0.5006039988167816
0.2236155364678203
3.0729556790067187
0.17188232736469264
0.5746197880419083
0.8984642282310662
0.45339664014781217
0.21709420063306614
0.621296775839455
0.19120463080808278
0.82389342747737
0.21218178597377985
0.08411768733287041
0.10238035090046811
0.3842841542547215
0.028665700176772453
0.8173722694838627
0.9497057897932294
0.16031156157196097
0.027699814440228576
0.8395162027781194
0.21351931246392197
0.5239952664722242
1.0882560288476748
0.10838130467326215
0.23611779309216288
0.20871023549244364
0.16560379768952974
0.15905701979899625
0.8229119001752834
0.4541654647795685
1.4532792008883852
0.8733209415768922
0.8384792201933613
0.49687273163258766
1.083512670347623
0.0881885925368681
0.6579884911298236
0.28128285280051757
0.008359837859178447
1.840300767267938
1.0282167362125185
0.07958225865251975
0.022850893715342453
0.11644965627618611
1.779997433115752
1.1724062138165514
0.3224865721237913
0.14140947644966687
1.3304038680930057
0.10221122311050443
0.05860378885588304
0.34416677027313847
0.21120518115890505
0.13760672788487516
0.30445193697241846
0.08899535125250374
0.21012908631938285
0.044527284647455076
0.9875276486609991
0.0694898844674197
1.0215322236820992
0.6757619502740277
0.3834272320487336
0.385985637150088
0.30227226236177795
1.2250901267329293
0.23162004548784945
0.4700642709203673
0.10297261025578462
0.3488295744320733
0.31271116374854435
0.09405415896539687
0.026595639506129202
2.4759751005161528
0.09222254128462362
0.24104551317409786
0.46113907267393645
0.21709154168446856
1.0849031221804442
0.18485461936549477
0.046136831901848606
0.04921476602913693
1.5814974388117853
0.14631683634713075
0.8558992995635708
0.08509610408345317
1.1096674393559898
0.921495568418205
0.9818086762541159
0.22662033819893052
0.22053996736935302
0.2068728675515379
0.010226759336048306
2.752921902020806
0.14655887911364848
0.8846252751442678
0.25758079665113265
2.0262179696923646
0.2860391787501635
0.5430233101330516
0.16390794145090748
0.41378019831041957
0.30142156819275345
0.48163506805875
0.6484524976868586
0.27566062152798637
1.0907766797935567
0.522274638207034
0.048618306623709834
0.7198573960239169
0.12657865882267938
0.030458033081155727
0.32092971777782303
0.07683825619669682
0.3032664316301001
1.3931101719399637
0.3294115683177028
0.11011750535599399
0.3456311382431522
0.21830971957713896
0.28021582851376214
1.3084024565682877
0.1056803766527004
0.18988376369018933
1.136146403042719
0.27960327346245334
0.2791520796312617
0.016599705703173446
0.41403603362696567
0.047252661723717226
0.6865073469520108
0.29521675154825655
0.4057885481421465
0.3335870212843056
0.0194240965924793
0.060774796840493805
0.08855388416392275
0.14118782649808448
1.1455220452858883
0.4592991589744178
0.49151123968299304
0.2096175141446536
0.7097755911871139
0.278504694938246
0.2646410350762562
0.2853691528753598
0.2833540321124962
0.19412193740621703
1.0439440144657348
0.9633233329729222
1.873988357898267
1.2666694331737212
0.21636395740982745
0.12577457887893437
0.19751414836093617
0.15249789413697232
0.021205020125112117
0.5942434553025664
0.023801092726869047
0.7393586187464913
1.659737991612372
0.39048179361312085
0.5408698781467512
0.1941453844571291
0.22184821170760913
0.6173736452569643
0.3164529516185208
0.6560464184994327
0.28260713137253984
0.1529083239616357
0.09042363008172782
1.109638106852076
0.447255552515306
1.0916038807345338
0.43626450302326997
0.5147025059112226
0.39377506631570264
0.5547330904508987
0.12321559242237533
0.9567583634595574
0.17384838167269612
0.2444761619019108
0.16982035413088603
0.1132622716975981
0.9538909931520426
0.08452729621054877
0.4066896496218129
1.3126955924913692
0.04852978949836358
0.08637034632318703
0.08015176262051024
0.020028734562048185
0.15732646689215468
0.45364045987582835
1.2509070252125696
2.4138028880906193
1.1108201796327202
0.09380797481065556
0.3843692807921047
0.3422669783572468
0.5167724767990592
0.29846383424014233
0.03552112982150548
0.04750859721297447
0.1277338713620813
1.1858605853435824
0.7604099062869542
0.6098280231822987
0.18252848998979407
0.165361368995926
0.43090994465000365
0.2690571655827064
0.6333327603033944
0.164241879271097
1.3882472135384174
0.937016375332157
1.6322141806071786
0.11488831287840982
0.9422461794440324
0.13955402185533575
0.31519414840190924
0.2622919445971874
2.529410401026528
0.5373866514820665
0.8890575255517027
0.19495841367983038
0.5069492351410547
0.7134020465707767
0.31085015644738834
0.9314815173998368
0.28756135500580454
0.28806714241203624
0.01506856945939385
1.1405177523000865
0.3584983798061487
0.2221926255446275
1.3035143747775013
0.285866514105131
0.3504825044002455
0.5304350761141599
0.8628768948688514
1.0970560358359962
0.1480027521314968
0.32445556058200703
1.0217132685797017
0.39922222578015876
0.026485177999048145
0.4392049689913823
0.1658800257003835
0.16204257299746316
0.7795924345908191
0.5866447483409132
0.5655929285935449
1.8275913085704492
0.24258321780231595
1.1581957483644674
0.9207949976611814
0.04469099076143815
0.38322544423452937
0.3296144246386498
0.009797054940067976
0.5320977490046385
0.5768769611644677
0.13323242485555584
0.4995314785991865
0.765268620753904
0.2429203769600307
0.0567350473665891
0.8205228087148011
0.5835538204455372
0.9184411403841675
1.0752515325430874
1.2855599475690918
1.1406876977492522
1.4674965218722962
0.5558698209542261
0.8139396910285243
0.8158622971073758
0.9389205308969217
1.2909963358671361
0.1880189496393454
0.27180880779504285
0.1684842231524005
0.18538787637759127
0.6708328688235052
1.1653454210799399
0.4095860771863806
0.06778015380680799
0.28113266919674706
0.29667451098198394
0.23381811602324198
0.6092891722845375
1.4130347093519369
0.06905778638680815
0.4270024286435905
0.962216426057705
0.1645949541479078
0.3623259303561335
1.9963552907869113
0.21344107179162736
0.4238961181792903
0.9308216588316951
0.29152239206573627
0.0668697592890241
1.261835243093722
0.2708970956744811
0.44552631077679367
1.4261222957500739
0.05558359822836136
0.04531074152539423
2.112900517750797
0.09189033630960768
0.9561474203752659
2.983472830780535
1.2539774323289723
0.3319666094819123
0.25124544913791336
0.7218641295042149
0.39123472829589945
0.34815774932238736
0.037475485210642
0.46030521697969234
2.4871544324348807
0.2513439792163849
0.15231190223506527
2.4607563213138497
0.8268094662695957
0.22998450601937523
0.8714877508735608
0.1664028806541427
1.729208298038879
0.9735440641339861
0.21908975842250386
0.18258221643300807
0.49345444697665486
1.2546443341845945
1.0301322518126097
0.9720556191545265
0.2773267083545277
0.6989430603070298
0.6130316873636872
0.06806896284750052
0.18038628282375813
0.4356038193234005
0.1774225120627282
0.26379062622543553
3.4199507310668205
0.07615839306113453
0.6265503230676258
0.6476740101450618
0.2040173777101063
0.2199216799465669
0.08209560752653026
0.0929777457859355
0.044681555196362396
0.22379784610867953
0.10793152921062243
0.3615396295009502
1.2041421197184117
0.13617588024918928
0.5449815220663746
0.7706618610364733
0.012603641183172075
0.3374630868621159
0.5589928767929125
0.8774434619009853
0.7724118137443091
0.3501015924710596
0.40706068536315954
0.3217297332587783
1.9721191395858801
0.6382873763779199
0.5895187488363409
0.3755144398986085
0.29972687766050365
0.09644681839170276
0.6418189277125657
1.2025253767950808
0.10893477671477922
0.3749252732365895
0.2540478858837479
0.3423974733564387
1.109666193774547
0.22937498119455127
0.04121367935518727
2.371511979105481
0.9758314322481261
0.3745058889385545
0.7920752540810876
0.4990443701895277
0.48840521070760406
0.8300499057724235
0.2754860825170322
0.6310741566061285
2.098707260825026
0.6061880531233769
0.7007662042670183
1.1920058202244368
1.0692973115715936
0.873971194828321
0.6133201714511067
0.5587024988966505
0.36096359594378113
1.561582024634856
0.7689312045437481
0.139893408137243
0.33041857732727226
0.5975162077273881
0.7584580069037336
0.8985260300342269
0.05736009287805263
0.34733364499692615
0.2826271383431597
0.7228640529736408
0.1079034851137399
2.408832018491264
0.13537148790372894
0.49415966030973896
0.26719534551451557
0.3332051518366983
0.7280194125408382
0.8074139607972921
0.4534141315724214
0.032088376053355926
2.0126683552227993
1.11748470856884
0.7536488953202148
0.2361775771590162
0.26662801292410376
0.9005839539608875
0.9309529823830203
0.12194284490369361
0.0033736809624821695
0.4333531300826983
0.4538518664039867
0.3234124720452321
0.2362737999285687
0.012634453479818187
0.1147235585877715
1.6565138309579526
0.7117249022753273
0.09182236844026846
0.11094107562198953
0.6232937118262951
0.3763948580738106
1.9473706470176086
0.11753765888732517
0.5269506806915657
0.4361458570443575
0.6704282124812717
0.055798607583410424
0.1527066255747287
0.011197544441376456
0.07769158787282478
1.7257247558432087
0.37098731376226796
1.2011402833564213
0.1675193716555027
0.19777217299612385
0.2915551463535152
0.4521600745338757
0.23010328134214397
0.13471688315897382
0.9474446522851815
0.9465406606296686
0.5011906205311586
0.8955634301548009
0.49766314909968207
0.8683009136109606
0.6125309552432405
0.08413597554664812
0.06098774487689728
2.08120280900757
0.5145334576302126
0.09344684586998721
0.401587283917238
0.2430327313317513
0.09842540335316023
2.5891486591841635
0.8879432733937596
1.1372862199561564
1.8981448751010535
0.5162126080764011
0.34226436063838184
0.22826537192949903
0.845632748765575
0.10478901034888709
0.170652823771629
0.18883759941506958
0.10529636370820797
0.29705679490132475
0.6728879858844905
0.7546239292482482
0.7524848044509794
0.06501731385061273
1.0570019983955063
1.0384248019704723
1.2571134893202982
0.7289102530722453
1.1559817848683396
0.05525085189237589
0.15805304281164734
0.27811457956229174
0.03322721951500346
0.596747526555198
0.7362119492706098
0.088220806814953
0.052971055542405575
0.312752466389163
0.23941574637768667
0.06855203031997414
0.15119425334261719
0.03728249991177753
0.8299052416611226
0.3600138515245572
0.03982276349016501
0.18412826046233194
0.570873768626222
0.04637494824814598
0.5603352042477713
0.7457693403872954
0.4755904463355654
0.16544420879795987
1.2857465588476966
0.17116545906550576
0.07061659607032657
2.708280129375627
0.20169341476138114
0.3684623534872537
0.06777313043766119
0.36237820872265414
0.10582583740279065
0.1561853034551943
1.1822025198183237
0.5978067226272551
2.1357545591764047
0.0319934740789872
0.51544479111938
0.9464869666080252
0.42599767133625155
0.14456231278618928
1.6414650994030107
0.13632884295695316
0.6855586557152311
0.4414124724840019
0.1704563824792539
1.1665859958195246
0.6008932488498918
1.0252203047489905
0.20084415921792076
0.3749836642906468
0.16648177892795415
0.0434022009215871
0.1681965971407912
2.0986454013535276
1.692420533226151
0.3048857112027447
0.26920990286148183
0.31602401763296073
0.4923315192917106
0.24730592142816246
0.29798397791870085
0.6594313272594238
0.40197077261598474
0.12823482334349082
0.20027103239497593
0.39315736995382855
0.6097889823193134
1.0427799202929802
0.14413087564590132
0.09690825882161701
1.9790770031089167
0.1129051446658162
0.48068680998293656
0.5386092727968047
0.07198455167359752
0.4137601427574838
0.21584221476271348
0.017406232071675614
0.12255183069011316
0.12262684937412521
0.9836721376938351
1.0857474797515656
0.3894545485370829
0.3707314418189057
0.04749527036005233
0.7575255070960164
0.1827751093399153
0.28037949785234434
0.2767947862464612
0.4345943713565476
0.462678220618417
0.2035071511390218
0.5265605152321797
0.09953658257873561
0.09424591558365046
0.5711110224637022
0.6758139720455846
0.3553300591676136
1.2531411405408055
0.31026028664819194
0.11515371686947089
0.05155212700883108
0.21054249121801283
2.534972744254027
0.030477744233417477
0.11936561537407332
0.8089365324310824
0.32417729327486233
0.41879556279534275
1.1358341424400933
1.685020403422933
0.25289529564932123
0.5218851000404336
3.134361553307601
1.8208817560391206
0.7510543509060517
0.17998153062541922
0.05010233933225206
0.12074675569960841
0.015911531987850707
0.21920633209704452
2.935291152030912
0.6949608067393964
0.002680779399359731
2.218904163091963
0.21016016716703206
0.17670189243886095
0.6716119198908562
0.04530683290978068
0.07794379904961596
2.004926397074097
0.11174963434643197
0.3935650082410103
1.1390366713508884
0.09044685831416134
0.2820394755655951
1.2650263140551212
0.8315504925116123
0.5557501819243764
1.9753485041711962
2.0323710505710135
0.7296941225286425
0.14554130801849327
0.2675919466264161
0.2562302729715966
0.7773858471579248
0.15058755281202763
0.03541424750910008
0.41184152400081186
1.4916843318726998
0.5688792509907762
0.9111206304310241
1.1122868541838251
0.12485280202131446
0.6076291752748032
0.007301573727827553
0.07860544485144869
0.7627129727441646
0.23950248770163055
0.5772266479449288
0.9661362738519155
0.1154144859881584
0.1274885616845306
1.0181811458346068
0.05048230609687981
0.6949927752295676
0.8849840029349892
1.5683161311287583
0.27768784439784294
1.872135362708942
0.5848044256616267
1.5204887495465318
0.2594814492227528
0.40612105399347403
0.09067814535540199
0.4231195921157541
0.3864524366765752
0.5648573049914201
0.24763909671440604
1.8162931736337122
1.695922902225341
2.135089768197045
1.3111926496519022
0.3875119926373917
0.2672877639756077
0.28845587538690404
0.5970077019592771
0.37648343940375745
0.1623259213765897
0.05137418487385817
0.5436499569266052
0.5061852745004154
0.5775350413068335
1.5166533032281446
0.37599052307406045
0.8428388588010104
0.924137235618872
1.6610666881676301
0.17256156231411895
0.32472196185684166
1.5073883986880696
2.012666701940391
0.8153362912255708
1.4752678234075278
0.5868731449827654
1.691737089982675
0.24536945051563805
0.8127401794550088
1.3486881028805084
0.9702505212277419
0.20412900733513614
0.1977848007169538
1.4349290197429383
0.6696059584618728
0.6626631986916827
0.23998536688920435
0.3524800083666864
0.19183356972952287
0.468864024725202
0.3329858987148724
0.28778902755888264
0.5462697881380262
0.08741126118962743
1.7409659835485523
0.20972675956113457
0.7903670764226455
0.1341931534610835
0.431297421805377
0.45874309955892184
0.7580160758096254
0.026513382115470833
0.02219477446648907
0.5111312882241685
0.7023947108715116
1.2806956623771903
0.18903620082603462
0.19315699313156562
0.2946206116917886
0.16818886903817776
0.2647308742441498
0.3031983913911483
0.2548411977606588
0.3206512493463885
0.21189892637538624
0.7598870875643468
0.38109077610869885
0.12836138891791515
1.1447210544071635
0.5200199342601686
0.3399539460702393
0.3229730524434321
1.6018644493450716
0.4618984818963165
1.0824429275243233
0.08937776063597065
0.20955492612410068
0.08199654287283745
0.20536730306720938
0.009515768177763818
0.28857891924588797
0.2929052347023732
0.946854482813188
2.22621423102897
0.3116584448276785
0.2642090949465784
0.32838453385350536
0.8843957762481158
0.48186368471764623
0.07809590900615072
0.3248193639183393
0.11316168202661492
0.7035114703209472
0.14089254667791096
0.02294548635701303
0.1432011132953836
0.1166800976633397
0.14253070046738772
0.5446015029116762
0.3899719968775032
2.801277892424098
0.3951934289228876
0.17682711785908964
0.14852714525721605
1.404107287323014
0.21554110504207186
0.07908242508221255
0.6310416387787379
0.6178397347954812
0.21500665189082285
0.22911902997405476
0.9970451734558164
0.019521436804517258
0.5309494886320507
0.1539003334549616
0.04829501095023955
0.3180183919114549
0.5586070213511116
0.028128407437885146
1.6254953224871473
0.20891761520037888
0.01926439673925368
0.46441904044251914
1.4166845739430791
1.119789542516495
2.2304458227469346
0.0641997752149231
0.30313675186405376
0.5834455646975429
0.05771670220596997
1.0972706216466368
0.4319777613795569
0.04555254868853908
0.05654860540897612
1.2421973458151347
0.11858365489077807
0.8066668284607776
0.912535830103251
0.3507019029573004
0.20319437604114005
0.9165300040838572
0.7460206568461484
0.029428375753843314
0.5162598797596069
0.13569434245626144
0.11036577183719015
0.831388356790724
0.1900031470496817
0.10982580150512575
0.3279379511364333
0.1371062172725554
0.2054947613732836
0.2121952326690188
0.03869944849403436
0.9890359792404322
0.5333442457371088
0.6480446309071336
0.35116797971765984
0.2601195327569896
0.04352736345106873
0.06823705563955329
0.32725707803562243
1.5737870710792075
0.9916178320712676
2.9817895419459766
0.1969239318073938
0.2055223709465204
0.5588234130281527
0.14357431770391108
0.13200970499077766
1.3995994234448637
1.1420023644341741
0.21026638713240334
0.30852242481493386
1.028554776318614
0.18958874713065563
0.6892339352420732
0.24821889244146148
0.04236657951911645
0.8698672207609323
0.13227868084958982
0.1491942675013112
0.04190992568528383
0.18418934701242934
0.9087578293070336
1.0172887657591683
0.18298230601421273
0.2795230669460009
0.7313578576417777
0.47915694550633126
0.2563046781980532
0.3577971332614961
0.8489798869382785
1.052038121863715
0.33995715441535007
0.7807294473318398
0.4698613902154814
1.2598237988554524
0.5964942653148629
1.9212364322056743
0.374116513093607
0.9961574824564613
0.6817360442834443
0.6722374662475518
0.15571101524491987
0.73194918519994
0.22415787280388733
1.5609405125390565
0.6133666146368885
0.5507825191743807
0.3263813405346502
0.10549945904306256
0.9192133506137224
0.589390401459492
0.5439640085957094
0.7216973199442691
0.11534663439502019
1.2221919376470336
0.7829162675195
0.42790831599336704
0.2865607047819637
0.5961703358433915
0.28092902394204
0.15355469903666566
0.9867398755443682
0.03230078671960582
0.047508009279590965
1.110197509429507
0.03723861617644047
0.3470435361078345
1.1009336775433634
0.40322599104951834
0.2613575435868771
1.9856302807360147
1.6823956048430282
0.29121682727366655
0.019764983302907817
0.013617313024809351
0.831412262699848
2.4334976743767887
0.8972774500286634
1.149916535658927
0.3589790296251671
0.22755020700624376
0.332423713214205
0.9031875386415836
0.04276534493440494
0.15176132165038123
0.3733377854279059
0.4632660091180242
0.41034233059736536
0.6838292237093182
1.2751846115371985
0.48878724207747115
1.3850895516639001
1.4552885811321727
1.313095262043588
0.4803061749473399
0.20942393875684312
0.136594324321379
0.31001557565739235
0.5208533621576583
0.35598325239600465
0.4365818097775521
1.1542743443032328
0.5730881164844057
0.4323763729371662
0.05265177598052919
0.20898475889404458
2.089258662274015
0.09550198150184329
0.3851516078409347
1.2994292823203253
0.5103193263284806
0.6595794726989196
0.47378082846319075
1.726464804431899
0.6067781914995307
0.6571692347363687
0.3709098192420724
0.1115304376592501
0.08050983270400326
0.012420092366338292
1.030990413847207
0.9094632534744722
1.2946067555821072
2.9904119854654816
0.27238063592161743
0.08373097233560614
1.0532461964086446
0.08779531011151158
0.10699196855716081
0.15482421899405174
0.3326849802137227
0.10764318851595385
0.19935178965726547
0.5363650445791738
0.42226403167988913
0.3560212006312256
0.13483918782937995
0.3356689559505288
0.6797270656816276
1.2110529987176961
0.1460112679084649
0.8278099604535407
0.7841988820450205
0.18217375512460457
0.18795039854831294
1.0040904052771762
0.6070844046056494
1.0125627622534972
0.2370495005158138
0.7141048989149292
0.8921012934729768
2.9796776013681487
0.1818244005465044
0.6179264471110609
1.0816254604001552
0.9478316978943775
1.236768899045566
0.7624220758427214
1.1398972786251358
1.1085631061604384
0.680382345315123
0.14277840250787077
0.2624118052698843
0.6192955355666511
0.048167327460079935
0.08292493656296641
2.110112731291878
1.881641339797846
0.023234411282132154
0.5686297699805395
1.1098015657201836
0.2006191554052392
0.6198160453026722
0.8772676201631693
0.7781841600210074
0.3007827906480082
0.9226640141874255
0.5405977225406308
1.612798619185201
0.06715875803253339
0.34161169655146306
0.4624433885816047
0.06166277423502259
0.9123805534693176
0.1456131841405942
0.30498545820028755
0.7606550211046471
0.6580483141730749
1.0117560095111222
0.15626085798172304
0.18503553831233563
2.013243670750345
0.5266477005225483
1.0669045472248104
0.15042728327569346
0.5108066677839007
0.9039329202377898
0.23713355807677608
0.376157888049149
1.8396798553584388
0.16509032642187876
0.11403321381232429
0.22315292304387266
1.101130565785094
0.27000798419471306
0.9483223192285939
0.37387882080316853
0.5974770032783779
0.38210237317456036
0.22916888160293838
0.712796480036243
0.11644598765526537
0.42173682578682586
0.5500212466705924
1.0098591489562165
0.23193959250718732
0.29224530858561576
0.14665528249419843
1.2741940232038924
0.6249478502835948
0.49587401024821653
0.24654717937834217
1.1986626156786282
1.402567806083598
0.9196859651084525
0.3276288878158901
0.49401909226401125
0.14400547810862488
0.45303793882543314
1.8252391371722527
1.5185384901448924
1.3498439669009994
0.7968600527349234
0.14820353072977774
0.1550683938882134
0.1977353425621919
0.4654874328984594
0.4226734819372116
1.2139028048996998
0.41270694509747524
0.1580259465616231
0.11003567875002951
0.10102166324133317
0.9954354715427444
1.065165728285767
0.18026195975525605
0.07173420620930634
0.3218811582881261
1.8861475637358531
0.26012716569127137
0.7598057409587929
0.4184360176463162
0.29963717801884443
0.8442450712308976
0.20533737680530895
0.21522064661022916
0.3529267318094903
0.1345315937892997
0.5682164802215758
1.691127527355331
0.0955746957206604
0.11566919665632876
0.7434238057582037
0.002847468242157354
0.18002252486154116
0.8714919460629763
0.9368098938725258
0.6441839637918784
1.5046204332590007
0.2137177800099445
0.5590750194260266
0.179555248827389
1.6224243326019032
0.5819401041182994
0.11303400283547581
0.22518709547974627
0.3262419108375323
0.2300252442213254
0.12177866885027297
0.05051754973323341
0.8082992913131289
0.7257491256465733
0.6536837755735847
0.2674521314468004
1.3611367316960064
0.31368631100659666
0.747839243661937
0.014703115600495061
0.02842077794316518
1.5226569542747783
0.6942560569362247
1.1148281242039564
0.7837390269645439
0.4003361778271392
0.6478251491311623
0.44862116698035026
0.1462192322084581
0.1212996271251521
0.7781174823313272
0.07382941400127385
0.06997129403729263
0.7438719732185487
0.16097989616300545
0.5902122037631619
1.983741545579388
0.2166584506409302
0.22020376238736736
0.9122951489001326
0.16900883711821735
0.39838643682968905
2.0359293178746403
0.03002006931482942
0.7112752403010365
1.0571154439141686
0.4770025483490116
0.4436855870829152
1.6517269667847612
1.5469417653748472
1.0913782921651942
1.0205750445470414
0.07584362918372936
0.37996615379700477
1.8575045504043832
0.12046378220502227
1.4838034650927303
1.5714682227034065
0.7925456180160393
0.17535270409965376
1.4697633022666343
0.12136413221082074
0.5993355719238453
0.5653972231988726
0.7842239595199282
0.2241134173507263
0.5142402942677701
1.0408887491058751
0.6934738097589033
0.07675016268295715
0.2915367589226803
0.013368976979497842
0.5403641874423428
0.5061536641077858
0.4010910876773952
0.3174190410352809
1.0009757181728967
0.4625948991212893
0.45214437663676393
0.0036107581679017077
0.6877880434859961
1.1680794007133781
0.09209348312272297
0.41924111053484897
1.08565514142786
0.1499244783911512
0.522901653666601
1.6022864035517304
0.4799456789601497
0.704268022391043
0.36908613669626444
0.3322615844834597
0.09833788119073097
0.5815655789235495
0.8032197405510085
0.7893083532350129
1.0780242006674463
0.15298228854845194
0.11933160346431514
2.111593290098371
0.26107911658705
0.3411836673998549
0.22185357660617933
0.03626235962511315
0.05987540583650158
0.9841469072636582
0.009375139798460818
0.4929548657985037
0.5039396165449062
0.5694091725613932
1.2417205742362425
0.9057633792272566
0.7719106902188314
0.6639750215157662
1.2332557327445026
1.4462327439812397
0.14484593018135314
0.11567487834494171
1.1523688155946776
0.13631336200411
1.282608537778188
0.04382564175209904
0.10514417026197843
2.485055203201214
0.08332784798796754
0.40325884202537626
0.9388323796971029
0.18145816405475862
1.7806017057276593
1.8675369866139164
0.2298396466060565
0.17290196613126255
0.8333028143129039
0.09291304102334337
0.2976062265877067
1.370878165035385
0.2414259140669576
0.058390563356221545
1.368492691835597
0.4895637840877969
0.12375979233100258
0.8031226029573646
0.4257657600171901
0.26001290653483317
2.9131520060971483
0.18009794712363184
0.6125645933704545
1.4082674850292791
0.8634065377269698
0.352047258049709
1.5945783844283081
0.6923201763748336
0.25425426766950115
0.283412771416032
0.08904898779610448
0.19358177972857848
0.13946032342238812
0.06959728776886695
1.4441923092408544
0.6180012063485731
0.20034103338338793
0.4822960213380223
1.7494980968077443
0.40479374329112533
0.5989283145188296
0.03082617252299598
0.30459997534858746
0.3033654322173743
2.261323634109945
0.2138514937960149
0.3402585363293711
1.2225843076750398
0.041286577246403326
0.32298181654012864
2.1376152677480955
0.2594277634041142
0.14820761952756137
0.6798211415016974
0.14319060251635343
0.4357711421936342
0.8110480357990398
0.732872458393245
0.9871965195495456
0.05857546361088992
0.1071240566720029
0.06503947386518306
1.601293353888616
0.6885755185977982
1.1224111696825694
0.8915581547073439
0.32054478550665727
0.9150361886516687
0.27329446138998864
0.15434933005170803
0.07732366054398497
0.7644639054089558
0.6028969811681153
0.20401924673900276
0.23891337619663264
1.1482701552616301
0.882094292957333
0.9542516971428603
0.05096522680426738
0.5330024523418098
1.8177656542901601
0.42530598713755813
0.3689068736131468
1.1137660892207049
0.24893815425044452
0.15153005864841396
0.4567604484587887
0.44934446798663363
0.19438506450204665
0.9550548418291681
0.06741149502875039
0.6786570368380205
1.5132789091528116
0.19905098897754905
1.5322562930781227
0.24564448795627905
0.78789728264199
0.459795830138205
1.3943391743825129
0.10645050494557047
0.14971713844476733
0.974144815233441
1.7038003284817829
0.3392780665154515
0.620499938874739
0.1730752917618998
0.15570289455061898
1.1197321681968764
0.2271212766656804
0.08708314825402373
0.69967742698849
0.06648202390358225
0.07958320351664629
0.23390246821034702
0.5896396803508727
0.5240992910100006
0.05839381308093555
0.02629188424969296
0.1613640654397813
0.3270644623215418
0.3420683915345844
0.2512241275192258
0.6828288456506153
0.8592457975443512
0.8596477231407372
0.8193429374556466
0.12340690923268881
0.1857637362860447
0.5182272104747538
0.08737911411473055
0.5095748193342969
0.3794121328911817
1.2033383880905224
0.8061432842460435
0.23448391913387295
0.539837299361744
0.33677075407630225
1.0630808818999082
0.3903188335092729
0.5385712614787159
1.3742444988770781
0.060172291151597654
0.31346053648673683
0.10287041416894264
0.22859567905763045
0.1864982124650899
0.26013241620974004
0.38145662838709515
0.24758498661256512
1.3483935987726043
0.23968370914098633
0.17423125776627923
1.2650122919620748
0.09740168660156172
1.4003243143793882
0.5701631041408215
0.1269502272394572
0.17670989708789372
1.4333510276628705
0.09640479232814038
0.3471772847141045
0.37723394938364957
0.14965126558056854
0.8534118469005723
0.7810619169298639
0.04996569629963622
0.23447302247458537
0.46357377253140625
0.1861313423924583
0.5579772031646668
1.1271238110999526
0.209277589097473
0.9379990284906801
0.870966085933352
0.3004777654898433
0.12514727134897877
0.3744592104757355
0.25645208230052946
0.15019267097395422
0.5719928750683836
0.3040492348634881
1.3294064434653445
0.43825087575066946
0.4972358657321909
0.46088866010434787
0.9254847796290613
0.2842825198370061
0.28213014763390754
0.36144202896832145
0.18278447761899644
0.6624477302386603
0.7540312267209639
0.40891094220172064
0.2645187716333003
2.5454550236194637
0.02436405962941291
0.419351508016577
1.1327855749785538
0.9000402922326337
0.30557753306804664
0.2318548854340337
0.14530425621487728
0.1821457156476336
0.7940957575585872
2.541056535605979
0.6847551345793578
0.0049943786177875935
0.05601739266769552
0.20261239710611043
0.47422470540143524
0.4270589074699088
0.07828320021684013
0.7452713141315093
0.9962824755978307
0.4149734472971409
0.38102039846144536
0.4421590617713045
0.003910920921235679
1.3557454891283054
0.4620386524208101
0.2830798006430382
1.253737609179801
0.025750309833590754
0.147190535705418
0.2215826146292418
0.5477509532799717
0.4775938459132561
1.1708379021037212
1.8402218672252841
1.639023414810815
0.4222939600451154
1.1713617797281968
0.745147360990303
0.4619575474547014
0.2137802170635091
0.04597280180143297
0.34861821602651444
0.509031216738491
0.08127705313138531
0.08412506255793473
0.6388641431763511
0.4745952720988625
1.5986780037701227
0.3100936208968507
0.2232032706279248
1.0222788142101036
0.6328173604302312
0.6957421047159825
0.09818406452838002
1.2435490131765408
1.8275110422472014
0.20131441548365234
0.15979137912621483
0.4959764839233009
0.1921200103974802
0.11784184080082918
0.2813083168742341
0.29171644884538045
0.025985673994556754
0.22106734696507993
0.0932493275778887
1.4461105061705948
0.06639070309398011
0.19859496068534893
0.06983821170425789
0.4994744972679624
2.0347686818063564
0.08891365590309508
0.07041157828398611
1.7094412318091223
0.7490398010127604
0.4450075611227134
1.1621608908910297
0.11733649747729755
0.3518380751388356
0.4118162392383067
0.3958041753159407
0.1301493318397781
1.1253515705847101
0.660131534764494
0.14105567904030653
0.8125223968416931
0.5133047755190058
0.3565575614807382
0.7334885370438422
0.126721340683679
0.07483820692382018
0.24539101624638895
0.08240274338222944
0.15230379612165215
0.2491211140873372
0.39347594740531
0.5430366517515218
0.10182199079615929
0.2473194655687058
0.35592030342496644
2.326989774033351
0.4838533589097427
1.0196395174978856
0.5528816705750605
0.7166302783695893
0.7974928093487903
1.6645188414589562
0.14201426943940046
0.4623473796174593
0.7241746390463873
1.0102515456291021
1.7965992945301608
0.09217124832579356
0.20499515303696744
0.03563218649040864
1.3408201841542307
1.302162071012513
0.300278724600295
0.2933424363587752
0.11045986225516903
0.37905812823523977
2.034687178201421
0.5290905801340328
0.12491554182769855
0.5533854750257334
0.6794370920489616
0.4911433499717049
0.3676540573099058
0.5906615436875504
0.7500847406816136
1.8229840113916569
0.8799759082696351
0.5558850264771986
0.3883698992502527
0.6628111033087829
0.4477506212663673
0.13620292477548945
0.1002339788310869
0.14716830835944408
0.315469801697233
0.18500047351708096
0.7300239176974167
0.18574139243996485
0.7767769179873169
0.19240296318559577
0.1518256610721611
1.7405604316231023
0.5514972905953297
0.5950428913800754
0.22556733432336726
0.061979160272399456
0.5399836755218548
0.10678123075790569
0.12019140732291692
1.2581518273907892
0.44263321996826027
0.8279479805392206
0.28513178111739496
0.14935558804258514
0.18964591389295002
0.445187290076879
0.19409342080131747
0.2884086406335334
1.6044323334641584
0.7721662094090438
0.9114145511411765
1.406557166403919
0.34282738764514414
2.4323905651325766
0.2299845558609351
0.4112036755246247
0.30501492010913794
1.0687950421178127
