0.84702793203775
0.267729514929085
0.4563320334773245
0.289431175415731
0.46470267978446084
1.7724322864004733
1.3773991460741188
0.2990057865917524
0.22595009606975763
0.4733536128925686
0.8888551541647659
0.5522499177472523
0.625726384053909
0.20494911689022
1.4571947674027939
1.3622979182877448
0.06434137028898769
0.05317779435731893
0.4861468195112829
0.049370026327884495
0.13551251724649482
0.06625240923156947
0.9170825812469043
0.841192979181659
0.4951963549364681
0.532948076816408
0.11689822727894174
0.6565655032751511
0.6134870657250424
0.5399926748124473
1.0496919570913015
0.5848007335691465
0.8045029731649602
0.4587193326899533
0.026899504975594388
1.0064194767834038
0.08379827875515362
0.003369404311968515
1.1256233312914574
0.7814568122571168
0.31156492951028625
0.35855287410177006
0.8377471672713012
1.1870540583336453
0.014153698155241286
0.3338613486924637
0.1213521560037326
0.0593396362735321
0.6629661240067884
0.180472014067891
0.03860260633212816
0.12633338433219027
0.16904662098375786
0.3995993432022467
0.8789603847527525
0.39651665623895543
0.28307437253094886
0.022075881360242983
1.1357116053710343
0.30315957532695237
0.001309578093007662
0.13963606048285043
2.001608981922132
2.3055111731763347
0.18356028809490843
0.6601431051729807
1.5448450267506166
0.15991893810845503
0.012955173684790435
1.295641918566567
0.06369653342769058
0.28727150846076743
0.614794427769729
0.7079314327611426
0.38965850585424067
1.8573783955414889
0.18240504949309141
0.06493962349464215
0.11795618812516077
0.7275151593498208
1.351292323161309
0.3894702325814897
0.03384837145936816
0.03665116305245118
0.7683209729446411
0.06939626159248409
0.5160132393228039
0.27188949569315
0.3042505360744002
0.23820560522192452
0.34216817583604336
0.06353323382831637
0.38945161819939406
0.3256037861161934
0.04940326781129271
0.6380398435336279
2.3143461388801527
0.3565616477208609
0.0836156128977136
0.364579510528555
0.14850326449141388
0.19975136095486593
1.3141302937326527
0.5435625931724251
0.7148410577121073
0.7938214252760687
0.13714677989235535
0.4025469692461994
0.6141031031389069
0.11479257756260972
0.050114947161788034
0.29062217572572985
0.8229143769798655
1.5720568358546292
0.3456818619561375
0.7096677506624748
0.9446356196838902
1.2121902547724357
0.5044926622464428
0.04769557610642739
0.21858203754556105
0.24529646577121253
0.46203805859973357
0.8182913953500462
0.5688476005082981
0.26731444294778034
1.0176997225908595
0.37806246630948814
0.21937128153363686
0.44610015499266054
1.364974113201698
0.16606983603628214
1.076485318143259
0.24450410760747013
0.4572507648201584
1.5322114454735432
0.4200917517531932
0.9732150145799897
0.6239395157270261
0.02636883790346953
0.01268219905634856
1.0609358262668587
0.2473877395559603
0.06965733166785953
0.7483590343354737
0.053523139345848625
0.1126864024348909
1.86012245085924
0.49717898460559434
0.3296560198559672
1.6070885280544638
0.470781925052199
0.10270272420319403
0.3674860149968314
0.5809697693437584
0.7765589006636424
0.30540219332615287
0.2970560066745175
0.08647485464293586
0.039637682059488144
0.4552059166610699
0.16963150197284832
0.6274560423227002
0.04602020359451802
0.005485090683751913
0.46536090935502733
0.33115009583782695
1.587890311881211
1.5447809678883686
0.07196557176427314
0.3266206019316077
0.7793602832974043
0.23114275207357923
0.05912479172485819
0.10247696621054322
0.37270764374322307
0.21340027750947807
2.116505932899304
0.24383937576427678
0.048735059311006725
0.8659421770859924
1.3245399433942402
0.013615850642395582
0.7398922783812746
0.9232843871717964
0.47568505100920483
1.0106747015713158
0.4649887589969583
0.710905657741811
0.15625971008063114
0.16950319048715173
2.3362921288277487
0.39697799471480566
0.8383676559655567
0.21348370783766998
0.3878742666159358
0.8115259847116296
0.2933724223861251
0.25275725982223485
0.32514118762774363
0.033782904657322026
0.7680130279066665
0.45919635499015343
0.1683169595525589
3.8479532335814715
0.6372932715717426
0.20095732853340148
1.3063633802351706
0.3794372013882829
1.2257364268048947
1.4794095088581956
0.0636395927501222
0.13331631389833562
0.7836720925007664
0.44984755050200426
0.23760302684669854
0.5783281482072188
0.06172130643463621
0.04077657403921539
0.08018274996195847
0.1967838366635063
0.6556156032055768
0.2902097325280846
0.12639546259157797
0.006053210211235497
0.9554394426061111
0.27039327119529083
0.2783788374885468
0.2999456318213309
0.5848339958607836
0.9707408896809421
0.16901166949611035
0.3933405056633258
0.1693492093977325
0.38735610854299357
0.15334970269131726
0.12129233624946079
0.5118745387264253
0.3030880137480039
0.5160179413272914
1.689809094108746
0.10504890722445769
0.14395906383326043
2.092024255293231
1.00554473632729
0.4121151313434128
1.0077020398013279
0.4627295738126334
0.599871552062241
1.0626019713514578
0.9948900634657443
0.4918219409538263
0.7669085914723921
0.4403092978295189
1.3086451145737268
0.4113669542634646
1.2513354414659574
1.1831505420544406
0.7108443334613581
0.47323828999414214
0.3678133634473339
0.49342987161621454
0.9070503085386339
0.3782656377089532
0.33199611243940885
0.22842400173057242
0.5512946292660236
1.0125199647531224
0.18230708325726422
0.11548635662908445
0.2556910426076194
0.0033645003762476115
0.005424771536151457
0.886645245549241
0.3687559308124562
0.1337563535054259
0.05325545922603617
0.3030012477287845
0.30172309331016
0.40811726121081354
0.909664095908517
0.20384623264392557
0.11432867080109765
0.07167920836718428
0.7282699008584689
1.1016241631972032
0.4013363386054047
0.12442145349536934
0.1578091085490655
0.061689086502424495
0.11828425544868468
0.7118875985795693
0.16977414283490228
0.01453231595408829
0.9667687807195265
0.5691415218859734
0.1895650271284471
0.2750626859784496
1.158429125005444
0.5028609070489449
1.9646515213670077
0.15147034968829473
0.15631101232023092
0.2231608147165369
0.2034199285173847
0.5872610084304789
0.45034929059721135
0.2535040586404101
0.051355853236627176
0.11305624602151998
0.5883914774400834
0.4230700862416591
1.333086946428013
1.0283299739697975
0.26119238990979715
0.5568160921398296
0.006783494121700116
0.3521586385393733
0.5092452811576574
2.303874506027895
2.7660253743960035
0.6044202125683472
0.39463755360645913
0.25008172574648674
0.2201066919422009
0.3026924085545213
0.025568394764097925
0.4456216811741703
0.08065581384163036
0.4746590249983435
0.26259894019451213
0.0965290416636418
1.8309706650162987
1.5190882260524607
1.2452831298324418
1.4365880182382096
1.0840334586500084
0.7955144076317229
0.04963946491303381
1.3528092001675214
0.3020708416645603
0.23533062240487046
0.10560108969505108
0.06104300708576063
0.32209489868647256
0.9460222047254551
0.822661044090109
0.7662780895741997
0.341848999053684
0.3452207776506098
0.05928479611506271
0.9171953063727141
0.26798392983309005
1.6840498810003817
0.9857800706373687
0.011072957663755004
0.9158787557489504
0.14142128669954837
0.06737169250009711
0.16676530462515318
0.5045037545121254
0.0367749856036511
0.09351690161337511
0.18497924446189992
0.09555359089716907
0.06088859828393798
0.6541566660162812
0.08674857177548422
0.055651716002476634
1.0769554082567998
0.4706309821135052
0.21267536766297357
0.7512883278372608
0.05284082639768995
0.19545997835197737
0.21558742665744277
0.07232002102680898
0.14468201865944144
0.3942934141163016
0.20312120201794837
0.41501193861243074
1.0305075907576569
0.7124432667589519
0.3394806242481983
2.9386605547556006
0.4836472591277845
0.3076931030790368
0.6921176106717424
0.00909394155878263
0.7560151523571629
1.1545312376010173
0.6603271968619738
0.12380073399095158
0.04020761395808648
0.051436875021069625
0.19017910751596429
0.22631245977018047
0.07230260009788698
0.09568521908294945
0.9279443797216665
0.39582462343681
1.8532677035979963
0.07856114615019807
0.12948137548982802
0.2277621818219064
0.3701618644985957
0.0037824402451370827
0.302984304796316
0.4247131028335877
0.07505359985764098
0.19710630689242434
0.32145242795864165
0.31336657246618915
0.4876740499150935
0.9243246215416232
1.2532326399056049
0.2793679162479043
1.1399671729690093
0.08746428338726893
0.43426741279152903
0.9843583304440583
0.6298123988865065
0.11521700296776033
0.9040364870370317
0.047464544153043506
0.035647420825307655
0.7010404111053142
0.19430596729361851
0.05827862377306544
0.7064044595121686
1.5997436870615207
1.4181187862813538
0.7876397311641778
0.07718905293591627
0.5587175328551764
0.2323699471730298
0.046711178484428434
1.4283120592618983
1.10716545116441
0.48091544847839013
1.1348280025748056
1.0831458151277313
1.6270161412517232
0.16100400711635737
0.7372068776333844
0.37383314757196867
0.35014696622510894
1.0603956070508613
0.8001188712014706
0.7107403503643069
0.33118842515477254
0.6182516239261608
0.2139102552578519
1.3249454026006515
0.011561793535169255
0.16345313787761936
1.4314278828050593
0.19066805654750546
0.9562182179176931
0.061426010175813305
0.08863464291403911
0.2520635058314723
0.377984779713041
0.5842285060500231
0.03181488227156167
1.1609818311607143
0.7520323698616903
0.22295462790692527
1.1505582173243072
0.4007618271150551
0.2700345186564564
0.22497697579667872
0.2500102330048327
0.7393261902484861
0.5138293730402537
0.10786742225801196
0.01960680063526379
0.2458417021150269
0.19706837439706146
0.13411188369002966
0.3224289870954704
0.5433437239418826
0.6206233058729026
0.49316198444033826
0.12441676832418608
0.6495939016389763
0.28926567584731944
0.5284171449455016
0.6108088160373781
0.5708695206294065
1.1057497846685995
0.6946295279785896
0.8368373364451217
0.10399215348621563
0.8513397223210072
1.3458246963717682
0.07746141659059651
0.3446269780214348
0.9348951062334838
0.33938545351101945
0.21233462580390475
0.7942478490655684
0.16705359694870855
0.3109483711448078
0.47162826387880186
0.06085442175437287
0.044793805688633954
0.8874545102041638
0.06753041203776908
0.3657150403033915
0.16056280376713525
0.8454378996672641
0.526503604660268
0.4099074217935617
0.049564359326543565
0.13822298249618217
0.5023177966508943
0.29163261124077877
0.5731507642545222
0.3712600365881968
0.10437594708682607
0.17771498624569765
0.30746919480903406
0.2559564687836283
0.17225931658597174
0.2768327859678232
0.07237089890985478
0.2632336633632142
0.5165555875712612
0.6240290781963395
0.3235074360853164
0.21562581028609007
0.483958496978941
0.13630763827607076
1.6964224909601384
1.0199539836590799
0.5899364958438724
0.6940586083224338
0.1830872036499243
0.9467821907622676
1.2421147695014179
0.7736592728786389
0.09467496272444201
0.19433563728452402
1.3887362036374178
0.936333914353972
2.9792575336518667
1.2814172414543787
0.1819513730902964
2.366944841679904
0.47155932386435073
0.01635149613789426
0.990186134031066
0.007613138289687522
0.11219118671740866
0.4540717449141971
0.19591713161658048
0.5419411393784526
0.4234257139140273
0.017537847140729052
0.34683643925783314
1.3865340022648769
0.13432680375860043
0.21523260335526645
1.7213397071589127
0.0855339210946013
0.24580328140289373
0.5101329798357677
1.1272732700422061
0.2476499795023901
0.2071440853583625
0.9443938720341409
0.5030810204418641
0.5613609248887979
0.17330955551673152
0.16107783530535819
1.5413760246428987
0.513271578646529
0.5742061913885133
0.3587488205743123
0.009960133085362451
0.8602130295727065
0.09575513611697757
0.2690706726733338
0.39912296265878555
1.3589888421592538
1.2638997777253118
1.930762906836559
0.5953649940992968
0.47147417734699865
0.9094574090380472
0.32570700402513975
0.6968657281406495
0.41241643700076097
0.4154752451866917
0.1794163462563343
0.5160313310282582
0.32755085665793976
0.5768591941100399
0.6567449153216885
0.4541979004687675
0.05099166000447174
0.10683745554710238
1.0035118657081106
0.4244062852341907
0.9756549901326536
1.2396426741989015
0.3611744988083777
0.05386321919248615
0.9151280796380793
0.17761128977275062
0.1698825037842851
0.8367954762811285
0.30940081718989476
0.12790790652731232
0.449372675947549
0.4790254604296734
1.2892340995855047
0.6172160132153245
0.0805676650408164
0.05059952918463133
0.11135255141147625
0.6877289582063267
0.8619483158387067
0.9552915972440994
0.32221843503854825
1.477350624948225
0.1959654691759142
1.364998522794983
0.46819954795009355
0.317615827879066
0.8802792361588648
0.02774633027677834
0.5905621074843179
0.25180619251266545
0.19372988013453382
1.1313779732906466
0.012959712063293988
1.4808637197243466
0.4138284743955735
0.049690100766504035
0.09203389759097283
1.7749161680254357
0.12363887511191216
0.3922453813591433
0.34638005887052203
1.7338151834845361
0.4151902383177555
0.1555327016835516
0.6567029914897445
2.143780550049972
0.913007347382463
0.05067129446410833
0.009704584422564588
0.1711301564730899
0.31792618890304986
0.0999170585487845
1.9302912321738044
0.011857541665825203
0.3615765073220365
0.147128356017249
0.11073138382317371
0.29796821253406447
0.6725773427408566
0.21416584406997946
0.3840157891006658
0.16960351732227533
0.22720361057799388
0.29485290587125473
1.263245046575245
0.6925622585754967
0.10786532055752944
1.9650527688075174
0.4139883016023906
0.20661934548988012
1.1942852394390917
0.5260829758928485
0.5783810899932749
0.5177388743306541
1.0118495156957166
0.8477434377748427
0.3944063946075787
0.2714187000497584
0.02813229787315064
0.30369531028629565
0.05885745064462406
0.14269009902124796
0.6158781502271473
0.4288066780705722
0.037481490406433365
0.2955376048825084
0.38637625975278195
1.9306031522234792
0.6507089002483213
0.4306460144064544
0.0612278249662434
1.984279960321664
0.2973657990402038
0.9577118779150906
0.5741169135011185
0.3968767967147059
0.23450495877226987
0.09295338829311137
0.07203811313764356
0.33386181174246776
0.6319304657403852
0.13768798064787657
0.9756181669879455
0.453388020916413
0.03990610475019895
0.5991297746113341
0.11350952556296033
0.22700127645601814
0.5925777681947167
0.35412754092592047
0.04238031225501158
0.05247015199898649
1.8328382337699318
0.9995929893417629
1.3638714190969203
1.6264192902659065
0.07293302871761156
0.29699312938049693
1.6633850303205253
0.24335128992153307
1.1015773060123797
0.4897208257020069
0.2813913208563516
2.3465067900281
0.4386132590046312
0.013568608163986527
0.4733686622106776
1.9238107086870753
1.036518221360511
0.07176607880081497
0.5531465042717272
0.675536702464175
0.48281108376436277
0.4970406808124866
0.04221120891571499
0.2355426750461723
0.6018418589439917
0.11793924265698995
0.4163871248340017
0.7178566678241869
0.15287200172742174
0.40137986314318463
0.24061780749031314
0.3949944960372012
0.33123719867757334
0.5084031690232272
0.2592431130876679
0.25203186851905135
1.005320445603796
0.3620616073419582
1.1392433152217516
0.20510464180248333
0.1199900422647167
0.6342698280716893
0.8925575043692766
1.3406997269018404
0.7738839176300962
0.5114745190257823
0.16823185519931513
0.06273940553992043
1.160510095550094
0.37164688693631986
0.38810609736101603
0.6828470164541162
1.0561089498105967
0.4627701622311875
0.5349592469054765
0.23478601755559847
0.1323626033544605
0.18133832674836436
0.0556342177045187
0.4904757231761122
0.7005120565096192
0.059124746152619034
1.0776348553570054
0.7125283942974812
0.18091201462395193
0.9149031937997273
0.32306671965473377
0.8551658526539198
0.1652033619451414
0.473955674563329
0.04906636630527697
0.24947870161971933
2.704905795330897
0.0430224853342792
0.8873437309967118
1.6725305999234763
0.31516056544247967
0.5865808748304894
1.8004666477942917
0.4451099453249418
0.024219009290730033
0.18226505143317653
0.8136867273071056
0.3237345074438112
0.9562402445434729
1.0802376511998992
0.25418240801943964
0.9340912923190717
0.35674761924997933
0.7324386857105998
0.23513485417108185
0.0645898331735551
0.41196026644163364
0.34949988082947886
0.14143148805379707
0.05092625667053223
0.16724346249634425
0.3754302198810333
0.3963446439066151
1.4778149691310012
0.262402792444682
0.1286127039487526
0.16949160585730194
0.540172349323461
0.4217654958204631
0.6827170151768241
0.7695720336946152
0.1988428000002433
2.257008395574883
0.2442697497253947
0.1065126273882054
0.03134555225273495
0.48679402322129106
0.16010803905909607
0.763423007722427
0.2072162332394436
1.194301878025445
0.29003415852878567
0.8650137992083387
0.495672760300265
0.9050614617176143
0.18598599820713352
0.09453853494176967
0.09781766093003613
0.7257339783613174
0.48379485451833953
1.0955838943562046
0.047605514094382406
0.5436190301094888
0.50314152471418
0.13897201263809947
0.026489710407309033
0.9436525302443092
0.2725851640133093
0.04949023609662979
0.37760881162120086
0.36457419333948055
0.6837513932328659
3.500052710442794
0.6738679317396182
0.791156181506596
0.4188141465806731
0.15046950551363206
0.023619658563498746
0.6779860414105996
0.2533885774049179
1.348524284468606
1.3872222644278989
0.5595999576358089
0.5871726921700599
1.4824188976027575
0.6013737086155544
0.2844259969030727
0.3071547401907372
0.3051234818515509
0.3562397421986821
1.8626227890509797
0.3000357840853462
0.8123127904639154
0.39131203914933677
1.028712936819697
0.13070390541969856
0.2763109524288862
0.0795950046893
0.24334440510659908
0.34984547102886515
0.020757325901019537
0.4922238154451011
1.207429409281836
0.37904008853623355
0.1419357216757786
0.27040861851623704
0.024932194118442087
0.19376710848738413
0.7169359569497215
0.2204262393517059
1.7106839742139455
0.05087942895641067
0.860766450488301
0.6022368041426298
0.25848243509377455
0.6480626688639984
0.524869951783105
1.1805758829789983
0.5106355058106047
0.7117479176504294
0.5935613276901598
0.03689603481210347
0.1557831133292757
0.6370647316384385
0.1679835341299221
0.12653871030504965
1.6211206942975984
0.6709575958415023
0.22245347633830423
0.2995449170646128
1.0083005126873807
0.22217864073790328
1.178918531151089
0.3172903641559796
0.056400206818898194
0.15944803850843178
0.029662518866409693
0.7487675486279453
0.6843228945651336
0.2742257419588621
0.22441298691628633
2.321116648139702
0.27806994926892137
0.10149524484335816
0.05109554938821981
0.18105567419224278
0.13414183388870304
0.6570186375227607
0.0035810874483294306
0.2534320126244707
0.9749721125462519
0.049762940403630634
0.10033683947849531
1.9553660548274558
0.19090993569544726
0.8441148342245821
0.40368008125837107
0.6063249647040999
0.9217703598119317
0.567591830364012
0.4409619394352897
0.2773094103738756
0.22785354412739758
0.019455648072961018
0.22179838512856645
0.24879832622239761
0.29427209116481445
0.297828830856586
0.20359042358512763
0.022632478400950003
0.01765944958851639
0.8901134592274498
0.16250632741786322
0.6229759594826265
1.2440161275110457
0.11821567721014922
0.7022027055307124
0.7413083624023441
0.27118249527638905
0.08084200930825598
2.086158323242332
0.5073230501134199
0.5057797782393937
0.17158809760473712
2.9184636093824508
0.16512282980206838
0.870610466875235
0.23844520025805976
0.327039183691461
0.6267600641031897
0.6677261178010225
0.07572563902301904
0.04222263284113803
0.264909339382492
0.42264074027987897
0.5029011780144621
0.6699478646659989
0.3070915579912661
0.5291769188645945
0.0693466292586807
0.07914844476791882
1.81708358437789
0.07131796036461319
0.31320215029777837
0.9796841682481755
1.0037827436928946
0.32317839369564116
0.3145184410735688
0.023516608208344437
0.023545143754671403
0.3832736644169444
0.7958971575139214
0.01959854728679558
1.223749167202531
0.5288746903171806
0.47934016969871945
0.33454427592133523
0.3220809729401541
0.03142780924223227
1.6129287727920902
0.9918478991810772
0.9316621507908389
0.12538973328500527
0.2017835411043919
0.48615772548934133
0.16176413380274812
0.03719586492590266
0.13429434386073605
1.1539024125392348
0.1607091852846234
0.5215529864220688
1.3071237883469757
0.41112272620120943
0.17666685053548298
0.9921941335178505
0.01500058640008508
0.10277216054725342
0.993049012837238
0.10618675948356393
0.4463497025266778
1.0942124213731574
0.6093172898215539
0.056287785171744986
0.4824253344311035
0.15697898584870623
0.37654686407138416
0.8137687978944855
0.10020704325947906
0.16499948815833895
1.5001071651522995
0.10983087335123291
3.740221477911305
0.10941574448076669
0.6315255691644253
3.659942555159457
0.825255829919116
0.03400314972337994
1.2097260612429817
2.1122615344833946
0.3843477889660314
0.041872075598685846
1.318513856732188
0.8322154529293535
0.10751256193705475
0.04885017574574341
0.16139795652353364
0.04332771288361952
0.5881717566893668
0.20819960383725186
0.3738244321147902
0.36415000391059965
0.2689854582083405
0.7253376208488298
0.7943213554672314
0.3223253807791419
1.1255464323504758
1.0005741358055398
0.4203132772343391
0.41117777155554536
0.3895130366211345
0.30703041038443313
0.19279373723197427
1.085885228994099
0.8034115626283496
0.017225344394769262
0.41666552368130977
0.8487662962862855
0.4260319848421506
0.7594281228212376
0.40132474586294203
0.7168076043626
0.3964576910338501
0.9546829642915268
0.19690449936545512
0.3537964363347246
0.28458234965409956
0.668999283363246
0.033222403591570235
0.726389514731319
0.8665912387790832
0.7014828556915669
0.9184264373495815
0.23435256596349555
0.4380900943437127
1.221215479778007
0.021656525454619727
0.4105515161605433
0.06576961951450869
0.22921875921495433
1.7080991400080396
0.4061546998622821
0.41769364255845937
0.620666899462331
0.5105224829899222
0.17023432708512906
0.4683557187941798
0.19174551355841896
1.4924095485438937
0.27869584343126386
0.3066465905963299
0.3295847398413939
1.461938157596121
0.20955342835641755
0.1168634874048543
0.4901865098678362
0.2128955273911301
0.23573442556785978
0.5240960609624924
1.2785405956184661
0.6287233016597958
1.3050385193125258
0.7060947858994604
1.2227068199188602
0.9502400670084211
0.28747150588124626
0.7939949112559738
0.5389462045510097
0.07471055771120007
2.4124694643257576
1.5128769577591215
0.21535339680292861
0.8255864803143362
1.1545673021165437
0.31162889156287676
0.7821826332454481
0.43054600422121203
1.4434359537802477
0.10047746473199425
2.5147980896090534
0.3281020857405692
0.7564477738810476
0.9805073019525756
0.2972273938285133
0.17540416397493347
1.2935118537005452
0.4362483344588965
0.3631939893727487
0.8667668271445472
0.1871966014011474
0.8340298413090944
0.43872888970868895
0.4454303661870383
0.47567327583719116
0.19616970671705986
0.8924623603419868
0.8225337906884662
1.612800717674816
0.0057374037107484396
0.20952653001593533
0.5584939051108636
1.2200269967966917
0.00937971058825553
0.5494127615101826
0.685922797126799
0.09254964996102905
0.14706048722653134
1.4536942013665581
0.6222978482377581
0.23813087660133683
0.21947530870004145
0.23150504374487463
0.8623065136582047
0.4428173862360215
0.08624802790780373
0.5737547736447896
0.1792565742384824
0.7432544032966008
1.7350773805934707
0.6528901600553084
0.14255915520152376
1.5211640819040047
0.22349362056738836
0.3107359422387758
0.6169859068397013
0.23436879178653366
0.02975833131077217
1.5869040625655275
0.2691440022781933
0.04100962672994011
2.9690592318713396
0.924553237716045
0.8721396217833202
0.48128530249899304
0.3707662471282581
0.3532022491376414
0.7362385238554079
0.15712099214656988
0.11641584079480635
0.21563668225968957
0.04053868945825634
0.08071351612114472
0.22145176935871794
0.22861172468692575
0.5551341764784592
1.4584076594899722
0.42303345327425673
0.01753284371582884
0.2879203198152323
0.009828506232097788
0.20531769134912256
0.9112008175572109
0.14525851484499192
0.3969512701596966
0.3141034200691623
0.7163403218780269
0.755049321670447
2.534124541164257
0.13546510678173906
1.550796905218542
1.771895503734669
0.16490588169699416
0.0961391279341811
1.303097552377086
0.547610753695001
0.46519999536163703
0.9263233069912076
1.413292992642653
1.066405647733872
0.7463182382179739
0.1239907823090206
0.16112927843640934
1.5098506302660866
0.054099081825192026
0.14459551829431294
1.0605586806953935
1.4286085455893724
0.8738599637386727
1.8141493307342804
0.3350688700294121
0.8549179171771836
2.5641403812634582
0.2079431900852821
1.3586947284296946
2.6324995806955718
0.7089506540685285
1.3734324969711136
0.387489770952144
0.028929164461759884
1.501214111312598
0.8247215977200286
0.6113004596767424
0.3423767050033646
0.21660874343883915
0.8365620280291383
0.03837430276792872
0.33170764729801383
0.2020421422408323
0.11133485505034525
2.1407517227346036
1.7210689588997485
0.09755187562936167
0.14259600328396
4.304584848811454
0.627808425064631
0.7884915290680934
1.2212602765670066
1.0456522072986285
1.0974587898352768
1.4808158488850522
0.27497144262225803
0.3288812244897738
0.2245072344154698
0.4029298888497607
0.2460017531880841
0.14491285506930976
1.0620570921004657
0.2030439617303012
0.10235710130883208
1.3066058756307226
0.9738610264455221
0.08357309233634358
0.00033621871589536637
0.5879663806957868
0.2516652467114522
0.1868744696469978
2.0379446577497156
0.5590227368971589
0.1359536240782492
0.7875599606661949
0.27392367198568085
1.7873434999379918
1.169819993906487
0.023500146933951666
0.05072988375980787
0.4348968892414579
0.3982501162629584
0.908524384794383
0.31182761589482233
0.02821150205945846
0.027670497869227338
1.598819353967273
0.8738252125093859
1.0119231931198696
1.9360384706971
0.2566139044234812
0.8642982696509851
0.9520626468148156
0.8504291964529397
1.9262416649415892
0.4316617457047424
0.22402593817189148
0.34846448902376403
0.15193237168486146
0.1508270109006403
0.06832506864133651
0.20878213746464916
0.07689694689521637
0.09698144513823242
1.783140699357241
0.5480471342761557
0.11474989317925137
1.8078068128928069
2.010517782876767
0.11156396225894503
2.0432724943066276
0.18567286183524026
0.31065464954758404
0.5677244958342935
0.4525806611951191
0.14515528484080642
1.0839589300238262
0.062472901270737166
0.4667487258001016
0.04657676244363436
0.6730113172667417
0.732657208665376
0.8726841911182569
0.060690349049948966
0.22244776503804867
1.4064389956108017
0.2252462437969665
0.060999595446423534
0.23409115340688835
0.8113530317519215
0.7049976601828553
0.3439041922565412
0.02634793204614746
0.3264048605506321
0.23225277315323542
0.45291001591143343
0.3858472315129128
1.8012562586219607
0.6459082774399763
0.3059739431895618
0.4586609778059839
0.042885742394647916
0.2117699126534732
0.5774704681063209
1.0148069258200874
0.3574225835781548
0.08412349715044885
0.431430752404886
0.46030081787084304
1.4892973767960545
0.03186971561202696
0.23114375732876039
0.7039476358692396
0.20519981098628653
0.3566077801533687
0.49545860360871824
0.21948629392103228
0.4614083975265332
0.12253655658977532
0.10978538336458635
0.04242048810164226
0.8607056169522482
0.1832895254149547
0.2877156862835437
1.5736832333857609
0.33673825947717106
0.06719586935531884
0.20120095355140424
0.3280479832458275
0.1120440664436812
1.5948157617050722
0.3655676173643244
0.316996952857585
0.2696004756963422
0.0855644187749594
0.3673603775466697
0.9260294248222417
0.5200168439323437
0.23347616354389694
0.8970482137845099
1.2726133470783274
0.18546382289611435
0.3520636856655627
0.01670224647401936
0.10975391756550891
3.8554551424473917
0.32751345776054114
0.11412106061388276
0.6115232231765325
0.4045655306175871
1.162582552560841
0.7742529986060058
0.06172682545854494
0.09878315824989396
0.49456387242838074
0.34392550959071216
0.16681138162052606
0.14839325236075837
1.2111797733772056
0.8279899448650576
0.23167272267563702
0.6985930508617133
0.10084072017096021
0.2665098218868664
0.3856182486509526
0.10819806036974268
0.53766131659423
0.47235280730394175
0.18134840914018424
0.6990015013305821
0.5046484207707885
0.31227485743581224
0.2200294727804265
0.04984993714258789
0.1212894909283495
0.7468499200062702
0.09898427068598126
0.16035577238935567
0.7004065206723583
0.4093195593801504
0.33367529300290755
0.16865472288883585
0.14328249850794303
0.0085873999388761
2.075868528951946
0.3295896085124662
0.1198689284385188
0.22547548229395128
0.03457781724043057
0.33253516361060487
0.13627144840946026
0.2373157772419367
0.4112112016553182
0.18535115497968127
0.9321284399048179
0.853262018447513
1.091593944340579
1.7804690181686456
0.17546370431677594
0.45327978703946004
1.1267125679475236
0.03737969618733351
1.196714772247719
0.5453059835535194
0.5546286175788825
0.7358196325140238
0.11826973689476547
1.117143794822477
0.9150406256547389
0.8048792779699466
0.15241152469938105
1.315236228395127
1.3144507366678368
0.8583415735287447
0.7409239703871247
0.7209480745977783
2.1772019639246123
0.14401812202538375
0.7295403383317284
0.8506457438919827
0.8409938484160091
0.1901087256153379
0.4010754571360948
0.8017664476293243
0.0364664810563981
0.19038667170478576
0.873226834064732
1.4150330969347824
0.5467352531819165
0.5188696040126917
0.5800096626640121
0.037766674619236995
0.15504704318653845
0.41253384255077924
0.052562935968626275
0.01267311587207348
0.3634353127285519
0.1888099761205613
0.09483782562213995
0.9453664744716295
0.11414465692438747
1.4153078311806613
0.9704985209435482
0.4283946266858959
1.0189160517368832
0.08557448320675985
0.048884236371774956
1.2471945097151793
1.5322622918265105
0.4857777987612822
0.4224102850019399
2.826744881661208
0.06181277517957563
0.41352665732101734
0.1297857771855593
0.09492288777024865
1.0303842209195955
0.4865966723976814
0.09716405272935069
0.7636953411249688
0.3147475238729332
0.38122059002613673
0.7599667706418107
0.5838148445753089
0.00449171080543865
1.2831184653780705
0.32665958305258624
0.27622148080733777
2.4191299068543097
0.6491119597361346
0.0816477570484546
0.1672391815109754
0.08843030334132498
0.09408359636091686
1.566044431982958
0.10784370006930535
0.015479599946180433
0.24998419628569749
0.48028925276195233
0.10835175117020397
0.41351788554228996
0.7405292716685359
0.3682474443111098
0.6828460563798913
0.5796430640704867
0.18463065425595682
0.35699330873609514
0.5780931917988227
0.6216972494730291
0.7196207899864154
0.09209209703952918
1.0744140883637654
0.2479501611495129
0.03683912812806904
0.13615500746740103
0.9758316307074304
1.5263794277254543
0.029880645652054155
0.19606105029028387
0.16941032305762552
1.3304862955986951
0.10547554503029072
0.15784667989618598
1.8796901786762967
0.4162008097630912
0.5818282283978188
0.3182351136924015
2.405257662377761
0.2076806941448301
0.11343858847001918
0.4595010492422567
1.4608375135410823
0.020254398480982733
0.4242599980284778
1.3622763299298808
0.12964020755610703
1.2382435076271714
0.24418727752594316
0.38318683200810605
1.2340608338143173
0.058501942196810236
0.26297365720799537
0.6910410876206798
0.21611994224168637
0.38740142297061597
1.1422633478043445
0.34942930812822165
0.45407245044390854
0.3169982199050222
0.08298096469574824
0.06079914481154378
0.3544040763373726
0.33490672520192666
0.261271502857077
0.5980006442288256
0.8178000404663053
0.43070887783921824
0.6107079717066446
0.14467731319423666
1.6275422301953988
0.2508862698018786
0.9472588398505661
0.2418249629881525
0.6871360636128492
0.4882726858636588
0.13202856893103554
1.0573995035981922
0.11374062798015405
0.2616258722047503
0.3959120353049741
0.36730559969409826
0.46135504953885914
0.32834978081805355
0.05418789356920093
0.30375334582133734
0.44612417348080163
1.4034093743963376
0.057620802040229686
1.506990620411973
0.3107908602466039
0.3527442117555291
0.466458613176838
0.9435214791181609
0.6427019018321968
1.0314260355290352
0.37155574039944733
0.04625988542987042
0.21766257284487606
0.0953984730778272
0.031062492884191377
0.7820581283441832
0.5960960431598472
0.6845855700842404
0.3179722664150015
0.5806829551170989
0.23328010190973497
0.030075316540017286
0.0400630233263319
0.45700914883311616
0.8651823265669479
0.2643573616197073
0.26114954275795926
0.21350790567089623
0.10492858462663829
0.48533463887889283
0.7015120550555923
0.31936335388160714
0.0931916286964847
0.34769022845304914
0.1870119199976749
0.5230147130947348
1.2042903051876224
0.05032470559537055
0.3545283085044204
2.2611907944160476
0.41991118723484566
0.6583521809080263
0.040978081056487356
0.2858079077440183
0.21649131761442694
0.4418347187062825
1.0134583886472284
0.047037413157848415
0.7202120059292845
0.08279797688630763
0.07994217360930543
1.0313627491652213
0.16517251896255924
0.41444212496292704
1.8415898185901032
0.42407880522427016
0.030868727598829013
0.11419705378742243
0.28462703940264494
0.48985764327648496
0.1827038275773806
0.5041107650599198
0.2271217920842306
0.31574436171233694
0.20695295464134641
0.18678654787563134
0.34388462876026177
0.13302525903413204
0.38395374714161645
0.5320388601120191
0.3127022236743965
0.3555259398195901
0.7914433313419664
0.15205822636929223
0.18507442756010656
0.255861509387172
0.527404081887409
0.4357039758301405
3.631030991979726
0.19414251028391627
0.48245811007661743
0.6191231783503359
1.1644333704960241
1.019091953237004
0.286405384303699
0.1501542257788272
0.08821777563002714
0.020354386847039847
0.22934186498571013
0.5363828850083008
0.7608014683260657
0.021840395943242663
0.22905000700049075
0.5238715641292137
0.07357086644092303
0.027289738551754924
0.679220748002313
0.3455588103239005
0.9287552231983924
0.3220588168206954
0.26844113742241943
0.754123409417982
2.161232443236758
0.2101391691215955
0.6349374736333186
0.10687412882009356
0.14687376300366062
0.7915081114514856
0.653743810258292
0.4116264677342459
0.8549510184659859
0.09013744326512492
0.7882387231180652
0.19025576929590507
0.1966777368114659
0.6261709362191553
0.24728855895359292
0.6289464160931579
0.15828272611080518
0.3925158538794753
0.1270570586700499
0.2543675695732815
0.7066789467731128
0.28425683479315095
0.0997346452051294
0.5345376575242643
0.915289301682853
0.5164656837450009
0.09800981103309368
2.542933964931976
1.1795556220480878
2.239620027500154
1.5080170055961164
0.30438641271369316
1.7052478683875771
1.5179536913371259
0.09235236472099458
0.25921636447985535
0.46975249274226066
0.02183906383596777
0.5834787287755661
0.36365494587456665
0.45456537783545414
0.5130863716329055
1.2544101755964603
0.6825037971883655
0.5855376419969689
0.6264193371361011
0.2078075169887463
0.1745809446908802
0.6235554202925235
0.035924264924108884
0.7063380890887789
0.029581246832516887
3.5590233229025494
0.21726675578448085
0.461661882987499
0.13276146475951564
1.336102729158827
0.3263610590147361
0.5510175544277873
1.2772010864064072
3.141238878234285
0.7185920544445648
0.10021313142743572
1.2567345936451135
1.1412491376120422
0.26132998169132043
1.246569044013018
0.40251811845830204
0.21624265807937748
0.5319181332240621
0.06656140672732584
1.444301063088409
0.464515065989915
0.2748909792949626
0.46490367628119356
0.6349766208392197
0.26777524251261675
0.26513335763023654
0.6078179929166557
0.9359617280588819
0.43397780064069835
0.5984544200716099
0.4299323213070113
0.8938566545770494
1.3420098420530862
0.10834931074913602
0.5156813091429381
1.3235985808083783
0.020623528945594556
0.1903167870368688
0.14582909408754122
0.21432874325481807
0.10258019111850428
2.187600934086535
1.2945689652419912
0.37963140332973494
1.4881458642873848
0.13866255312860795
0.3981075492353172
0.1631845859504858
0.1534954209500761
0.4477129675253309
0.43262090303928397
1.7548708727083737
0.7942791842103349
0.728403991659094
0.4023949110443362
0.06241165868398092
0.4730883036812675
0.046550846892834764
0.8206812948488375
1.6054016062721634
1.1650786189043378
2.2344224547885396
0.7416973560004534
0.06086411251719723
0.18188283316064005
0.09992401003559812
0.11006334387150693
0.3920808994068375
0.5764171176063205
0.3369539783615503
0.0872006161555751
0.33725646908277884
0.33030143360530095
0.08332109011535178
0.4292666852705477
0.10502785366606274
0.5530357621416534
0.5100193675893955
0.5278926379492653
0.41704988032744505
0.8214444575805115
0.7538145761489436
0.7459305092404123
2.2905060292668487
0.4003371602157401
1.5317835623162728
0.26485146054141295
0.2632907121876154
1.7660058508511018
0.770319394157936
0.5326143792983669
0.2361836942765681
0.32469296128845365
0.07876158192090613
0.1139437527954176
0.5611948897743134
0.46091848805759544
0.5427375417304456
1.4371648738878964
0.09411950299253341
0.23939441730150893
0.17954641580994665
0.5688414604448825
0.22090873564091495
0.7557081617115939
0.4996718357691536
2.1639294715954653
0.8673793900884922
0.27402585465767254
1.3025277344650914
0.6099830799930045
0.6252818054481513
1.7261845397903814
0.3276082257018011
0.05498871296138129
0.10437767886659101
3.6080981151031386
0.2188185790364682
0.9078335599613405
0.6337104229813229
0.29304110462738725
3.2575056126441564
0.3551308360097062
0.27888541723219357
0.3047237180571957
0.23508677300977587
0.20504836633699533
0.8066783748455918
0.21641409941015946
0.18320973332672819
0.5329682567581325
1.0148813990852594
0.9716228796358548
0.45382346183010136
0.17668747247281572
0.013419602454860385
1.643926654710313
0.7195995980063756
0.30857936560401455
0.18019427947082695
0.5159008256986884
0.3878666275706095
0.4276159287035676
1.1481609869477474
0.6325857353173865
0.039568210139226546
0.17509411783393575
0.08480152745303943
0.32569661616306306
0.08319373511156103
0.28676135505336076
0.3866080184177848
0.461037800994024
0.17697647084151316
0.3165411425273022
0.11196885515523905
0.4086600284912523
0.24301003285817782
1.3838398077300977
0.8285613508563088
1.3422917639677514
0.5845908032843674
0.23433459031176587
0.05177558872017119
0.38312391546383123
0.27109811620548696
0.06623402487796508
0.7797430295131121
0.055861727286045666
0.12864947476022273
0.8039129698460378
0.06864089420655946
0.06456394770227296
1.7428579438788043
0.10761855812629245
1.3008140156375732
0.3446868527371184
0.3151140708554004
0.2809783398383364
1.2709383393937195
0.14210483215839959
0.043541811221081764
0.5153669523460835
0.18343248039169982
0.39163334362364843
0.6409290946229974
0.2016552829350306
0.24997427050823245
0.5447873417806446
0.15775396211486115
0.040823993414838916
0.41975512881844695
0.4184297891550116
1.479265921671429
1.4127698345548596
0.7958648762937311
0.04421746937108697
0.9504966749755517
0.23321033081744377
0.742806133949492
0.5986199023529144
0.8756358522694165
0.9752874466714085
0.480356125112536
1.5323192482571975
0.2149651589565366
0.27225741300110545
0.129381384867445
0.7293456484325622
0.49154906625688743
0.02587615055344141
0.5494887715480156
1.1455977825924
0.896724771025007
0.23270577707256956
1.5289077385054588
0.5310546428086729
0.7216714751492601
0.2209282792140205
0.08014920387190837
0.15767691558687408
0.6666831742772621
0.006598336522762788
1.3365629113023842
0.8116511003263727
0.2856592327517632
1.2714093434801608
0.28621406900375534
0.6826510188464691
0.6153145694274696
0.5844936215221229
0.3027172631633111
0.06108399359923961
0.6301379792708106
0.331959961902388
0.49986569269483233
1.7698989980492115
0.22215685412249156
0.17485671985126333
0.012592980476717553
0.04641365432740673
0.16674667354443626
0.5690837011128606
0.8452282750663176
1.0021475179770272
1.870981445487353
0.48027250539713123
0.1757166418044674
0.11869524384401722
0.5994159906345966
3.091458332755548
0.2837598828907751
0.016110448929493638
0.7610980990514689
0.7987022822820741
0.2333895724153835
0.7610469171237013
0.949372724023556
0.3743620933065053
0.442102083932491
2.3353255142962075
0.9865549030149035
0.39191846126306606
2.0803999804928153
0.060175268047189694
0.21136396656078557
0.09262368802503623
0.1306126240676911
0.1210135542626767
0.3229053446832111
0.5818881070804225
1.0645039352903174
0.6358343143196384
0.5427866847558455
0.7173359104442532
1.9913214904851944
1.066081154304823
0.5953978429113289
0.2898039853025168
0.10781478335994675
0.7987121134665397
0.6415476899223439
0.43880082131039944
0.3156087780271528
0.7208270390609464
0.23143082582428542
0.5501192123689058
0.06745340187300444
1.1072029705566484
0.8621397312814774
2.1354400413710537
1.141015269809598
0.41416104834086503
0.07936066932153918
0.1436456225503569
0.04854983814226387
0.5115930750472277
1.1461574216756145
0.21122740596900483
1.2830979067894435
0.3625311855214896
0.15296351714564158
0.7161760825547921
0.09427989347768462
1.1874968416423073
0.3430202678480571
0.17250262341343256
0.160292483378182
1.0459940845141789
0.2920804392802354
0.34427255245018956
1.1700969434209139
0.1303381388344021
0.6204815923300068
1.9855429889364773
0.011510204532877846
0.032211135014576155
3.673568584193304
0.36716290289119347
1.0701890883791543
0.7944438981179812
0.18397190651803302
0.7552169133663625
0.503724710313748
0.24982507240321133
1.280109610512876
1.152315811194658
1.181278720929385
0.17549945691625
2.958550373522362
0.7168374206126961
0.7441238364520164
0.2592534361256386
0.46821081122005154
0.6498428309404878
1.15978809308549
0.5373039673428619
0.13647999514082917
0.19975558854730832
0.6340646978143375
0.10844731048944087
0.5725002549070225
0.1680099388309737
0.16885819116469206
0.5228200492156004
0.07398929452872371
0.25479539306300336
4.00918443824103
0.1326055014291507
0.3737589906006614
1.8480805750578335
0.16145519699095656
0.12432416289755072
1.2076641467434823
0.03527244273971013
0.2976523322962688
0.22193451321494662
0.2334047425747824
0.0581416019382397
0.7680407781129179
0.12026075850963003
0.026499622082152036
0.22407259839559274
0.5254072761451781
0.18030132028188847
1.5329058598612906
0.30206314153878
0.07114234916556456
1.9947407565411206
1.162501698407218
0.12077025234156089
1.3008168028475204
0.16047468163791695
1.0372086956997737
0.7524506040296947
0.6275349850765959
1.0216000053580165
1.6072639648455234
0.20771643022406575
0.3839280910706369
1.0769486073200596
0.2666151273182532
0.03458898175778398
0.18461747780155124
0.028585151826168144
1.551910516712676
0.7688714572100162
0.6501156946076813
0.18649519257457348
0.35137420397413327
0.05510947091978904
0.04205086265741153
0.7787384404323592
0.3013200906556979
0.5573212910798375
0.7857317764964051
0.04371554415874561
0.013402412916033307
0.5034319625985048
0.09170476105663188
0.18347140767121395
0.1984825709909557
0.043365687864743846
0.3090725075410479
0.8003936109716407
0.03631830958380397
0.0478542427465977
1.6009497517329674
1.3365353093740764
0.39672716933937224
0.9964400020733793
0.080473580100518
0.10322279898883892
0.36865737881389715
0.0740197091135719
0.3075882023443392
1.1975373776449694
0.2288692258797132
0.24881449201512448
0.7761955694601468
0.12576776687386831
0.04229609181386069
0.3608883939420755
0.18685988130933254
0.03503789917659482
0.3220708835036712
1.0567004202544097
0.894480250991291
1.1516824377536212
0.30669239589443803
0.01794957998678254
1.132384945938487
3.0037450163742965
0.06414320367970788
0.4231863139775894
0.29521342976148673
1.2095649841125444
2.619500550323164
1.171340503780792
0.6543854947888402
0.22463080432425744
0.18922418801715665
0.9181501954775139
0.5474106189903138
0.1129722959385898
1.0938178561039982
1.7359537060643853
0.10153965852308573
1.0965042898116184
0.42572947400891065
1.178285845116494
1.457050421340539
2.3938879686950045
0.4919829984728995
0.9851437857117629
0.9734344700542482
0.5786199680356167
0.17686013807059475
0.34385972742709736
0.6562735757518439
0.07895123585975472
3.8605647751371124
1.3096964455081377
0.16724419051160597
3.9371884483072654
0.4165738254642473
0.21265462979785912
0.1805593512467017
0.06459447863120123
0.006233375830605668
1.576979916171903
1.92967720305886
1.5213897555309104
1.0710178433735809
0.17069132805405163
0.14119171589060117
0.2556240199130971
1.2131116584330317
0.025337038360334328
0.6539600113649614
0.41924682833856286
0.3323061412126747
0.21095676303611485
0.5019949294754714
0.24792014311651822
0.32945012895568915
0.05443415092428745
0.7966871443684699
1.7409724988224309
0.45922178108295914
0.8097998725722321
1.185189295886888
0.17444691625960992
0.3236219932685529
0.07827013584243409
0.5246618083922401
0.18533688952374414
0.46733108691338987
0.22848621579432246
0.24075836093436329
0.6907944690606241
0.3498381025251707
0.18090808260032487
0.83752834523595
0.7154051332413127
0.24369399299792263
0.5962329623481092
0.1771687720648769
0.1912344924073224
0.46831410240899773
0.36428815191977454
0.4067714073488832
0.3244816994056799
1.0157870368635498
0.012846521914596488
0.864244322113043
0.3048502465573066
0.10651592174012105
0.023373761301019803
0.007555333249697474
0.3655294884582081
0.9205888689982513
0.216061107027514
0.1352005555593779
0.9291667801350727
1.0415145102321246
0.04354678025144583
1.0031237066274517
1.400702815782059
0.299336877857714
1.5268173921845063
0.06600404230116681
0.19199256065430997
0.5473468873384995
1.7297444447531767
0.4797136012760726
2.7360014381881683
0.21538999460550975
0.49931658251111083
0.4054979646241751
0.23618979562730485
0.38849938352185204
1.2352359058082532
0.3196261110841521
0.6137016341343434
0.17885956007969323
0.47553353411265364
0.5962592362670589
0.6425915502346761
1.063137810538784
0.6948079170161339
0.9837523813545189
0.45744349692172176
0.3906668999355495
0.19676826211102105
0.07552308516771142
2.8646713268781636
0.17417828290941972
0.0414186416469289
0.044529920937015716
0.46478671531672183
0.10515122331279059
0.5785552590544721
1.4720781941519028
0.325594253763928
0.8416626269766152
0.0077994935574352865
0.27357092058696675
0.07625492625941323
2.093833044290198
1.4143176778589777
0.3652968065876862
0.49921674320252496
1.706566500981424
0.23530346760671228
1.0509370564273774
0.02548073349315047
0.42618952922965236
1.7313617282323668
0.4569680529429245
0.2966638626517113
1.6089623829704698
0.32876175527989887
0.7795950772566883
1.1003740367372734
0.8721860026577639
0.22166528020699214
0.11792470907951043
0.6023378466000273
0.6866258716871618
0.8298426621841224
0.08570648406750683
0.5566475435278099
0.7972242254728775
0.12165304425195476
0.1637171920813347
0.035614333149662225
0.4027265990794539
0.6069246545144604
0.45782984343737343
0.7488768678903914
0.3390580763711922
0.7555552927821535
0.29407319177720953
0.23018558804031297
1.438134573995974
3.7565215741531217
0.4464970636713125
0.8899371522705003
0.7746364106798316
0.3909584762372367
0.1316666761355358
0.22122939812072287
0.014996979099397168
2.326255206521632
0.41875932967641416
0.3635809287374068
0.32796158942497916
0.20305182119736703
0.4621286230401808
0.7948816906875205
0.514938974040378
0.9110732769161074
0.28161600225731864
0.04070921123464654
0.07733635165711268
0.14400062639260627
0.15344755030940332
0.24345967044260902
0.5896480852490043
1.2854721729364558
0.8346885002345217
1.139136594091384
0.29180528250381393
0.3557900628168768
0.967096827540514
0.1571386730951518
0.26649508977231157
0.553472704903986
0.1002226417102321
0.17293081763340892
1.4224330310095432
0.5585571508257795
0.6055307411415881
1.71434956365648
0.31920137147049354
0.18476602254077337
0.15802948789615123
0.630609183531985
1.8424851767031647
0.11223862600099199
0.14101137657709262
0.9066428217189391
1.522011899681867
0.34183213627662457
0.013271799505386019
0.38708791069224635
0.06588199338675875
1.157199654766341
0.5652973798882736
0.5859219853356588
0.027474358690014147
0.15752085112340758
0.5774634022285118
0.23961312255902267
2.086096912395091
0.2420037300835851
0.5629511676386518
1.133005912736289
0.8892660966502085
0.29233974899911164
0.739507597574726
0.24783097761070055
0.20603341984220352
3.4966248701499265
0.1130612335621771
0.13736959818572794
1.2331971697541233
0.33703294049001703
0.21604398676671716
0.8179115653009481
0.062437795853645124
0.5350405963214204
0.3030596237233343
0.04810383663985869
0.06615537739162249
0.5947379819555858
1.0343340530673641
0.2211119695949683
1.6310587296365897
1.1108203742396405
0.32273512183608655
0.2617470715105472
0.824797573536663
0.09520291673605641
1.0305150038343922
0.1125640428638782
0.8737379489164193
1.802476158701037
0.10743708546354744
0.6165785680622936
0.3938667008438268
0.47932848262434774
0.6621141197923504
1.3492928556725388
1.1183545157360657
0.3493060816563318
2.0667432969713193
0.2625479726844001
0.7616797316271189
2.208289844774605
0.09702570826853266
0.0859508754679676
0.12946896225222224
0.7685189773656224
0.05190908192297012
2.3501189812986985
0.06090242621844489
0.12581265513717765
1.1994945399681836
