0.2962027692633849
0.623121776930944
0.8698079802553834
2.282407380121647
0.562782234102466
1.2955837330587867
1.6642805965555045
0.8140622605764916
1.4364387913568433
0.17215534752627248
0.10162074727532852
0.07006835089269911
2.372510962891118
0.06112633491003687
0.09312137092050972
1.9891212225101491
0.3007505050294844
1.2955026301166184
0.6095080604070654
0.3730166745410488
0.2617159612342705
0.04369023698044315
0.43706836405277
0.024221062219058412
1.115591495161433
0.02699518398656
0.24262707639656067
1.1621792724163265
0.18506278403645607
0.7714885569014523
0.32117011935837175
1.5239971792593565
0.4003072901000783
2.2326175649808624
0.7526697761332504
1.642138234317356
0.8404214117453582
0.24642421836502418
1.119750215494664
0.5836564262429308
0.08875935333479423
0.0578156835258678
0.7277078688218724
0.4511626067935477
0.6658131156291254
0.5429013502453983
0.07628822549057172
0.7013224434719982
1.202065213104926
0.5952255846902265
0.12770322254855554
0.7110750464523842
0.22468579067534047
1.0673889149381355
1.4000958064951712
0.2673345880003649
0.23047040033829444
0.7511385937184032
0.31962504489721416
0.20011797027708947
0.9101517541399722
0.08674524663549758
0.9433846002049417
0.4568273059996636
0.052826440734372725
0.03308876980171493
0.5413562001759623
0.11658135494559617
0.23600627355100207
0.15270141269788473
0.2752327458144724
0.04244356000873677
1.4154116115333581
0.12106128432748192
1.608995986275219
1.1832362143045616
0.9990674431879235
0.01606327147358802
0.6876880037635461
0.028849617870619782
0.03771860116404385
1.4067048915690454
0.05443146402228924
1.6267193089833134
0.10907155603486345
0.48309528860490075
0.21984206490607117
0.16404767937072678
0.8957531213096903
0.37025339606095137
2.5388567167192857
0.9840347328734603
0.08550889899315564
0.04924699501930142
0.3110555886444532
0.21120686611016362
0.8827619502296418
0.09617481216282771
0.42625947881004256
0.7608151404782663
1.0444575951196138
2.1374209880735564
0.21246328713729712
0.12568972511861873
0.35515023085526704
0.8701538131953975
0.48411027207211343
0.12341553910944937
0.215386965867498
0.44417115968764326
0.4219682755457954
0.147221636265386
0.297542749769448
0.07561365806515696
0.5092438115151516
0.5139901126644848
0.993348107891074
0.9993132675637594
0.505620254202663
0.9197401259367624
2.8698226677596854
0.06545471997754916
0.017152665538554906
0.45744383849912307
0.5265756948110664
0.04287561232138226
0.5351278701989214
0.15534960236203285
0.016050635527719088
0.5555892273294338
0.402793115325805
0.06037967136424831
2.0013952569954196
0.23798610194795541
0.5596657160946192
2.323696275745953
0.9421234246891459
0.623887136876738
0.10286830482827485
0.09648655817533726
0.009738354437641176
0.5519485852545682
0.11360245444619628
0.29344772240330075
1.8242975431622481
0.8807409973640445
1.4363278268335355
0.38213516834201855
0.541963842454308
0.8723953475434788
1.0079199071387908
0.0994551465266018
0.22780967770652477
0.8547728987486356
0.18436300555612994
0.2659893793649488
0.6830928930950104
0.05485117960700831
0.2165021808889598
0.6415634416907535
0.2054696321551237
0.3694465159639376
1.9028149445365767
0.02673541791178361
0.3966457563786386
0.24042370097092716
0.09883328605479032
0.01922751979754072
0.3250761948251858
0.04577524512015828
0.10468926441477251
0.698728573646382
0.6437036962325885
0.9909818487228154
1.3546842025129708
0.07315875092707878
0.20710455908939085
0.9400215109218327
0.09999486603083654
0.8654543132233469
1.2142052680849962
0.3709142662187746
0.30629837459870884
0.20496282556796358
0.5670362515722683
0.37805062988718297
1.1701011988199297
0.9912664799705807
0.2170996624977126
0.9247926362202389
0.7086765312273737
1.3379172586711348
1.955846816825697
0.15417100766701844
0.18424237893537174
0.1007977057211934
0.11726046534170527
0.22066321003960354
0.12859781387523353
0.7416198282653454
0.47384920873368475
1.0118991264683341
0.49472643652625486
0.040818497612580995
2.105915213025494
0.28008917014116297
0.22824796783055568
2.95940863365328
1.904105672589446
0.41869301972081874
1.3554703369008805
1.1404611286647433
1.1239100637823443
0.7005548691456251
1.4934219385368714
0.3000344410727413
0.5523245961757537
1.1659116012013793
0.41286309650855685
0.37066776033608734
0.23648914058980902
0.16159485400608073
0.2048333756621484
0.352578772288546
0.4353569281840765
0.39545474321851626
0.5436526899933332
0.38023264591350325
1.496743383908722
0.13792487853532093
0.1498866054729515
1.1771534048897232
0.5908668902366606
0.0474956592845688
0.22974898723342865
0.4038532928428287
0.9059787469887148
0.6206450410780131
0.1249238980020332
0.030761860213947074
0.9771496922985901
0.27996503985290017
0.06236375083898667
0.4701107248472101
1.117191468666169
0.8276198777909817
0.22133061189603281
0.025328291370592122
0.0459484940081418
0.1138230366379568
0.8481017860824962
0.38208537779566987
1.211789049353764
0.3721330477857154
0.4844074803500105
1.040342780262746
0.001653234644477488
0.684654331888458
0.31139876720241993
0.4390400901370838
0.6844869573235396
2.0857565044350155
0.8142871625464111
0.655194217647468
0.4001186759609601
0.07978144356569065
1.2794542252515164
0.27648844275321044
0.2974293328201425
0.42124030734229306
1.1097013848450243
0.20570368102227501
0.8690011460997502
0.8592478117185114
0.16962427553598758
0.04590460188847115
0.9831293312746604
0.7260579213138899
0.31744470028054367
0.7215858168608006
0.34834555585377375
0.06464800545929555
0.8071292942445987
0.2176949611259746
0.04911241465277254
1.6521488358999687
0.9093956427660953
0.2527521424210075
1.4363693479679356
0.7254925391894335
0.6416601569106983
0.38290931310412796
0.2469930098734312
0.05513903814250655
0.8701089293956153
0.22003083148278185
0.7611541485024073
0.4296065820573557
0.11282558162598727
0.5460991865309321
0.2687758796225593
0.5294283819417914
0.7889394906492152
1.5823459658440149
0.73708657600835
1.6816249497801412
2.607627588900916
0.4814114146404745
0.20864818178021008
0.8336259910004268
1.185532378213919
0.05574457235403246
0.7253429225821183
1.1477864167635572
0.6231417375230242
0.4804474278449388
0.6549717197104429
0.3920089239067477
0.5505630333196224
0.15949951739040685
0.5115030535943837
1.5675012647030717
1.094473857857081
0.65057268427509
1.656873318998751
0.9402807768027548
1.2097938738734677
0.8170352038693369
0.6996367129502864
0.4561053732681222
0.37176828781961374
0.022888436550140005
0.026881298682304895
0.9235237863852107
0.45310127584655213
0.16984670641453933
0.5431244822523279
0.5761163136206053
0.7626337476026022
0.36556469655316903
0.2689952747804994
0.5945505729944642
1.7304374598750807
0.07668488888349939
0.09217195138795509
1.4363372010501072
0.36903653087818944
0.3026785782213999
0.19288727939432684
0.13478981212456803
0.2748722498476576
0.7721686359956138
0.1283288079102106
0.03630924022134325
2.0654648745427107
0.37901760709939264
0.18047637505420416
0.5242297647546731
2.1724605400196086
2.5493279972890894
1.1241569781287062
0.2755379453159871
0.8375402682486909
1.0590696279950103
0.1403565613362041
0.8025513583370426
1.0023711654875693
1.788944483238072
1.1522838798940416
0.7603501057105464
1.8185016121718565
0.5491624984468056
0.9469967751862145
0.7366713960011823
0.5099577305484068
0.09931033457840771
0.7648272175685475
0.537816188434987
0.2992839519408692
0.08984600603634804
0.06947300491311958
2.5676339701725674
0.3352361942341625
0.24899058692235362
0.8470524089588899
0.9308480638500659
0.13717756836291445
1.918729471972493
1.09175494427694
0.728734179459005
0.2584374249085873
0.226046745207849
0.24789706076855003
2.351094718034288
1.1896726983509254
1.1395836084713817
1.6402110720251726
0.511031093697582
1.409940525892389
1.650479226046557
0.05362991467672776
0.014495172434791467
0.2207291435332823
0.36848525287689726
0.6571855243427215
2.03313816012052
0.4654538351605138
0.26837651210530117
0.34462630916320136
0.4559171921486175
0.0883272999765688
0.2632511873142093
0.4076126299324037
0.5059841390339374
0.6535510513011197
0.3345479201171081
0.7296929875058575
0.49350544482710396
0.31982000402164906
0.45209281331439866
0.34295361121541146
0.25947370727073077
0.6978868410052118
1.0745177538008543
0.12215827727085135
0.16006616809261653
0.04255318642682332
0.10744405408233816
0.24205654396522056
0.7761574810630336
1.8098012925371207
0.5883333833167993
2.2452097752511286
0.4519418583224169
0.5711075581499779
0.5901823221152355
1.5541858935641444
0.9720331172086
0.6942928702691077
0.31307186042458496
1.9322200289454174
0.07428478331787673
1.4236766782021975
1.4912137145332682
2.0108986184181203
1.6226234724241366
0.6100446167162784
0.053142875882328244
0.2663835738777167
1.3165634742028913
0.08934408202571448
1.6073684766060705
0.7098396697929935
0.09803883732811533
0.024640007169530506
0.1343475829304521
0.9313262125967974
0.37870562833980964
0.3407295535074265
0.3051059156477082
0.05998714174085486
0.570169858892197
0.15667271226045001
0.05373799660870082
0.25072137363541075
1.7542548577659105
0.44176671233863757
1.3257254872926372
0.2580053789769735
0.3724377507677388
0.7157880339079462
0.14904731841662167
0.15372263961977256
0.4698561399604701
1.3873296863218596
0.44526492077391205
0.1527367071702
0.2544003496003531
0.35061302220895896
1.0972460452690127
0.2516151743947759
0.7260781244072674
0.340761919052894
0.76559017776238
0.17468773017689634
0.11354124195866665
0.0621156537606569
0.5295799640496401
2.6386352958396344
0.8639644331668392
0.049359347531382054
0.20757828454997215
1.269948242414862
0.35730156114063355
1.3595754811418337
0.821275635839853
0.8620026594274682
3.5522340431861332
0.5689216964251769
0.5061792474587089
0.04232334908866975
1.2014712832228864
0.12048150222315143
0.13803161169229752
0.45938228993838476
0.17212365791398093
0.08607659921482
0.36906110450390617
0.13029263441714983
0.09738099273618213
0.14714802508451025
0.01439922238365495
0.07740189450060728
0.6118886025219934
0.5214920168090574
0.10098315878170828
0.1579533294695187
0.27303062167332126
0.08374677749301591
0.2326387277907933
0.38780170800749214
0.2923125913627095
0.8365451624305126
0.5478007620928339
0.013361589476853612
1.4242123611009592
0.344993615337877
0.3483469905746497
0.48554645514247674
0.5691202845530298
0.23575120124696555
0.49202060731877095
0.32545448696137436
0.04160401935651371
0.9146515935754369
0.04588416672017789
0.6010389951095387
0.670800818281854
0.1545165785356513
0.16042470655087482
0.12119136113178623
0.4532299523643783
0.24953587136916547
1.4689736911668632
0.36174516324027667
0.12929148520472117
0.7344885595799048
0.09198202495009619
0.11028484040663177
2.0922346903391538
1.0660667022863515
0.2908071878980075
1.385458183739004
0.8409940615331756
0.18926908385517482
0.723134822800699
0.28275789463854706
0.2992207987591711
0.5161763664867703
0.49316050409791057
1.6635884171691468
1.656652295962963
0.2693818970784611
0.5156413958577813
0.1620607687902775
0.06721267897046031
0.8994202880590356
0.7206797569450073
0.028033603440561407
0.4393948543020563
0.14365009716706306
0.22158578769347684
0.052242949340685005
0.5930487262039837
0.16534625883240758
0.34584229109506637
0.2115252782915443
1.0053094301235421
0.4182977808315722
0.6923223262587452
0.2680669415400996
0.2602465804011343
0.9949707309755632
0.365671206469045
0.3957470748134835
1.0762433984577897
0.18636222226673252
0.013291615324054757
0.7413386128037069
1.3707625725956982
0.6194135653148536
2.7443892714437848
0.5655407559779427
0.5907287351542072
0.9024831455134493
0.12515181158061328
0.08320391535224683
1.7498491497397233
0.4832511138153254
0.22494548406614523
0.036001866214385336
0.10243218901331519
0.06357213945944448
1.1291758015307074
0.13867981993031736
0.06007288391066454
0.45130453939242904
0.1397923084915586
0.636738421241309
1.9809622631842008
1.2461977975598668
0.05026287181519702
0.900349400296854
0.3255429098543706
0.340333047034095
1.9142485805034535
0.1180804096113391
0.055685841191773486
0.88434014789975
0.5633256705278277
0.10003535133407535
0.7015872898386618
0.33331423710655866
0.34629695211453115
0.08013055219767698
0.034611511307935106
0.031356040616381975
1.2088323140299904
0.34376061915563855
0.6154720561600887
2.063274107791486
1.2943680454628248
0.9935542841033445
0.6279874229588225
0.7859261580259348
0.3559232600068972
0.23858100009354885
0.8352126234488588
2.667096785804512
0.18734023117165555
0.1484453511588508
0.7649125742626866
0.6340266966117097
0.27923980787415764
1.6178346141280737
0.21936282166568752
0.9226073192448645
2.5281978503591813
0.1979559762246836
0.04335916011824518
0.046487823615455566
1.471472109638391
0.38025260544425676
0.8583711446746333
0.5380590088531424
0.0352370196303541
0.36208244722067495
0.939977095894504
1.878189688208513
0.8738671061371616
0.681420372092122
0.3214995514931364
1.2227559538371537
0.19381035710792419
0.1723904423225281
1.1255737380498818
1.656328096517764
0.6965832919949437
0.4691067836741464
0.17877932001295205
0.042388814077151865
0.6126977181645956
0.7408277578170439
0.3757725614782136
1.0739136099991282
0.7594962310086716
0.32951777161973633
0.1168204274748261
0.37060754284053304
0.38748290366238225
0.12539933205962497
0.47450575532677547
0.15881125119912723
0.10570715910274452
0.3664508239081111
0.1572415819260685
0.0875265217159641
0.6483071381599419
1.4172240301306196
0.4896198697772143
0.9131290014325557
0.09915625663948967
0.3406169175260136
0.07378007196164621
0.12204597425111276
1.1336809659753386
0.01592602610806264
0.02394101270726804
0.02215005455772435
2.219893525395058
0.29269375710781687
1.8910866313129093
1.060369873008955
0.5162827404637969
0.24830855669094887
0.23351454023798152
0.18090879662809248
0.1017227963867124
0.21947411300435024
0.7483359225629497
0.10025274033352911
0.20181635921357388
0.6559438017826704
0.02265048914460128
0.6289430404104596
0.3554198948764169
0.1435900383693898
0.29866565499843234
1.856798048469161
0.34144781543960906
0.4167598697256605
1.1011824863788757
0.9743530380836505
0.1653502597333025
0.2877192882546379
0.342173907558672
1.089502888017809
0.894235139271119
0.38689099740239963
0.6308233145170732
0.2502858087941279
0.06872077846334207
0.03963747315981962
0.9746043233570486
0.13029704665135908
0.4086894053220966
1.1092083479433001
0.19729671847680377
0.1394391066443453
0.2758840093457523
0.5569739017335175
1.287565420318259
0.4918908970825165
0.06892348696896403
2.5070642567230643
0.1574231248810771
0.5976547133343604
0.3256984103894318
0.4299777022738267
1.8135359834247131
0.5542908040430744
0.22711749877425363
0.4679651168369999
0.9796453910054627
0.14524567032829325
0.06532471009361013
3.193568918662553
1.0940202740645517
0.3462266814139305
1.038513639337911
0.26681988766656045
0.02512904750181053
1.024885653817586
1.0653018178381926
0.6138678327557883
1.7610027570491595
1.314751759011666
0.13220975528376333
0.06258675400474507
0.5639750138853439
0.07008310106656264
1.1701670957682908
0.06492945402228689
0.1542302112951137
0.6908084072266973
0.17737100333967196
0.16793766267467788
1.3115679022173932
0.6325183418108202
0.31201302764650746
0.9563132421195121
0.7446916373691749
0.20080228165995362
0.24917498270232688
0.014995620228186997
0.8279055993447901
0.584384330999613
0.03313112871382794
0.026637123433968145
0.626346778772909
0.05524778295919582
0.20916147738945992
0.25685815720484667
0.21689557477431698
0.07955190301960458
2.0786700058112775
0.1624225176426302
0.26961533552938743
0.4332899005624061
0.5303964798903219
0.5075118893023192
0.905064763862849
0.1865646038311414
0.5252469089564441
1.0698786717345057
0.660968416248687
1.2838068943622971
2.3465199009259656
0.4439027676410228
0.9160227485086679
2.871796288137511
0.8669698825587608
0.6858874999536823
0.18256393208893182
0.24917450992031645
0.380714488828865
0.862655748699044
0.048068102750907435
0.49429164985676444
0.17589958033461336
0.176911160653978
0.2484753068236717
0.13244446146566557
0.3267438798474468
0.312603091307976
0.03659183588870576
0.2932834988192278
1.1486410204595199
1.2685536745119648
0.12387850223378946
0.0373645679243588
0.5613737122983857
0.15989362762765458
0.44206775932932935
1.847726135982228
0.8183680787876543
0.4867401425077197
3.5277143143385756
0.2645544247787709
0.6049407003024654
1.8118159959909803
0.4508344823842312
0.3554445574550524
0.11251170802833012
0.17371964976859341
0.2178323419722954
0.5292980916519955
0.15852272143409613
0.08765886583466262
0.9178888575673599
0.3998460038934989
0.1881299101169754
1.7497268897194862
1.1010362032872614
0.023956106647470474
0.9076524419367354
0.07071197927867379
0.24588574153178552
1.1873497305122047
0.0424503360499546
0.2458575439541893
0.14109195538980546
0.09612395771410667
0.14970351971439358
2.8020869082508986
0.2871635590608596
1.174582808779402
0.44739779473407665
0.008844090920371412
0.03259304407899007
1.0186116417999247
0.37929275283671127
1.0917093501667268
0.4210542359452446
0.3682645436809614
0.5007891811405087
0.5892264583315947
0.3409288549153811
0.058538753261463614
0.6661608751638259
0.23438259063490177
0.6273819940526195
0.9267676729151307
0.2568541100162503
0.3777522640202658
0.37047292765028084
0.16343801212936743
0.26037241249230575
0.7907498464454787
0.07229906160053724
0.13407999030391574
0.9025934924518897
1.3143361773092141
0.056605150985367086
0.8296586153901965
0.4873540592502576
1.1898795632742099
1.0250330388520459
0.13925153660309542
1.1179477150022026
1.0609605450203408
0.382776692974565
0.7252352964425993
0.5571505600769454
0.11751143600430264
0.24985931649115237
1.4859935556510686
0.6271207037214463
0.13197400707855644
0.7829608055143186
0.5450272915192357
1.318367369720842
1.0763422783692276
0.6252411871026315
0.4446778011252777
0.5670849586616123
0.6390208324087078
0.3057183543043182
0.5287832664666554
0.2134261697926835
0.4363570715079085
0.3545370651773789
0.1172143368045364
0.3226230948395078
0.5611400887687951
0.280529464103199
0.08500098975181827
0.6663205601799731
0.05103617165088869
1.436497828242339
0.19717294302841418
0.31206423439120456
0.28876224528036165
1.5177002400907078
0.13990399073311482
1.3846333206625112
0.7391636889400568
0.3797553797368314
0.44351121559161244
0.0768846219884001
0.9882882076780732
1.014487787479567
0.5228810340366976
0.5530262445931803
0.7519072900045781
2.699084922012931
0.39800801484021364
0.2013815692780735
0.10083883013403583
0.29670995555486707
0.3328571574815385
0.2023376668231407
0.849370630658893
0.6305189519987989
0.82238808252118
0.6624675935273538
0.3390167253433933
0.9337619319843652
0.22914697404405374
0.9661657507767155
1.4090160399939977
0.5061463912778845
0.21018538971030526
2.166700149287964
0.2620109777125745
0.4980909708444995
0.6453613750627757
0.4659706416215981
0.4823559342972859
2.377403875678217
0.37949426299611533
0.09505569519845748
1.0092668042630564
0.042332617275560896
0.8051384040600884
0.621623179225072
0.2962739438653356
0.2161557783557812
0.3119644718788867
0.1281141162548897
0.12165073696005545
0.058108426007257456
1.1983017641426512
0.9941362883461003
0.4302920467382752
0.4459948527593198
0.30447124765384315
1.585683083780157
0.3988081130689506
0.8177765219843042
0.46514306869763855
0.5369405569513163
0.11963403058916446
0.5128185067929301
0.04002004729668517
0.742913249619
1.0971106437664464
0.17653545541230414
0.9481066783005637
1.2102674291541444
0.1489265092132791
2.230847184270737
1.1154679033963546
0.07404706694068434
0.21534755498203756
0.115071870550204
0.01195923055191445
0.04740775437489311
0.4468475224296696
1.8758507557922632
0.16854042143425702
0.5381359740903948
1.320443985418117
1.1931867440439057
1.2123345871199631
0.04977229023834967
0.20863562786263304
0.5212725214934748
0.13963753161025197
0.7009601520787904
0.28448385151423083
0.40350023681399844
0.4031922032376892
0.5161724550718778
0.2871453243402474
0.49097533723532816
1.9551685402577144
0.3119198892545093
0.3004054954103626
1.4592104684325786
0.569195244073472
0.603998106116257
0.43622809717972827
0.19080056092126454
0.39398996678508424
0.7827877260737017
0.5615072097934883
0.41232221312700584
1.3625878146240522
0.8426739155892111
0.45358032772061607
0.8251541050481805
0.08571489392871426
0.25359073907879
1.2864199969881989
0.9073766061382418
0.19012070882070878
1.11583450081476
0.34956110501238746
0.06735456623548486
0.12478205121995373
0.21744074284608336
0.2667303550565927
2.1170616059809992
1.4130721010834348
0.22231129694704094
0.1742889927080199
0.13099649509567798
0.6627545275045056
0.9131232596779825
0.25402578256615016
1.0918223141488657
2.6868227422888866
0.048923926012553756
0.4300604670813069
0.42221524573162134
0.26132196927738716
0.35252286774753167
0.819446834801827
0.267707478313803
0.5603503530623248
0.13166149598291832
0.07435755753046495
0.4826631832665157
0.6587463414625783
1.2102105684821636
0.28187762826995566
0.19413058030293823
0.18373591550204355
0.282604881060507
0.5209608864280001
0.1390379097212873
0.19736958695031492
0.6047103497130085
0.317840608763753
1.95656031224067
0.4426723396364907
1.409519618834542
0.6776597174745798
0.9862689660142367
0.1705292756009865
0.13873732975073916
0.6657076797498339
0.1402584244711267
0.05467912878480381
0.45455780068075485
0.20097492950286222
0.08666758799817524
1.7205342650738422
0.4514262192583642
0.16313598718756284
0.556067129619345
1.0026198695984228
1.0128158662654312
0.6673090983874337
0.14871108528465624
0.12582575572866364
0.50147184781092
0.7688760526053834
0.13630102408283018
0.9089022598941762
0.10640468161158109
0.11399864654398537
0.5370483896576559
0.03298099051517532
0.15637785991736267
0.2182749452006911
0.24111630710958828
0.496739727138869
1.0345129654714256
0.21698431655886172
0.42778572968968237
1.3545859443533406
0.7140019953721264
1.0908134870018327
0.4177735856798737
0.16121887536252758
1.5164839819574651
0.46195838198773037
0.1769499990785254
0.2281683333483459
1.2668098244755441
0.571355612596038
1.6380340652910972
0.9243458975297544
0.7653080993276338
0.10394012097828026
0.14887536616657265
0.20578351667572034
0.046764037703042355
0.3761222870222567
0.2572560224619516
0.3812902448543308
0.3746853914813684
0.04783577537877659
0.1645521681259541
1.1071900007404079
1.7323321436663228
0.6368138886311354
0.17875532518736262
0.21362268057596032
0.32496055346953256
0.5041531527851066
1.4118836688423844
0.8036580024804213
0.7072169899365525
1.1605513700992145
0.785536231292876
0.6487429767285129
0.010277171885167347
0.10915830999751862
1.1027613585329736
0.48980836654046994
0.24519211521279696
2.969793874301811
0.7010443407087137
0.26199922267081194
0.10362366703494547
0.1994839032136987
0.15514707970313651
0.5552596097544441
0.5674965368557556
0.04804005616878411
2.483286675151108
0.1846860889296705
0.1089089415399303
0.7774238333389496
0.4882976596196096
0.19879821399573105
0.45468193016545194
0.35547398355234383
0.2547644267656523
1.231324500055963
0.2659834669932082
0.475485527739497
0.7014950659476209
0.07187167073096982
0.31541586077791817
0.47028925033818625
0.3043042055454762
1.4258600950418743
0.4186595227793091
0.6176475269667796
0.3485714762953589
0.4261459861439192
0.17481479184112744
0.41306202430906724
0.6293023413745752
0.9031369916106212
0.2656086849796803
0.20857862686126924
0.23092484040960803
1.0516292570517236
0.05603206956419404
0.21660499799962135
0.02951688344827849
0.26778762451397015
0.6969743177616269
0.3389872132137216
0.9450211838480933
0.437280127789413
0.7245549693230628
1.7927225176698838
0.36143739511092726
0.2917815742746506
0.04984020860572448
0.24347258112779308
0.37214999691445
0.3187224161840488
0.21404334366675568
0.2731049451205031
0.11256430887773128
0.08578700049386498
0.5353237561984688
1.2773508931046769
0.04038719589631593
1.1777085867074526
0.10488584258008113
0.04652371589103083
0.8130638528280033
1.5372592904248006
2.356485711768142
0.18238247310834643
0.6639722981429176
0.6201776516939601
0.02780221480114493
0.7024673740751338
0.16015453182453107
0.0075355373209999195
1.1531209658345218
0.27597832746916034
0.21914290545495
2.3076413183752402
0.2185451231458803
0.34138111758208434
0.20487146174200338
0.08124023901139334
0.0667414208800326
2.154973266595052
0.3374203174914179
0.12987564516377573
0.8451559841241949
0.17062203154666514
0.05654834102520073
1.3072410499951228
0.29043187036052187
0.04915531356186356
0.10362183391758532
0.1783089751594606
0.17157837773893872
0.24938283561995533
0.9875527695481349
0.14255218244045087
1.2793055136028437
0.34591956809102353
1.2497945293328045
0.4494001084324174
0.7482575159037963
0.2560412014683978
0.5425217916418094
0.06330417920719898
0.20541206149673
0.3922741545501686
0.5451997460795749
1.2650846375907479
0.6016362920602535
0.5978541393593297
0.10601386286875969
0.8520519277415903
2.1405901701813694
1.1301001480862694
0.8463016293214743
0.4037839623805999
0.008901259602092476
1.8701112671042153
0.43559618841441716
0.20623272916442462
0.1284521034547444
0.3582629788171741
0.08420679860104337
0.05391421677856843
0.3522946265842864
0.1482357711666609
0.4765128249234993
0.6490724005247707
0.11738604719781764
0.2081913430349259
0.3672846348468746
0.35973979262492833
0.7928562508884284
0.5498635688131046
0.15659932878102487
1.6345764310991349
0.19618149572374044
0.8940898796781509
0.09256467343867916
0.1211722040702807
1.01720184289678
0.26212224939845963
0.2583652392824664
0.4839509458573302
0.4364152398825667
0.18476406234771
0.4226625396678529
0.9347593053317275
0.08961906881158699
0.3955599997037387
0.8463547556561262
1.6276577520655982
0.052106039409223454
0.5887941574885179
0.3121879335938958
0.2725985152219314
0.20447286426457914
0.8551121952862297
0.15437019360956272
1.9015601926736452
0.16206236862366036
0.2061006054653672
1.3888134804020198
0.5208930625894952
0.03507371090954745
1.6163608361002004
0.9907292276518568
0.13790065385154884
1.1453417077615256
0.891872316155983
1.330582368492124
2.8819391922246456
0.2101550561107223
1.552659436358123
0.26372666362888725
0.011780487178792633
0.009384351074808304
0.6520350869070578
0.06032183499635297
0.8584250296918926
0.44406769542358
0.2661322473840212
0.08489481718785345
0.20628766903878742
0.4727757307305822
0.4197699404667376
0.4628273410592915
0.1759595712653614
2.78370264210828
0.3743707022308729
1.0551002637788334
0.07177637327745831
0.15352869655080262
0.06049596729476765
0.5415589785703034
0.6904911605072552
0.49935627859523823
0.31193905584045245
0.3728443659363647
0.1656743336167945
0.8896776702028559
0.617245604287969
0.24911207517038428
0.0600012876676763
1.9299451300896897
0.47130311406391023
0.1954678946282136
0.48850380347852335
0.011738792534121564
0.048661032629122795
0.8719379046429089
0.2512911915230289
0.39465435210440225
0.10126309434074203
0.22524722074593004
0.3638627972944456
0.5310296013613963
0.7081981027921501
0.7517378570946014
0.7357355700464071
0.22962969152145243
0.713508642122826
1.4359248541910845
0.12719899626749048
1.0390425693988552
0.9053541682092519
0.1552037230582216
0.17159502835429044
1.3196185896407266
0.9844692260702104
0.5706338548931421
0.6657636002266069
0.2803892360149006
0.19493124566589728
0.38363804818232206
0.22779173187457716
0.5745865047539895
0.9391557231926514
0.42759476297686044
0.8309688555774494
0.8553666769102297
0.17031274348009706
0.7998373843590921
1.287672798424342
0.32824039592941096
0.12878084846172483
2.6873500171404805
1.8268750038852397
0.7295873647626758
1.1095457159648425
0.29326833963082555
0.016876377267822325
0.33798097749080647
0.25083346984648247
1.4290403328459436
1.0048075008112372
0.10017407821063443
0.06010109398114051
0.207974395819042
0.06559191150968675
0.05297533132876256
0.4297052503362067
0.4990873243237726
0.2569755931473965
0.17226263584748053
0.25047132111901743
0.08617358598025396
0.4628868649448727
0.8726600959338896
0.8684041269841869
0.4145289711685382
0.10360711287059911
1.2420540147251338
0.6401009330518206
0.1395726175621449
0.07670874951507299
0.33979481421461344
0.7273448806412207
0.5503128957156751
2.392051362765847
1.237894522030125
0.03965978636346037
0.12567704457474893
0.0989959870357534
0.6021112730155475
1.8301306618448046
1.829995919726038
1.130687224877101
1.3444469034261066
0.34997591839401304
0.3364984642468975
0.0850532673645567
0.02134189362105188
0.29915149300518107
0.0454228068281125
0.41573538301829743
0.14237195611376582
2.101275443336162
0.2870267656578103
0.3662620485162721
0.2196319463237826
0.1674882534171566
0.5249505208511669
0.6927582285550059
0.20505119106217443
1.1461337215661749
0.22779864423141197
0.12265885017680632
0.1449284827418865
1.1205671543391635
0.0722725523962302
0.07081796452465877
0.5810804737021497
0.811692619840881
0.3880657855774586
1.7297349430468467
0.12652374689336532
0.25905776347401055
0.9506219856876671
0.2263803705187979
0.3849680836493397
0.7121376440208365
0.39866365377774216
0.825080786388471
0.9667219616458884
0.19967235685254694
0.5848266950809174
0.8809973738892306
0.06999843627494157
0.5247792206186178
0.5286959367556155
0.22184477617092263
0.06761405633308576
0.5248324203673672
0.04840896380461975
0.22619752631806914
0.32657677596692325
0.43287154110181153
0.5348235983548076
1.2809616762884022
0.040527857061935665
0.4607240200685289
1.2275448974468501
0.20895971015463696
0.6073592460883568
0.26367368666449126
0.6700072949229992
0.20148657165100836
0.9529477018658777
0.6555385116206002
0.3882949736655764
0.5423105059905141
0.9439799160397825
0.8306834796918156
0.6684845357920036
0.35394634178895995
0.7906112518591719
0.33881807471597797
0.047588839091112875
0.905928922807194
0.2959333198431001
0.14818974940856608
0.07669656837892337
3.779745917223751
1.0638442226672815
0.8299279231107588
1.0333269607239688
0.47628917707415963
0.4745548459206439
0.7872901350322606
0.8402879128167805
0.07553673663844442
1.6212615619825892
0.1723791659409559
0.15681692297225516
0.8570359670521757
0.057204202159321024
0.05499126628677886
0.13382437506443876
0.5004004261433354
0.5487839800879858
0.3595796519867857
1.1977930469621203
0.8051461504526202
0.11850757022304638
0.8670789544395751
0.4580224713589556
0.08171429266967845
0.015011213654767569
0.01525627040751716
0.2797245931230124
1.493083324762527
0.3916639039715592
1.234691874255054
0.28245822699462636
0.35354847849980425
1.3849862968077458
0.3072589972156007
0.07117935612942355
1.829152328017523
0.19185274130605529
0.10354318810767438
0.8628024853214812
0.7695265563211292
2.3111269892061395
1.1548827460528623
1.0115796164232962
0.07594374928324418
0.650155137451535
0.5348251643276462
0.05291391330510321
0.29595844858824755
0.3237791370259606
0.7121349126395825
0.3531447997268781
0.6722757784986312
0.181601071929725
1.4633541290440455
0.6150597704904204
0.03339228609788905
0.9421916371943369
0.06026931973578829
0.41000402472399095
0.3026894612338728
0.15261650467290452
0.0753835967050347
0.40220451344552066
0.7840726606981294
0.5447762478361566
1.256261350617105
0.18872905353389627
0.22960648454207572
0.8725147022095205
0.32409336582153747
0.0965814816719207
0.14728222723631146
0.16081718860883207
0.061650465805152696
0.28605542023653807
0.5866863601808777
0.1264377021634456
1.5831825571620743
0.38441758512115404
0.27850479485017743
0.503080258279797
0.07847482877862949
1.1880479218365056
0.4797404150485823
0.27743843766633397
0.008782003632751806
0.5635290803967438
0.14070256416010982
0.25875897804056835
0.6439228034163569
0.9874243352813681
0.041071123335948145
0.13266321972309023
0.48488768288550615
0.31430453228202004
1.3633415266577356
0.10116174400883077
0.7179066723037361
0.4330697655454442
0.10747973862912828
0.06389651314549401
0.5111942206844698
0.3349688610006728
0.2064392524204539
0.23502680715648144
0.6684072033537282
0.6087320457349618
0.4399263810203419
0.6629389339622219
0.4615186631444237
0.6456719603090992
0.32771138533112637
0.053749637261284115
0.23769311927852674
0.06684632093002123
0.045015093118505455
0.8375597425791372
0.7305620913306087
0.04486513357248255
2.601334445718286
1.2194429615654976
0.5016255830600359
0.785756751211616
0.20219895294056967
0.3981018587349008
0.8881920664675703
0.7806797801047212
0.02154485784024087
0.08385039011285622
0.1685168487732018
0.2561704757202097
0.24359353784504112
0.1378241250069723
0.935353505404383
0.4048508422988773
0.5139637730968709
0.4896051113723974
0.21872931745634278
0.34653254783272247
0.2884579546909199
0.17404289669326375
0.3131765208743961
0.27798300259289405
0.4010836963307328
0.07641762883829067
0.45162624019370795
3.098144837915043
0.7857396667324239
0.23628931193398625
0.20410007320123388
0.09130442549477465
0.19180532789703547
1.3955185838190802
0.7726311873774401
0.10913875075109244
0.5354903270094136
0.26614905717722825
0.28268469125691076
0.03786512589239368
0.40072481966259893
0.3194598387271205
2.37531487059364
0.6002289885643594
1.1529799926768058
1.3530841953824986
0.14638000249284236
0.1866336098637415
0.5966398796290264
0.15748983425763735
0.3659420668382102
0.31516468200307174
0.3952274104882901
0.2134101390931056
0.6209485808926104
0.43535813740448515
0.08589474440858492
0.34463836655534075
0.15298058872159842
0.48613626804052823
0.873820088397718
0.05775455452723164
0.10197163390652195
0.3844508335979209
0.7983490837663958
0.6165048389486932
0.41546582722013087
0.0423680946847937
0.5810127340145195
0.5758610919375353
0.27773385629350333
0.3362294025189005
1.5326719913440428
0.06615977412464812
0.6346444673537758
1.487284420332644
0.9384228341409321
1.4680392867086614
0.9816810812251057
0.2638329334306145
0.273609052671112
1.5822938345364401
0.8649523101731365
1.0493364884350116
1.3271363488764185
0.30899760581840746
0.1589108709748649
0.574726200402236
0.29480611822493846
0.5459609428474391
0.8471522122419756
0.7172971289576676
0.08497449881173874
0.9807852909799927
0.8225670111790098
0.11303590158317453
5.816600816162139
0.017180002556412624
0.04483314991492186
0.514338384417473
0.3903821048088176
0.4200167981572168
0.5958575152327256
0.3297509676999442
0.2375338586536622
1.5091430805784511
0.015185606414194351
0.2776345294269059
0.8183252537652415
0.06971048491469027
0.533585273547297
1.727397722570525
0.16900315816057665
0.2756570319758642
2.2343394690292024
1.1004379686031562
0.27662916422677003
0.09588764881985049
0.015237371888704774
0.2620106812961551
0.07321811880914858
0.10439073043474578
0.5527544182392844
0.9497224519093985
0.688036250558566
1.0831979531399234
1.578172540304573
0.13629488824026037
1.6332148720987893
0.6859365133619424
0.38108603816538844
0.04134028196327607
0.6484819601831612
1.3578949755505416
1.3791706272986877
1.0754420258361326
1.3006331690463286
0.04691038838849531
0.46791442659843246
0.2529594919857151
0.12228998059580916
1.0458093234445989
0.22757125944580506
0.9600190544585047
0.24980157991356383
0.11023714920204415
0.17841807115911348
0.9859559734096315
1.0008180368787565
0.25327506225086704
0.4054803635454146
0.022335031612840974
0.251255449442958
0.5122740805470921
0.31194137476218975
0.41958222628730807
0.7754026581604172
1.235450929378038
0.42371370845772105
0.23208969059574416
1.8630994962673708
0.10993872568634162
1.1732670697515708
0.09882426579327777
0.35975792873810325
3.1439142305713887
0.36888239092559066
0.7871798085563693
0.2626605275812684
0.10101729197997841
0.09820592159212008
0.23681651467047382
0.41528913868264083
0.295262400837387
0.3224573035732587
1.6212948166065126
0.5052860078491532
0.21955470826890822
0.23661638699212992
0.3358201494607127
0.9564915419855954
0.4406529602019989
0.05032262722741813
0.20534979180661173
0.27800387872926396
0.04528125626868916
0.7374442332376331
0.12533209051272473
0.5154249043336758
0.08607354959005481
0.02366744554167795
0.09052045389979829
0.3333066359280202
0.3688929205025912
0.5791946613002981
1.109014956064825
0.8630390796997349
0.2737398840118068
1.7938452356461208
0.3202032062905961
0.458497625496258
0.4323168536751584
1.0635012365664058
0.3008156711028032
0.5984543700804772
0.44311218748226056
0.38458336627383444
0.9317543235977228
0.046243223081134814
0.212448584083827
0.9751877207219799
0.020800316623543168
0.24086986058455517
0.9540718889133939
0.30689111466559027
0.4891303887724167
1.06197206330524
0.5003812700098381
0.4312752621782872
0.7540096909768538
0.27435710628896315
0.09304983879693843
2.09319723253618
0.8947401740793681
0.20518795954844066
3.66529507894126
1.246127360459715
0.17219985642441282
1.5350901775389387
0.5438814744173907
0.10823239950503835
0.3023246734778621
0.24374326744661134
0.3100357765173358
0.7933296187212545
0.49982723776660704
1.122900837022332
1.195158800274902
0.09192448288114459
0.5777485760695936
0.4841420440098439
0.7760845570700966
0.30194442549388484
1.1037787274627968
0.03212695865163582
0.05384145801482983
0.041470559303256424
0.008051372245343828
0.012241624288781956
1.563264469984673
0.3016440921766487
0.472115027710688
1.10158170352363
0.6715716382557934
0.5498263492022668
0.605296480782572
0.42068071780846306
0.39152407773388986
1.8303118538671952
0.2884717797282966
0.6218807847328756
0.1067249441824998
1.4426046831448682
1.1296072771452952
0.7843361733748432
0.31535857224416686
0.1375738106244813
3.2547045864460653
0.4906270374745762
1.5920856004355146
2.527747423937054
0.42608123798644815
0.13317386395528918
0.17671602212558235
0.6881007089613421
0.4050091568058053
1.1142778905597244
0.08559968710270523
0.06237901108130985
1.0188180784915313
0.3972039101588843
0.21714830040586014
2.434880904396621
0.39562555398588195
0.2690644870270208
1.2260061326159526
0.5452444753733505
1.491834256088177
0.3059476018230498
0.07372051385611116
0.11889733787754282
0.7106922181061415
0.6834062922199894
1.0642877368134949
2.1391464894669348
1.9764091673778734
0.3671065599242386
1.6074834869526016
1.3529124931485244
0.37989013493156815
0.9825943046263185
0.3295503597988852
0.24084602773247119
1.1690566517741268
0.17658998926661995
0.15192344258444895
0.7174956589072695
0.09466361967272188
0.9351698759347626
0.24707507633673945
0.1569443310458333
0.10748534847802371
0.35265835926155803
0.9018616304486547
1.3893045254917205
1.990111664456121
0.1580595729988943
0.5693237889466151
1.8088469000069667
0.633733199815144
0.8086409460168583
1.2840477058170483
0.9835143076656425
1.1838918183531388
0.79657774719595
0.17919779445409612
0.03481558867057874
0.22963182099060425
0.3766836872672253
0.04265754716531084
0.17522331351064538
0.2143721853040267
0.3591487436582734
0.23822003888338042
0.13280650807377523
0.34667684266540155
0.6007801368726879
0.0015880822318240751
0.1269901970971183
0.5153700687018237
0.5642741188929677
0.5447494538927409
0.6893929558562535
0.2222476038599649
0.19129411428852183
2.134249131368945
0.4130748824210105
0.26103234576286166
1.8806382939480824
0.1718965544262504
0.22574409113576444
0.36150139647114377
0.18068590765203887
1.2777416747388262
0.6683440204457272
0.02138275639415112
0.945573185522534
0.14153544321279155
0.1047132030501106
0.023987251070176276
0.15488814427872669
0.051964811453951196
0.3147543414039011
0.24603938715537607
0.358421798165104
0.05803168524477707
1.8118659320045223
0.20098674193997404
0.0035007613411573006
1.0170557637928677
1.2282409815273911
0.16240901860653004
0.04979740453459441
0.49756108791028253
0.08615757787221812
0.6733001969145124
0.24955482083114683
0.13843064825464996
0.8226985749983731
0.08819648988667053
0.2230453681430279
0.9612362006690203
0.24208187459843064
0.09401407268122638
1.5631621782197338
3.2961192920466105
0.18867502189184499
1.034485002779796
0.3639631892159275
0.5475188256920129
0.20653146258616562
0.7264523849604333
0.5658220829643309
0.10367449836397588
0.5049983815371677
0.5112900257161642
3.1167167848501287
0.3145746188974677
0.16546811217820134
1.0827288667678174
0.5329808847682166
0.27908472082320196
0.2820804188294446
0.5909437350933048
0.31790350817364443
0.7601481435177313
0.10733797100507007
0.5351215210611016
0.2936671979325538
1.3253561613924867
0.359756450757052
0.18923676899077965
0.6921872448724237
0.1909079354976089
0.69373303091125
0.1317412971657107
0.20141589705761503
0.1574391889251579
0.5072616876881808
1.2975330808472598
0.8576989192614175
0.0492849486825603
0.011348646592592887
1.2182410820203167
1.1347538704876812
0.28821262627437055
0.552085277107156
0.30995330630387563
1.0546144121479193
0.5322287569449712
0.5865488608538224
0.04909396582399104
3.070953030279078
0.30893669258702083
1.0832400273453848
0.8736910916098997
0.20707662628170131
1.3443571073610523
0.43066232078460387
0.2336119610841972
0.5757236984920623
0.4384665523589017
0.21144224063652756
0.35639461052356913
0.7609941533628697
0.057448268207808004
0.5138793628193994
0.250053395772698
0.3877071704090076
0.03217689482529559
0.841743326897644
0.1149937028962462
0.4023511097593371
0.2457119514197241
0.13919120727882642
0.07880448474273474
0.8124456172420969
0.27548154201285224
0.11626013803940076
0.3247386729784329
0.2583229092533602
0.08977047020966275
0.3820803536186777
2.52667326650983
0.8474161583451189
0.5208826770297872
0.3421436319931494
0.11026081683532137
0.2863550569617523
0.011985301964838734
0.0639932052694063
0.21332664666233167
0.8610893598856696
0.0779975314046932
0.5938049385523458
0.7148612082267694
0.4687880664052755
1.2394511736666427
0.4554125837623406
0.9896725410812799
1.1799537011999452
0.47785821322550265
0.3603706009809502
0.475939890845126
0.020926075601169762
0.10957863097054811
1.3924819466432976
0.008895944240710113
0.33584485029422495
0.16184370311590512
0.0194208149074333
0.016724197320960334
0.5134378668656779
0.5369543488537352
1.0286652616784453
0.990824616886095
1.432981217878189
1.2567843344023106
1.4697401962774999
0.4640962643007099
0.13440422325508994
0.3754361734709259
0.1767186563500967
0.009059420758349476
0.8752191095953576
0.15890872622115398
0.2001455484933203
0.5831618595636
0.9207627946288328
1.7877775144649555
0.14302136863954587
0.08110252511413908
0.4300679032636818
0.5082105400352201
0.49704468143825536
1.5474381606432872
0.9498862697370581
0.3230404006392084
0.5213667025689629
0.11172212802241259
0.728416772589728
0.05682909677383915
0.4893344195348572
0.22344326477694787
0.8274360731713699
0.392609582855274
0.3843207319130219
0.12855891932515165
1.646500399399804
0.8581827106530096
0.630850973712554
0.8340705780470282
0.949564681685349
0.03891176686882762
0.6876697501620757
1.2415014830813422
0.5066474541087668
0.4222079909145648
0.1326042190525075
0.19996596727728097
0.33445615298241177
0.48731284264650376
0.08180921989443769
0.3203283065430498
0.7994661667608011
1.528274815321559
0.7863576577029583
0.3952535145928054
0.3460084325254776
0.17179867025602483
0.011010597449377952
0.04010891291841861
0.6797514434321096
0.37837933993531947
1.0169317666046167
1.1152932414876697
0.508207223946043
0.28212831536088623
1.0022550304301776
0.7757316266636111
0.7867471446002086
0.17147026050876302
1.759383985212791
0.11307206233221156
0.41629939716641484
1.9059942716388776
0.2757123004973977
0.5912345715589549
0.19485972283520578
0.07831893411112371
0.539564918454323
0.38490072534653946
0.2383064743072708
0.9159433709822745
0.5405423593278346
0.27982648531028925
1.0188999055267405
0.4536118283771005
0.09646057959203398
0.3283319632380737
0.7855158876822664
0.4760872503178381
0.14504468004570648
0.7594755574259191
0.38731678616630993
0.10382141686167602
0.5110947149013347
0.20603425260014557
0.9858315781587049
0.11882174994218225
1.3967390179983574
1.6394909013759522
0.16327778721325395
0.5023035566094792
0.8633013426279895
0.07580737278192644
1.4302193537723173
0.7842796491958328
0.14405559023786382
0.3233386222252702
1.6995507523890425
0.07305156272656038
0.6164146513662868
0.2622976011249941
0.007803229839439655
0.9658783126349042
0.7102310108155118
0.6747196043934613
0.7521681256328251
1.1362902314211998
0.5386471488041568
0.2241412927752984
1.1876732762299902
0.28775452552568404
0.17766342833819532
0.5265287189181186
0.34690391647569313
0.25830049615827516
0.18495349958639692
0.18266560211579408
0.3772335978127873
1.206351593934863
0.04903923971769518
0.3335637090198168
0.5836625683628478
0.6460281604851068
1.097009801120406
0.07783150428044167
0.7955775192148474
0.33415709912072206
0.28128945859011933
0.11575669146808046
2.164944246667344
3.2030019664617355
0.7511776698071417
0.4817428402252996
3.7625246811987885
0.18030747469902958
0.7662235035227208
1.1679752671494414
0.9266393810629071
0.4486284935484648
2.198855923421147
0.40379017022440256
1.130396895461827
0.6673405275946137
0.30933127413780226
0.08240663526330069
0.6905273456098574
0.8259092600561472
0.3658811761682313
0.3007975983487807
0.33630303615952606
0.37948947375230874
1.8858619526780895
0.24821921172946976
0.06618778302603766
2.502287008871013
0.42511004937956703
0.5002867799134963
1.3014975000240472
0.07515976021321777
0.7741381455993789
0.5394106573649574
0.06298552578236112
0.3674876929691886
0.21559268294200706
0.17140786238514677
0.0199788230773377
0.24119633401551982
0.29224917480261786
0.43212282763020265
0.5387723305603509
0.680744116275718
0.031115519539625266
1.336840540463101
0.44603420068885136
0.07429771283728538
0.2775722736982608
0.4787520547275961
0.22806713853747318
0.12241674474497073
0.16142004663996715
0.052897085277462653
1.071394670564107
0.052734948035277035
0.651820960518327
2.420069092986293
0.06296520842845306
0.0966372019494895
1.9252228093098358
0.1638160860078685
0.04387110639788157
0.298557851436083
0.07012971629082755
0.3755129663370753
0.037264926320307604
0.37554122384252003
0.1754512373606798
1.2413702524459924
0.27990728373415547
0.029154683446574393
0.09502243486293464
0.24730918334383856
0.869122454059755
0.3092247011196499
0.6719834294693715
0.14268440397066803
0.4539510699357663
0.3740902190975434
0.12620331574870208
0.16664945372372536
0.8448710930874815
0.29250189737610943
0.7083797313387159
0.07514974628223195
0.03195338117022029
0.44045789140610087
0.1119260732722858
0.40213425440428446
0.23219467169547195
0.48350266837735767
0.16941472712684305
0.3067377829908806
0.1197078799795186
0.18119326150750112
0.41508785793549346
0.05435589042008514
3.5123087745048744
0.8077120676984423
0.13678280595847983
0.031187754194541492
0.2958406103767493
0.17065660689552203
0.408166856416451
0.17505410751037975
0.7572710898160071
0.10112923866003612
0.14136941386637833
0.9235174093351922
0.15645697509496087
1.4607636803545363
0.8321473008725097
0.18559761569634914
2.020332609415149
0.6003779436183365
0.08846731768793004
0.1652563117333799
0.915268115421174
2.057903724972048
0.46001765525477395
0.8306649512422402
0.1870449234910945
0.5760888389462562
0.2809701113325149
0.11586049165939333
0.025192610183714482
0.08173916617657996
1.7231536751846768
0.598226798903282
0.29106135987269716
1.2017859306332384
1.5299140116837102
0.17299896285496016
0.0667192918089969
0.041173910538517516
0.6113335773821018
0.21667760595510085
0.805200595941531
0.5422495385799454
0.5786190883069299
0.6000695305441184
0.1387859112064775
0.6799573188156334
0.8213973764959126
0.3297707522641144
0.023268633911766496
0.5823796078775918
1.0298862331251155
1.2706741516241629
1.0467749268220121
0.15799104244573853
0.2898214790543304
0.33894029203895326
0.24488578740892364
0.3050938049779804
0.28860903572037117
0.24178289650904478
0.5734590087512478
0.1810248321483305
0.10860574636689548
0.17623281738942373
0.09790602159881318
1.2092549154894345
0.7314870000069443
0.4723501867944588
0.7183278072571612
0.6866793516661941
1.2583310837547104
0.22554840901004142
0.30557107667574324
0.3464859549949917
0.04488725710754921
0.23350202146888194
0.9979721858628648
0.24126046376700677
0.8416900325823828
0.38103340040888045
0.2180115404801547
0.03824272447318065
0.8680940131750012
0.24757192716827395
0.6370291463031258
0.17536319489278007
0.0656130121607157
0.05110471064671069
0.5243470324070555
1.3347971133814338
0.5192793565184276
1.1600490125909526
0.11405244479657667
0.708978874725852
0.9167872917076754
0.05331257790082422
0.8547355086284584
1.4699396438019183
