0.5956758639205603
0.2853167590204297
0.38816186102729133
0.8670531666373723
0.026412591052666422
0.12181449288629378
1.0083760017545098
0.03532447191129607
0.053770666740554245
0.403471347487686
0.1195952009597934
0.35668240467461987
1.45738449420891
0.13268290466360994
0.31353071578274316
0.524632406935208
0.043115656889553364
0.7251477544178743
0.5361263411650787
0.5003323591324885
0.2024416652098066
1.0551841488048432
0.2506793057807786
0.07166818611306605
1.2058311266472996
0.02259692359459287
0.5519860561278503
0.11741530162042342
0.13783592234032563
0.47535747434893705
1.3166218882348772
0.8629760898080642
0.4333311234205595
1.4474695632047563
0.1550914326272385
0.5379637117191433
0.4992151945466383
0.9007893694639343
0.7536989735803996
0.28938395921336113
1.0622912204535515
0.022628575124325416
0.0890744334828851
0.7805928115352689
0.5372758815519864
1.2834089173822014
0.412010818792983
1.3341456905040703
0.6887743243848121
0.505823305377652
0.38296536820890353
1.4225020189824782
0.16465069323004447
0.7433007104525371
0.03571021480347568
1.2049031868595663
0.42030425990038106
1.7324659438688612
0.21541758793354765
0.8605437976984742
0.755031373370617
0.06606810869662323
0.4285886705127491
0.21567398172251404
0.32429664793774843
0.5166274555572233
0.4183356566339608
0.45480571587311563
0.07136025151686819
1.2646536638222858
0.7095522980726348
0.058448075375610566
0.04770328166102875
1.066623057903633
1.6720727741508739
0.2625182371076003
2.3257506561803507
2.3410252321677327
2.8770540344578235
0.18939806235515838
0.6006684021270517
0.43209704912217023
0.17326557219574135
0.11516502610559208
0.2956131635471994
1.3411897977782083
0.2938447486266776
0.42933167357491314
0.6863109076733382
0.06864337207310098
0.09134360927571591
0.5544110462804674
1.294055596517578
0.1910369877652858
0.10566315851268906
0.13617897430533546
0.5537840794884424
0.5645794579602991
0.2486143637616351
0.13505755427825236
0.5350238435816316
0.6489196201252008
0.25563395908559733
0.1944944264043631
0.2698971164450785
1.289127362467167
0.3569870122059713
0.3663508547530081
1.169155237124579
0.7878642404907411
0.13645940463023096
0.4558277805523451
0.14015623316822154
0.8713293877195235
1.4658019944175595
0.018557215751912923
0.22945784368421232
0.28006178037239676
0.4691195333353633
0.666407114869037
0.8840779445754712
0.14932036299194812
0.22857191067041685
1.3160976208628425
0.1371755532197855
0.3167232550810798
0.7141847841635256
0.4547810992481239
0.6285151484525723
0.9102056783310688
0.287469404345021
0.2275549052510025
0.7289847593549824
0.4715089066911524
0.34950680518602506
0.637936457684657
1.6226349223986036
0.5674018679510107
0.589621259395407
0.08503628171350275
0.0920719494635873
0.7857008601768766
0.782012192373169
0.11973103002309914
1.4976068546432295
0.07300007407007084
0.4315928268272602
0.045210984873181516
0.06809216443509875
0.49785576550888216
0.14716180544742208
0.46143010881311547
0.33344320633576013
0.0955820266350737
0.6522083956268023
0.43645933357490235
1.6040707061386472
1.376567423737568
1.6730578057176846
0.15126460994490407
0.03818392549794872
1.184017935518605
0.6457004877400859
0.04983410630982754
0.5974757929108463
1.6715967172096418
0.8799446225812704
0.17465402449233075
0.3667051904996567
0.06389087983715891
0.75469754387204
1.41180014237306
1.2970655855759126
0.1071758653703709
1.527713698380605
0.15227731619447613
0.07240509892787622
0.3955006647191665
0.05345095577309167
0.07506610167311253
0.140680041840399
0.3268737063160961
0.4820083857428062
0.5650884411685317
0.10243025806938257
0.7555860726078971
0.5067668522066554
0.014157096171306264
0.08031096895216308
0.17591386107961585
0.6470242188694423
0.5557508308766478
0.22871926520822008
0.2675377476268409
0.5999466279338151
0.6548272523292333
1.0450953439936903
0.09511352589681701
1.0535693692587447
0.547079926497625
0.6578173964834051
0.8680342447337785
0.7054062383598028
0.8419395905928296
0.48009128778615223
0.06455956405727221
0.6959083133444257
0.976071428113471
0.053056322058713766
0.29625906547009856
0.2111098857966285
0.20955233880052535
0.6521151396490705
0.7422109381411739
0.7037989996471314
0.025767536430030703
0.8598026785881618
0.26718024494655435
0.2769111591682252
0.313920875130936
0.02476412354496661
0.1211450923538122
1.748297726052949
0.2741818438543321
0.11638935650115376
0.16639841517607756
1.0408270183030144
1.598674384699202
2.383878994263842
0.22883074773535658
0.2523507921615898
0.594170085498185
0.20408063430841475
0.6359559050945445
0.36922763042360224
0.012875608721811932
0.15398612497710515
2.126695058771622
1.026009685350821
1.2692076456629973
0.6001968177242095
0.11754408116145647
0.1959807048135123
0.4784892405952687
0.15380525357234526
0.18513927661716037
1.471381676233764
0.6026209621609852
0.7094760212932407
0.4338333861846565
0.20624507746387974
0.19459145186713775
0.6617903417863381
1.1821037272018253
0.047107977124489935
1.1549259599778434
0.08880851208455372
0.03414168141834634
0.9511317035329371
0.06915188640320012
0.04090907221043117
1.1261425810291055
0.5923562380502171
0.11592803661432552
0.3754409399579168
0.3861349680897449
0.2804119595217344
0.43933464661423927
0.8092581897044395
0.009772890470850058
1.1081993657762577
0.8757455167862352
0.3472263381341798
2.460105091676944
0.1597087239545043
0.6118553849985329
0.7791439987451033
0.05373516301746561
0.2782188463849538
0.3057537148775797
0.07490559119838343
0.14409769556234736
0.5229159323948662
0.19449386941651936
0.12341927409542515
2.341224039771675
0.8970578856003735
0.6409723213515709
0.5192646764485902
0.4610750411573085
0.048507703987963856
0.9145237368201539
0.46494636490246855
0.26312739409170405
1.123362923123036
0.6045790932897345
0.3286734987742145
1.4086036106775905
0.9980707476812403
0.5330636460763408
1.5041033052154695
0.3743352426979346
0.19704417675559707
0.30177580573859014
0.3048974203957874
0.0011473535870889808
0.6420261253873308
0.10630176133523335
0.8100520616644691
0.4710276639760075
0.2790552976404893
0.18917660749859894
0.6038676165807795
0.5442046693600113
0.33545362433349224
1.419788898183406
0.18161599979587023
0.4560569379286287
2.4715039209787806
0.04056684634447581
0.7610982787062341
0.6298516525537486
0.6481055268573156
0.07590348330424661
2.28570585568487
0.2834230686179496
0.04084441277173301
1.1130038551683599
0.12833838030326283
0.47647384215505273
0.22344918519317689
0.5361927159821317
0.11275818477103013
1.595231672961736
0.6526355739430052
0.6393125837301614
2.2504965859713684
0.08005961987175156
0.2251048918431948
0.42305043810338816
0.3799960613858709
0.5316935421044492
0.15824622680147132
0.004611642126840982
0.09518330651701037
0.015506752685591419
0.31381742378993643
0.345726346176867
0.3419047533968129
0.4646888153642641
0.42793986171724646
0.8700117900524191
0.3817925169073643
0.3586500701469113
0.9694648849117081
0.8198067010493288
1.0813899173562358
0.8060425404453875
0.15020566588373202
0.03460280338817071
1.288013712074345
0.7128759085885094
0.1474621805698472
0.5598620435779584
1.3936973739691616
0.12295451754096591
0.3346881548247174
0.9549726849980763
0.02635595603789914
1.3541361858452725
0.005294538747976618
0.2905851631690618
0.3636142259225223
0.35011213420956167
0.17143665373846706
0.575608684469057
0.20513629740954809
0.08116918677681297
1.1111740291352754
0.06625050680859183
0.2232186989466251
0.37987559347814287
0.34753312875423753
0.5835505729079142
0.6670117515924997
0.9560775029216432
0.4359494973087824
0.3596404323402251
0.2622907140061091
0.23790570146329865
0.40692230389493605
1.721521835209854
0.5863653360393253
0.11266911282460815
0.2887855692876807
0.12079199120674469
2.507908041213263
0.9057287444061055
0.13687682349680785
1.068863996971026
0.08396410357149328
0.2293294251947805
0.47946918336941396
0.3320609421757072
0.5127819789954629
0.04441053410606167
0.31141838473321043
0.5418930103159528
0.634879608469302
0.1138010857591188
0.07495924744533383
1.4535132253327934
0.2697865979234923
0.6520107341568259
0.70004728008095
0.05446642554316628
1.1300771447013378
0.5257276634158254
0.17220392809303392
0.10317931366406104
2.0129787238620365
0.34263568869752986
0.12914784668232257
0.4107950195115825
0.03864847546112318
0.13464727415088118
0.48216142661534284
0.6601238342825448
0.0540847991857694
2.062751549565374
0.9133061985702596
0.11806233092408218
0.11843380750359316
0.3193234098566585
0.6478392874837692
0.5943365898561053
0.030413236429467486
0.06857528502863948
0.6748420113637937
0.16706185270454593
0.43113374515709535
1.9904727919462373
0.6952120896924188
1.915302848721661
0.05224285672944234
0.2562393692490343
0.8014294719139688
0.7896404189690773
0.018099259001008648
0.8299232229053898
0.7975170817977446
0.05124777920027764
0.043419075955496766
2.148366887713363
0.4182292646588556
0.5022660358438293
1.280946627083332
0.23321717554348728
1.5455849347313988
1.1054131254363206
1.0765923005441322
0.6020364283513605
1.890090035356389
0.27866254499552606
0.35523338120639175
2.084840258779535
0.9062245299567985
0.16901178953220203
0.3520188653374676
0.41637358631480476
0.42419968618530407
0.5292477529419176
0.10727113503352036
0.20898707529064328
0.6684827072028323
0.26310805671003984
0.7391501028232971
1.916347235907765
0.828424777197075
0.6432499790812443
0.1919843155267786
0.756775303400911
0.6762000388704607
0.6411026801833076
0.6017755550336706
0.9125535955861905
0.6795471231108476
0.19417369710118754
0.29398730715017807
0.41595468068885816
0.043509196107573506
0.8098747699014738
0.013320493280159242
0.6377007892761437
0.6321264802182547
0.21280412238702606
0.04313599641173447
0.03420497210539399
0.16109737558681564
0.7840808711814385
0.2652515910076377
0.9581227856605209
0.7130118236285313
0.7114827366247097
1.7410271369882921
0.12175734971684778
0.2217095811148177
0.5566118326919067
0.14029076435799565
0.2591759227332523
2.417941510322362
0.5009871658309886
0.1266220985184133
0.4499714799836397
0.13838570314076265
0.26557447428020675
0.5511084350628901
0.35135539652542963
1.0237636983510718
0.5213810861692268
0.1153804321967173
0.05076945868837794
0.07913575044181274
0.7802190171614478
0.4175101805394871
0.7600449359770451
0.6906982620910256
0.1800589376093687
0.22429457956521712
0.17369711326877849
0.05452782649744222
1.1445704777686423
0.11950089668233017
0.1569088598181106
0.32079417119669773
0.42992317714414274
0.644876121683682
0.24344354573600763
0.07602530779773113
0.16274854018754836
0.7405507856449288
1.2421315576612961
0.7010097932173591
0.5889353388520224
0.5790311361678872
0.7033804799674878
0.5273648124033936
0.30234616695943983
0.5595450105860221
0.6989812170351736
0.0844913624076284
0.5743942299663048
0.20439985833819327
0.10101610869271505
0.18161516852944903
0.8706668548982911
0.04458635979726024
0.05922866495876854
0.30516657485657844
0.13016382595541082
0.029632917560638662
0.7757521975931646
0.3773753364177398
0.5703751739077199
0.8041277345008779
0.37003572719495664
0.07754917593261508
0.9635048888170734
0.3076776775588563
0.04783078946419397
1.3743034193641426
0.7275438013322149
1.0024449509849085
0.7275723904770292
0.4394078484990211
0.3988550732051778
1.2418925648813686
0.21951532058979986
0.05591891911870259
1.0202416620173145
0.45417130767082464
1.1105730172729669
0.3445167304775861
0.001909014831076048
0.019045919739966687
1.1863628899645093
0.24307244712096188
0.6855936442600612
0.5570341227240918
0.6957624220311684
0.09702386793525015
0.6971093616864703
0.03495285057854719
0.07352293047983824
0.9402382577552766
0.6157852478744463
0.14925448451031864
0.46148895373243193
0.15297521216201776
0.056006101529442104
0.5180750296447967
0.02632098819106059
0.031963600392984515
0.357152859414258
0.1662977754466415
0.31214975692281655
0.2282857290311234
0.3714686268829931
0.2109808563754716
0.4025880379935789
0.04713608253617914
0.592320729516441
0.8613549169291257
0.4465854507548983
0.28355093135894915
0.17935010600755757
0.16172223762648136
0.3553484667510547
1.3455152082519373
0.6765767067763971
0.40115931403178723
0.943008012982928
0.019091454979636685
0.188234461362073
0.7177439304350046
0.23850095094873883
0.09516213073353014
1.3031826067496308
0.021791043466489166
0.07977825512528046
0.7674169284849726
0.47857640296818876
0.475745006004483
0.06527908122287943
0.11928997465846078
0.46925084160337055
0.10355013739504539
0.1646828722410611
0.2879677241674614
0.30573229117229594
0.17976273232786583
0.057362773898422065
0.29087994620192015
0.07633654686354445
1.4318020227173422
0.9722828188636987
0.4159671248533041
0.6718498778014697
1.0313131445748691
0.05659124062185736
0.19033428936307534
0.3997333305654754
0.8177241582346515
1.6369461653025794
1.9351320008218418
0.624611403269363
0.14582930895399848
0.7272855445638414
0.08803589408410935
0.3988915600080229
1.8429476151205388
0.16395396171565213
0.04656086978036846
0.35533215057097856
0.014171127006532506
1.2746247198032419
1.2208972888685716
0.032937362294558334
0.34574565972425986
0.6852367248539007
0.21432150281712878
0.7734586576956107
0.5388353882301591
0.4531932012787888
0.49709517811695975
0.3657620327649081
1.6171678255355437
1.3794225816702181
0.18774058517013562
0.07660088259638533
0.06573215172772963
0.34020937576566873
0.4491579097087072
0.7589872292243
0.24944154067831054
0.20544472904879826
0.14302458825104483
0.7786582596665153
0.1761021054750826
1.4308933600503069
0.42675112728676406
0.08355456442766568
0.03495912306005027
0.3667893984808251
0.4790458401090313
0.8615721347409304
0.12267372046975514
0.019315435859384212
0.02712114971833379
0.40489558414111465
0.5434836544074698
0.5841408309025499
1.5592420501832758
0.4630975049322705
1.463228210101559
0.23463080155701527
0.7948535657826864
0.7252676588953515
0.20174552813359428
0.011897658829229276
0.01630175489672312
1.2003431337354042
0.1541507048380219
0.4638795982569845
0.17425784445822673
0.12253445353407665
0.20480643082649308
1.1775933261546359
1.0292737989474543
1.2737046625216772
0.33928467817578734
0.4130655016715898
0.27103178718712106
0.5726786187063146
0.09042008604699789
0.5750436133290313
0.05311935474690038
0.16549718045592718
0.17129934632024216
1.959180196271709
0.5963414112560431
0.397930210969297
0.6353343133348032
0.40735315442193576
0.3695418712595487
0.8846407601058525
0.3493831986727284
0.08265069714492644
0.4595387716989332
0.49748509614434216
0.20959498808250163
0.6165674675149124
0.9129657149669047
0.17115413002679566
1.5532412254619088
0.5891406504089655
1.1575986590672125
1.025133285574611
0.09891692063816777
0.3844307297530811
0.5010316528625889
0.4010049192346534
0.021462430434333976
2.070784859872632
0.22194603680906927
0.1438839885924528
0.4199521371231906
0.287921099944552
0.11039494247296561
0.7200201555650797
0.5351234649399187
0.7033419425853171
1.5615869450377649
0.25525572189216617
0.48674706629156506
0.8055659466708986
0.17301977220329615
0.13906986036758928
0.1204577581225559
0.23943096479793688
1.7074608942809535
0.3470195710584406
0.10121314816000286
0.4422996887180111
0.3863308130079776
0.029117718590372894
0.11330195389580122
0.4856887395657974
0.06716920889484859
0.4073286442351145
0.7099642137733861
0.1558097412598562
0.7171241370653925
0.4397231801092453
0.15618795365531438
0.3669158290031436
0.7291752812271333
0.3523835812425828
0.05674111910306228
0.46388342710159614
0.24838257861003707
0.9899393924028079
0.26549004464524095
0.6070736008428426
0.23567993170813645
0.07010002848791573
0.31298565630094377
0.11061540679497271
0.48271494486557054
0.12605361976039614
0.07858121257961345
0.192847555657433
0.042807470778176974
0.01896270126782945
1.2701524233259645
0.11629060744485946
0.3183605910887906
0.2467197611179011
0.8415077519492857
0.7602247139476526
0.9752691991816076
1.1190706645853672
0.9609569053478291
0.7416724683964152
0.01989613051030958
0.23268507295198607
0.9991129864537913
0.4535956939295663
0.1889652201934117
2.3130694886210645
0.09073061461510507
0.2645737580455325
0.44036632089120126
0.5985466692422426
0.04902618730892176
1.2974046648425568
1.6353217905674469
0.3071075766725645
0.31909880505964466
0.11285642789433284
0.38595925231231304
1.4633814590255394
0.3661297601644208
0.4947234060288739
0.9067756270994448
0.5797602366386578
0.5879117308367755
0.37448600517004715
0.1885733645464776
0.3021891422574588
0.7289656000963831
0.21914706905924025
0.1592828096245337
0.10416845847065591
2.403445303830705
0.3415970898126215
0.5135479786757606
0.03134301051955023
0.13961900636959923
0.46345077452705086
0.05181096386517409
0.42740171271122945
0.42369529782546506
0.6554127844675197
0.28982818272276567
0.49222470184338185
0.17571900450764458
0.01184041313690875
0.2251134640983567
0.283312304804854
0.30567023036705704
0.5002083720355768
1.011498846001755
0.634942859238944
0.26555030344599073
0.5235588735703124
0.33233506804828067
0.4693761816855254
0.041718933870350285
0.47484617939329665
1.009605823860449
0.08689404866971369
0.15248850398436567
1.8431237976786587
0.5001558531595494
0.3721951272559133
0.22608736844898875
0.07611527183164567
0.16000220461234732
0.7964646202713879
0.9778810991478006
1.344946714944763
0.23750256101813105
0.13359434720135083
0.05202089730272203
0.9600185160228012
0.3553391978726382
0.7275482036312487
0.201221505507281
0.23611101692364644
0.13742474864103976
0.8204133034496753
0.010000864360182833
0.11353944521271504
1.4750828605260338
0.7393275465780378
0.5207424238607802
0.8369041820526869
0.04161641582451182
0.455602876306373
0.07178353071257294
0.4757202703928335
0.7265498244490084
0.6077269451506866
0.5810055351693287
0.24183500060139101
0.31636308544403735
0.008591849968635101
0.5058282927155339
1.0143907802188288
2.039318306043578
0.4114278031357204
0.836407003100574
1.1031142326764256
1.1518648162845389
0.18398150088575624
0.5573927736208669
0.24898365110437926
0.8551417821363297
2.759186161022074
0.2762954536400617
1.7187182460997676
0.1730929357875765
0.36487911764719433
0.09602929005598805
0.2995066404597565
0.33642317278848105
0.6403121856658359
0.10671399752163752
0.4295358337603356
0.42535203457543097
0.3017938716662256
0.10660373208511718
0.4339536626628908
1.5106126682115895
0.9276686916936349
0.3961523306919651
0.43422353369517036
0.3572535556898539
1.3290535531881353
0.3013418000801078
0.12879845478590912
1.174678481949146
0.1524414908577133
0.37254889541857183
0.19460889893143335
0.5241150698085772
0.07304673414997596
0.3047339862796123
0.004762890214417889
0.03245647653889346
1.7588315094595521
0.3269697096404993
0.24122142221310314
0.4048830376814585
0.0914581714115067
0.6547653285121937
0.041694131715929665
2.136695765503757
0.0865468185376965
1.0259728610245153
0.2422059902500346
0.37532279447820444
0.5989272076260048
0.34074214353324256
0.2675104554137393
0.7553277001457802
0.46535129005674614
0.0964361482841847
0.2874460297234174
0.25498720384211854
0.45388442631461845
0.474087735455893
0.31704596575141775
0.1079179265209908
0.9306243626753691
0.4998614977499832
0.3022551513303264
0.02713232391949597
0.2219947192898129
0.12597362393063155
0.5617275007952257
0.7329424539643481
0.6996533296903507
0.3766285095635857
0.6411921952070301
0.045927501104840306
1.7885525998559546
1.7284008309859733
0.11594830215201055
1.0929906874048876
0.04591285543776562
0.9621445121717148
0.19454469484135883
0.19803915711021558
0.8345628731312219
0.20213695511443147
0.18014516044941464
0.129700989664723
0.8609709310905153
0.16184943102729143
0.01879145383246797
1.3212144086499955
0.04526455796026011
0.353685233745382
0.7729919907448121
0.3049078685043993
0.3619657503855887
1.0268613076097837
0.1538876917334385
0.968506423360516
0.9405666093841886
0.09963037579997158
0.12979131973745087
0.3053887412500938
1.5460920562338973
0.7437529214329889
0.5123938889094632
0.8896750618577838
1.029264842998204
0.17098132689217274
0.10677394751337888
0.14537109431048387
0.4630478202589131
0.05631571929905388
0.4571725989646113
0.4690499924370136
0.1027773348772757
0.18734159400314895
0.33260902147575355
0.7666233390867893
0.09903691328829287
0.10109013700598499
0.445484634338883
0.5811921882920943
0.20725636386503773
0.1029738845774802
0.05091818062204462
0.31188905114131005
0.137676731401682
0.7794070513196154
0.5302036844818938
0.25657370394112894
0.46892138554157453
0.39720087592916165
0.41794390718197927
0.3740324829824512
0.04702365002608442
0.45273652526913927
0.37787516207175165
0.8849486135330407
0.2869159743901794
0.5439130593966404
0.1522589822795663
0.6578645230577215
0.7533075913634245
0.19577657598375847
0.06364199739707813
0.25636284930854303
0.3771047196872077
0.2277089542057464
0.06883484405133884
0.13503018138673398
1.2508726895940718
0.30369512701098966
0.6074407335871809
0.05183841073304445
0.4397291924394999
1.6821424856414673
0.3859353010835503
0.27222717191621726
0.4099035388417455
0.12033850091239218
0.1807701359093478
0.14651863294881384
0.9997183820946812
0.3468167587459649
0.7362422768588158
0.40476551203872163
0.10882857004361914
0.16595842259178048
0.2808968929615738
0.3558922160073895
0.3320093194794402
1.310654210513174
3.83182591305119
0.7729346990602842
0.3751684032979193
0.8821840105803781
0.15492208743085423
0.11178237071889686
0.22689143132463402
0.6903671374765394
1.028041454460392
0.273330205820521
0.6988575217192268
0.17332122701784874
0.45109952944730686
0.711442118909514
0.1275632978415661
0.03796920007188468
1.0918933688864516
0.8889541501310132
0.17533445222835403
0.47641909187261994
0.17054438515275255
0.08221666693423603
0.11238404752072592
0.8701574614158013
0.27466157165093147
0.08210317387575095
0.4727637629786218
0.7976305733031227
0.1444296654299545
0.4635484069038667
0.23464501861755285
1.3711584809160566
0.6174497644870827
1.1537030897540823
0.04419998590846585
0.5932900187466152
0.30193902733746875
0.1730408938032977
0.04982898556916833
0.14293294373004709
1.7230854913442484
0.1009674153924133
0.5561799405855923
0.2953552317754343
0.08741142944660606
0.11915460761455053
0.1763297960429268
1.1251556859579328
0.8600119353818917
3.253856204681558
0.3196023607158736
2.1374787548645844
0.5815662958301534
0.10686996864399667
0.188593342096068
1.0661527563878217
0.1529326345921804
0.42832950507029927
2.524655481199382
0.6815609444520321
0.6736104103076062
0.15179999491983642
0.23761920068253137
0.20971012410675896
0.13929243519983583
0.044977361723156875
1.1193104135223495
0.3947327495888387
0.040469384069697065
0.026682274534525423
0.14545461920736225
0.017919598046965725
0.05206160198326109
0.5759455216482067
0.33835084306052
0.5255436770170252
0.07465578110896795
0.004566468028965408
0.038405010537683186
1.2285713080916318
0.13445842723272786
1.1852568576151867
2.5304041685247385
1.0105973361970715
0.5258161643858171
0.7360401984302093
0.11687634596248773
0.2164874664965819
2.4107663407956723
1.3830646900022419
2.5535354344068844
0.3648370093443592
0.09948752805440107
0.2553923917372198
1.261597594418462
0.3509543509153964
0.4516093085284467
0.5633298886136605
0.1980361595391762
0.11568753897250013
0.4072996136370336
0.055021313961142834
0.03082336661391143
0.8086358314566835
0.0034658599062750606
0.7074031549657257
0.11819174632763732
0.14473616243702417
0.25260822560607843
0.8261615404283722
0.26833413124744027
0.23473531936584185
1.042270670847443
0.36101125767837694
0.3901698871964118
0.617694281493355
1.6438693210245634
0.31305512875924485
4.9197017507668885
1.853825041289151
0.5477521725315463
0.3221071862577396
0.02281130861422663
0.0025637597197412675
0.7088359950320051
0.15285139735692016
0.31471687778411317
0.9858290591785873
0.16712657591272811
0.05808170692991224
0.24759687531595012
0.013164762905747522
0.22292840322029728
0.3649386831142728
1.104618654200014
0.07884907721732931
0.8531939921495433
0.4747328604314904
0.2518385591151776
1.0529815476386029
1.3653046633818329
0.3849554283236563
1.2205281410160784
0.9438558374717004
0.044420625453824344
0.3078269041910848
0.37004897313186486
0.07815261852955406
0.0716383237949719
0.07663192718684878
0.13248176372670928
1.0736655120514862
0.16125367195642545
0.38998223785911074
0.6214853702773757
0.11812434295940324
0.16393284095209823
0.80516506521796
0.623438967267218
1.2697848966177268
0.4030569629792609
0.015823053072363674
0.07211604194874671
0.7854303168340263
0.09336745120107197
0.801101231378597
1.730260925209137
0.10878069731325729
0.17028391980160087
0.15516250830650935
0.25263520521404764
0.16809360897797135
2.357660008414731
0.5634262467833339
1.02691771992945
0.060059371081688746
0.21078314448064736
0.5010446703900537
2.290665774292392
0.4646531775120625
0.18433072098405498
0.4319414011618349
0.029450557875105327
0.02447597578210769
0.6847843712832262
0.21796932852244852
0.37688473971027336
0.18572051273822923
0.22688756942050078
0.12151023396880109
0.9794725037463794
0.530042952109171
0.5549555899948297
0.6118294985662359
0.05432496334133498
0.08656132813906185
0.641316523841788
0.08880041470435429
0.4516226671489804
0.2857596797171381
0.08818503895865691
0.9720366246110455
0.17005419407874112
0.36988143109934557
0.3482650940570166
0.2010849810126396
0.39154401780638315
0.4292251779125682
0.45263064716095164
0.13283800908215543
0.03307852078293453
0.5582404929078553
0.04097069334787756
0.14103274466843016
2.2803978151470767
0.3267379143444726
0.41066715786179925
0.5378390857548097
0.2424151541664674
0.9871955092070621
0.5504764396604889
0.5654659055958919
1.6086311694300204
2.635790079083608
0.5108493201672862
0.30514008483293337
0.9020212689791653
0.7558433123929131
1.7161697715464437
0.44508846797538565
0.46243618343614623
0.2806108571568746
0.9454081789133227
0.15407824770797726
0.24396036598433804
0.4845933557602474
0.5270269543499635
0.7894701833750032
0.665826447715374
1.5633026142007738
1.541216326568621
2.1151753989437307
0.3101119708192874
0.5404805849063362
0.6131809197104705
0.6286679152500649
0.08061845502302148
1.6269779073242925
0.24835263894575116
0.464006983392826
2.0783461029664947
0.8498498178845727
0.5256955161368722
0.7301543039860183
0.1194393232984901
0.3883087895089727
0.7335650951815788
0.06543748538713579
0.06661339611409833
0.8977853004977665
1.241231537486208
0.27476555584016915
0.0860534019771664
0.731401531881218
0.4001765065758438
1.3574949766111075
1.4617090826368941
0.6907304641365432
0.39723236150381114
0.7377386817009206
0.9748450866104196
0.3159491816257915
0.30682053626771866
0.38779556944078325
0.031117231805927688
0.3249577447441178
0.6436496536058566
1.373219366636719
0.14769439932231912
0.19181210556868777
1.8466543104261066
0.2036688184868026
0.052782738654014665
0.37930301740645117
0.0922260815138502
0.04257374330724285
0.3944384710830198
0.29401614541715004
0.2591742200763761
0.8564804919322858
0.4151762189289402
0.333270518662361
0.6184542186759356
0.4880510079438667
1.1875839494071447
0.16468930499337855
0.34184039573867625
0.6538375660457268
1.1068248678103947
0.3376329090740859
0.06421296335198141
0.21631030918680427
0.26056134776866413
0.8667694696309728
0.29475395321579995
0.04131897896418647
0.1942938414442217
0.288797456502659
0.11035877529959343
0.09630775082651855
1.4057751073872762
0.1636769865201731
0.4545821957727067
1.1095511575700825
0.13346193283589017
0.01829934581850603
0.23186020323061007
0.767757778114413
0.5848413865184107
0.42916885921254955
0.4912151036618231
0.0360870372798026
0.8028447257269675
0.5696961696077943
0.5710875176051344
0.5220490661689539
0.14395161581411414
0.073103433049367
0.26906636629511427
0.46512470948678203
0.09902669478434688
1.3856785353481955
0.14981208390981332
0.12576616568409058
0.24891438764172663
0.6586477167529889
0.9557047510762512
0.7635424239501168
0.9673568815799861
0.08222511620475634
1.536573685638647
0.47554677299893083
0.17527132808428014
0.5020745449264782
0.4399981349971067
0.9839287855932282
0.755431221626774
0.12653830867001462
0.7433056824799636
0.9386411828400224
0.08531880088257772
0.07580949099711157
0.9513585095699113
0.5395593943118399
1.3804651179040526
2.5046664860144188
0.07397926485643942
0.5797477816005261
0.2950102109237289
0.2576326411551629
0.11692345014737172
1.52020561023401
1.2882225049287017
0.18448714057715387
0.6127842292115357
0.33159494725084016
0.17262802241541192
0.3136373624242831
0.09165310094252774
0.6148856150242968
0.3206180281064006
0.41520358414141656
0.11752929854592796
0.1779606942789112
0.8830853058951904
0.4005521688392667
0.4534911606414468
0.339970180751662
0.2762530140410467
0.18392978439260646
0.2557603239847497
0.636370759859532
0.9762953420903584
0.19963052031071518
1.7780605399942742
0.31150405033893913
0.13928534741256152
0.1038839483426115
1.4694256871208708
0.13801321735878272
2.147124902993028
0.3343726660032633
0.2653742303807494
0.09467360706844745
0.5232759087083322
0.13043067624608443
0.37453112851841996
0.14074073691639824
0.11992940365519154
0.07366296212953016
2.2573030537776178
0.4180936697933454
0.23805707400672682
1.4972548865133657
0.052322721078980415
0.5719980017460078
1.0335456358163702
0.3350090245292821
0.2946138025429582
1.1778574182235297
0.5731979467461378
0.13761358541718915
0.9157605599645233
0.9420553749594429
1.0263729825470982
0.7984935920566683
0.21664042958457874
0.5759242814959086
1.8738215774340392
0.2480738226173689
0.1317713512505246
0.3405402450917823
0.8411255641898838
0.6161306745947747
0.28693183029205876
0.1849623721456079
0.17444258702859017
0.5905671886719025
0.8234087728076306
0.8537292597896232
0.9845520438044584
0.26701101249332687
0.06418236235310566
1.0143741578202656
0.3657370402743864
0.8415312721206365
1.7095913353750416
1.020651624114367
0.5273512426457355
0.7563034134691439
0.3287467849264085
1.1150227620112358
1.0188961272925925
0.579919458004901
0.3674788901554786
2.378528250285567
1.0842843246699123
1.0241791679809191
0.3616941863504938
0.10655288252945415
0.23816103891904153
0.109414698684254
0.11474702679947106
0.22901632372264102
2.1335492456210523
0.09792583728546067
0.8896550125229563
0.4966134415292788
0.2355287156397184
0.09649381138818264
0.545225101308518
0.34365857518196224
0.011395064114983365
0.8216318067788315
0.30818809207707876
0.8105343640216831
0.5392933071921957
0.8602608874135946
0.06018699246767634
1.0039625686973945
0.21272610141383388
0.08908528020870868
0.4913373681484909
0.6312393724425669
0.14967123679046332
2.2113292683156907
0.913424682310283
0.16567122994176273
0.32142232094718703
1.3069422891634812
0.23235542057636355
0.37374153459947107
0.0834782102235161
0.2832919149736377
0.6157217576526591
0.2415487310886391
0.33298360494950946
0.4802550633022182
0.014204039031384301
0.9863190401061509
0.10941142380764936
0.2720449650888128
0.10287108135375671
0.06867372403393299
0.19190433454472144
0.07066094217160937
0.5063873749497289
1.2428479642828825
1.2622277332947873
0.532660632320112
3.0798095091202127
0.21576592118531268
0.3557873573305784
0.09998597181200222
0.11906294746370102
0.14555278221164553
0.0132807369697916
0.07261211763337055
2.047833637967841
2.490368939048745
1.265720074579459
2.0643965200264147
0.5564562779249327
0.03170422674218774
0.1836166921027528
0.10066826527114393
0.3078397393162672
0.807409492152777
1.0314883162892245
1.0798401645413926
1.468585794679856
1.3476236338192786
1.1868383238282532
0.05925789297337936
0.39495821164477607
0.27609950660904437
1.7993284780322814
0.43878379274522405
0.27425414418915767
0.15148348346612373
0.22939656163987238
1.231560466941544
1.0102057637125699
0.04199232449389513
1.2833882256181735
0.4350158832425638
0.4222464126931183
0.5341123822308564
0.23449410546110133
0.17263797078932897
0.3079945178213372
1.14750947280925
0.9036980304906583
0.6380154254386327
1.379228016589365
0.0834738141982183
0.07752761412194435
0.31276975848390237
0.6454386670717697
0.4050112364616361
0.4373597997721471
0.37171192809601816
1.1756683193606043
0.30636107691108105
0.08799928133395524
0.14487692744365777
0.3981616019966507
0.08558308632001897
0.21612857733855204
0.9163049498124682
0.23761772199373818
0.4152277665159659
0.5891423650357934
0.5783434441719577
0.5406376442964554
0.416196874463408
0.05862093239545254
1.190004036285059
1.9583798267984012
0.9873471089911131
0.8697957442738404
1.2948533301568064
0.16739043170173998
0.10384207249385008
0.4072810573892988
0.08640797119520198
0.027838794410787765
0.3321945468421932
0.26541836058526863
1.0169525102348282
0.12413505503222336
0.41123760398542675
0.1702363484419092
0.5563603049060175
0.17338001143566648
0.35735024989807185
0.13819287966373858
0.07441319713828287
0.2923562469745427
0.567439962175115
0.3133997673326591
0.9482287709215078
0.3935010343675654
0.43558919582849764
0.1340631126462519
0.03977341686548516
0.043426883995505164
0.05416996676306537
0.6667448450048353
0.48614698675925533
0.17213861662059435
2.5118342411822643
0.35156928942330273
1.410797678899267
0.5880856881042139
0.8597137653911852
0.13430756968326443
1.6108918703661999
0.17990335935161755
0.5985609919135814
0.5957455606935178
1.5072946157735487
0.21795194562689044
0.09490916223680877
0.07357973021006163
0.6815201008557346
0.47305698549104414
1.9762293226054943
0.7682066399027313
1.0822553321423474
0.23779039337362165
0.2174065812865844
0.2690503193844794
6.178688672202111e-5
0.002078203343117396
0.4929493975653658
0.7067774993178673
0.2912741688755893
1.1319628106138984
0.1656819518968617
0.45958425010221343
1.4159868954497863
0.6715588516178017
0.47776544635629503
0.13627475195902045
0.5243977478697041
0.10390210176231109
1.2072083461890193
0.11971723439671011
0.6642248590297497
0.08552168846429588
0.054163895207940634
0.3051828773338816
1.0248185086555808
0.40181269501223194
0.34134688938980295
0.8888919502751155
0.3298900509406625
0.20094522577126772
0.24353658435691083
0.1598310957426178
0.19636164237023176
3.8953354904700794
0.12718485933181228
0.4856555933534741
0.7082426079381579
0.014633396956815587
0.44342864499272966
0.9573943018905822
0.9001924791628203
1.1612493896546974
0.8682777130751287
0.24740061162613713
0.4300809591897174
0.3638798266618657
0.36308032645344485
0.1238572567228285
0.8116813596447588
0.10887783749316764
0.29480720202395244
1.3515748331532857
0.9791925847149133
0.5953752970506595
0.8257469285510356
1.0163388631736692
1.8274340242941645
1.188485215010371
0.45276136599381295
0.05463333795632984
0.7025607915005115
0.31815560030546625
0.40222012434797866
0.2429225979949839
0.7667116475903593
0.6849765112307004
0.6270114820173334
0.3806724465391946
0.4910960983268251
1.4543090780325658
0.655847682841138
0.07255446257941885
0.13665480389252546
0.18498457815873331
0.37267037175309237
1.6695178635047578
0.9990532343554326
0.40881933168276013
0.8431451353307113
0.24981767682788902
0.36427685336815735
0.6004278683158127
0.2885393986753842
0.04722154592078185
1.8337056778768495
0.8174663947059558
0.1967048726499646
0.5502408731331457
0.9058652903292406
2.313537078083579
0.4184207981980335
0.4851710556292906
0.12254704513310237
0.6347807536679928
0.33285691746278595
0.26583060800808456
1.8183365541941896
0.5053505521232613
0.3304324777515002
0.3436999690736303
1.384807937837868
1.2142246602139504
1.8499752085962662
0.012514742531739806
0.3441798666950497
1.1197194482836235
0.21853907685436114
0.2754379698970943
1.1973369663419626
2.720788058628491
1.293935659835041
0.05175208300474437
0.3227410284896367
0.18678071088806272
0.020590275946327355
0.6829076423820865
0.16789362553665477
1.281070923147126
0.11074307537429956
0.7725927949020854
0.9010090480790603
3.2313102562785763
0.21707917053874815
0.49839270018185206
0.4252819738470761
0.5255931230926535
2.280971202198961
0.472033679593421
0.22030930915273153
0.8092526033304306
0.6744532494286548
1.06289171334614
0.3748412521350977
0.031475916564683355
0.5001643721412827
0.46823832147154865
0.6199051528843885
0.10154261299275687
0.8342220780705402
0.6726680406884763
0.02076786752757907
0.6889454893630848
0.1324541354827655
0.1463863467785766
3.286350566776569
0.1066851981359733
0.29157646236914553
0.4692255887824755
1.2796792804919304
0.0025654516016702903
0.13774229017827175
1.0576030709453923
0.23851962423952708
0.7110682154232844
0.27911866983066635
0.34660100811807565
1.193101112058294
0.08508960033460874
0.4222485718510083
1.2660875345490235
1.437543982813837
0.3652108156316782
2.0408690733676527
0.03965448840777359
0.028416984643237973
0.19431671336961856
0.6621879893671903
0.14421361042197292
0.1877770656086955
0.04893624272515661
0.05119185736030863
0.8761145138387312
0.014782165802185276
1.799910338945302
3.8645408466176256
0.5526466396949906
0.18139406212105122
0.5450827169092644
0.335406732952514
1.075677112161906
0.33300671789104663
0.3336486297237268
0.32482747192541456
0.2461284337371727
0.26427909864055393
0.7667039947835772
0.19154496729466092
1.601225240920844
0.7469925026182466
0.5363625823146748
0.3178822266604614
0.7324365894822591
1.1102638537987672
0.6521201154164287
0.1992314838012506
0.08390655111509442
1.7514226948419795
5.067956343194942
1.288458432093861
0.05480444425270091
0.0606398890642919
0.29966762517381546
0.040004846718812374
0.14019375482534144
2.0214816989026474
0.38377979204947316
0.31087956416221435
0.032382002650340906
0.04384626549752449
0.11207991336317738
0.24364317949590336
1.6319095592222885
0.3803915497618781
0.29338663289728645
0.6560642618129564
0.9204551205313871
2.112431652400178
0.18387381033541472
0.17636375979083166
0.15883855903951585
0.7715262267931878
0.031427923042415665
1.4221170171549844
0.7212671214743864
0.22815367014906265
0.6676869153145675
0.9146090461727647
0.3593464695265527
0.37387000798819975
0.17801546712274438
0.07183361177252076
1.8501891916665643
0.0962253309231983
0.3798406047612075
5.196803064580111
0.6685196908847942
1.9276868801232934
0.37936154547499995
0.13052176507798977
0.014991126065972695
0.1079498132877307
0.24675901252179702
0.7195201968302282
0.03073778152341782
0.07414739989470973
0.07628860385289053
1.994723703014217
0.5198641239313317
0.11681335565855296
1.4848881574440076
1.1955110245199847
0.6555454226496082
0.619080645521868
0.06671596200103931
0.2663620569980828
0.5610051756107071
0.08733325437155566
0.8753147827330018
0.1406435699447244
0.06389580692853965
0.05354160625425015
0.7347790800280969
0.08970539856059984
0.3484397646473179
1.09206511833498
0.16802532447304758
0.06776387309216408
0.8967654510772013
0.2079914456267819
0.2922352316779242
1.30854525173954
0.4267151475710778
0.21371593831415883
0.8129029073720406
0.014275680247695148
0.285572894483343
0.6568215633057716
0.08909171136728096
0.8382062001461722
0.7485955916298105
0.0448818460906481
0.051235554665180046
0.8884791839946635
0.08204538759382934
0.3789828421735987
0.5648653273139149
0.17989833593892746
0.35688532689014335
0.141409291361638
0.35207437701395145
0.016284383584264196
0.02337504729761246
0.008331365492768377
0.0014255436167549937
0.6939023154389501
1.0881549910987205
0.22117900046549502
1.5271055991204703
0.09606191321922053
0.8488196142573737
0.7741739720784452
0.49983701602369907
0.4911645361907297
0.55192691530814
0.25025005936466477
0.1410241769572137
0.7676039302985264
0.49914705967370304
1.1958444357463305
0.8513284142872541
1.0349993113965434
1.0756031801180677
0.749358166215756
0.14904988306131367
0.09770040617533206
0.26179699822010394
0.3184934765079107
0.2969603152660535
0.21787055343248013
0.27743154125488395
0.5183127308876581
0.6721595430901894
0.5104043747162255
0.3228693477157017
0.3556126877946032
0.08773838747845807
0.469993274396695
0.7351678100841065
0.4862987791494605
0.05084133644418265
0.7587159322147609
0.16132214521336885
0.13243359127886406
0.6151928233075877
0.29544066821522574
0.14580238164680168
1.1456853704928325
0.8517590880499913
0.6947319448253327
0.5596652282703466
0.6485844756985327
0.22507999613680302
0.35833209095374563
0.5287461171031378
0.5652502907684442
1.051331684300406
0.06647681231051225
0.14797043983613015
0.578800071901175
0.23742447240245382
0.132056562869438
0.635775032293651
0.035891033402235865
0.038770822643869655
0.4994680939254529
1.5836033668347955
0.37355601120819143
0.7026621998539551
0.48573607713265515
0.23034897200911103
0.12651947749154516
0.1881099428101746
0.1903675047370554
0.16909710906604986
0.06203457307757234
0.3362318596719759
0.8248568646025529
0.26856846136945234
0.18414996923713908
1.3817448335340996
0.056824799226081135
0.38797202410407544
0.5825728385945554
0.536286494341042
0.3744416744968642
0.31159147289465466
0.9989850037764759
0.04527631587877685
1.234199209235129
0.6818361284313269
0.28750174963770153
1.3557365539664687
1.1641102356755855
0.1596436820575823
0.09589035848453102
0.10433228095627332
0.42418815425310236
0.34334164905193393
0.14962351267127175
0.4387060897939516
0.7577256772100043
0.5264222219953455
0.07623912591748191
1.3178321249102647
0.09222091454981433
0.007992306715317319
0.4573601528038186
0.11551771358000458
1.3704995326897953
1.857106426869208
0.08516268964964814
0.5648012524019846
0.6084173862862807
0.3459905763323573
0.5108078173028845
1.2480843621837534
0.587533733384476
0.656141380100459
2.0661749067332558
0.6571369929105222
0.22145723912185178
0.618413850462824
0.8033395252224652
0.6706881481784943
0.7931486453239843
0.11599343759315668
0.07143977438137711
0.2899867016520061
0.11632396640891976
0.08515870302195623
0.32936811795127247
0.08475833390762585
0.25244961855019166
1.3531279145742159
0.26240842611037507
0.3113605481268345
0.5454412267210631
1.5030728095253136
0.4299829575768491
0.030057604634620805
0.5443033494887028
0.4887984825196737
0.9207111707135214
0.0886900136492667
0.07225230104480332
0.39002289763129916
0.20876924659010274
0.28591022789853315
0.40328788763092516
0.0780083952122538
0.22313084909619482
0.1958105540597574
0.1716826741806684
0.27548560567742514
0.02759303712028237
0.44027166124564243
0.004967865972395717
0.28933246901115284
0.1374979423916111
0.7342689687851928
0.8408770093178514
0.040788877857900425
0.11983370600104822
0.32587309743682397
0.06391774786131743
0.12080056869115392
0.7207248925726215
0.320976954853636
0.14018320392454262
0.1694853264216001
0.010482335440102636
0.04331193306347125
0.6365592200170669
0.5036529353444513
1.0121386361046114
1.6366354395578526
1.45333971226369
0.2042233692083361
0.022453181661626923
0.4083834586717374
0.4692235953228648
0.12174250407535481
0.020719397079710374
0.11653528611955494
0.033279046095691954
1.0927488819320863
0.14403697383645372
0.1408513105624209
0.7507928110454827
0.4807400762031986
1.2348872106848958
0.2717867030117051
0.2524010529765065
1.376386185544039
0.11352164208071353
0.1097387466306191
1.2390201774469665
0.09230138968812979
0.38881979734692657
0.9034066395310314
0.26437243301052216
0.5077459381495676
0.12811231103466958
0.025873694117124174
0.012913783341542624
0.5673591223772888
0.19050575387222615
0.5195468116550416
0.5963113731043295
0.25540157838493655
0.11335787040295638
0.3768579363671193
0.30333144903125187
0.061056440628495266
1.4384691959742257
0.8093845827251415
0.955071879008867
0.2389048159941619
0.6823580186839405
0.282944343228633
1.3609499963679952
0.3342479230425622
0.04477256443329608
0.46667986373071396
1.0041051453916872
1.0295492773888852
0.3557746847085441
0.047078883373523846
0.20928929789119022
0.9181092450165432
0.6636658129182216
0.26288671653487067
0.40886562778771923
0.3193980857926734
0.1931526495919078
2.5997347987693655
0.046417816788372146
0.37228014500078843
0.8274589719708841
0.4186159482432705
0.27403934647033734
1.9179902413697874
0.5518268852070987
1.5110905630134506
0.7859041205341583
0.07169004793527106
0.2234614637943107
0.5450347092721357
0.05741230834870301
1.125977165287668
0.3716223206064064
0.22973867380787377
0.6119525096944917
1.1175506357678529
0.3579211232364677
0.43904986737046786
0.46462753060490397
0.4894631336395453
0.7551401795036118
0.5700822934628111
0.4711841559765962
0.37579495211702085
0.13385664538472894
0.12322661504544409
1.8246571848694835
0.0643869666456422
0.08868745126128487
0.1906920124252306
0.745646628975359
0.04606492533394313
0.6282879118359659
0.5833744899154091
1.805104370245303
1.6832247364081376
0.8821821809093915
0.6008064926770113
0.4215648993505262
1.1655672769934955
0.3053988857569283
0.07733610109254309
0.6167908111206336
0.13978544704734108
0.2748871794123287
1.6020464731341308
0.47843378622179333
0.4284095634737064
0.2429663098141728
0.417484731224268
0.012840300273849817
0.298036733214854
0.165717264512088
1.0401224131091413
0.4896416015638738
0.3557849967664313
0.2680535890383577
0.3121815527310312
0.03199697933128043
0.13897652838220315
0.2547131965621961
0.17139250091038524
0.45257552956942276
1.804643030260045
0.026249625520253284
0.07671373542277204
0.4276230466949688
0.317660049696139
0.4725929404460259
1.0211484589668793
0.8595453984549576
0.6519218288815524
0.6721753977023537
0.08405338218062092
0.048037528607518476
0.4249921265007245
0.30006851219766006
0.17475578605264935
0.38127710098011774
0.042102180677886354
0.22843759197158764
0.22888625544919064
1.1304405386425616
1.0301851162822446
1.1437402987222003
0.6049558791918773
0.2557732341443548
0.48887592500840654
0.6108961768451507
0.1984712295536786
0.7159154291140419
0.7141000917470575
0.96406173383124
0.7746570046081257
0.04448450307540817
0.10811175056378448
0.2460147878612359
0.60800369564169
0.5187730551297549
0.10798603619366667
0.009968386356757276
0.051589818215034076
1.157870360588964
0.44233617459751384
0.03729489139453557
0.4415122469204177
0.045584025934746
0.1292930624075502
0.4807231147426821
0.47828008825545965
0.07958390516360546
0.7300833116306168
0.677772518509493
0.13699363197152833
0.6384472621908378
0.09475780509462954
0.14190911906848633
0.39803024038261314
0.1117104679996454
0.3431292629209001
0.08744785733095638
1.1830596241699924
0.007600767494076275
0.6715657339189832
1.575277732622099
0.1976919028422692
0.8782292200683226
0.08538656540611407
0.38897326653049435
0.5669595867876651
0.41501388524333116
0.09971258855093271
0.6411029782756483
1.141260282483107
0.35110713649238984
0.33529641671289845
0.05203184875464107
0.03897189866258433
1.2842662309902853
0.5916787504132031
0.3851083308707697
1.633355998923616
0.36533975918906747
0.7235870903181938
0.7968369013795817
1.0291287747868298
0.09081492973038773
0.8795464188971251
0.43676798889965784
0.08435599982383604
0.5596805592571548
0.05411196054987135
0.0951513811126537
0.6483140445555349
1.0943292632118855
0.8172916345542202
0.2684988988045083
0.15759447458071021
0.24058564002161664
0.6518768884674757
0.4295550721323072
1.2711171752874453
0.2756883820788838
0.17773084745154552
0.2988921059799532
1.4295908955973577
0.17182908779068684
0.43761842503613463
1.83242847658664
0.0755130555444732
0.31027045095218125
0.15416563084633983
0.7164871573260687
0.2295592256691893
0.5148252105827131
0.33613728485358146
0.05338749583203446
0.6567667685316692
0.23154304233131534
0.07026017692902962
2.7223571050742406
0.5023149235547031
0.5486893761991838
0.38782003727391634
0.43398829991204474
0.4754725189094768
0.08368169158725827
0.2627834232200482
0.1558256670876258
0.2405724016328705
0.05051469379898831
1.171710033221322
0.2552754129838869
0.2017325334371686
0.43285733269319837
0.40191439112680255
0.018330445773237242
0.24065925593802337
1.0387495344028344
0.36416906696508433
1.3658411206371457
0.5372579033583471
0.007798169773015769
0.679453703714661
1.6828037312310147
0.6830067945662245
1.426397766902289
0.5395450690651706
0.3435576687638848
0.20141677344644104
0.577674494950134
0.2670410932452379
0.43455322392174717
2.3321647491738866
1.0749402963846928
1.9732571646477572
0.1259320308383461
0.026106506668660708
0.08237815502021661
0.6890955876696532
0.2394293597640475
0.8755596848719015
1.0664434448950069
0.18700086294170745
2.3324930761619207
0.9371386461515582
0.1550271320031519
0.1421672104743429
0.011634809499348867
0.40777969800442954
0.3747175928615532
1.1990625017234842
0.17978072481315158
0.2420084314294017
0.04520578017458947
0.33686141931301267
0.3991056727707882
0.6861054329873725
0.03247284112587905
0.6122459610169
0.8298457866686229
0.4697838362213247
0.8789485529186621
0.4060737500456372
