0.6086649405571473
1.0569615470896312
0.5561310647575638
0.6563540702558975
0.09261519149874335
0.028949014327175095
0.547101506723738
0.5167643104996424
0.9032864165706062
0.8302199285603886
1.3032624147374363
0.48139080412776764
2.355731029123563
0.3838736098491997
0.46179115838377305
0.6847573011524981
0.11493955553240799
0.37583415182206154
1.026811581178037
0.29196630644851185
0.34344783868067086
0.7766666423377167
0.030716270093305194
0.15451563641257632
0.4939457790345632
0.8583537541548785
0.9132878227194214
0.9974203818077993
0.15706222120367547
0.06140898683218235
0.7626315846594754
0.13945125098239092
0.09172475002759183
1.0001436861521753
1.3536921410920615
0.36468172565939794
0.3384180088155725
0.15194739987660053
0.5824087961938365
1.8869054544818746
0.5098183165363283
1.275614377785497
0.564372089620961
0.25974006923162635
0.14221375395264452
0.2538414818679477
0.4850033202880018
0.2348901883938892
0.16945323698301706
1.1041709271469569
1.142570270424146
0.27317720288113084
0.16054985295644153
0.36661468954502097
0.6425593815356948
0.3269188968349943
0.9536107606110494
0.6254968354817722
1.302289385886036
0.28906110837518834
1.0644491392802715
0.14374568653909928
0.35474219663847506
1.1447365813162784
0.6507226101223739
0.9052822605381337
0.6077447374991484
0.47716576158283314
0.3719668805447074
1.2624630223383893
0.12045191634690594
0.23089365638196216
1.9978830304424664
1.8770105191471154
0.3365795751463968
0.03980770511269222
0.27639067483359725
0.20238274045204047
0.3635883460358576
0.16698937253715035
0.2299452502555846
0.8568031274083162
1.4397316763974728
0.27142436761477795
0.49176599146489597
0.07942824298532063
0.3193486624020252
0.33367466182774014
0.3807267299671283
0.4569003802987373
1.0255910243275879
0.08215931693759877
0.14283786715497698
1.458890510096218
0.2766591797456547
0.9315852908331549
0.1658484496931962
0.17976415020574285
0.3473506023812486
1.390813404678434
0.61274410092387
0.29429810746240365
1.044403858315001
0.08725207274505868
0.2830663628873519
0.38427880157594535
0.3271929575563185
2.834421085613267
0.06591851889116222
1.3458887041461345
0.9794267595012572
0.7631813067666048
0.30473770361862923
0.35358662510791466
1.4102581621583625
1.017409518430896
1.1308724408578685
1.503557395296892
0.08699590804345153
0.561061276424485
0.2580697032289901
0.0440270255939194
0.5222680655306841
0.38770137760321444
0.3014331069165812
0.34174836932746144
1.0847962067489065
0.645396075128447
0.5901178557136812
0.531601626415621
0.07936788982367518
0.03788608986839617
0.10242681383813151
0.3497676923154178
0.12846461770537076
0.227726538946038
0.6237430605478855
0.14115692006848485
1.5877581239233178
0.9274153942443393
0.8197419198157941
0.6130285292564877
0.3882852596436922
0.574285153286219
0.024496887434810474
0.3431818532779988
0.0905267200603564
1.541984268037364
0.08934664446243311
0.29425375758431765
0.8954047366837673
0.7487427768692796
0.03941861841506621
0.6052851150214318
0.41304479593144866
0.14852213377203852
0.7580257287820169
0.08165387911828474
0.392236327397683
0.19583987703829372
0.4574916626198486
0.19213130014414592
0.1762247200746627
0.8562577119271663
0.07926269638403224
0.7758822681485505
0.28331362947334965
0.3698066766814265
0.3238630893328843
0.07251985509322893
0.34698870383852354
0.5656636853407252
0.9849172671506363
0.653205417091288
0.7607874948978809
0.32246830527601006
0.16985016994277782
0.1450999004427998
1.0458470771678676
1.1070615121387477
0.7575736479131815
0.5378258770597725
0.8550369604709637
0.5160622677392664
0.0927576718567474
0.2514958546333831
0.566186432566791
0.06875344768474868
0.29626759488155957
0.37614958180161595
0.03853035692461362
0.09144760265342665
0.643897200299132
0.5048940171122308
1.3081933784481625
0.7812740785329934
0.48374780289888086
0.24309755497045238
0.23049195651522664
0.03720281281341695
0.3734855784517012
1.3705124486892823
0.35232740895685344
0.572917887546636
0.17103096004604687
0.3034312400120937
1.274944209689133
2.369442943896358
0.2836114840270398
0.1460013612697843
0.943019008823612
0.8989273361008282
0.04277928247408703
0.6837654076258428
0.5707120529295527
0.23037652547381532
0.4845778382313729
0.1856674923594266
0.16378687618536955
1.883297247291487
0.4788490780159715
0.22777323485226633
2.421237575816445
0.11927021361535008
0.5946076591162275
0.5262225160853177
0.03344634322620124
0.04813001674178773
0.5122826944413554
0.13299605519476426
0.06914902470660544
0.4509700355640522
0.23724753635258553
0.1524376021347946
0.7129553115769399
0.9871816442605947
0.2870592990195477
0.933606835188969
0.13067418062595224
0.2289201175422945
0.5852162217178768
0.37205656198211073
0.6115399799740209
0.3850788132397263
0.12458893566186623
0.4931583540973317
0.5343572299905675
0.12538294634174635
0.1841579344119101
0.7521778725707648
0.4851698188031153
0.1412763818216284
0.954725384240579
0.5471074033931973
0.22803229830886987
0.8890652874235748
0.4901386355854159
0.2608660428537706
0.6760573547252458
0.43009518603010266
0.1667072184975555
0.32881192348977645
0.22252574923354876
1.0938761840671585
0.8059919069990297
0.015802460930398304
0.3270188719281697
0.16436367214964012
0.15233350165611653
0.052194446082505674
1.239053740286379
0.39996675931730125
0.252515670975841
5.624594312473213
1.3342754585622671
0.7331534580242726
0.8415578124602382
0.3725945901864976
0.6682624411050795
0.09953584239703335
0.01085296686730652
0.3442296016692207
1.8138104298111255
0.31522756127265106
0.1761031789074183
1.3515215172825368
0.4083382423857135
0.6393566564662572
0.7787809739770463
0.201706806335508
0.2058775567649644
1.5874403565064068
0.13988926454067568
0.1356505449828813
1.7228040303141383
1.732444626657492
0.8058308517532239
1.1689945404558835
0.26579045809033564
0.6862639779148104
0.8728213297622441
1.1124639865261756
0.4331683395052558
1.0672807101541155
1.375727015732337
1.0308462234816773
3.000791788840815
0.008455546124635387
0.8724967645015902
0.11733213638937674
2.041422554563506
0.21464602875035782
0.2749160660556619
0.37443549778598817
0.12119792094264367
0.2717192196975301
0.2393884917368729
0.024270506439251806
1.3031721298783587
0.13382934512414538
1.2873778955746253
0.8551961121828737
0.22737738367516355
0.40290007482134604
1.0493183174506984
0.289864124438469
0.11295457817848227
0.11893367786225312
0.2110672159620116
1.4099167729176534
1.1136985028568507
0.27424593358461047
0.5584254596863583
0.2375118842154966
0.26447104424772566
0.06836762307514797
0.05989393074751282
0.32438725579908706
0.9456662415834043
0.08047049515488892
0.1428710061497817
0.06631371295337267
1.7432165281527967
0.49254156779199726
0.23394794146455336
0.813639002005915
0.24012888516481723
0.7012489274512124
0.9979097539004039
3.1832386020531978
0.5732279814800245
0.3812130592247549
0.7011420502413656
0.3837580522954592
0.7139350580268898
1.2341784629947428
0.404757946740604
1.2350262958414222
0.07882417140162434
0.20533982399163844
2.363083937742187
0.2498433945027455
0.6073331421368671
1.1155681877378831
0.037143008970377735
0.20000055771905342
0.36564788095525047
0.012622850800566873
0.06737326900317527
1.6594723917877379
1.1271908922302045
1.1691796358500994
0.5044623261329504
0.44967366530565256
0.364185373270338
0.7015757105634747
0.045464531481649695
0.08128246874377935
0.02216199682034623
0.3749909370802168
0.07600273752584892
0.4999477943981962
0.5511368361256167
0.5845179151515183
0.8642441101706921
0.6785056994979779
0.22599172074667906
1.1850056352981355
0.4637344670258468
0.2525958655007837
0.20775873324191332
0.1757824914532827
0.1097537509933113
1.4958686904743015
0.3359559726334009
0.8042476136594093
0.2443791656830461
0.6735764204951976
0.9525241955001544
0.51310587874735
0.8081545903448123
0.12019162463406209
0.7530830901162243
0.14544134294003833
0.24120264399949679
0.41323710013484805
0.8824503130661285
0.7942279710709932
0.07242786052018062
0.026555684637306433
0.059636582599696626
0.08300428026491083
1.0005505185510084
0.3597851774390994
0.7145369383856812
0.6278302694755363
0.0694689061999882
0.11705971748661527
0.0251508524432734
0.033974675411920174
0.0537619837951783
0.32256536171162636
0.2581846117637655
0.05728690318149393
0.03526267922931602
0.2119846811525174
0.6494396221090608
0.5802721285370688
0.36658903288370326
0.07214036740355421
0.17496532799027345
0.8156686549979724
0.28297885089794567
0.8460107350658557
0.7927517286467942
0.10528742073401845
0.5259751943782494
1.732161365907535
0.5425971086947781
0.37806295696129505
0.6377779909142235
1.617697490041623
1.4183787403295052
0.4652246334074372
0.25208232015363546
0.50008497777072
0.4218232031930533
0.3861859341419509
0.6594555797172952
0.5985903200525813
0.8226298860259894
0.2536372723767505
0.6091096740092103
0.47474371909911406
0.33683182581508003
0.4333633549119788
0.46972644431669747
0.3159164105975233
0.2198566439238123
1.36134639710219
0.09218552100953849
2.0487948143514414
0.7351884622341012
1.1670353449278774
0.18948772937000988
0.43856367702139604
1.2552760627699548
0.9561626561165022
4.719405395614358
0.8881249462543321
0.03425480668141016
0.9386147718257962
0.05507329234585692
0.34393102981989065
0.9066002467631021
0.4933160393209554
0.6462406125971624
1.0062497433525397
0.5197022791030852
0.1171829877583407
1.2610944074045531
0.891213142526497
0.8004109761040002
0.9669706164252186
1.4757371881446593
0.01491399028288656
0.7467516396435728
0.07064285824848686
0.5717286312120449
0.512584170245545
0.006914676773184727
0.1648477077771113
0.2335145713848037
0.18647790213881013
0.18170707969989922
0.8762538455720096
0.6351165622498222
0.6840512399899482
1.2187034363210207
1.594141107611842
0.3883633193128894
0.5263131761727741
0.15949885582342438
0.3820065842769611
0.0398292887668725
0.03444122030030646
0.18868601758800177
2.362966749961189
0.11170108624874428
0.16020649230377582
1.4688053676843082
0.1233868616547934
0.8842597103690955
1.2596025524712606
0.31669055423608194
0.2352257315470024
1.3392766138377026
0.2922801614849943
0.34850248438551756
0.5769268186567915
0.21623841153317147
0.46931010308024546
1.2493992526856204
0.4011563923726185
0.2665865650021374
0.40137585622184185
0.28804118681223456
0.25024804166705883
0.61741335206493
0.018452730834661726
0.06298339638576018
0.2825876271231098
0.06579311448943038
0.015740384238073966
2.0795877358063843
1.0678980529129152
0.9577004203238529
0.3109900175772871
0.05927359654647978
0.2426755582119214
0.610368744118176
0.1352987539962507
0.469522167497909
0.638869761350795
0.048275520908675505
0.19571817664951408
0.8474241788084763
2.674312374412834
0.41957867667390614
0.41255931803755586
0.1631191074903151
0.46380135301243974
0.12263356036561177
0.0214116637187068
0.02479433853072006
0.9535472962263425
0.34114031514711757
0.32091652310565133
2.3163774046787675
2.104221790192343
0.21262764226976327
0.4611442971903872
0.3764227328313361
0.24520551537294988
1.4801163069111605
0.10879574133260975
0.9899799805303208
2.4147324371888876
0.6999744071869406
0.2527675043896861
0.30628994826829625
0.8775054265604166
0.47991713012861015
1.0116160159531096
0.1475962159820894
0.6797820640443764
1.5118818554419773
0.2495127639386144
0.40016013855934085
0.20459377958252906
0.08980958248841615
0.1774705091901381
1.0137146458014832
0.3047028337589133
0.26431813719664465
0.33310150381196757
0.07957422223505606
0.17345113300009662
0.7450096762234749
0.2320911464496529
0.471331638912904
0.23166811039720475
0.1263923645682824
0.004590950233871594
3.29143105097837
0.3356543596799909
2.311332747825558
0.05205306035651832
0.22577431640707593
0.29401259243845107
0.38114209519382414
0.1461142754374492
0.10322475147025076
1.5414486179224245
1.0229497464194757
0.24811253380520942
0.9886521751958937
0.3144438693552699
0.24593186302594827
0.8206733296974965
0.41410502882122685
0.03773022247494701
0.7219956163903183
0.1686167889561074
0.15426851827495608
0.5695686244490152
0.11178974014892029
0.08562634647855051
0.5416897674292125
0.041367996866488614
0.05090363987139002
0.3496344848839657
0.1953461925554917
0.3188912310790865
1.3436050313267955
0.16919082602427007
0.5513956058567661
1.2936744240787315
0.4043946650203917
1.9726192813335748
0.07049265858921293
0.1262163526958052
0.13549031442279716
1.0554152757403583
0.9240605897200748
0.9420300751292997
0.1219568621518254
0.16484098717159434
0.4045294066336074
0.6068818981943964
1.7307658076375536
0.5714309770679686
0.37144690477904624
0.2921792276589872
0.884996487547338
1.478305606299439
1.65990075524824
0.17468956577808248
0.44236354082783325
0.8830093173924584
0.43847237278392887
1.0749862533026129
0.09015826213852143
0.9549950236609029
3.3321102148932233
0.9543652144870116
0.6987611504681716
0.7266134517872525
0.44032554584146766
0.6254319601988209
0.9339826563786688
0.04952103196788707
1.1694667840144288
1.509531636529172
0.05743347454671207
0.15614093780679977
1.0104610277238624
0.15359171817565137
0.09561750526201661
0.7340097618559049
0.3133439238232938
0.4539512287304745
0.3289179451690737
0.16574677774992638
0.21359158419276011
0.917381721792947
0.04102593853356899
0.10799016324354735
0.6216946054389836
0.24396482778877399
0.27069054245452
0.35279495032228775
0.4592872714236797
0.3518365207779654
0.2549620060262526
0.38455587060131025
1.1302385952138343
0.36666108398180125
0.048253451590653175
0.18531807110140852
0.36589222518522047
0.8253916639287575
1.1878885016234864
0.9374560992458625
0.11353143641393083
0.700193809183646
1.3875793399339835
0.12732714852695398
0.210840674417317
1.280538757635843
1.3954699965439432
0.7067178719836626
0.33788685610892816
0.29124725323927575
0.3952567045619345
1.610760022144104
0.12610579246448622
0.17287682827753065
0.8650020731115613
0.8133571268219342
0.04796172295394454
1.0974297074852963
0.021435447229260222
0.21960040118514335
0.5875560801781982
0.24045658246719587
0.012097245324501816
1.0751843966788952
0.1413107646786955
1.2592753096115137
0.49111422547703
0.16737377118986246
0.06645019010754274
1.6807567448238578
0.11751270668508985
0.5891183057569871
1.096332541044513
0.09334755463342215
0.08498354304082405
1.3652663964627172
1.0324948163065586
0.650097483626474
0.8202144229093935
0.10506855892868136
0.12804810209908227
1.7970268746564306
0.15829740539625478
0.8421942381219427
0.5622086271568004
0.9653558184013941
0.3412176114166239
0.1682788096914039
0.20889768335661368
0.40146101664445133
2.7202680311569463
2.0516100544679174
0.8351827423202053
0.9666353842556438
0.08118416970470999
0.29224624738143484
0.8516484531075145
0.11196183308206013
1.8466612951364605
1.610503721733163
0.863880365619789
0.6806084529654624
0.753432973919348
0.9185263757479089
0.4749003713581416
0.1342511592553779
1.0010565487916947
0.07377435821467752
0.2350786514917608
0.39100702796696285
0.28244452120012126
0.7683446349725952
0.044931301682066035
0.3150447938325459
1.0088311056423425
0.8619381739732792
0.16845872399050846
0.2750526767101357
0.14782271986254927
0.04999314736364893
0.07272802649072728
0.5052201072720021
0.18704267935445051
0.33934860622224705
0.1621852789159519
0.1733580325142034
0.5330408658161002
0.723041612423706
1.23776037910123
0.39993929685196483
0.1670676808948793
2.423881398067531
0.18497600553266227
0.11748536566144986
0.3783245572545572
0.14342601659946874
0.4506290286468916
0.1366101309447076
0.8795631576311885
0.30841236841317105
0.309346219624357
4.461387496945827
0.6087358779211779
0.26250159930713746
1.4775537584578027
0.2516312543275592
0.6501582493423449
0.9705926101975425
0.8600944483808105
0.5413173333899501
0.12462302315746593
0.6745359316949305
0.3058109306483746
0.5509086394512203
0.1277947439076833
0.3632203907384655
0.11019280365598136
0.24229750027929542
0.9353088571922882
2.184802245731084
0.6827779716467215
0.2661537398151942
1.278418871781234
0.7430362094287614
0.7189161781653431
0.570498102940181
0.3533299971357701
1.1654403776006945
0.555205700194209
1.0540641176372894
0.30350795312716755
0.40211743723700427
0.22835458822827093
0.2156950133182689
0.9176485367551996
0.5869699576708937
0.8491820385918141
0.5424658197728983
0.558877261783484
0.28339396986286164
0.11399173939173071
1.0152710154769806
1.6334738215521767
0.16021615457872246
0.19708035647537803
0.25170771764402605
1.9458982491847354
0.0677337115554233
0.054226988523087445
0.5054573249692735
0.18845592235963363
0.2558069198213331
1.5138523987718768
0.41472403928929025
3.0145228799662314
0.8890031623222382
0.08446219294312332
0.1392944455929369
1.432294780347752
1.6051612278797134
0.5628655964499809
0.07281002507146153
0.12279682748196633
0.20833528100343507
0.20865693779506317
0.7013301201914502
0.4121721675002832
0.5946879686133961
0.02232832092393034
0.6127249248198984
0.7783675954901078
0.6288521841537607
0.19528965520208208
0.7769550112657168
0.6571105171756563
0.4614607176195506
0.584404034373118
0.1296387000948073
0.364337696326903
1.011507607191442
0.061869321443203916
0.10328312401313797
0.3959700668894907
0.6351807202302922
2.0300353128311395
0.3146713507521764
1.7497657842687924
1.2693593648350234
0.3721416989696096
0.078334976431658
0.17449320502727544
0.8766534475361814
0.6068486201338799
0.9387520678076005
0.5694981470035221
0.6491214053124648
0.06808049962626835
0.6022532765056788
0.11607610369182342
0.6565797263733449
0.2513487542748406
0.09279688653409694
0.41667362455509444
0.9293250348575556
0.36827678271514924
0.8211426321847611
3.120032593382446
0.649476254985428
0.4017832169106301
0.4465082845601858
0.11000159056682944
0.10441510703363825
0.513775497205802
0.29280124907191674
0.6022068570190882
0.7331086612646021
0.10982903222981656
0.21500949303749406
0.39829842816084915
0.38674447672487733
1.3911737902804764
0.8912906139050062
0.5797498892449819
0.14734993950436226
0.9479901991543143
0.14266258180344146
0.39309304756733937
1.377544612696008
0.01489710425140129
0.45215322194113683
0.8441491363404268
0.3493990672152698
0.3871654198192546
0.30826975057374334
1.2392125367469016
0.6595496967210123
0.6230310331476501
0.3078149930421394
0.7138497910728119
0.8478470896383754
0.22115302139615242
0.07397310052509441
2.3776256006823178
0.18696698614768267
0.2308012189850896
2.3436355591564273
0.4511294340079608
0.2566072333018001
2.6425098897515285
0.9631747299996483
0.23580755903833858
1.2991405471093056
0.11408372025911287
0.3662892048415835
0.3204543942338924
1.2274443186775887
0.2942099924056529
0.6130000201437371
0.5376015352644492
0.04169525644233782
0.8322723031669322
0.14542230886671426
0.4323148954622439
0.34917001552808985
0.02240530755608874
0.016811633165102258
0.8411477564051297
0.10353278240057441
0.07872361984402079
0.4863515674236405
0.21615189014453043
0.12449808682186837
0.08350581019070276
0.10947611473185488
0.14460750115031157
1.121180513542701
0.20419332259932335
1.7838858247531793
0.8115217618545916
0.19211855181486812
0.35690768803695094
0.4707394388329898
0.04819424800785407
0.8729096056640556
1.5363498551069574
0.7863050075199365
0.20454703619001596
0.3572878321570577
0.1632206920889608
0.42626116173444967
0.20415806669154737
0.06801760155976035
0.13540413793966036
2.806309485150071
0.6290857067941573
0.25018635826136854
1.7250167814316146
0.09098946161645234
1.7947894144144778
0.8834295250927745
0.6710530900957744
0.054364993678175155
0.723194057730418
0.23765881433493075
0.6040003843163053
1.087091000908809
0.3443412126994957
2.330221165245411
0.5590170784848644
0.13427392257224735
0.647312431476875
0.8543439979306268
0.42747248838286406
0.09040124534296042
2.292946540108828
0.03374111235223312
0.41179385757781994
0.15981658994955641
0.43229036490117645
0.1715675596048482
0.1500952813646132
0.4644308844720155
0.10606759732536873
0.9724637841424252
0.09651524694254232
0.1398542673407118
0.6876368385548025
0.17380450400321146
0.07236988498687748
0.33545579483810956
0.8040143550835712
0.07315401372751311
0.2611975509235552
0.17714387880092577
0.25854624602757154
0.7600824709655544
1.073194408971733
0.15326726069811764
0.29382156356374556
0.15151834835086145
0.23060552245976607
1.9801002335543743
0.1590657165007036
0.2131156111751025
0.36718224605921523
0.46871183911918846
0.3744122955635414
0.4818734543547611
0.610597560883176
0.062163140184080486
0.34896548281856343
0.8651813067927869
0.11116182563031698
0.441757889538677
0.06079028185792517
0.2921169337125282
0.9857099205025479
0.8034228304379786
0.06619407393348166
0.7381732432613564
0.15057039779660375
0.021682663330559127
0.2868103423809954
0.027746098191275027
0.2816582428371276
0.22419165689178902
0.6615748162356326
1.5852725015602966
1.5339197923541728
0.04818425211609262
0.1794398934721863
0.47916379962032196
0.5947184143272133
0.8010239203481568
0.15075494431991193
1.4446725683793866
0.4636808137155589
0.6352424670537433
0.09998908967993406
0.02123477710382458
1.2635941273230002
1.2333868083991018
0.2163509263772548
0.7296850983156752
0.2102601806544313
0.06862824008667878
0.7873958252203854
0.16214997986178306
0.0646945751696761
0.2667370573524038
0.267537243548615
0.05889993616955228
0.45912502757443935
0.17300596124725276
0.1805039903101631
0.9551054021427795
0.007453841391403988
0.05621924530256224
2.316163939959746
0.43161367222862423
0.18864925480414632
1.5584052299894038
0.33258371107340245
0.9778298350915352
1.955134736789796
0.3639240427878958
0.26511606528797016
0.47334900400996144
0.4476820353375648
0.34335431230631375
0.33571289158760637
0.003933506796247948
0.29312399089476004
0.8009152739198176
0.2651872468868781
0.25503136400268855
0.7478957281516697
0.5503071831670863
0.37177430926452854
0.680113739564464
0.08878726794752378
0.32003355944677936
1.1175957999083217
0.21742785574763038
0.011066065049076715
0.3708895903849034
0.11533798989412213
0.39426951845742414
0.10983752962411913
0.06125077240865834
0.022298599237465324
0.5478345414728555
1.0079174088910678
0.32213560983318595
0.3117160886924928
0.1127430129960049
0.8714291428285975
0.579597226462025
0.7765966204248816
0.5440953402322852
0.4447288346069815
0.33666583987149773
0.3862478734326776
0.39475713652385175
0.35317127412795796
1.1552909036416223
0.297150103389836
0.7747383482545496
0.3520280002650717
0.0031454393699157208
1.109911388885283
1.388260086493381
1.268430255841436
0.6459414217327343
0.2231451276648855
0.7825580565514451
0.3964441939233786
0.8509797675325882
0.15816304316687108
0.6725165810141731
0.5463821520881943
0.09608683615317878
0.05047282077992073
0.2310480042665484
1.25473457353395
0.1322382158718289
0.07464913364362052
0.23879929389381843
0.5641340973944491
0.5228750276403892
0.1367142955335776
0.737092127738601
0.09871916453724147
0.410544128378482
0.06945412572114475
0.26608012959039967
2.8713226809434884
0.2943648739443225
0.27154956759757704
0.3302544060118086
0.2603375840382843
2.3122994514838573
0.31749141268934883
0.08787984975044817
0.05781534965400005
0.9521952084910371
0.16416598374608324
0.6553918851459353
0.5823343753303261
0.05484706841365566
0.6547015103119359
1.0071804276366965
0.7381018022620968
0.3596104804245127
1.0092637431389195
0.20273445286650002
0.29912326661825855
0.12892601795293987
0.5048435214548662
0.08337623222397052
0.7230882047597103
0.1791564231965945
1.5753852410430536
1.0978443352603082
0.9044571921609488
0.7306646243813218
0.9799963119847489
0.3844195689499949
0.6510136057787481
0.5188190481764037
0.18102064679979776
0.5145570976485683
1.7439896757323958
0.14594772466658554
0.20917341274515971
0.38698071616518787
0.6949079631200858
0.9270960645016921
0.5184476918373532
0.15384004302940577
0.0424313755578389
3.4479490221965907
0.23511740401704684
0.7810138942657997
2.7734572635615593
1.0802775458997564
0.4024303073025624
0.5499858120102685
1.0731819385237564
2.223833873665495
2.403744336938654
0.16708775902707765
1.0165072473311325
0.4293003956472781
0.27979169895515477
0.3367841064499136
2.4305459505735065
1.2247650768505955
0.2716444246405278
0.26731925326820344
0.7424269534014352
1.1174883538160199
0.2483457695605147
1.295524179468595
0.26835342055447525
0.0422292195772197
0.0713848079491288
0.10035636422420063
0.8877889247215217
1.0233782878908761
0.03999045950663119
0.5999663084628855
0.20667047498795427
0.9470353673466101
0.7211622382762299
0.13476719789778205
0.22811986921366648
0.5812886767070322
1.0104677245820286
0.12883891726570776
0.35453436508340885
0.9056140610392468
1.228980419962876
1.233105255222836
1.2014950808862717
0.0698425515110361
0.9640732851085536
0.8549833535552589
0.5249586787492089
3.148169362450934
0.07988618494369988
0.03485578533580618
0.08950369010258498
0.39882512051282115
0.12556480068560733
0.29746704184241946
0.3986266856206616
0.14120116122229903
1.9158320518562755
0.09359372972200734
0.4987810197868639
0.11783445069875818
0.2190855135569071
0.1547115404129451
0.9436953412458171
0.2765754557969689
0.13458220533788517
0.5755312644273026
0.08698238757122297
0.5417439517183839
1.1669633372812376
0.1355702287656116
0.3445708644453925
2.2128272747486313
0.36487521061318307
0.7709332955666567
1.0177167893970267
0.29663844703709985
0.5155006471235364
1.0850922053560692
0.17192188569197198
0.40152853395280624
0.3353705639570695
0.7601043489230258
0.5618004410110646
0.607426358506634
0.14685521112051014
0.609569811658802
0.3180333395920868
0.13810881099366393
0.17875966171467347
0.03254658969546844
0.4556079736299277
0.2836904818868114
0.20302066293829757
0.49013288746700123
0.2316459246963487
2.327649417075242
0.4273897635197096
0.34959992257839545
0.7102669846381088
0.16887800360406868
0.12125173712030547
1.2701026833817755
0.24236237190469487
0.5576866936648076
0.3958882905216144
0.6269297696620256
0.06654306062053512
0.8775624412351352
1.4373939104941746
0.10589722213598966
0.5406862607774655
0.6608348123706775
0.7763664930565035
1.964800238065355
0.08368002400022678
0.07513892143899639
0.907972866987011
0.4169016328179965
0.7810620088085316
0.5034097622503809
0.3838863640303003
0.12112023704702557
1.2524667628131576
0.9891531662835216
0.342921226107469
0.24245338328603594
0.2559152936456171
1.053557094595766
1.9496138130859735
0.09852231161500663
0.4032215670773989
1.0683785883594357
0.0208335437253303
0.3538923682084784
0.46700276328851503
0.9348583379794057
0.6750361039070443
0.9416182469093776
0.3462135063985584
0.06512778711627602
0.7516410037240125
0.07000773796328952
0.6272127472356495
0.06436373598988694
0.9744667726649288
0.044019305605197505
0.900124778441517
0.552124273916386
0.6444738964482802
2.6678063479688996
0.09685334761559167
0.6142618446086442
1.060962006770062
0.3080205477377104
0.45296202445300127
0.1426966863898354
0.6386728434155825
2.170723872755831
0.6807329782397522
0.17439889641121728
1.4208606093646678
0.7185828719420558
0.05619576057298578
0.15446822465758053
0.31494119750311245
0.6263892943222723
0.4566601693321373
0.6925635006292483
0.29788257258974116
0.1727514357572493
0.15136956103705446
0.5607899611178643
0.3198371975063782
0.3737308470676776
0.2411998468056964
0.34838501186302945
0.19276570127202408
0.19072013405007712
0.8088522177312367
1.6304101451174828
1.710089068654617
1.0455643100395948
2.5220046012643107
1.6066813427050206
0.2852044507285276
0.051908125502517
0.16454434484324926
0.6088199739679375
0.6607671085466458
0.12481482593612664
0.2648012442254609
0.8654442011423142
0.16738891599483233
0.03837539195412048
0.13442664035996307
2.395681148387235
0.17101977274497232
0.798696991754418
0.42939188169635756
0.4332206281722948
0.5665931205550009
0.4206869321170034
0.2363565925747487
0.6772657468250686
0.34338129670800616
0.5525887825320605
0.826066745091092
0.12335105039238985
0.3376101412979743
0.724644985955519
0.3659839967882532
0.9117586469176463
0.4156579286628055
0.51611262760891
0.5399774161129689
0.39059664747023337
0.2689087900400834
0.7758582488091544
2.036725274352907
0.15779381907366874
0.1435797993177417
1.0454222906315203
1.1812360076890445
0.29672513563276975
2.366951001213242
0.6624137375830729
0.4586303482741054
0.2806558168474083
0.3174668035599083
0.180012869736138
0.319285186670072
0.1599413452851902
0.18429222846140325
0.3583828927106526
1.0687439937929448
0.06775706482498155
0.49273149550208906
0.02694609403415025
0.44564507030411404
1.1121315730517205
2.191183872552517
0.10095314483553289
1.0125190351678022
1.7547320256309995
0.08415508127279953
0.3918157223750902
0.6534804375882853
0.04791406530040977
0.39061193799200106
0.5338287601791143
0.6649100604335373
0.25747862340085453
0.3431553846255398
0.29785427030773737
0.7582595732862278
0.5424040149332479
1.6633566372446733
0.7925797731158217
0.4028605069522252
0.07687622574526722
0.3428432968496937
0.07342599865624631
0.01806501707100679
0.14209333348888487
0.07672092840437743
0.3122916155299026
0.4678505353501568
0.8511581691501521
0.4026828889045185
0.4597662634777251
0.471169509878717
0.6125842154725497
0.5984928252307827
0.20124336747487906
0.12279966119347578
2.205971797962046
0.045649199712626445
0.5043963036023347
0.8459367860577658
0.6018342217558253
0.1981694421230415
0.7740222721793908
0.6575799473015465
0.6865109019436073
1.539912150517195
0.10774902633031176
0.02144581139265374
0.4824943830276978
0.24098778568104978
0.0442449253266729
0.4048089415256444
2.029368758121838
0.3208348293249023
0.990426539203652
0.15036546443703508
0.4211868006259526
0.4537922424355154
0.7072016625635682
0.2832051873677243
0.4322337435913481
0.4427009632113987
0.21042836268090043
0.9595538467435915
1.062124888314436
0.27543675077156016
1.1038378883065214
0.21339100382209478
0.23452003736512853
0.032092082131542465
0.02495785499610742
0.437222557612295
1.550210924217993
0.721121766307448
0.9400616086419475
0.7330843249341262
0.5698595143441351
1.5978735569927593
0.6660638358850303
0.23578644631400705
0.3015151023504605
1.9131466404303634
0.09694689526763253
0.07052320817011468
0.9267341223211415
0.4414438642514556
0.06686946744867207
2.073899131338382
1.027073240960544
0.3174748055823334
0.7401734980283723
0.5320565317881268
0.11774325291078533
0.5291593908995182
0.03879537033449909
0.07875687870893901
1.1594406053279422
0.8863484340090745
0.6228909572557906
1.8049109997631687
0.11220930821166504
0.23596503926171994
1.221611478938786
0.12993318477201932
0.16037735289522864
1.5882432165225875
0.6361975796761048
0.1947826526687748
1.204453696158301
0.356326799053945
0.07742575832703252
1.8719462932313329
0.7540554035745025
2.260838928883243
0.6674904611465886
0.5005848668587913
0.73516936964136
0.14324563186425687
0.02006193824529773
0.07911021774549232
1.085949469947303
0.24932634669664253
1.5196443177728947
0.7438525038524485
0.5288649581338106
0.1406967979442565
0.5451113833416945
0.8002694437433951
0.5294571891756235
0.1402562926150874
0.8955009420532297
0.18776521575068245
0.08835488127815987
0.050857996320496285
0.3994526085710715
1.8734296491864588
0.10176641050838364
0.34531640597316815
0.24220353508010697
0.574411691831948
0.042519997484255806
0.35165799272468684
0.02225676933623077
1.6968955987081176
0.9998771516665466
0.14625664009002073
0.39185608229919344
0.3735222117568548
0.17631195451513731
0.06443706741131014
0.8421137346190289
0.31978951808966616
2.1348261916906943
0.46006312139319805
0.13901682589281836
0.1124436493028717
1.6080334580017384
0.9096281298648892
1.1240751083581897
1.8924376865296848
0.5646874008941992
0.05220328423315455
1.33920555541809
0.08047896766689187
0.4336652218748831
0.08118040887304148
0.83048063569751
0.4245727833586331
0.10209880070295493
0.020287611599030194
0.028763863308367877
0.4288834507917431
0.4766896585314679
1.4497187399469789
0.3784808441324915
0.044596634305185845
0.27008752342857806
0.8986543415660224
0.22416692311422412
0.16667877951876578
0.7135644612402391
0.12200799154136228
0.062332565847970575
3.0808194312909594
0.39772624161128517
0.10939287619666936
1.6886547095787927
0.8618661515889757
0.6024088532992115
0.17453142620504986
0.21323490885202767
0.3592090717317634
1.3143517858307163
0.7959445462226706
0.2054436092571777
0.7496399128317122
1.3060260729384885
1.638500180983205
0.7325751264844647
0.32815540595293935
0.19839526968663881
0.08084734543215388
0.17248190380828757
1.063493200497155
1.5071021077522353
0.19358292983352218
0.022851251573753638
1.4427898967668003
0.6069397917312195
2.149413110940249
0.2255868465379686
0.07052544303063457
0.22864370305016504
0.7494732105768978
0.22375012317109544
0.9969778931388504
0.7877862255980712
0.7319518967129108
1.083625963181693
0.4262643530053149
0.04890390743318339
0.05342138791794639
0.6563482459730349
0.500580499690236
0.1864527663655758
0.33958832529683064
0.06155793907616211
0.1383639325302284
1.1367863202618125
0.1980733001413095
0.27291086050837515
1.5449002933197697
0.2837084149983564
0.7484128146844811
1.5661601902361082
0.13725650788930008
0.12245279824535782
0.8090751351805603
0.5134778691457133
0.3081036591413219
2.2445318140126695
0.415895908740707
0.0719102032672864
1.530042023732362
0.3130944890311076
1.8465051875297414
0.6455587186985765
0.6036585195145392
0.09291487659570472
1.365772416937185
1.7006286502668875
0.8283262075690081
1.335422514104385
0.2585967560750179
1.2167601443519829
1.2818830337078364
0.11462827066996471
0.268244447723215
2.469570097790011
0.24887406405857487
0.2818760296323698
0.26811506262502377
0.08946828210806056
0.23566348493662112
2.108432909491263
0.09471458128692892
0.35663798313790074
0.9847155855900963
0.6710585273817952
0.09621218863413175
0.02826427433716993
0.7739797650790663
0.06347438663736063
1.2941972738209238
0.6792051142821189
0.6634394708083604
0.38202940858836754
0.05010201141420769
0.24989304109747754
0.6074902056472421
0.26839489144758316
0.13953332589861128
0.11712613065349121
0.18779687978454224
0.053583077340510495
0.6728532546936965
0.09463689834334292
0.3554225332161349
0.2738573859640141
0.2797266296369277
0.10009515862763128
2.1199453669572894
0.09726443811924934
0.022376409165080064
0.3064921865385291
0.06245511233062827
0.09305347819473817
0.8068769910574846
0.6492893893167883
0.4424530355977083
0.15847006952990536
2.162700335089725
0.9792152978983371
0.9601639770621043
0.92707771194918
0.7410569577978114
0.4252631585287152
0.9506071379893752
0.442868662958997
1.4198901277473135
0.022691759435020283
2.473676011480712
0.15716122270388383
1.2864744945101694
0.428260315746514
0.9441305054047019
0.7146486434692362
0.14122202702209294
0.06021355439894144
0.081974862786
0.30973055137985295
1.2965968260546152
1.9188363082997353
0.45669098166909994
0.4787791010011597
0.12029103871463254
0.2494317975076102
1.8283513450923794
0.29091298051308767
0.1899234258696593
0.8217493793967448
0.784019831131785
1.1095752600077027
1.1290686681658493
0.032881057876328286
0.09401962403495234
2.031781941982756
0.7189889033413958
0.17069512252955032
0.6756189228373539
0.8655319941944575
0.23258902971293002
0.18146299237461583
1.3217995646146483
0.16746486842151223
0.26804689555693517
0.621272108162037
0.22490191938705195
1.8307442308560296
0.5779938758468558
1.0841449985465752
0.0920447362993951
0.34527323225529455
0.9210855809091887
1.6194167240694146
0.5952209595353658
1.5151641173346164
0.2099362979792852
0.06577712950582394
0.023187261665511112
3.157288452537262
0.4189363602614206
0.511610710767375
0.39741678976069283
0.35802688644217084
0.2849402887444187
0.656478313110031
0.14044513764062758
0.59201476451643
0.013713588611155665
0.06833609667698826
0.989534350952253
0.89714221323547
0.18547814610617788
0.12348954223238418
0.4439421954682275
0.08903530645706727
0.05159017203834798
0.07486632084137769
0.252177789875662
1.058726191568295
1.8175487024760602
0.08556068250017664
0.11738873643561787
1.3978158534851155
1.8901695335338335
0.3431404361816625
0.4763637152062238
0.007480665142248256
0.22464928138995743
1.0986025519077287
0.33922482335455784
0.31679554884831534
0.44306914664300634
0.037715915329763816
0.2996557903186506
0.4740408984485456
0.1763134458506516
0.032539721092156346
0.7293002056956822
0.10627097457095212
0.26098713272430635
0.6726051906410748
0.14723251039139368
0.03786251558675666
2.324327199834814
0.8091048547287916
1.5601580444632972
0.385722396445232
0.2802159503592724
0.12577289910392064
0.8211901605659796
0.09335534776947971
0.1845858048013381
0.6396684132687419
0.4859688167678994
0.2832778970062329
1.8544889019082216
0.19325270181166151
1.1881182262949894
1.105135016001483
0.4093595728713206
0.22097892858139537
1.506983689179517
1.0364162387892542
0.11769123469562474
0.23229579351973212
0.6505005215636341
0.9627829747389082
0.9557921887475064
0.6693712756812871
0.17509901089909563
0.886589427428417
0.6940951229969226
0.033612770000416056
1.8139524433658012
0.4983235765811765
1.1182312635524618
1.117025375609401
0.19361183117147734
0.10985053097655087
0.3241213162871806
1.0487407304863416
0.720979363668394
0.6301069451291234
0.32480416366110404
0.34459639527446545
0.3203279203158076
0.07943236436771124
0.12480789356181365
1.3257825538884054
0.3082559418531112
0.4741477137411561
1.225754604519257
0.32176903486186015
0.0843498531764375
1.4754781660752083
0.956751103641159
0.9231932006177346
1.2067742712844236
0.1874585815099598
0.14452987224406136
0.3103088708307224
0.19180473715658147
0.4111805370552667
2.004907240069224
1.2756456267458387
0.718947556167254
0.8109414934107646
0.23572431610837177
0.13254239230561493
2.06406530884844
0.22106714043538758
0.2629349328745324
0.6606573660195153
0.3466059939926055
0.9507261501846046
0.6245178303338013
0.519757682219429
0.14847633026233312
0.735851442671984
0.1396223744198426
0.29016685292659056
0.07689432489883437
0.7087047698568576
0.8605223858378612
0.21857269189940245
0.06117006833554921
0.11254345065926352
2.594149979395446
0.09941323847269197
0.15943784031477143
0.9455917508013366
0.24524905660776106
0.14092975700670882
1.1602899073937898
0.14834147008000573
0.2697910066378487
0.21029139911226719
0.015468139428044212
0.8061997224388112
0.2948961672359905
1.2988583857243647
1.2186770824185158
0.15305173605441993
0.09580438448827781
0.04245872589193427
0.3545309853112577
0.22068397567390166
0.020773776587475413
1.0986670595066703
0.021761013595227918
0.4152318461242009
3.182990084432593
1.0075125780892293
0.11026154872566547
0.893060862112921
0.23651056186217817
0.09187085852123049
0.1472238204306504
0.6183671144112695
0.04720629970376714
0.7211870956536611
0.1697079098041603
0.07160777172872973
0.1610557606580447
0.019729086008668267
0.020496083317689068
2.1145261208269623
0.39776880953610144
0.09338300930253154
1.1544100203474963
0.48809680291223
1.8280351676204014
0.9678378608448266
0.1548972335657489
1.6630350162557912
0.20509637547019927
0.7980956448594854
0.493730696919544
0.2827377766995853
0.5240946220904232
0.2961378246860928
0.03860316145429775
0.5513471050030087
0.7428812070068272
0.3907360082785879
0.14911180831150783
0.04979959918099099
0.34642462466473184
0.43978825545719713
0.1748115426882403
0.5463158604181446
0.1298737199053015
0.29103857745902667
0.5796488523987128
0.9059454745007387
0.8608213946547769
1.2339841394457187
0.664944208996477
0.28243804740330913
1.7827155776238832
0.09643496872657538
0.17627205116564892
1.5783676958233228
0.6718202633320928
0.9087967605698958
1.8116026971968209
0.08333613895847537
1.0051863513052828
0.999970698673738
0.09976070323144447
0.7587893208364559
0.6336885649369688
0.23408096925989968
2.290437874800739
0.3990024983662617
0.6510530233631759
0.8528908682404523
0.361987156636741
0.40939322359255775
0.48408589723343015
1.1485674658619298
0.0317759640225725
0.2728040611609
0.7800649222865824
1.0135422651107777
1.7905190604615053
3.5329039532866053
0.5227665472315303
0.5968102248742925
1.8599695840380523
1.273448608939723
0.15934701334950577
0.22172727966731876
1.2669947412447038
1.3353201606583267
1.3063744796485446
0.37134665278606116
0.279499239266169
0.7598297984211396
0.6473205540912286
0.2061921733139175
0.16037885316423067
0.6363308185402674
0.57236184364313
1.2254239462990366
0.6236302545412984
0.5975797136225831
0.6798762794780655
0.06624973928543929
0.10859677663672053
0.04916257514829486
0.3188627639196848
0.515902110458587
0.2724199837609689
0.390350178089915
0.26233118691375884
0.5059279739854895
2.5397548120715157
0.1954304580916237
0.317691155583295
0.31353557170854207
0.35733428143942425
0.7502051547030614
2.099672515301679
0.29341518981557096
1.8961522745064547
0.02591118047946044
0.1969189390614906
0.3714538917073074
0.18501366416166162
2.1296887096228097
0.3847777425106408
1.0670037025078296
0.8940430990008299
0.6277398034118072
0.07622874950947307
0.37685950891508946
0.2859971615184675
0.6382095885396147
0.28899136200049874
1.9016879825415247
0.5676030361794134
0.20508810658929885
0.1528393918560236
0.23859900760594838
0.6258517278172803
0.6462155835244568
0.022068831114326597
0.12916860624521606
0.12106777440611448
1.0615882668453682
0.23783378778502604
0.4237785985580598
0.18454341059066293
0.043622218587857184
1.2552306110929417
0.06279496877680138
0.4077227458658548
0.16919966653300667
0.4283347716338306
0.0010426905457604618
2.0587536360798824
0.3658089215254232
0.5430085597310674
0.1566837466992036
0.13601818466614854
0.12967557776612387
0.387401768190715
0.1494135328388435
0.2030356928787674
1.4684067025426706
0.4837249836711031
0.07198262537950251
1.7410139045197657
0.3630002877610418
0.836796375229712
0.46231412868484417
0.11668546416666453
0.14681043508072456
0.07626448900824344
0.3960701564700339
0.2812130964786117
0.06011843570118479
0.018900144149363356
0.07078315155656582
0.35011199026736123
0.02111324443899666
0.7716839308817282
0.7228262439404955
0.47082342395697346
0.39188680551448574
1.6809117432079554
0.12929588896640143
0.3995346166974915
2.7259663677733297
0.2589549818400308
0.10704356328609071
0.3433898437727811
0.06419201683715849
0.021673490838494305
0.36794512450842576
0.3850687449039647
0.4679904928821894
0.3564963351002384
0.15682853789150417
0.09052384941977792
1.9517429375580426
1.502792975261706
0.35634304312961673
0.4279185841028547
1.2400436802595054
0.18411506859739488
0.440685198215792
1.000070529372607
0.3492387369761001
0.6417226455431323
0.31676791950183825
0.21971039397739645
2.9511016469453994
0.4698655255670889
1.073442590998944
0.3773406962653739
1.0309403106876425
0.3023634377423334
1.0232089156407536
0.06743388117658465
0.056252006078166994
0.1954773708088204
0.2514745498744518
0.6032337167394997
1.6283180523208063
0.8941242868488152
1.1204362419932552
1.2070383641232205
0.11959142672999687
0.514325298865904
0.7670057501326921
0.15750657399133597
1.9350099505484428
0.9158808899616491
0.05063841661563364
0.10390181985475307
1.3110986885073184
0.07646236192563763
0.2181738384306189
0.06288484320215024
0.5249886993044524
0.3307022420075628
0.13766866759984284
0.5616400227772431
0.3033414727488859
1.4839196053031627
0.23037700360076183
1.6131301638109996
0.828113126381911
0.1789637332695207
0.604474975209835
1.1831291468613194
0.6630840408493109
0.3006429835515383
1.1687781817301512
0.6333882859651369
0.5008849497755008
0.6091870155683942
0.5474869493057758
0.1700897724732204
0.7493938685439877
0.07470139367792529
2.046271389782268
1.3230069984691417
0.19120943737343696
0.1913458837490034
1.1516215704528547
0.7775251896583185
0.6475065735146722
1.396494890354104
0.38944966006882475
0.6376011190934207
0.9554909317604423
0.5447708188929857
0.3158267734927481
1.9201620483903683
0.2638364077177765
0.5012905135788785
1.0795579102229527
0.14232129022802129
0.5544651202170323
0.4930639628685867
0.3101747127606963
0.03772143592545416
1.3932900377373831
0.03553539867021394
0.21985265890149294
1.2355226638759886
0.05453079479249087
1.455080358166917
0.14825534038780552
0.4927886917284429
0.48244579452205033
0.21617082049272882
0.17547060149123656
0.2867388274667773
0.6675158974226009
0.4549264243346728
0.996930608953903
0.3655497879268932
0.8927758381530247
0.6272291856397765
0.7252864144929041
0.1722568941758967
0.6497111042782765
0.645548291285198
0.038074742724044396
0.06203116033003274
0.3771775597422885
1.0726271763295046
0.3148994968526009
1.401205500720244
0.368399530899143
0.1712241453456361
1.1562523248057457
0.38681423260416276
0.3567598148546745
0.691688314609293
0.7242320516068738
0.3172860022387535
0.37018314238118427
0.160138478907181
0.18295456776837077
0.48570225103491566
2.06600393354563
0.16512281069512166
0.07612283180628392
0.5411594213401576
0.34661014046538846
0.1494839325815357
0.8179990628860768
0.7514969280451808
1.1580177939403278
1.1846079809017585
0.3973621439497976
0.8501817767762403
1.1197025733713108
0.1755085999360157
0.7659059068578179
0.9867376263486227
1.2368139652265069
0.02742054375562955
0.09692831557561944
0.3408982822925571
0.05454170778074306
0.6592050211072968
1.2340357028638973
0.6376858151394259
0.04966876397852089
0.2762574479896625
1.0827069786729764
2.198576256689064
0.8115929057060873
0.19478378234035912
0.36352200995460027
0.19833744545244034
1.3854866060971227
0.5392524989681353
1.0986862159557382
0.3121672042838376
0.011053617984664543
0.2515920934875297
1.0431846673020215
0.22761794718254144
1.1096861794572144
0.5179500208107298
0.10728175307746556
0.19943672311616845
0.32613230455951175
0.04070275198992286
0.01625149709527272
2.429930734975219
0.14279400846213028
0.8339016978010151
1.185377374951787
0.11585527519845006
0.390985660171353
0.0749132475715845
0.5892584086416451
0.1507169696836689
0.8906634501717889
0.28547869420184435
0.4313879764515728
0.432893957907253
0.33364259258924256
0.6402821041468513
0.6715170735672431
0.3416605102103378
0.19821051576849041
0.4079197738095197
0.08977935253987988
0.08835117751426048
1.5387278990208684
0.9110402738096928
0.2625653491437401
1.1994614785386615
2.6185139717614208
0.20136109953718578
1.008846769787439
0.5611615743558478
1.009520558067687
1.1382641146308399
0.4878082032428696
0.33345729335957647
0.3563101972360348
0.2989039135905604
0.9297632672486451
0.7477829129806001
0.5455271711169835
0.24353427005654252
0.07303978431317076
0.04808351579345588
0.15169174653928819
0.32389457110582526
0.0912888192683128
0.3199158935795482
0.6142474697170331
0.14143849477915338
0.5559367422186676
0.8982381027243141
0.2061167932782082
0.4843926221772274
0.7374127897297036
0.11348870763479445
0.8605423170962725
1.2766231803566768
0.24516801949405287
0.877746921144239
1.106385731717954
0.09066432815941575
0.06594255883453715
1.8109199268526346
0.8191379561470642
0.13097709603919538
0.9558383427726659
0.498757986660725
0.3198330785315346
0.12113419372265144
0.5975059314427021
0.0914815582017645
0.21167566317440717
0.006941014572213652
0.7015729175858059
0.5548176274150873
0.12431204417584192
0.018160678055681136
0.22814282608089256
0.12337453193216447
0.2743174057890398
0.4898379289692562
1.0118111486538397
0.3571893167480199
1.001470277420602
0.4931299161542357
0.3622357630047534
0.3837780440951249
0.03697010909433604
0.07575103877965186
0.8577465451109755
0.2978318540457425
0.6835595374065971
1.0578973657614397
0.48376937068616854
0.09410925498142454
0.22509614981748566
0.10208618373195981
0.2949495033489959
0.4405155407589828
0.8015558814943607
0.9745158353338685
1.0072305248943654
0.05614332446320872
0.18737685924422334
0.0861761872440889
0.4386261796049055
0.8254641934723204
0.9338282537584419
0.12383740345927001
0.13501227079067693
1.1241205044862372
0.5156594503284336
0.38398299955508775
0.3728604756124638
0.10977705237610177
0.18982066776031128
3.3135085016334234
0.05593251042804042
1.0490307989077452
1.289809974794658
1.0783499452495
0.08343376986967597
0.5633964859703973
0.8292165657769215
0.22604290577342437
0.7400801161515229
0.11484750883981193
2.14606562534034
0.35927350511913686
0.9137794968121751
0.9241975783692677
0.640920885987533
0.4511340435151799
0.20236874594103182
1.1120921984839478
1.3018156412896404
1.195415184391453
0.1421760700392785
0.3938302277696135
0.01918113301880349
0.8240299207468263
1.941767030903942
0.5210226980118144
0.3433865275710547
