0.921593101304766
0.243576070608839
0.16566038341242775
0.8573420392162852
0.26638716729982664
0.9208965516638118
0.16490484262509839
1.7025282876518057
1.6216249300397694
1.1691750741039901
0.9653025384021449
0.17381662692307132
1.1737626310694413
0.23051900683784973
0.08830194151180147
0.3532406237668026
0.02158432460325727
0.02168928714025586
0.6408059262028869
0.14231143563990567
0.033153865190096936
0.573518932879902
0.16429123936038817
0.10486269055456693
2.067275781084878
0.8351514141008042
0.8476514982919072
0.6648390285407675
0.00974349461536099
0.2761029516777959
1.1268880204900757
0.10863914047790675
0.9488136301136639
0.28404320808321526
0.07660651344360092
0.04967115338725636
0.622023811003793
1.2929935214523276
0.06176295803253286
0.1970311395699519
0.2909341697960538
0.21927337103334568
0.9369869634550022
0.010508458833342414
0.010745100489367445
0.053208090620456706
0.5090796340944721
0.2411597998878394
0.9370939034423815
0.267906104423561
0.4262079331033457
0.6284861942333775
0.08888640672742669
0.12268044092650436
0.5189038679784628
0.2596695394867909
0.2906888703408873
0.9797907420252675
0.08025451636191322
0.303454469417499
0.9516741731420277
0.5339432137590198
0.6425516454249752
2.159605382175595
0.07331175252875921
0.545048102759083
2.458414574267612
0.2707434690997953
0.3060935356769523
0.7504957128986681
1.3086774492141562
0.21907373471661878
0.2542390029532041
0.030218235018226493
0.4680552173649101
1.350307795841281
0.2809814517672893
0.1455102090728727
1.3362399202384578
0.1670251553780395
0.04933401486356317
1.0016028030114446
0.25856428364077166
0.10343387821300706
0.48817552208221276
0.24012104143139734
0.1579763088988992
0.46275731932926556
2.0860290905848276
0.48128158209063776
0.9778636654462315
0.08845533463185577
0.14005500037526963
0.6597529034937477
3.117481469015513
1.1555584508313197
0.9645752079110542
0.9215470182400485
1.1355638096091196
1.527170449849034
1.4553527178923413
0.6399617673305507
0.20465206778505532
0.3967412698536376
0.08570402747380416
1.4477367808261565
0.22360425444572143
2.0385327067565906
0.6145402769396897
0.5769725978191804
0.21848640870477798
0.5011169301786342
0.4667375017340368
0.1586736137970195
0.6852559917595459
0.2971267966320976
0.7880881267205715
1.2568025163299734
0.38784817909864855
1.0276795959467029
1.072749132301078
0.20077224818349124
0.5490565931274646
5.602754581720204
0.2845263836479259
0.16049080447478367
0.38467784789793746
1.3909168166131227
0.4823856602846437
0.9208927963571624
0.4633177682622674
0.08461701764174942
0.3734116736885787
0.13477940383217052
0.09124688039273886
0.8736623236191713
0.4425932409080966
0.8511802410457117
0.5203457606856267
0.7685722384633883
0.03939512452174906
0.23785266610788303
0.06074720596138986
0.046743758365401754
0.40930071249244515
0.2950420330094756
0.5541235107671719
0.4083098883895722
0.3362362094000678
0.424719316952723
1.1732226741052374
0.10684366229333785
0.09456608485043332
0.6568469393866474
0.4541435580959734
0.31463609753216004
0.1570976779065605
0.39158380994158687
0.6115858179660958
0.5108497146747332
1.38040536586761
0.2091372261962819
1.062222651657691
0.17187770071885974
0.006578887424305115
0.5422256638485291
0.29935345164431454
0.6438935400015846
2.7230956692379573
0.9125735089672264
0.23344758523485076
0.47355694174212926
0.35403755069049425
0.29545002724153197
0.8344887685743572
0.16031874956128805
0.8210272778860651
1.5194464006978392
0.9885431959596606
0.08702707771028481
1.8978257661316131
0.7187006823818283
0.44331331679521335
0.8795267388877188
0.1179950768651163
0.9729593973753007
2.5990966422663626
0.1699352781459534
0.4026299584956052
0.5551435238942481
0.02158360321316948
0.2648946474871813
0.4763894457748694
0.798167019964425
1.2940712621214185
0.2795872963239325
0.5155090512497218
0.6604112082939346
0.6301977709807757
0.09282309030380176
0.9651442149681825
1.0835058524251198
1.0770791627827203
0.3447774426792213
0.6661469152566698
0.11137829990774241
0.6556230699816691
0.4681475655801965
1.0922677012025157
0.7230912018374834
0.5073336125637831
0.4522012219912728
0.6376863025501436
0.7517970227476959
0.08569971613231409
1.519600338307084
1.1183051436211557
0.0451230976878145
0.1359978232137226
1.2526063260049056
0.4626337892251861
0.07556303226711905
1.173965654302355
0.061140751551930356
0.044057841319205295
0.6660263555174792
0.6600638499846004
2.0332403289850536
0.08295183476282064
0.0637478491964599
0.11872912269628251
0.6167229594654018
0.7639462436050857
1.5754861436189307
1.1720694698831078
0.09438993601944283
0.1286133462765953
0.2529236801702777
0.11499022257963155
0.038210558313371765
0.40014391691195733
0.3828871858525127
0.21244485124944434
0.13231561211120163
1.2897409980925403
0.6856553931733526
1.1565488563605582
2.031412991178621
0.15006054721665485
0.7389300478129776
1.0633873193113044
0.19125627075305557
0.04676015027946328
0.10306254934146783
0.011952598515499315
0.033349358203480534
0.16046478661500713
0.12444306382374645
0.4343383700148866
0.12929464829899195
0.28255600125518354
1.8643311158778506
0.19304499675052073
0.28447779899819176
0.6255387177901186
0.16083285677816606
0.020197673979514746
1.5998439217112366
0.06825704785046596
0.3004650974419386
1.1708897840709642
0.817486447131309
0.033785540362205754
0.07501184386651435
0.6008100096401966
0.0703580914270367
1.1340682396844957
0.04168554929798042
0.042477960348468055
2.0504134494119977
0.21395241141736962
0.0017944522004605457
0.8914647445033409
0.05917871067347568
0.031287928752642226
0.8056627897071513
0.5359533931704555
0.024051082538166717
1.0476304313890972
0.1269861771165371
0.26221896890521307
0.4286446200576466
0.0459890742725791
0.22546000434027808
0.565806157082727
0.36113241154778436
0.2762119062543274
0.16153430493149984
0.5907270226328737
0.018397771557305112
1.399250657821044
0.734158779952025
1.0497848031733177
0.2270133955898544
0.14607229325266563
0.9436775187703335
0.32409558387272575
0.14430531610024994
0.6073139125194699
0.6375525092901431
0.6914209284144125
0.7078621877169847
2.2262836165473074
0.4876098971680815
0.9861588052647238
0.38553073416194167
0.24150985537194558
0.9534677901117591
1.0681322933221344
0.05906964476266957
0.07156947575657109
0.8170399369846398
0.3537560564017769
0.2668979454486421
0.21306813781357783
0.6033582758000037
0.5910743071856221
0.6643798060404159
0.12263057636814127
0.049938529512679936
0.2925138913507562
0.2795409179176664
0.3899639172327882
0.6191643522250411
0.504623760348422
0.07444066802059007
0.4242953549034911
0.2607627053362985
0.08422480315763169
0.9474205843767386
0.449440294325909
0.06352900622956714
0.6998288306448924
0.5588735073580042
0.9754926509503622
0.4243289377081147
0.9220679036534223
0.24569033864356463
1.0399340713849945
0.24624530793423946
0.5751040584421799
0.559876301453675
0.030581852251558392
0.07738582419666964
0.6444484432961737
0.28330917123586447
0.03473679770394512
2.003913204184064
0.11563913277527596
0.15993612103219448
1.248003799119481
0.41916510684389724
0.6500876725618756
0.9002297758890874
0.45763104052611653
0.6639626492990091
0.8623430071854709
0.14115669606841236
0.15725529620289963
0.7056631458718251
0.2503790841753942
0.3819028351561262
1.7434789072234496
1.197387909398089
0.2778311575035593
1.9966157805536573
0.6678955422325459
0.16732510445169008
0.47536033510452047
0.08480845304303737
0.4004098161151486
0.33521237618902167
0.12696216942496574
0.2580627031996464
0.6866563376878873
0.052380922501867815
0.028908250249353628
0.6780257783577687
0.2864705701281032
0.5867929874422902
0.29105526508092866
0.4627021184989506
0.056804613823716
0.6648261766359762
0.3491678247489108
0.6367967839460527
0.5370983243774752
0.2594751952968126
0.21508040403095097
0.864222481025338
0.2489049012950204
0.35413188931164274
0.921396178732994
0.07926829144362336
1.5971134079286446
2.394745186458066
0.4191813222729007
0.3394144803174944
0.4397760400078109
0.39759241594478517
0.1664639942537567
1.9388826820808556
0.7972882501121951
0.8558394072968658
0.17252148707838272
0.11914872262085484
0.47240503220904484
1.0238920184937366
0.08741698831741451
0.04511025768575309
0.2334935312176662
0.32461818852129276
0.008731714331851995
0.26706401462493345
0.09426606825551147
0.01878533499789958
0.4060356124931826
0.511759909585919
0.3037318932667101
3.6613881187607427
0.14007600862586767
0.22577440519944877
0.6362116344070988
0.007267957658142704
0.22469097087309714
0.57029156269534
0.036761510871139165
0.002634953996399557
1.2712705187436322
0.06810306135032668
0.10223807479311005
2.3768119805622847
0.5633410226941107
0.44628719714402976
0.2097154910273943
0.44357696833385885
0.1287244679259387
0.590804174576376
0.30800878429953155
0.36523689804310194
1.5744936617650154
0.7451463424159764
2.1313096580035893
0.801319504265236
0.250270348266528
0.537706265172116
0.8785013903339514
0.39133848780514346
0.06596659075333522
0.7679347909138472
0.6550167306719726
0.07598555638841477
0.5526002732790206
0.6251351163582063
0.2016726620948815
0.5070454692338202
0.026310302451872193
0.24996380551545394
0.18301973733671456
0.3914721409868714
0.5349400149033027
1.144788399315164
0.4660749563361801
0.8737305008036532
1.6546774192481681
0.8836735513810601
0.1520729308072328
0.21894623928606974
0.16818286691499917
0.8352756537614879
0.18059703344019878
0.6638592773373538
0.6675838849065289
0.28886891915777946
0.105773111712395
0.6644512123017695
0.47426055724791294
0.9623944654088925
0.8219657848092998
1.0572630323616659
1.7541996070143624
1.4998322236778414
0.46782930003840195
0.5329676197448924
0.5191269823257909
0.6497251178489206
0.3051166495867207
0.06955045535469757
0.9712960947798422
0.332368302464162
0.20790825242838842
0.48671534783451764
0.19365024656868401
0.06145659430734556
0.049099028469689894
0.0671251057532356
0.026158179094817356
0.5547885929688539
0.3006501440201416
0.4853207319161813
0.2715870012320333
0.024739998847924393
1.025255069959825
2.051789736402196
1.7672364317897093
0.7455513613640801
0.333079302250285
0.3483211335976706
0.473197101900358
1.0275917898594773
0.20175315853251036
0.336411240464788
0.7241322894899024
0.6786889167287727
1.189726031180548
0.3330632277960764
0.11842282592082469
0.7184750377262952
0.3903649354932148
0.33112253836417416
0.24746901615339287
0.15678507347029372
0.24679963307252406
0.22128735432181598
0.23812999629421017
0.4484045034999511
0.8374257934186606
0.3490785368355545
1.077075471563783
0.2983131859978078
0.16746897791068346
0.3438452453963329
0.41640347553609924
0.38503762040639616
0.2761947088244295
0.3023672921978854
0.08366232761896174
0.3930196023679005
0.003995007441773383
0.03552876541873736
0.44422509599130905
0.3385824272906624
0.889283258620217
0.3622348645842655
0.1889080104920984
0.6276911541986364
0.5677915797822679
0.21745572370402516
0.025384091887305674
0.11657762869772768
0.057519581477841156
1.0737917725665649
0.17261353687378797
0.09358443980816011
0.5812779328584107
0.02456348650800048
0.4215555274688302
2.1993230626371747
1.1005852252204655
0.20863849202940157
2.425500340842633
0.18804795360797924
0.3325479453492814
1.2297459217156137
0.242389593867897
0.3357747746111201
0.6132458974584624
0.2866077131048737
0.1812313108492805
0.8464298890510017
0.09784750347723038
0.17517215826792767
0.3699376025530013
1.2861492426018135
0.48880529305926074
1.112544356158703
0.2952117766151136
0.10366426296334297
0.6617482920744571
0.03409095734536344
0.05571205203514825
0.20703432834984342
0.03069456957799366
0.0738071273983803
1.6864688887457584
0.5456220451418728
0.7981357667765346
0.4511368007856575
0.19290029733517594
0.7081755311178164
0.9053258521857791
0.828098448492731
0.7797052109813305
0.2834168831911061
0.04195914540499922
0.030053763112439336
1.3003589116553471
0.5830870459295517
1.084615009713576
0.35357911575073836
0.34386104217327224
0.19166663804713738
0.06960679012291424
0.16997919139774337
0.7340766808251101
0.6285587930501599
0.11782466088172315
0.7745692969108766
0.9092972228047586
1.0459887885386567
0.06798593592890416
2.3144682992557475
0.5439903346737721
1.0007170014153064
1.394795949658404
0.6030325393659649
0.5181381489278978
0.21786308099126808
0.5004248491730441
0.07610047878094796
0.3121362500681885
0.381573235769279
0.8060566345625984
0.47562879180453155
0.4988343163040121
0.1176048403829544
1.3166549883061978
0.45359700791366264
0.3442237972454507
0.04082292457263714
0.8170352710285871
1.9092218920807573
1.299570953592468
0.18083856338953194
0.7811760081768546
2.1787426866678707
1.1364464539741677
0.024050237496202716
1.6930109583951747
0.367075495408999
1.5425770190313055
0.20119528422745037
0.03394737271824979
0.02611154946493627
0.3696669762788048
1.1395506454466122
0.8084204463621425
0.4034223880335914
0.8287401511446637
0.06040671092233321
0.2231217356423608
0.7769294184320308
0.2980027016988286
0.6764962152841514
0.9934858494560298
0.23516599667837304
0.5345139047884171
1.077837038675764
1.2708969156653538
0.24881491178573636
0.08015531531602971
0.11821703122828678
0.5883879116004674
0.19724945434495283
0.1525347846702541
0.6220757431867036
1.7562825572189324
0.47155337081859255
0.5402650203380919
0.09407536630140242
0.0987597469920623
0.6374103404169557
2.0326235862858604
0.4509179815316641
0.7054023875056549
0.660810351072101
0.19349502956937809
0.8619902059408975
0.16192763925222037
0.7902352819316414
0.10041811924534368
0.5528948305639121
1.1655984535965465
1.6541751086398109
0.40296701552622
0.0546935267498741
3.4290778721274697
0.6964407168029031
1.6045400993115189
0.527347772008725
0.32091900950164487
0.10659547265262852
0.9733183264447619
1.1166173854176256
2.33852538768556
0.15821689505287662
0.10942467052290528
0.02198452822861778
1.2265335800612367
0.3085352563637351
0.09932425276190476
0.7931713030770705
0.44860712419564475
0.734123514149788
0.9631544073189416
0.177170031288466
0.390415148243259
0.3939099456320754
0.13083262663329243
0.6132618175480321
0.3335877133898345
0.24421861941472184
0.06511575463271116
1.708443977249284
1.3136226372582867
0.5147671743180308
0.9742405700826285
0.9641427131714666
0.10257080948994951
0.14226800359464528
0.9970528086502173
2.42274035763302
0.29600669618241354
0.08063154197654618
0.8757413604026519
0.10153974052308087
0.7627970605832074
0.18643545495576072
0.44856151749406825
1.385790004586422
0.2167965274920391
0.5085035245882685
0.9144440296847312
0.10582879529461192
1.5471820953974607
0.08966814719701008
0.47181989400070734
0.48522480514745436
0.4400880022086329
0.18925352285663832
1.0866041059053748
0.28606980295046985
0.6975424057806215
0.6048816680099037
0.009483066106301515
0.9142126867908454
0.5325492204784549
0.09337361941480939
0.2680543507595259
1.582578870592589
0.08108189098971066
0.6011173277092131
2.043670539024679
0.5618761594326066
0.17040875643166997
0.9784729439688277
0.04654409673699143
0.1975597999852794
0.8598812409150528
0.0668302642769159
0.1552906222257448
1.0820995698857214
0.15177435229168912
0.20324575620383886
1.2504692857448991
0.7890585146558685
0.5724780366034646
0.7774392041075288
0.17895982025996943
0.5922157056468599
0.28737609854783824
0.023871822938318545
0.03504791312408006
1.028192327986692
0.6737623850948092
0.3976176684097449
4.247504911414699
0.5824612680654077
0.23434129045924718
0.9332871023698176
0.3128121434788312
0.41717150680324183
0.28306117248465723
0.0452534637399688
0.2115166311394499
0.5649398943428128
0.05658716530976868
0.4605149213389074
0.8794824885493405
0.10646673854881905
0.1575344365836911
1.3332465929155817
0.8757621222672808
0.3041845558117668
0.7505997497924868
0.007756357549158302
0.5591616431549413
0.803725827960839
0.3923563613591913
0.46639770921032586
0.7828743157184077
0.15162711381705152
1.0849634478877803
0.6740001276381387
0.11735348657427687
0.35882401659903496
1.8361567503329397
0.12487187534160252
1.009551841549157
2.483477705171846
0.3216577878397655
0.13397365112214674
0.8406505579107706
0.2380448037401631
0.06274289098732964
0.6293511829060756
0.04726660958484804
0.28259116889341035
1.1954152249500345
0.23812642795162137
0.1054114107949791
0.7066513242526824
0.6025135723710688
2.049456675563452
1.5473583729404967
0.3678205399277238
0.995804025142361
0.4592528070238284
0.11411979802790696
1.2107698234203175
0.8468533389505819
0.15782296909440025
0.17694236523426485
1.0170715808800184
0.3647253725030373
0.18051142898196307
0.5058165207581725
0.7393017709938268
0.03743911691210831
0.33399397368566436
0.07074956811096231
0.04034776773432783
0.44615405587865403
0.009310812068530325
0.07451823097957896
0.4815525719420698
1.8137818472312803
2.9073688875868777
1.252425790971772
0.37212449620824584
0.025319687841716065
1.200602207076097
0.4575777729948635
0.010922859028044815
0.4429209330091444
0.145709498011566
0.29651626707611095
0.43792917770810635
0.09642665102686375
0.16056535366240743
0.24047953738185443
0.1928548241208118
0.46069335325511357
0.6856601202800866
0.26916973974634784
0.6029404381120551
1.0178850166587738
0.33216012857761307
0.6889448374693369
0.10359403779915219
0.4281327082380115
0.48904953001238133
2.5906092308760322
1.6104767785408456
0.8384070815315
0.09414694022849192
0.10675382708866564
1.020536224420532
1.3339325291569402
0.18785589248472911
1.8698938243220637
0.27510687936384304
0.015418663817923995
0.015154485039979381
0.6660504802831437
0.022237192252710977
0.16994707261061084
0.5613965043258239
0.33156161411030344
0.7595189075720415
0.6644271276131387
0.27607083364040685
1.8064408579927898
0.17576427650630017
0.1690426550198703
0.3339974395336929
1.3374072990730732
0.19810681710500377
0.21485341434355998
0.32099823705108044
0.180855182094836
0.2564662523480373
1.369388385972673
0.9391933697954241
0.8095782351208867
0.3646150263758532
0.49550981422712786
0.6499990502143768
0.44916512995097396
0.1601451578480761
0.04437464179290521
1.011230501108782
1.375438915271184
0.5508816095853214
1.571648587929562
0.5002026740929311
0.5037726245889468
0.5687465339931924
0.008679890472632654
0.8365203685493324
1.4552384740610755
3.1629648992809374
1.0054045585641203
0.10262330487470209
0.2434115177092676
0.220587670772957
5.641270804822073
0.363959918175119
0.30644360460313513
0.49706339993607296
0.7986660845794089
1.5131167487233204
1.6056966249929907
0.11329979129375131
0.07107496974425062
0.16532663058086872
0.2320886731699788
0.20114658454693865
0.17764676933808654
0.39409060239467286
0.3315317632120914
1.1864727247162379
0.1559302905257326
0.7124471038521432
0.5317642713017565
0.4870353972710715
0.8039277980411488
0.020093069225499822
0.23155787834845715
0.7132940671064767
0.05069647508840291
0.8035269570129154
0.7767307121413245
3.1684118219726187
0.17288985327200376
0.07211999462763061
0.8952520298765921
2.759012415728604
0.428065076937721
0.9295362159808214
0.06363332399704182
0.46305764730083654
1.14791557203055
0.3854279025763543
1.1801416617908518
1.6747166261583089
1.7652189116815329
0.13192646936962554
0.17985281131613878
0.5795948434989558
1.2903236213072888
0.35048794863695903
0.9751878347772134
0.5108111210105363
1.6362493148843233
1.3242853888831685
0.8651893084950988
0.8986912762246905
0.8097404902278674
0.7712142416819553
0.5025348489123364
1.384252989925554
0.77444130300393
0.7640832798845658
0.11924874972309706
0.1818795385539975
0.1116000258917067
0.014170629226977666
0.3801533814262312
0.05640005676995623
1.0783536890890446
0.5781321644663523
1.4892265256729584
0.37943471002270435
0.859478132312899
0.2570730496835211
1.3794815426208058
0.6717411595678966
1.2530552807185331
0.2728576220494668
0.5089481716974704
1.2280027641178168
0.062038378422235745
1.2717708293014838
1.74814684273339
0.8670321885320472
0.39298952794748754
1.771386679983395
0.8178505057335421
1.884232809278887
0.5608816784118502
0.5699489482586683
0.48300375217566227
0.9725876970496328
0.024437520178750928
0.8361010615312426
0.4309154530584507
0.1907408437709897
0.8997620351566435
0.6118453759187319
1.3764996853275024
0.8402730312854426
0.12985232254900045
0.2702416012983447
0.22965053294405272
0.6420226866558463
0.28298941973073527
0.24251906571297172
0.3750480171563042
0.6107869801370407
0.3946912435674565
1.3019692290682838
0.0740124712933872
0.5728000405602535
0.38297629471181543
0.279401006919162
0.3374138717641408
0.543029415858683
0.8259000016127593
0.05024600107530841
0.5408082956178946
0.04033349932041572
0.9495480557038779
0.17707162901247733
0.67309561616532
0.13893905226518963
0.2620765336915955
1.9839880869558282
0.5814464260671255
1.6226956328892734
0.6731369874882039
0.04624933938513873
0.33136493208094664
0.17409605415294693
0.09175248570058901
1.5457169416463827
0.9728768727983086
0.6010399561043894
0.6269370773862255
0.04371258815143047
0.1057459536344324
0.19585962490811826
0.47191406930441865
0.6031312586961635
1.2318735267393557
0.7487362738657379
0.6445597544583167
0.14757994428918775
0.32938542925683867
0.3913770240280767
0.21010607183102006
0.13119484205265514
0.06869322584433869
1.2552976558538131
0.3169855563820016
0.42604387851214853
0.36422226582384365
0.13848065263459491
0.7766627489539407
0.8024655612123385
0.32508840594143595
0.6541911132304097
1.3669713479421906
0.9000895620865247
1.1555234579030094
0.5708954672739968
0.6194090864700769
0.4045379353765142
0.6007613237406036
0.4822306270369091
0.09314383574614177
1.2152715905122986
0.4585038767980515
0.2919094058594614
0.3898852123162516
0.29296146936375633
0.8450967428654588
0.9174856698171121
0.014638460220253838
2.540400637129945
1.2884853797263107
0.48378247139955305
0.24970685163773274
0.17633808473128026
0.6698207920641658
0.380169677505019
1.6940060000682764
1.0471873461820378
0.2578727992064172
0.438339541976754
1.3660757918808408
2.397631422850418
1.254103941025864
0.5840922698346737
0.4353185767127012
0.4959777220811986
0.6904017318269822
0.5980863317815192
0.3568130423155791
2.2574071309009383
1.4841769482676102
0.372199079292616
0.554096113409982
0.29729543881269677
0.5936797540657955
0.37325682530592297
0.13316724253691803
0.8743406631949497
0.21620488213922157
0.7190160631617604
0.6322381320803779
0.0699445323560371
0.11674370837159222
0.6150018402604994
0.2184976179930906
0.17378961950739694
0.789358818963408
0.017402795817059488
0.4438456978427849
0.14746615624340798
0.5740613738752174
0.6932458029454829
0.8909118071448424
1.4380902730560923
0.9490876633886195
0.3331358644520895
0.346202206053864
0.10673338100723898
0.8626535941543815
0.818658767974166
0.3226780311629263
0.10762027712804732
0.15147628279109399
0.2760504857992943
1.1900149565236822
1.1075266646457722
0.9444405893658767
1.3397621513908102
0.5326277407067657
0.4558279544986923
0.9245158150286711
0.4965365088785816
0.2979520586994344
0.7516049854509577
1.1210654917890055
0.2725341540853019
0.7181745380268928
0.11721544022433844
1.4965471488011477
2.2252815192983912
0.5173045579621974
0.30060045267470425
0.45885292639494507
0.29993368957239336
0.500544326263923
4.362175762450716
0.18103641822310335
1.5532311968722883
1.4843800265301905
0.008403330463040353
0.09963815611907653
0.5556310419058241
0.8715643710558271
0.7329256632011184
0.27722501348198475
1.1778738370856363
0.8879837861160437
0.6787908151695365
0.12046167801166704
0.1464209915024602
0.8721696970568306
0.7691532349468458
0.011160840273537287
0.7772416905320831
1.973339581273326
0.8154269209736793
0.4578887456228899
0.5384713853069395
0.5167330077474533
0.2752487701951529
0.5915507994729721
0.26958444778576246
0.39266584492677803
0.35972538911039736
0.4110876113192373
0.03825053971516929
0.12654787515001611
0.2390516611394225
0.0645102287138328
0.28581587794263263
0.3600177974085103
0.36604788141456623
0.5217236228173229
0.20803593208021887
0.6515894760302396
0.4186465601161268
0.15278182156617465
2.004332364960502
0.0981452404271827
0.481195701085997
0.458902074524163
0.5278620001200992
0.24754854288243056
0.21300057863613162
0.7789390878259116
0.6916582880124779
0.49235209325891405
0.40592197903858385
1.5210467918758541
0.20710027178306242
0.15590582148810797
0.6971830462009997
1.2583558334509068
1.2829006750770575
0.2251429514216496
0.33376737885510066
0.1070599019453263
0.8695132536054799
0.4548753157117623
0.35416626666455286
0.7895711678079776
0.132879780563394
0.1154078258181435
0.06438717927548343
2.109029291956339
0.11392792464522088
1.95017474054071
0.13160631837795464
3.6940909077344704
0.9994753711026877
1.5630527904833953
1.9396771180715457
0.13082076562133746
1.701528879928091
0.5295239964960848
0.09234934580925565
1.134770262511902
0.7257174295271611
0.7097807190097887
0.34842117616309004
0.05000351350217156
0.0328675327004825
0.22112970726947132
0.18129457537673685
0.04421102881249313
0.16449806496219455
0.39026260065807217
0.0429793907439271
0.7066302678736737
0.3242405720981008
0.2584706278657849
0.7952086230839089
0.17151405275953574
0.16204928360392615
2.326695432186723
0.14736754940301286
1.3479321406615998
0.920931652682323
0.6924227142752851
0.019737616193486237
0.2086766807752424
0.19632842785667362
0.1706022361483445
0.9920632066117226
0.6502899028465227
0.29490319636718504
0.5069123376908943
0.8926728227507812
0.8130494176833952
0.26501398459631786
1.1108717153714252
1.7139990679787722
0.4631037525295258
1.7271521631097682
1.8273180960678963
0.9383580381999617
0.26292409112116455
0.31044208825231323
3.0540917598414214
0.5336416251507767
0.45740695176715457
0.6265231958568724
0.08764347955723957
0.05534865479996748
1.1144283552361476
0.4924809169611285
0.19596274214578357
0.7581650156492145
0.8388142870634694
1.6025636739996334
0.6699897734237429
0.011762872268550967
1.9169854258003973
2.2836058719571524
0.24414027501444696
0.1696673643635707
0.11695563218378117
0.33254967742900526
0.8003254126140774
0.3267728523767367
0.11318667738103058
0.0621487546358499
0.3841959634441315
0.571232925188346
0.7742477346921904
1.5380421999547578
0.7426311293827441
0.7250983695208916
0.20506892101013574
0.003881486862928863
0.014143675700679662
1.1454276973064967
0.87496281245092
0.19438755504823677
0.7252579858001708
0.41123966576251814
0.09955363797046854
0.5797663663020146
0.2967802305216051
1.9611804594837678
0.771316849476789
0.6208160622249653
1.5918319445890412
0.7139741256455384
0.27743870002082527
0.15079609116369952
0.7210056267657896
0.048747019540646315
0.2040790088484644
0.69704199557821
0.156869889551476
1.423513421721637
0.367498851299048
0.09817512895323313
0.370303780490668
0.9082839052223391
0.2918860428248351
0.0582542059343403
0.47272111098366654
0.19781028908908074
0.49372885462246097
0.638790437116274
0.4276342437956627
1.1818947031673823
0.5278185101173201
0.2071042085912087
0.40078047096322733
0.4704704091752121
0.33389808657363884
0.25648059345490554
1.9316844455423028
0.43014433931627216
0.05433543535094399
0.6332950320732775
1.6231222878045644
0.2980113167147144
2.459972250727715
0.24666785666903865
0.9315911986631666
1.160730106371062
0.14581745147671094
0.10894326385618096
0.9675167959429737
0.35094158513388396
0.14610370449545954
2.1045397857491843
2.0657238097736097
0.37667959992392874
0.26278673726819624
0.004414141095626419
0.5842743365653539
0.5704056374765883
0.30427645270686166
0.40718510998344026
0.052299425829916944
0.4755135352844258
1.264739651265014
0.2839638744259903
0.6440183713157135
0.3446083767657981
0.9274936379618688
0.07345878512576344
0.19089063619800176
1.0907182572510097
0.4409185249934732
0.06845046028930488
0.2829978028164416
0.043399372389868913
1.3151009417232853
1.0304063460048993
0.2894839108089586
0.3203526132073546
0.4471072702428636
0.35782465467254765
0.41948248866965904
0.32040860315560105
0.4189113948711319
0.11625839244247826
0.6350255963195537
0.16732793406018542
0.44114105987658186
0.5475915399505261
0.10177221421488067
0.1958732591642985
2.0975159463041644
0.38545962750190615
0.11566713504585294
1.0509528009230031
1.0488948687429667
0.9043009432509165
1.5998490602524025
0.6192580467428369
0.11683077420219834
0.6432093530934793
0.6004889514671323
0.9961799707653489
3.8882943540610726
0.2075232479356914
0.5618635657303747
1.7079941981796127
0.16644685830255906
0.4107789636863227
0.6924193686036587
0.055906599150386045
1.1040109942201586
0.5592703123637951
0.49115972179234424
0.12133678259639188
0.7659453981050055
0.20295739061390017
0.05555485512616489
1.1536832263636139
0.1772961525758961
0.0827486099402283
0.5118773854340974
1.0188131129463125
1.461075162512326
0.8179308035780394
0.6091582685334366
0.1436522918971544
0.39416442855818173
0.8615888409568906
0.80789545562063
1.1046940312420948
0.5385282188457562
0.4067997534775544
0.23674824315570778
0.3307110140906627
0.13444815740972163
0.4799044511754059
0.0407509013216733
0.09611965573663173
0.5996811431991249
0.3264996368400999
0.0753698550196922
0.6588272602715054
1.4533617715175386
0.556677507849796
0.44704426694241794
0.017903538447274856
0.05381270441064197
0.3263337315302473
2.8486190486047454
0.302622983819378
0.35125352827070794
0.28226892909484014
0.47456610637005703
0.555070212362803
0.6483909220801584
0.2928022489835976
0.14963103235538824
0.0016663862701521684
0.011665748817091532
2.6615067338470957
0.28483157485491806
0.2677743906973688
1.612112405209111
1.0044079848716496
0.08753987939275931
0.17498129573818766
0.614043099232402
0.30317666103016805
1.5600436895158245
0.6303545392887199
0.39813797349396235
3.3593454977965234
0.014747314228177736
0.014069907925237409
0.18556764741907858
0.049948959783494375
0.13673003160082464
0.0866826498770611
0.6463734521511485
0.16889155352843355
0.4441700928317231
0.5410094224074807
1.8167346843514787
0.4679056448792244
0.17959734234943883
0.36301104543463786
0.4326523613240949
0.09009790375651726
0.5752312517715089
0.7967460362081991
0.5277130613621785
0.19048635795230692
0.6963528316500253
0.10498846379139494
0.6035947439154915
0.12836661496537924
0.6148219110290131
0.6721720711671744
0.6888330839785658
0.10676415773548349
0.3643245043920884
1.2648627722557788
0.33595538342783565
0.06417590649752478
0.6931949621812471
0.05268656073139103
0.09953318405725314
0.6524399292129996
0.02705149757780026
0.7217387243090824
2.2996606718688564
0.1344059953887071
0.33325738753583944
0.8458621150001496
2.49580982577936
1.8491246771551633
0.5653940113544073
0.20164254431015077
0.6195676099714578
0.5612905758834316
0.02152520857345694
0.6680946677908296
0.1934273893275938
0.8040902999900105
0.06882480932301123
0.3319771094432529
0.005391686125367766
0.015385795009169576
0.9784471375277534
0.548687706010582
1.1889036730996565
0.2981969012834543
0.2531746078648338
0.08408128563671098
0.33598890752651617
0.20643129827752757
0.39876572834939894
0.47480122743090086
0.37829035177846543
0.2464317024945134
1.2378413979646787
0.052834758001537425
0.2939847843938709
0.23630612940076476
2.057244807654904
0.13629427127247334
0.37592816346344565
0.19788588798472764
0.7764096094566092
1.0893448553339156
0.11092639720667452
0.22566004891480776
0.05938848268368595
0.04908236453490734
0.21901048742504337
1.1860553010237322
0.8638590191694748
0.37935434283294467
0.9050747054873355
0.4181506336755481
0.04558407932415542
1.0720716574642408
0.16045441165842145
0.4186355993542901
0.33494558222431847
0.013299891005751805
0.17431441056198804
0.4990011538388831
0.5790015467181416
0.43338026454920453
0.8921514852108261
0.06988532561530389
0.04996874083361665
0.2343789477675759
0.4000274686380287
0.3220731663141075
0.5755522123866796
1.115397026375197
0.421823057445454
0.20095734561790976
1.1787236437401274
0.47945280885838415
0.5456605567717883
0.029078040732178907
0.13473758759560325
1.5593019067445257
0.02784883484374699
0.3907760636236394
0.4549101653928246
0.5042775263465549
0.26871587475902065
0.16128079739904297
0.14700905946128068
0.21910668087772966
1.6909988249045103
0.03709519505037256
0.21679402855510896
1.3348375013107094
0.29593757038912605
0.11069177131567207
0.7315556297624367
0.637992832064194
0.009448057577085667
0.13028770487669974
1.0691669646279138
1.5655763084286292
0.8933591835532537
0.1900538400710147
0.2811364382903263
0.3155507398063328
0.2613118068019186
0.3272839154458081
0.2691630501261429
0.15464067548073254
0.14990840612652132
0.6614586240759344
0.1920564278665256
0.13800258943316293
0.8110520058221128
0.4061891621730259
1.0254180906973165
0.48730852033833505
0.028052543821027762
0.1256424745095395
0.965388204015331
0.2723473555113772
0.29341979543551977
1.3964392816221634
0.3439148802987454
0.42387823663670315
0.5119801872903436
0.9125581357968158
1.5301318857598372
0.6916702424139622
0.1342601734520658
1.088907960057782
0.7945072176386616
0.16390228322225295
0.08147161479262409
0.3408245952565934
0.03137052051284804
0.0967547362566053
0.5659107427211507
0.11191015880737278
0.18086581753919667
0.9016949622108235
0.6816977433500225
0.12207591454065257
2.9334360461364057
0.34678888394869456
0.48410023197748875
1.507054295899926
0.06177188548516851
0.24670869921688354
0.6688606083766012
0.6215856998097254
0.1461344020621675
1.336172213826664
0.07451278521312807
0.38736858636605265
1.5891844403724453
0.09035482896615978
0.06317599389410358
0.4423621345935046
0.11725979758683769
0.43536807660636706
0.3389834002822156
0.27536404836742173
0.13324181526356518
0.5732030099667993
0.5568895811314876
0.37875091879007106
0.3348230471443233
1.0512585152667113
1.2459032458307924
0.2871071629094165
0.37617882732900454
0.01875708747143589
0.8165009184444414
0.3846204134419371
0.12666722606296535
1.2111381277376656
0.28992041164062027
1.051648577668179
0.5903722907559129
0.605861983725332
0.38425263642114993
2.062491518805339
0.4622154227838537
0.5473211157218844
0.7046121360089723
0.10103290850177137
0.46547822072142575
0.7719206740912217
0.8630426836343139
0.513999281081908
1.991270333069904
0.6472350831260695
1.013705611110705
0.6749651694602634
0.49424735953613846
0.49045772314871483
0.34621642515857065
0.5852325795953272
0.7875957492089414
1.2692427212465802
2.3043509543583043
0.643041985392741
1.771355627982209
0.6226008268586488
0.35702802030169367
1.43117767878297
0.11257585970332956
0.2630562120593927
0.8910906703395307
0.1424372138216852
0.27012385158973035
0.5408798786341023
0.2829915317831714
0.1937108928958487
0.3019693592580807
0.9718815882877386
0.33399191188656596
0.33499020694049314
0.027365941557926373
0.0717007110032082
0.32340918149854136
0.14066487416143056
0.01908336216696063
0.6156004754732313
0.04260349962316981
0.14440946867066828
2.623215767028111
0.1647450982170834
0.05632700878027477
0.04371466010165706
0.12525712706858944
0.6940298344415963
2.4206885975304497
0.004581116535370169
0.4731677827131112
2.7374329562414044
0.13038949333886382
0.15414578771659534
1.1110806616767295
0.22859562833350452
0.13409515861565255
0.989100169175523
0.2611967901049512
0.4833692989691112
0.29970084344541087
1.47420205953226
0.9238224153987783
0.3759527444301283
0.5105424735777793
0.4479528926295131
0.4982832592767091
0.8085766359257073
0.023612885812012756
0.5887618243073314
0.03430166644283143
0.34002482930368017
0.6474153605396987
1.5087386917405416
0.3234564569698562
3.4163020649385025
0.7749477154337
0.5700058503949615
1.1475401646211223
0.2386733307841897
0.35615510444648746
0.6849353294145962
0.9729160158022193
0.1262041997835989
0.6930757471722384
0.3740874471185504
0.38811189078308544
0.060320843586543695
0.5514330882489389
0.2405389215747019
1.2772526672058444
0.7242484855167707
0.25831208052219795
0.37810335480320884
0.10772524971459906
0.1934569420880071
0.5413078175937854
0.8075360294290176
0.20466070425141136
1.068662313942131
0.15098203896055323
0.1168760469394361
0.01659809839281732
0.10236778061565686
0.31587174972324145
0.688602073959443
2.124470476267194
1.9509088983332008
0.4842336074611539
0.4659542909593595
1.3916770527384732
0.15525269278621417
0.15017016471314962
0.263373404391113
0.08942950534600243
0.931068710994606
0.2795343964411946
1.766636809952339
1.0707616357957497
0.5734373277247988
0.37311201939931493
0.1358545550193993
0.8488092537480785
0.5672943021949765
1.403280214420572
0.14830561525861205
3.4573339184323615
0.6320494317303293
0.13752249023629706
0.5145379145517284
0.07352468516795518
0.09311643163478835
1.4424668249874733
0.35424187487393116
0.24812776707419773
0.30931173848733506
0.028727621935494805
0.28375593587944264
0.1774097157286851
0.7127412695708225
1.0177843925816974
0.6454108400026191
0.020917450715931287
0.10437586190542371
0.17625999403843207
0.08478488981948148
0.10783718199913328
0.570695017373847
0.3365048206100809
0.6787442333563177
0.12821611089878632
0.38956278270303757
0.1320754101042949
0.44358209399886767
0.8842299559764019
0.2531533421062755
0.46369585577730327
0.6578714626350048
0.19287544384603986
0.18295050427661136
0.9219300569989185
0.20744836691505947
0.26459628554074743
0.351762521922781
0.26681454854797637
0.1311461863074008
1.5612184912917357
0.23026054620632913
0.022217436471558917
0.1537272893837106
1.705516267817716
0.10838333347559276
0.29855261733896693
0.34082297521785654
0.6222996105450123
0.21354866062271932
0.5719240881474736
0.6768755327387139
0.107991502612129
0.20206309681032034
0.0861378906954937
0.741921859724576
0.8452705476627478
0.9104422022962139
0.8802299160403813
0.1507523978211397
0.6666890501577799
0.28942909745567147
0.02664669453901387
0.27533382358376535
0.3155344974441794
0.3735492336249496
1.8335230904167603
0.3167252569215521
0.43556702825146637
2.022544916162103
1.212432057680466
0.2983737866949106
2.3198469521413125
1.7162433743797763
0.33823321540840073
1.3917495978375327
0.23863285181981314
0.04410630740437036
1.0658916147392443
0.43445134999739304
2.2312215397921045
0.1415065150476516
0.24309558325172417
0.018957771008564855
0.8954250802988956
0.3352662544684661
0.2891283442250351
0.40043548372792237
0.14904530523764356
0.6973133845302018
0.39680291367842363
1.352315796299302
2.0600446682731097
0.22878692536164494
0.37988348321446963
0.4806680904722307
0.11081563103648483
0.07423057713838101
0.1387102253726529
0.3630151260816073
0.19856102334634051
0.6480640697714979
1.111669184149419
0.2790182032020668
1.4688401952998293
0.7461838271041923
0.14858665557798018
0.4737381001241694
1.1277864302355063
0.11179401960801705
0.2605998014617753
2.0159522864451107
1.3201387407172875
0.1496704428021547
0.3947626635198019
0.2945352972449651
0.3857332011584658
1.3878701625680103
0.07371797452893343
0.329149629538464
2.4976479432100898
0.2853275529380112
0.711000955960326
0.953555198783912
0.4011936585328772
0.5266956677428937
0.5872313283050186
0.8091183102344756
1.4277164647109069
1.1494383313812147
0.912603154642628
0.053484632526667665
1.5726341777048076
1.2831747023324216
0.4825056237416948
0.3641553097681419
0.06710162436849565
0.16322359227310707
1.3168948601126724
1.0691848728814524
0.29183843438934837
0.3677590144072004
0.5501225933434307
1.4715354559445288
0.1231829385165062
0.20911825440452247
1.1882341424481513
0.32639026223004974
0.33446133731991695
0.47743866627547293
0.8689150004234059
0.3292536961554813
0.5559369139483181
2.0066152499244976
0.8761574109070424
0.18708178246513268
0.28271786245214403
0.09193178697623239
0.03103883111762851
1.2910134138106084
0.09548378196408143
0.24902773787384183
0.2354487732511689
0.028667168117613315
0.06477953796899516
0.05393777766873923
0.715016268096173
0.3513170986058301
0.9635980399505385
0.4139794240948455
0.7171138094941112
0.0034096136011267132
0.5347559559107001
0.5289484389592823
0.4696961822441941
0.23174061226371634
0.7030620368004304
0.1289619224022206
0.39748795333859466
0.5544698160904503
0.18288734363047862
0.02325671030061831
0.842426502182927
0.8714785153355432
0.20289302597028322
0.11074695108384601
0.0973957149444501
0.06460478938035445
0.08528990316070367
0.05984220279117854
0.18740964795349607
0.030047582703969324
0.7151921752519093
0.6573893738912894
0.2553704730614344
0.43924015469164107
0.563985284241465
1.2984646712079102
1.6388630866542426
0.20669182933005106
0.1184253979975293
1.097122461413097
0.07968789443523376
0.054259990902186306
1.4366978371166292
0.08216094845257071
0.4049742977829844
0.9128524332294339
0.3907966596801013
0.7248596625410375
0.8672755825271091
1.030475272804705
0.2616172609809977
0.8950217896012991
0.03273460753518378
0.11071953131534232
0.7164091646201468
0.09776332228501895
0.11580364310190318
1.1968434360472606
0.8411499153102516
0.08092580197828127
0.9148220162408501
0.8041690094873247
0.46241668833258354
2.0616399529177043
0.13678830731644384
1.5967445781747847
1.3388224367988788
0.1971777176912597
0.6291022099734904
0.37291125632204963
0.24448748616009292
0.24198736271532814
0.3194662234015359
0.5323091349594502
0.5309006378150651
0.841918770727655
0.1005502120807729
0.2694320859821087
0.4285192467832502
0.18115562759819262
0.07176867271376565
3.7649630582177873
0.30069720606555955
0.7906962556398065
3.430875863672421
2.9291723181313785
0.7559007026030646
1.575887185135258
1.9712699261741207
1.0289211868395296
0.8908713760719488
0.1403814161299972
0.37720973955429327
0.12103439783241339
0.23566303020324314
0.21881876534316794
1.1084681872970825
0.4802313153007668
0.3410193665035462
0.7706105460064213
1.299730853314005
0.1349038704821101
0.1027683756405077
1.0784011072444983
0.7791759250778455
0.2245559239433733
0.28317296604799236
0.42861025083469856
1.862819738123821
0.18841570974964691
0.5625028276316707
1.6082920589127387
0.03717382053334167
0.232899133855154
0.39391407467058775
0.6672703359188582
0.60488620204193
0.9276447392083302
0.22426038218581226
0.10594873757414598
0.3181839598867957
0.16969083335057175
1.4386116862985514
0.1354609366227081
0.9666598923522861
1.155639097213846
1.5621592046180648
0.13897772514160128
0.06599887554445637
0.9626023640033234
0.06810259053226643
1.8588769449796176
0.7057821273522122
0.13541012796993435
0.2604912729296574
0.19151185688523104
0.33837314456425427
0.10028535253692497
1.413354901094434
0.3809152645558562
0.32440867750002456
1.1270773341471487
0.35274864176276255
0.29301335111633964
2.6339350981917966
0.18163441114104767
0.9937990351789596
2.2222936289041875
0.3183848936511704
0.1971882678325987
0.520169853611072
1.3977634965862071
0.3349474846372879
1.0874316515241689
0.20611563346199724
2.1848031531483283
1.1551980061214202
0.6763603745487007
0.2695242067377051
0.8565615756845758
0.10360909244864094
0.07388630175213588
0.44354868669982656
0.5143997583800879
0.47290538973705676
0.4604871735773268
1.2610010545092127
0.408767388908421
0.5108579700849211
0.17139790047579004
0.12076138943518476
0.909926315251325
1.162710856278842
1.4833679244524196
1.4080506751733
0.8912468322672048
0.1956588506534657
1.4474905024946816
0.08778842084785965
0.31756441809525143
0.5133098399590331
0.06892207516325467
0.11403710270340847
0.3310574456125839
0.1332064777861941
0.6144713909697046
0.15567156908063173
0.5183305786352853
0.7144489704291606
0.28818283573896364
0.6610654539149007
0.06398291511123698
1.5080950416473955
0.5559845404401493
0.2980914496351374
1.5900428536362956
0.18290108526646665
0.2926098894197195
1.3392931446029812
0.6899865816226469
0.017785135418831165
0.41228543542209095
0.25285023425331826
0.2257753488358011
0.4746000609645212
0.8637542448857451
0.22130657917594615
2.319160558979537
0.3130794155838706
0.5076398370316523
0.3390798043428844
0.46760513099364764
1.7211916830537184
0.357239445445564
0.457778149392785
0.09099421853846215
0.3616736712780418
0.10642358096583902
0.04039688067062418
0.9181146444115886
0.7554773810078748
0.721377382392032
0.33723431950540916
0.06701977918950174
0.006973260866272391
0.2974889060556357
0.13562862616622498
0.20665996420449348
0.6272547016834136
1.0151797830599218
0.6326269065363541
0.828757051419206
0.18619124715893037
0.0028790168830035673
2.9301364622696813
0.1281906210004468
0.22110115940659178
0.6884396068207506
0.04611945094169133
0.38539016679532867
2.7045676507982104
0.1431353454720022
0.183173110652783
0.18773578609726319
0.07099197011257564
0.1209345791003255
0.6044117551287149
1.0773141613862554
0.7242822033153351
0.26020498465797026
0.7523402423452819
0.2995228714205794
1.3034866330998272
0.2537198316833461
0.07652125248379048
0.28571115801354174
0.6829289174758965
0.9087892461886022
1.9775826567818173
0.05576560231138082
0.3167645187300064
0.5923110764569484
0.43559517007539206
0.5035629040875381
0.3114993609284848
0.016015173831579906
0.18402812785160175
0.14368622185317012
0.1403816983541005
0.12249366675388217
0.7190358503229441
0.7321559956529698
0.1881871114793983
0.6761915170229146
0.15312098659431547
0.20596854593425376
2.2987436475083136
0.48386928353814423
0.3817746325126726
0.7682045023489588
0.5380563854154388
1.143224251129972
2.3763488589651285
0.0850636991700786
0.32915754766521965
0.033132969504100544
0.2539987393941727
0.08991199757454052
0.912917822773725
0.25840699872066397
3.641897929968207
1.5459854870952423
0.24943350945057263
0.911145530966445
1.602847573300946
0.339607139100492
0.48408024024262414
1.3768525897554582
0.33221674205001134
0.07444820016542643
1.420124164289203
0.6772629812707215
0.4890623411319286
1.2841528975828296
0.5313135932590196
0.18640544072223875
2.4322619778308296
0.1284956412696282
0.18435942095606078
0.4965889324247339
1.7306957382857295
2.2460162367871477
0.07133065730057245
1.9621302280217336
0.4170671333110075
0.6799637960139108
0.04966785553807814
0.15466159201428403
0.2640701633116842
0.08953437162366083
0.015601371681147287
2.3540093786004013
0.06189611985542618
0.21407793808120412
1.2264072607264147
0.06270777889476434
0.39277077816446326
0.6232520981226686
0.10731364122794339
0.6989199294730947
0.2818188932854153
0.3015254430940844
0.08359447773570801
1.1195312903529295
0.4073873901124688
0.07018479776579746
1.4060407566838207
0.5222726294747198
1.6009682556500462
0.9926455395219982
0.5579154980038212
1.6269383226949277
4.024109879576468
0.4110038833429684
0.22048686500959971
0.146302920865729
0.1694772383692521
0.18485154497951864
0.2523008353337957
0.6582002143337133
0.02183157793815964
1.6207762148680416
0.5429388252348457
0.2695925355631171
0.6561116519502941
0.4678183495840023
0.4376996056977457
0.8455899424118233
0.21711687946948025
0.07463274399759628
0.4525574681941126
0.5998534363599249
0.111909418402608
2.308034922994533
0.2763732202993605
0.16657561142537997
1.9516855860963775
0.8554340269413526
0.45556168564346594
1.2303515905992288
0.3655366231353307
0.015386469182660352
0.9620823157039263
0.042115654630492806
0.10890954608877543
0.2764921758325759
0.20580794426425286
0.22793954470952885
1.0080619888419444
0.812129574205554
0.8808002801518926
2.662239232475866
0.39190393472631485
0.26031428822352515
0.43674433977706756
0.9412641759733112
0.8083796818704323
2.053806928378871
0.6460166882912701
0.5419312219557363
1.8167820436549371
0.6190147032617136
0.5504353433651566
2.5653674830537656
0.25920183182579176
0.31014313363292983
0.8121774253139624
2.0425169696994843
0.8475400178230792
0.3115373882561145
0.3111719067920841
0.12051578769700821
0.9977716342147538
0.16594922998959127
0.6437836972297551
0.3584457875325683
0.018186697705329234
0.37463658260006577
0.18477806975513733
1.221093579672683
0.30998003837387267
0.42936842434520567
0.14369950536413975
0.018959564693470213
0.7273477218361484
0.13625218618398144
0.48736565623745665
0.2035443939363826
0.5655899729618813
0.17455525922453027
1.203741508104956
0.0625856562303118
0.5456743054960639
0.5308380861017452
2.114865089566942
0.5784435438842063
1.2258918816448283
0.8525662174433787
0.16850766339464707
2.520256818755775
0.14988454995001316
0.6268288744840772
0.12389986118437683
1.0070365915360455
0.23027492172629555
0.2254176446438167
1.450708292065849
0.6400248322057589
1.1207154156096943
0.389051409839302
0.446135485768583
0.7359857635453245
0.03483966013842628
0.04288323202075703
0.07805973953786781
0.2228317563930042
0.11487067853045152
1.5064762244040715
0.05667687717333408
0.10835071074411966
0.27148522355350785
0.02541338120874313
0.09577957732266228
0.9985378851125085
