0.42628262077796497
0.08754932477396346
0.1762576727334125
0.6031291623272034
0.02293590126764931
0.34720211803130535
1.503236717595292
0.9899121854712638
0.26483889316928294
1.589209328260019
1.3482542042130137
0.15939631408681057
0.6128000996233901
0.4124506173589201
1.4606685020126973
0.023970087784540735
0.6739125825687039
0.11752478766505078
0.10594490316798992
0.8570701204059941
0.2345015365050625
1.308289009539456
0.17935337832153372
0.13856732724149626
1.0906463186282058
0.05272178606413354
0.700645677011912
1.7142486812776816
0.972302656213887
0.02376004776102724
0.4577525501651346
0.3012397226005036
0.3344106109015359
0.5624852768339326
0.21667109436738544
0.37426663406832184
2.5781287789906
0.6350526595780938
0.8410872260534966
0.4051751821333239
0.27384456155846854
1.849236323204369
0.31092346298013906
1.935143155895495
0.5989390878447283
0.9528066183720088
0.6551425645960609
0.5326204612904384
1.0083205729915183
0.5819387546599822
0.09353957290693786
0.4248927776475809
0.11406979633806882
1.1679950887786505
0.14029752154751232
0.16035658486950022
0.1569363494681389
0.31491719461389084
0.1697199893564246
0.034423641427223366
0.6151092312362955
0.1811468734909379
0.13482024254299677
0.20893308515707346
0.0391040151712092
0.05704838359767071
1.7130755026714088
0.018926165302071845
0.39211533378489466
0.5514707094147518
1.0663664670379642
1.734212185121641
0.7010378539120921
0.15539404913987767
0.09923727058051535
0.5890356754280027
0.052774478067748334
0.04664532247542633
0.802177959352032
0.022592600911826827
1.13614788602187
0.18223174502144657
0.6541778281865402
0.06946812308801542
1.2430679781394829
0.23549130566044157
0.14998529445046335
2.348707140926709
0.1703093836347035
0.3252069790988463
1.4915820508898816
0.08436432680195839
0.1344679377920978
2.76180382339846
0.4418663044407461
0.6778892597326496
0.1559778489424014
1.136728005944828
1.414273243264551
0.36471523860936034
0.08329025498684539
0.1833803888841075
1.5525348418848621
0.3946262553890519
1.0029206813896323
1.1206111526100444
0.5013640503213185
0.32260223093706936
0.5112013818946489
0.9665046883813346
0.8026400631722381
0.23544725665938906
0.037593769950290665
0.03375703542945484
0.4988442868428797
0.959113112367644
0.8781277163164922
0.7198756257164608
0.7442482492913591
0.13302257881675597
0.15128865289604482
0.478478717789511
0.6390765449354447
0.04015300361504478
0.039766582059148195
0.4176096420357152
0.19335009298394132
0.17657528656124793
0.14045628949023095
0.8457874142194679
0.4169325791353716
1.380172895027043
0.876965366082641
0.7496078805783729
0.30476969796767855
0.3918865641059236
0.016939241584828738
1.0090262710282367
0.040128824521591146
0.065642813804066
0.06385042030823884
0.44508643185754176
0.5874947391466354
0.713045615146404
1.4799903768845206
0.3135413431584188
0.2620854036743159
0.12236364516135867
0.06476958636701724
0.04310789478529437
0.4878933852468769
0.6071529050663431
0.39084702918913083
0.11887640886621421
0.4110520358853321
0.3740685765951518
1.9947738977971092
0.5034226285153065
0.30289539921581904
0.615666156699435
0.6292003582181357
0.5049781436380437
0.05066386439408341
0.5897343364674877
0.5873250154972293
1.297730249906354
0.589663443417596
0.5539839812202246
0.5308541203246279
0.7531236573612695
0.12457969744165344
1.2705974535071667
0.3772172402622928
0.21502728440209445
0.3678251720923047
1.560853113944432
0.07795451351489283
0.33267065078586017
0.043849575066698614
0.9959817322723977
0.059462174615700206
0.30760864467488785
0.23019294367440093
1.0770953939788708
0.2488599240230026
0.3008656905938227
0.9606647383800411
0.4775839269609169
0.07738973499629022
2.7928812248795345
0.16954424551615951
1.4830254968757315
0.8241993172380111
0.22545146955278586
0.18779595086454293
0.3131006019691459
0.2857519797289409
0.2759276136380883
0.80374606498753
1.2054370415242803
2.946424654140944
0.9700747710623626
0.10283596526644044
0.3399586599622596
1.5182598182767957
0.7140239233652588
0.15556962407062355
0.08287348273662265
0.36492018745408183
0.14863502575413767
0.2030645866622648
0.43685893602889303
0.05009456923379228
1.0400997166730652
1.4241325583995461
0.19601807168195082
0.13996649542841033
0.6806576741356897
0.2531722175847152
0.29247067362020357
0.14648594156295525
0.1625718397695664
1.4039647668330957
0.7042714937754416
0.9666443890572471
0.3860802268438173
0.44408376996109544
0.023493380179935037
0.45542307179836916
0.18038558271946284
0.05680039993082631
0.2847260449728578
0.008873074351778093
0.18003576270575075
0.990059424379061
0.20901117939696348
0.14519427359579937
0.989022819858111
0.4089898814623104
0.2736611848860289
1.4899585365576535
0.1492392168642691
0.4256086267853554
0.06663671491565086
0.1275936621768369
0.5468663567837202
1.4850679948676895
0.09968622213338152
1.199929376359545
0.7240426277724791
0.15467428860103086
0.22809525991291876
0.022828516983290956
0.3615571160262613
0.09414773173194457
0.42361808726747296
0.6598660159859491
0.42559379116075435
1.3370602264476332
0.15784168750120617
0.2752346437517489
1.0218191466006916
1.7149111888335775
0.4480438324083433
1.8625022910666569
0.28962563460900587
0.6275988526608361
0.10339326687267157
0.04493713624791165
0.061529648761205306
1.5249122830652515
0.37878956619657944
1.8517020689437802
0.18342126382546178
0.1317766861323086
0.7389132293121544
2.9391938454325484
0.283299397268839
0.10638279637477246
0.061277564102609344
0.0040493698968526075
0.018899263832954396
0.5760753413106033
0.35460698230862026
0.3396248658081305
0.08131160004966238
0.27750619949281674
0.18560144760689046
0.4221496873770519
0.5654696940137955
0.04525153175310767
0.22106921440256266
0.48417730819596505
0.5629199575262476
0.0828999222769719
0.12265080226353177
0.09802054637035422
2.320450445926987
0.8659370009646328
0.8266655140265625
0.18905716852349444
0.13971526901832768
0.126782378450814
0.2766609063435065
0.4808524665003328
0.4215618604971289
0.523492733937563
0.189057708556722
0.26900794329272026
1.1540944759594935
0.3938198667543387
1.0366322425667067
0.38624953020303593
0.14781176936508758
0.35246087130750253
0.5920278764873442
0.34569309295002104
0.5863285989525948
0.3187771039428048
0.09931107652381542
0.026255556942550835
0.2162587928999035
1.6746039853108656
0.03522823379463466
1.757242414427975
0.24416657464603556
0.6768971994657846
0.08169473600069659
0.25073780401126866
0.6117392938611063
0.3272706660334332
1.3096590891618285
1.0003383317984058
0.5411652432701182
0.49765120912910965
0.4417350303399253
1.7966948659809323
0.3013361249398352
0.31844032587955645
0.14660723958060493
0.20763898160735714
0.3020711200309712
1.1869817183740745
0.27725618559892173
0.6153060018369382
1.5308627673291444
0.7881553197543375
0.3334464903514309
1.7313747685882732
0.37917591299016307
0.8698808863252596
1.4623885076115857
0.6766590106234822
0.3327314092369708
1.5691209929755972
0.45479070598982924
0.2591501563844085
0.32817674545758696
0.25469540316482076
0.4285826495901078
2.506395694696417
0.23317460134617773
0.5525802529026386
2.924240382281341
0.7333116395035385
0.14986272212107035
0.7822052087080252
0.41142248579925506
0.0031627175340179373
0.6913354105383085
0.23161530027969868
0.6163417033225858
0.765371965825241
0.2809926285169493
0.17323487556107112
0.895301447388367
0.0026128497200406347
0.7428894748150382
1.6396460326197384
0.0687159396453755
0.09620855863368179
0.8820297094248811
0.3029931267859377
0.3483638189983788
1.2643376685353995
0.48204567443532065
0.9690138799807674
0.20424879707670499
1.3744858019858806
0.1535787471996676
0.004172763455631605
0.26910447717124647
0.20194526836961008
0.3626006568205268
0.28582816500669755
0.20190747234403542
1.4854976687766237
0.5461150663443132
0.01780357765381107
0.638254863157593
0.11106989758568388
0.13311702292359318
0.3684920023849672
0.1571063748047641
0.28422512361541646
1.3409893238093409
0.3745708336704668
0.028713478041894183
0.30743786699234743
0.0065289897237280625
0.07505100861804392
0.14317790621921675
0.9006228432316928
0.23414511422744813
0.2468443182929176
0.12379592690464776
0.32360517694717633
0.17025061870565908
1.2144799454440844
0.6175917628073033
0.37187533452881216
0.643231207758267
0.1966043021903577
0.18890776816741012
0.006802766963451293
0.9075587658238137
0.7770711574570219
0.6391639670891949
0.9878556988782915
0.437022660382959
0.08223464465621214
0.11354471968566328
0.21191872673564024
0.9918266648196089
0.669469156080412
1.1176902744882369
1.0302052566204087
1.9787160727101307
1.225050265287347
0.1325291241160129
0.07475829382330733
0.5915005473089056
1.0446567136547265
0.5610118572380481
0.8867559995006751
0.6332443961295019
0.06570038860743686
0.19376667264587222
0.39268093132921184
0.6125302551002318
0.4089528749449073
0.1344756158253457
0.17920824931573331
1.0419217710569326
0.2517209812908456
0.1660260572542317
0.3897912361584538
0.9978602439601981
0.3570121047899913
0.4452357792397538
0.07287657442437308
0.12761462531471618
0.5932934595164537
0.13700089907991475
0.04138908982883777
1.018651113908298
0.18673214292225282
0.1772317780136099
0.6367099430132529
1.092784945715457
0.023501159665709013
2.827754841021168
0.06988006586089479
0.4262782346204099
2.191589868562277
0.7389996412661965
0.3958123522878891
0.48015718189487405
0.5102086766748507
0.1818669708248278
1.4637297915145064
0.6260731931741854
0.16654510451608823
1.9525761127448833
0.42635028058923785
0.4779269088816887
1.2305355309412251
0.2739011779248791
0.3560673058506721
1.026753060840457
0.5032064808518386
0.3229999606789035
0.6734240847797415
0.09246332723186375
0.4325312687910597
2.750575902541729
0.05124610614409079
0.16075650640605468
0.15482360019685537
0.1367637350900967
0.11408269439675002
0.820093615914414
0.5876919515111689
0.2661566706440375
0.8580669668245449
0.5675839190825394
0.47403224372793756
0.5227823518120794
0.5169676922505291
0.47730643277479934
0.4395886735484309
0.6171425435044202
1.7422498249137819
1.8271361420437549
0.48535514676002944
0.4668051009791538
0.12238237827854012
0.029211032311207405
0.3314159285116427
0.09677054967392729
1.364869901353602
0.1384418993623941
0.3237270805797905
1.340603668191764
0.6885707117999846
0.8061467954906281
0.5801531408067971
0.5979605187917031
0.05978490793313642
0.3624550980945806
0.03897765644589615
0.8902001023112257
0.5802959666056601
0.4497422864494875
0.4435759875148592
0.15942115137945462
0.22112399315865733
1.1005663788954028
0.06328234646967014
0.6289805867012137
0.7750416007256492
0.2259799848057284
0.1799361176572989
0.22796084221157722
0.40630207792383466
0.11063760955857141
0.8096765743619616
0.3949285665172238
0.5324823108294992
0.7240392332702721
0.2757247585594893
1.3356288384353072
0.3512171867953898
0.011558001090422713
0.005845588236917739
0.08528798062572285
0.27191518594635106
0.1189926217691232
0.7494407508596881
0.9530612798717241
0.05736051494289144
2.6813916971581357
0.1273515595006934
0.7824053772088364
0.34808423600457045
0.3609927553315147
0.08201507562702576
1.3003507169502346
0.7940546346707535
0.4888483917041876
1.950762642671119
0.09335095899970275
0.2715154376008716
1.5831027294148308
0.6406134530349923
0.1984953166275345
0.4853009062195713
0.24310461479055373
0.6774939183480994
0.868189157558764
0.38501735656311126
0.756722095581625
0.19491606416561436
0.32850770202525725
0.49479798111478634
0.2284857820716426
0.5739786736740322
1.189766131807345
0.1652429671086325
1.3520237850698251
0.1985240223603373
0.2893688573896706
0.1441436770511932
0.07989859645879126
0.9788958505316806
1.0148152830195252
1.0850750966434854
0.7211879073246631
1.2049945550146604
0.1820766140496468
0.7448075533915357
0.5462541245411391
0.3221962786796782
1.6053446849473145
0.4104449391510728
0.0651105209922101
0.3936494901633109
0.45206362472658174
0.10924423082997306
0.3008894888535703
0.5325268199899127
0.3090310656501912
0.09836573884899368
0.3374187564335375
0.7679088646544111
0.2950976271829894
0.1525873834313144
0.10476934511488598
1.0223016052853475
0.6168286930733604
0.09632463060728252
2.10216670363712
0.10894888240435534
0.6073099667479143
0.9338105250296954
0.13787886228743015
0.09996568560923332
1.3614153367102817
0.2397754628080877
0.5576926904884905
0.8263027469626949
0.3622592879199988
0.3104797342514355
1.1836193511011721
0.08528345397623725
0.3097399426484084
0.8725017461548477
0.18433606568880825
0.05303770731140215
0.6358452829674596
0.06951967177669957
0.0361757606590865
0.22325419638670918
0.5130601420838904
0.7078463947168258
0.3675771513779146
0.17769109182366863
0.657798695937364
0.6100970256232067
0.7485698958312758
2.2581862244166833
2.12804861384242
0.1341423026737019
0.18627752419393098
0.2131155463893523
0.31485159846544925
0.6614767309486769
0.9974493591958329
0.49339025695040384
0.25126670240103616
0.42333929219224403
0.09019275208332818
0.17651555501095978
0.49431291907314373
0.4972280584007581
0.13828389720434522
1.9032940690941478
1.0787808235158933
0.6042806936937885
0.2837428273616527
1.5052198210882144
0.5064027511684884
0.6807117144141058
0.3478854632513068
0.08160310882475076
0.8879017523085029
0.30225920021984887
0.7783786768853868
1.0467016564462506
0.12655054076187067
1.4537072909609439
0.8866614387217604
0.024565054137293967
0.32783132122508213
1.255480074064487
0.19016573833238554
0.07996034175675641
1.629206009782335
0.6100598110097397
0.5206554039476294
0.9588430493501637
0.23012684076134554
1.7114698015810603
0.7980781140142181
0.08891280403684784
0.3450897873454493
1.1555005727338168
0.4329354261949846
2.018613947372447
0.5224925212563979
0.5883629856777081
0.35318238839379695
0.6244294692703141
0.8983993830520971
0.33299145143144865
0.4672614267452309
0.3028741800694073
0.224418340788359
1.1626073700522292
1.2312867414251392
0.3803248016195687
1.2416008145562365
0.8257017555654907
0.27478061704463247
1.2354217958899323
0.40303695071882945
0.5657876993177049
0.9205766619571726
0.26833616924238884
0.30159148746321507
1.3276921332778224
0.46578537695512245
0.020102552502825367
0.47668688946181936
0.027407483404003403
0.021220757425716597
1.336235596067071
0.033816299004298146
1.9625879717139536
1.0603804246834698
0.2704485745265577
0.5387035268831187
0.6908611870663633
0.4038830943712047
0.2437985454751012
0.4267681092333466
0.5394324728316466
1.13989103373595
0.8421575565295334
0.6733257188983582
0.035257680469733516
1.6061479256188045
0.7240605628360758
0.31461108633828605
0.2362960483989174
0.04840874282934727
0.24490129416833537
1.4638654941398666
0.07414151537801135
0.5036296679341086
0.4477965504832764
0.080282837710282
0.42131968095775263
0.7377483698389913
1.7549363285341937
0.6753398245058218
0.32361258709464613
0.2377372411151857
0.06905135583984062
0.1735533912668099
0.02634063748496824
0.08731064777912378
0.708681537001448
0.2683293773134738
0.926447642949105
0.229531871085341
0.058183164362440115
0.19139958168802243
1.969871918391887
0.322129774069479
0.22483437126376973
0.49064688640907067
0.8848235271109957
0.16662132902660617
1.8441132283843882
0.6920385718604344
0.08036089092027242
1.515489689507407
0.5095447226232362
0.4034150583812434
1.0205169991602556
0.4385345561384162
0.6574355086237776
0.4610241671146774
0.29402642059995904
0.28952035070288373
0.3312479076419838
0.275109604834785
0.43101058822998534
0.44105460157939
0.12287252685126497
0.9371307632748486
1.2064941094124169
0.9636138398384115
0.40095382227671067
0.269328926122938
0.7086058167779851
1.9807959246960758
1.2676789344343
0.059216338107441716
0.44570960830407663
0.41539759633544227
0.1374298488273232
0.09597828563705083
0.38059667498730304
0.5579443050747357
0.09074579927812121
1.0722727546841957
0.15671328025467018
0.1487142888098488
0.18794867487177144
0.9802389008137796
0.6128976659416225
0.3384580364877941
0.77976903530803
0.8614629286545757
0.5430503846209764
0.183789907949737
0.16392496741614548
1.018294234500684
0.24720346157185355
0.16956732269053898
0.19817160864728534
0.6078955696222843
0.3652121877017072
0.10941814910650484
0.2379315380670054
0.8186622219754174
0.46687585201942194
0.8846856997763429
0.4125631813508687
0.7123668283752882
0.12337064005611778
0.30451470196541003
1.0971830582078304
0.4424393943130576
0.10221562268605262
0.9520677328565297
1.544382075254721
0.2497357139207139
0.44652315300291656
0.1945392975008483
0.3975888909437828
0.12723672934284458
0.2224838661547096
0.13545152567221436
0.9739764099631699
0.07623484590920007
0.25905557609249613
0.38887147439994274
0.28420622722333605
0.4996463531177177
1.3365116230329694
0.26595230404414044
0.08036827393570403
0.7737986251982848
0.21088822222340453
0.005217966013117162
0.29006511312529504
0.2598475458118139
0.2748931451483578
0.34891597554910575
0.2456921635488724
0.18775239067287997
0.46266130331802957
0.8729024454088902
0.08190620728622468
0.6068931770880802
0.3648087268839535
0.7546537565569587
1.423693945067409
0.07935722279917247
0.48603143564908297
0.20138072495734588
0.5066779448003526
0.233853006371332
1.3591644333198305
0.6040110973909574
0.13112751467233072
0.31579258317505315
0.3753691243559067
0.605322149007699
0.9064759613750577
0.7397822195425416
0.5057450469987118
0.17957501577098095
0.09108100566432978
0.049662415253275714
0.16681074573183213
0.9998968817317202
0.7452830122109982
0.6486109254979603
0.41518548665423655
0.5237669899957508
0.09686296605502176
0.7580637250435149
0.8030288296864273
0.5705701529674454
0.24670329905410457
0.39578681451525716
0.900659024218868
0.7728914420692594
0.7321395210441006
0.33728037784035986
0.3390797504137691
0.7435375918723763
0.038415322365724945
0.05593147029962592
0.05097345042045616
0.5628191593772764
0.28946896663808175
0.5848209116192384
1.1365903430815
0.19011136708913812
0.693338185061219
0.3283585388786219
1.275040234089481
0.10410252246391868
0.10591486512432939
0.5030230770220379
0.03902783256882404
0.3777286126844679
0.3904414131556536
0.1467628443707754
0.08403858960462864
0.11635565714852823
0.1538372066872656
1.355340763896866
0.4358059934225779
0.021851597938188312
0.6795816004546995
0.07461103241066423
0.6389171412284718
1.3452211455156717
0.6229426366535673
0.5822790181415535
1.7499079006271139
2.2313642884392904
0.451863697741622
0.28191617977622274
0.8721125350251594
0.1483038671055733
0.2407009069803461
0.020482578096836512
0.0520011512011794
0.2415216849181313
0.22261107416573
0.24187913961613974
0.7000676153991137
0.3420576659136524
0.801495235136897
0.3161442011143762
0.5207835212356454
0.6278733290164493
1.2634663530476486
0.3490733635739591
3.9443272424917257
0.4938016224516615
1.6349410465081524
1.3521713524580383
2.2564737384536953
0.3982670102636393
0.32487596311857453
0.11033847579672129
0.07221542406262112
0.42216762825526255
0.5479970035724663
0.3550388722375477
0.5777919035913198
0.2520955777616586
0.19216113116234176
0.08540117775374301
0.4955927904754493
0.03419051453115105
0.04437519025738266
0.10882409673244255
0.15937829522878125
0.774014313765191
0.0978701090634919
0.5215318868917239
0.1724810677730386
0.16130146267705123
0.3677110062786821
0.2417922189027916
0.659576574198507
0.1782196295273071
0.2419175286329004
1.2160201607094072
2.129076059183278
0.06456370451317707
0.9414284873974061
0.1671218121821891
0.16235187337381457
0.023106463487620528
0.14208485620323366
0.5980562850096193
3.027766654161007
0.9724808181138358
3.801472273776109
0.2346454771743629
0.8746181042817146
0.13675434693486158
0.5355291387055484
0.4374880028882747
0.7997043210606636
1.3935062462401304
0.5122760250476266
0.9829911077107012
0.6469102856267892
0.1612901301371499
0.6279389990989056
0.2082540179039771
0.3057489063384009
0.05016253961491132
0.23694520754165846
1.5372076355019744
1.0353855959097575
1.2114460281307795
0.5500060333751003
0.2559738574672186
0.8180620155352903
0.0621985782304275
0.5310679063128924
0.9398344424968815
0.09945069894388386
0.37899389124570304
1.937722895837512
0.23004055315982644
0.466562401933703
0.25507121268034894
0.8899218070881834
0.002467141775952583
1.5061888270195118
0.044733352454278605
0.264418797954277
2.7891686675586462
0.2178781267247891
0.3815798884039903
0.5202225650779374
0.019098004914424784
0.6282727949868503
1.1525185195629357
0.21910493450048502
0.27199162900281854
2.469415612553575
0.28235793683289295
0.17771412004200918
0.36652658461049387
0.3645030882442561
0.0032753140614779175
3.723618777606102
0.2692414362535677
0.3421958884938933
1.6507225104453445
3.455700813351231
0.4448240238999737
1.8770367134534638
1.1843599355586607
0.12081131651603275
0.2220599051799708
0.31578202067893274
3.510139005837562
1.5858458082542939
1.585561972385539
0.1974547458511497
0.2629457204622047
0.058790952415341824
0.09882645835698084
0.4972942124492884
0.44903658500011717
0.4659042074472336
0.07231466336996135
0.025893686268293893
0.17640486920585394
1.262246866128719
0.007133457139027147
0.8799934979848695
0.287718056521354
1.4481458501182312
0.18093933200126985
0.6543150182206611
0.022869056077924083
0.39711489610449396
0.5319881717251899
0.1429244496211159
0.5170008721854898
0.5824431012192701
0.24184771113880005
0.5313726573180036
1.7648555402428927
1.6108359379019686
1.392195140357909
0.4019591248238033
0.2708839514702647
1.008109515982588
0.6531999896087097
1.6316282884637736
0.4784196700593503
2.0639165507068338
0.7704627844618142
1.2010012597100268
0.40444961259122314
0.03273227827938898
0.10735899706965153
1.3109587935189206
0.3708174726079674
0.8946558731034436
1.6272638099025019
2.3424177044860772
0.5550515199806046
0.34989270505934206
0.06340772962275158
0.2555121821817699
0.7882240370078633
0.26041293562269113
0.026668211262702964
0.014333283722267621
0.5004507513742624
0.19746230725956096
1.0984260739860252
1.5272515076158815
0.45216318999260036
0.7824140707500858
0.047767384414164
0.16538183457335823
0.8878380108341074
0.057043720557316775
0.09887396628245185
0.010132193659692737
0.03241660894812913
0.9037119201512783
1.3332030606834755
0.5130780139579243
0.7690158508806895
0.17229221521968957
0.25070781838434614
0.21272198986467197
1.2031874620357546
0.1502444377111705
0.3681168550265751
0.17441851141386883
0.5872011198846601
0.014614840833999547
0.5742150609624903
0.0870394765643275
0.2349305200709393
0.6114759872847532
0.21973705295096208
0.11083435395247163
0.15472801820002832
1.6094744532157668
0.4540049655366045
0.22885326823176222
0.9659695033445891
1.2816790115983017
0.908017451803961
1.5884641573603788
0.2049786994505824
1.3443549995454602
0.04902711314814438
0.349057246474607
0.46155590062194757
0.08788041389459453
0.07190318754205559
0.49592759559277744
0.6814250276071158
0.9550011450955871
0.22757819118511793
0.4615655935738335
0.11005987421486271
0.9504782871594157
0.5039430199126842
0.0788691652523059
0.11350864729117517
0.2215785672762887
0.022454025850461072
0.6265564392460801
0.28390603498939077
1.3826013501329606
0.42944554721749517
0.49177635131176456
0.4748572731146296
1.7547666095418923
0.07877929864015196
0.563168037039112
0.25618721687551804
0.7473181985712819
0.693531047370901
0.0884972887731697
0.06994373675767736
1.5174742406466155
0.5063567340119841
1.2419713009242952
0.20873144903857788
0.004404600833783787
0.291709324416935
0.3359206270775281
0.10380657395791648
0.02295948207722872
0.004861830526092059
0.5648889157519674
0.1407983099400408
0.8103436889057818
1.178236274297081
0.13419136552706074
0.4771719571563899
1.3579980813369974
0.16243661588795863
0.48603128823365976
2.2581186812334906
2.3628518444933393
0.36007107809136196
0.5097819588156698
0.48124780344336227
1.2347744751601935
2.693739094855445
0.4934747927556761
0.2882123210229504
0.584337253675948
0.26605403652377
0.35328181146691995
1.5552346316056367
0.31400804133489113
0.4294154702472629
0.8961503838733769
0.06363150258717284
0.35760019679000615
1.645046655761307
0.19505848194225264
0.19922970657747996
1.2251341419452428
1.0919498481822785
0.32530322747359286
0.03899127780991806
0.09153198726441489
0.035966981510583605
0.3255834390621229
2.755110420684671
0.1650238984371008
1.7475260606716991
1.0115006777468178
0.5340252165215931
0.6193240500693458
0.026672603506737964
0.025003156261019233
0.15334928854633026
0.0881893954928557
0.5156740566448441
1.1666909430307193
0.7777783322699999
0.27666052846615724
0.8351095895089178
0.2574861923761883
1.1102608226485693
0.23974916480157948
0.9146110509408117
0.8957082676243592
0.525197621762365
0.4515150471255999
0.31336811204898224
0.11967022603557587
0.5185585419672613
0.1859619905499049
0.4727300229156217
0.4090712006935939
0.9961541037836944
1.0887298299475903
0.13257383863677757
0.27804309374655894
0.7532826385843692
0.2700648628114975
0.9581288488898083
0.9721351349932827
0.5898212331290872
0.5013403152635525
0.020291348772847932
0.20427290627105385
0.36155869245416433
0.9191990411226502
0.3402470771425905
0.345589987695122
0.23913766971358225
0.9438436701444624
1.163538906335684
1.0765792425815506
0.5113794128595629
0.6423126685708804
0.8429215596386991
0.5571580664898417
0.5229934729821336
1.3272524768473473
0.17512283923855043
0.44705138443379544
0.11419063824114756
0.6736514835676845
0.3399008231875306
0.08372898891034615
0.015389615636375085
0.037167649431716215
0.1910397224954193
1.3995682711281947
1.27838323769928
0.6909296474177532
0.17493818027572028
0.08776606258437213
1.3894209385703462
2.9886873360429895
0.9858823917869621
0.989691238737559
0.8055319928544897
0.14591523576734233
0.15010511858691541
1.1510045381435487
0.11056684655942452
0.2893319053093413
0.16502976152632975
0.6827376282581874
1.763734046907611
0.20365094211805232
1.0775502005232191
0.8609298090795657
0.13637390186911139
0.6192585384848419
0.037527923197180915
0.006491702936548011
0.008396140146370872
0.03700657339349372
0.048177513593154524
0.025363757809912114
0.4011148923328634
0.6660516398416287
0.4962270688516407
1.043577521262461
0.3320482231147759
0.03206622527300989
0.2850248003352637
0.9942196565264158
0.26497618523956795
0.5827366715301723
0.04245518944465804
0.28776508784760596
1.2052809256651869
0.24020686021128362
0.057039489694885495
0.19594189337104015
0.46174608331689315
0.17278229926021071
0.5756642090354556
0.7685371652190952
0.13199775712512976
1.0084543160984192
1.615646774197273
0.6166629741425366
0.8632919716072421
0.6162139201622912
0.22100359789561128
0.5126584861898834
1.2863463150755572
0.3768683716716476
1.4431145660041433
0.12333228765440128
1.2361726042189325
2.2271290218787825
0.500481138836393
0.61627538481235
0.0860865234091285
0.1191570602779142
0.3087684129486456
0.7563582970857444
0.14340777314759862
0.023923696346801186
2.190500025827829
0.19208921451823613
0.19060253283342823
0.07733236057944591
0.00342942969851413
0.02557030723405145
1.175203670706583
0.9947857802004495
0.3456489947714711
0.3560838063562543
0.043974598091059906
0.15981228490871888
0.3874808252260139
0.00889872639559958
0.6365625904442167
1.5669553869564716
0.2587069623328247
0.14089147088475215
0.4774979237869697
0.0743103015886354
0.17594415675558656
0.364951936807582
0.8751348497616414
0.12405751249221905
1.5190243306191993
0.11503769498151445
0.05338211694920607
0.44445863548474523
0.04646949201856094
0.9938952459321023
0.41313636858890895
0.11836277134144672
0.531275875631732
0.9752927029695251
0.91343637903019
1.121090358870505
0.4625999712428884
0.2047630962803065
0.9920816557294083
1.1568396790481825
0.2965190387261299
0.533665451514947
0.28947229299509797
0.5661457515778846
0.516528654837082
2.190460945055287
0.798829913404818
0.2055807155335174
0.517481923164784
1.7370788629536789
0.4545733934978377
0.6900429106253025
0.2176496535398869
0.060688415002395
0.20879897985225548
0.21851243085698754
0.1974679142571942
0.15645829164531808
1.80406631962254
0.2747533598423008
2.843847783805726
1.724969810615571
0.9116798259158149
2.269445320329287
0.2198826035250117
0.6584039555780267
0.4226532215252606
0.45631703854000494
0.7595510969265091
0.12943685276961275
0.3464332829066216
0.6684896767128989
0.8239841553413464
0.11008470062832829
0.8729786284522021
0.4181424988556608
0.7305835355964647
1.2717027694088374
0.06254522770001429
0.9205806669477783
0.9712453401211326
0.17967154283074685
0.3164269395761868
0.18807631840103498
0.8966791782744794
0.7622154771412403
0.3022809332208488
0.9852928216139674
0.6554949277166053
0.15627947771972972
0.03237992479880347
0.39625062371378705
0.4342506193598316
0.06462321158039766
0.2147361055614456
0.13124861832246285
0.29800028362895326
0.9484856576581205
0.5677265370188405
0.16572184443015878
0.4717151204249338
0.021212842159756332
0.0720385716883971
0.0371680299229331
0.3334335825880297
1.0630373314400454
0.15258880296895377
0.1508442381896213
1.8012074270165574
0.45434297745177094
0.693477164166449
1.4641858936725076
0.12987811091472298
0.14007081600198223
1.8058379921232912
0.2849438555357853
0.27352839096645615
0.5233642535977981
0.6338088089243505
0.20675384483223908
0.7334243960904533
0.30689530821385974
0.42985791894592534
1.5972813572489617
1.6356743796971718
2.4264965458115344
0.5046387044041464
0.20837013034779864
0.39144299480613065
0.3645394409751827
0.264293913371721
0.47232227609588573
0.4242322523517612
0.18905965337715958
0.8390752420725188
1.4793437003522987
0.30002424521687643
0.055513905308275144
0.7685739224669735
0.08548504722269609
0.046964945685486405
1.4708813154558757
0.9036433062042972
1.9245623046909563
0.13314371359172106
2.041853516392366
1.7112088133936154
1.9977242145144447
0.39219223648122875
0.19862791710543654
1.454162415752331
0.47314868530479043
0.1744249956077895
0.11761122964538191
0.0835372516336648
0.19565554311648695
0.7697420521998248
0.36594796510669675
0.2611387928416886
0.6452328560437259
0.1735531871597356
0.14029160028384777
1.0027119212806002
0.27940100795677897
0.5411081815724904
0.1705370946129163
0.1347556338379112
0.44282714806602
0.9165661185205733
1.2221181292910117
0.16179731287735905
0.026519958955328816
0.3541034600658735
1.627936923132847
0.018848606399707528
0.6658865056305769
0.285020062771892
1.1953736888032669
0.18073694282834307
0.6394781920263325
1.6244741801734275
0.4461504374510822
0.8160308734203383
0.6200693576053726
0.15742050478294534
0.613065562062968
0.07184268688636931
0.1374441213334882
0.016425187548722867
1.899250900930779
0.5173208085706528
0.4107953741771614
0.430008655052463
0.5458875494782058
0.17086611632823676
0.7004934443035221
0.32161987003448744
0.8098819233904576
2.691763123549544
0.3562581732373278
0.14274524128055585
0.5555072356701636
0.1970383115713032
0.527142237647976
0.07819563397603536
0.10840714387140449
1.1408269479314916
0.14867468661754746
1.0374832129265126
0.9868392383762191
0.558922677102962
0.05990475260030751
0.076836598551855
0.7685526837749197
0.8718291552431923
0.18216842164324673
1.090468013916582
0.4673463847914476
1.7817694472942363
1.157066709162403
0.19069651004686705
0.24821138697585457
0.6416831002585044
1.4159491284345824
0.6895828500013634
0.2798634464891126
1.7159291770719818
0.43079941730355625
0.575264004525062
0.2825040363990092
0.015547886986052247
0.10336116492100485
0.871454591727926
0.753423594675712
0.5027847293031655
0.5315569901128053
0.18216247233011992
0.5241919742198733
0.4006311977887542
0.11331233415099623
0.08306097343436639
0.47329333031569787
0.14208164834722956
0.9781773348222089
1.2340424727790218
0.3674957685463042
0.33637481343782344
0.0955297775013372
0.038047964402409463
1.0801395849569357
0.38667858792319315
0.1483235363387199
0.6367520506290282
0.6122573046751889
0.5348541111443064
0.10991478778070597
0.1469831030566677
0.3801659503462144
2.4568537826818053
0.24241727488574735
0.06599331780809245
2.443553500876067
0.3121484993094596
0.13815915919017285
0.26416504531450846
1.1420891513937521
1.0055089641867918
0.523903565761621
0.05799517040748761
0.04786665895285672
0.18446000568028237
0.4992378525176815
0.07000092769153263
0.4411499043945587
0.17329649451883802
0.31624486371753835
0.24410363261597467
0.05426800312137465
0.09379351222362989
1.1418630090162412
0.10923471049707162
0.228107583696172
1.1056253301870969
0.37303703859046683
0.30040746033922777
0.33550758912363476
1.0589228148008543
0.19277556373325294
2.1578434246745286
0.34166186234956847
2.6425085800116817
1.3790523634807983
0.6711352661701326
0.24115062586594815
3.348098547265823
0.09081336131226385
0.09584207329341088
1.0702652063059173
0.23404815958195616
0.17913847523500354
1.1297395152614678
0.08486884812246881
0.11587854503546871
0.1402072525514936
0.05336260803144285
0.07298885708743014
0.49417795667304637
0.002563784222105256
0.8162730679768057
2.7571031258128715
0.16818120873110168
0.4604429024866483
2.1630638747365887
0.9102628696184552
0.14710768054819356
0.33467951344795166
0.07686873453248905
0.12719745739249658
2.156002962382038
0.5795321266956643
0.46643124954730436
2.1071803282201187
0.23977872734701175
0.18602905611709075
0.11878438954782847
1.1862067308423985
0.42996488238329694
0.2649985592910981
0.022903134281111574
0.07270376130904922
0.24075093148919482
0.41386830441648836
0.41457940399516047
0.5089058905972528
0.19393192350288452
0.43258914682691463
0.13554132896816662
0.6134366981449937
0.2678484626424022
0.7857131280409473
0.0685419733961123
0.042621052188912406
0.6513974786865516
0.44068390772462224
0.32430905216447636
0.042038752283507154
0.16447756826651297
0.6931315511567934
1.5372639885755741
0.06142954246249985
0.028616952433475975
2.0059583945549955
1.1747282434453024
0.3100878734408125
0.12954225884144133
0.08997816976001265
0.36808769125605983
0.5554672767149196
1.2922005878760006
0.47369194587197816
1.0595022347745788
0.25587880357908427
0.5762899324139018
1.2237426318336884
0.5851944840921259
2.1394573412128968
0.2990624339961635
0.5005356722111753
0.27655390049703843
0.562775482195397
0.07418355274626509
0.29264373647323894
0.10438186919397355
0.1389201838397252
0.028920361348484438
0.12874075952263705
1.0158425835663647
0.008984556105211086
1.7595358017214207
0.11680614220433885
0.07698889252854095
0.6187766802298209
0.30810134917648113
0.537453386514512
0.3311566355942221
0.34463211993411413
1.1260587942963902
0.5773992027484626
1.0126904706759021
0.15696542460090976
1.405465252679747
0.07773615842245271
0.7188228247800517
1.9067567294655672
0.3125122105775385
1.3469882741431591
2.8144719101077653
0.4150128262872316
0.7869453843830846
1.156136295951905
0.4025429736076923
0.722982555516401
0.13071838858188736
0.13814829249657534
0.11879918433455601
0.42863646150447293
0.3094757427992248
0.15468998747623453
0.8765166847087741
0.11989321664415171
0.03481225686346905
0.3735741145044358
1.0849839584403485
1.3935139108083352
0.20948685455569843
0.2258166968098391
0.2507277276483431
0.8954791013369768
0.2168613039734487
0.5360227239090583
0.10782477178159001
0.4604938295956462
1.0681013129274082
0.3456250467955453
3.4121951343231474
0.6912964218314178
1.269846781138455
0.4010280507756452
0.3585887861930702
1.6118444474172982
0.5765253985374498
0.5796034236362729
0.22301754122942796
0.6190282002624848
0.140920742215611
2.5304207553445752
0.35077610963320904
0.601497261097392
3.088287140972293
0.22650767922614012
0.3473786243680292
0.3351932268446122
0.14186030171159675
0.3700645283073795
1.5722103623070174
1.5735464590876507
0.7868264089566765
0.36123584980973134
0.04432864890612766
0.696903979444375
0.5244336091409731
0.4011515166899201
0.02132991021380854
1.7522408578975548
0.5043508350647953
0.5406022799490476
0.5561505665500661
0.04135719438032113
1.3257481316469564
1.2029088172231712
1.043553880559437
0.46196510726823614
0.6372925755555837
0.029093879197725176
0.1530341362861403
0.8062231129855532
0.4518850882616867
1.717313504267691
0.26613268699121817
0.0497021877629061
0.522170871817376
0.09552116998163958
1.021527778507136
0.9163214101003784
0.8976957545844987
0.038611843626957895
0.747897782076459
1.1087796713811244
0.40208891238806116
0.32980317519282587
0.31499771599085424
1.2239430116100414
1.0203792283415185
0.5601054261441478
0.15090159942243345
1.2605832102460455
0.33216696404018103
0.2572843497914595
0.04103283577927785
1.2704939659052858
0.07683696437600844
0.7899598253214738
0.17422933821823777
0.49821433826848277
0.0778807786066438
1.417569468884699
0.7099209564068377
0.7963815692109233
1.1230739075690086
0.6012146392845507
0.27581015559881017
0.3542130288887045
0.7413184027804568
0.447285494192281
0.7504414991108018
2.5610164100922788
0.15184315578982355
0.6383631565625912
1.5148994203534405
1.2187654249765874
0.9420322180058249
0.22237320404164626
0.4361701762371961
0.4944863954881565
0.4355864419442655
0.008916646232035091
1.4072934643421666
0.1892406151683762
0.35784008973084025
0.7094853745830363
1.8098667008905704
0.17578822738593686
0.20009479731622118
1.0129008208114163
0.2607644094573943
0.23479935074074582
0.011344911060627131
0.5188837899276728
0.47928924180584687
0.2801789136653084
1.0576066746947452
0.681673244890228
0.6701647242506548
0.43590712039928187
0.6458094557774895
0.885648903291437
0.06924440174094847
3.198768295826067
1.6281161802306758
1.0982157211181212
0.8290422252184168
1.1960455452620644
0.07695960078216889
1.044479388652319
0.4432177280747178
0.424240778395289
2.8344259001513983
0.03394675528444059
0.25544410973590315
0.6144004052743887
0.36249815967134946
0.5404550393283758
0.8078844539348672
0.5933303106065781
0.5854144840730059
0.19547912802423764
0.26222671384398843
0.13036790368138948
0.41480326455075933
0.9016077775608555
0.46035777700522235
0.3858137372450513
0.33374103829076956
0.20971054963391092
0.07051708581007542
0.31048581048864393
0.7305632226931698
1.3435783105373453
0.17166895853972042
1.4554987237884016
0.5105398303459594
0.5528949492708196
0.10551822354955025
0.436325387185167
1.6774327015906336
0.0342211698416388
1.3204231214426583
0.10234025033467535
1.7662395074168638
0.5859421347749333
0.21850491731699717
0.5034701269296398
0.6244994107678943
0.34823241962915624
0.37831586354271224
1.1984315059418882
0.34121085561602377
0.5941960792900904
0.8097231475329371
0.04118383227658105
0.5383409664896012
0.3707877794133241
0.8447885032187312
0.07684209623823496
0.44966506040494014
0.35192756051154905
0.4447516680748043
2.59893187635599
0.510698501845849
1.6369595550692826
0.5346765261886929
0.544492476592107
0.9239263643711109
0.4552849561644792
0.11115117281571155
0.08472646088528579
2.7013428882899437
0.3464550337554014
0.9417449131403867
0.17272217114902427
1.1268579987953056
0.2621381135991755
1.0205442005934342
0.07376514073129575
0.2839381468197386
0.7387294420020288
0.11244164835472013
0.24827991274269567
0.7631265137504016
0.5570152581649022
0.1399253047790318
0.05607861132596811
1.1604923406406282
0.18320636045927038
0.2882351092080394
0.1513781130607337
0.9938212829670255
0.6655340513583925
0.7290890649494859
1.054616465195791
0.3521784887400227
0.45677270764761047
0.27190913755992063
1.4134522047087248
0.5817925031371395
0.4730307589749948
0.18203075040781097
0.04939268405452641
0.09379372352647472
1.5304311529813084
1.3009267780449179
0.19894485527892877
0.1850368583728626
0.35168057520489293
0.32464199422133144
0.9371683677822233
0.08300381454844455
0.49647958845846724
0.2894116365746972
0.13726541254575222
1.0313871513115733
0.10367704877379016
0.7290056865480251
0.12698646575626948
2.458995307199729
0.32168169724667317
0.4540952989058409
1.3200959129237175
1.6141787251769388
0.6240212246254726
0.25249696076736217
0.15649252618710435
0.16414481175084847
0.06642146739275921
0.20221519157121357
0.043178044220930016
0.5055808463405355
0.3951000929797786
0.42359088887337776
1.000902949590438
0.23278700664722948
0.07874114248622026
1.5183005962765144
0.5308181733511528
0.6314065141804073
0.6446190149231352
0.08356312167980647
0.009241645644818117
0.8384695241755036
0.8118362812099178
0.02939656973457413
0.20267966207331692
0.1268073769956765
0.030046940314628026
0.47258946348101716
1.4753764707517607
1.5321188073026106
2.837562756214382
0.3743603107821146
0.07873318560731585
0.7051550089763706
0.5154458966474239
0.26950917034784505
0.4890366212491258
0.1136714095637238
0.04501224000030583
0.9994107716940749
0.12339302405911977
0.5508666193274472
0.7298296086545618
0.4982159373008953
0.6666787432441538
0.5890130067570716
0.09226156119098612
0.13816198890195308
0.6623210070048936
0.3908620478758645
0.6063478223683869
3.1460133798356247
0.24923215054459605
0.7866838867732052
0.7554238643919646
0.2353984167211889
1.3243052176642602
0.828719035829365
0.21074878018971957
0.45202478513091326
0.7997057192247904
0.3367020813670807
0.4316944327549954
1.1218823359820176
1.1759562734305082
1.3524318276502427
1.3180679097193773
0.9319569028596596
0.3162353684299308
0.24122307683422137
0.07381570828226076
0.22262331998224433
0.3211700818738441
0.506230537063261
0.22056963064766535
0.8171573781801084
0.13647452730101559
0.18564688705044802
1.1178360924349888
0.09074171252329608
0.6806226516896785
0.5107902825408277
0.1265803069435158
0.10451855564650314
0.7369731272745526
0.9889276815812206
0.5845528891750585
0.3447460065596273
1.3316800936171616
0.18273976285242052
2.0607460602964136
0.1291101030546447
0.5542719072338204
0.4892214726539998
0.42650039349938595
0.24038099512195168
0.2266567184880925
0.02052348617378961
0.1308535151396574
0.11052408196269242
0.5364045148571314
1.4257488735629
0.6816740731937766
1.9306539155103801
1.754957518683068
0.5597142179439422
0.6235493038197399
1.479578558077388
0.7970115883253032
0.15849831664965816
1.2406373090975815
0.6233552215540306
0.1509265957882015
0.3436544726729684
0.8804238963089374
0.08206089777306667
0.2950246506264493
0.009733945112574104
0.2935862749293337
0.1109158082684268
1.0611329244658465
0.07190481507648923
1.3508145599392618
0.6478849770763215
0.17063862323374063
0.9214147275776672
0.11315298570632229
0.13405767996169327
0.22988123182337578
0.10137042741320289
0.9051250306783307
0.46522907241199735
0.5267007158644603
0.8922088876535035
0.1399989271995311
1.9621593470165748
0.939338831000319
1.1955729779777498
1.2768365472551806
0.21323007911965633
0.7047051853590024
0.807598056543711
0.5425297881569049
2.040219351021271
0.05865778235196519
0.22323967757065402
0.4656052487031404
0.2228585552397931
0.29566171136226693
0.5186368796667791
0.039679425948652036
0.2337463733743734
0.16189569031029777
0.705050816704969
0.3704764101429863
0.5830525699066598
0.7670753031729324
0.18694398663483403
1.3629621812611241
0.1650284061309441
0.6149908515863179
0.6034496824698803
0.2720506467458986
0.7362778374398293
0.18035077630565216
0.9818211278606601
0.14508158013196126
0.29617632357522267
1.8357389226867011
1.9506460301947723
3.350627560603885
0.3291065267824739
0.652084266318456
0.18808858301581274
1.8339921995923514
1.5118228877863893
0.34699387804392434
0.9721674550740201
0.6468776432628639
0.4894075731015262
0.10323313503096418
0.0505391365310584
0.019220409266745925
0.13585229162920187
0.7945626397661598
0.08927965040708659
2.0716904416522164
0.37748154873947437
0.25371381519572384
0.29131662905514577
0.1355745609499242
0.07119536739029295
1.2160961401412276
0.0894714759451056
0.17733027329001166
1.1836379771996839
0.13155294641332949
0.17577740729270244
2.237879926408948
0.10363008564885665
0.39971624635148856
1.5194519875224266
1.0299028398465908
0.23309706119452198
1.699000767937289
0.5540494420373228
0.4741295774572188
0.6269545776064093
0.8399884342210825
0.06645568647888621
0.14468702933755295
0.32985142929867944
0.4315059664741699
0.2241911802856977
0.15775393114123135
0.4460897542267341
0.313551422792326
0.4230914316720431
0.17172113332567765
0.041772923131776905
1.3407534708078859
0.856683720198804
1.4347554434117975
1.0590312746764199
1.563328574080781
2.02402909722942
0.659365797577198
0.17279397273379282
0.06872024043274756
0.9357551433417141
0.1469951642798543
0.48119133209980786
0.006586607667803159
1.025998564139319
0.1770618282313382
0.7467149082599
0.35652729489426227
0.9413638583597994
0.2170978204645387
0.1552740763539047
0.9576612064975303
0.22472430217065187
0.12907107540096846
0.22599591804262037
2.138318479324767
0.25106322008629683
1.174292370017006
0.8362072159029436
0.5024477795507162
0.6318857640102017
0.9212192105988928
0.03478133684036426
0.41252583653352
0.005502779384311609
0.027082708769694503
0.1546978369708588
0.02725275225388516
0.32494597808867376
1.683394221696019
0.14272226887734749
0.26609178048309395
1.2103993078654867
0.2881045390521536
0.43069726469701297
0.6694365474669214
0.09800706176731702
0.16903031308662028
0.41973141727675944
0.199454052476076
1.4866054767150296
0.4117782223852223
0.9349781962904984
1.2394678906729855
1.6120498258108198
0.2672821820034518
0.8155942745377773
0.5604548683867123
0.49838416667703156
0.030152040273431706
0.4298355176123373
1.0408421269600467
0.18087975106120757
0.5283193555512417
0.31051459895920763
0.7777421417298213
1.0631674703886298
1.1801462387602455
0.19968403719785371
1.1119207913048852
0.05341899878165855
0.031105373982081377
0.504045937948532
0.5765812298766915
0.39338753839848883
0.5742924663641196
0.03493170131141817
0.07710247825523857
0.022490764484583203
0.02992337900454973
0.052579081026177796
2.008651020374254
1.730910746885372
0.7114619131745319
2.425617558269709
0.675356697547269
0.03862296310337354
1.3008874716803434
0.21913902262784715
0.3010774223968515
1.4088322581206882
0.3926168422810362
0.20106917582219216
0.7299818270093344
0.04559996601292827
0.2265091224768779
0.6741537180921144
0.08567469258175597
0.4570546446160686
0.4205618213943847
0.09262233144238277
0.3497975172013385
0.18374560387885164
0.04987677394335294
0.48088067627188874
0.24422224033379508
0.3081845276405855
0.0109155082579524
0.9588401431498492
0.03702731151655075
0.21692657657240974
0.5219011289978899
0.8831411586771569
0.9625485608762235
0.4213576454883627
0.17290607771275693
1.0886497729267592
0.41314575118266494
0.48874144038382267
0.6678001331574885
0.3164632653939941
0.9512922943233925
0.4131831652617578
0.6825456275721176
0.0684426712527284
0.25645617858969005
0.6194557706913428
0.06271264091001137
0.055098406126746276
0.5977217268476676
0.6825464558676037
0.5827946068977782
0.1998174994962758
0.6123164157736182
0.665759465741234
0.4048519003257458
0.12122586662629674
0.3032314263559905
0.7274296843245949
0.3102915940834765
0.059103132787656505
0.532899385206787
0.4085972047175022
1.451698569751259
0.9397007715393232
0.4035716043229821
0.5807307132129055
0.3365190249165092
0.09031335206092114
0.2849674107689118
0.2492107804578018
0.7991141201482337
0.14339089985680262
0.2819379927325062
0.44581085793965514
0.24319820700071615
1.075513169284879
0.2870595072235303
0.05429345565623038
1.9661793724304542
0.14160506138946866
0.15886642345813207
0.8105856352161255
0.8151296793420862
0.3954073871845911
3.565062606045134
0.6575208060058002
0.8085850633958465
0.34954777192789066
0.09994798832320144
0.0458449699239782
0.31300776562815424
0.282488028659171
0.12298523194917045
1.8622359575897753
0.03324016626770247
0.19519988907666078
0.3000368522071873
0.23058605776813274
0.5374075328155092
2.504816544038937
0.6340195597578142
0.35862215687034693
0.19011843963579683
0.1402931166675691
0.3179639448700288
0.13536682438577372
0.12271442648460842
0.011538690043369965
0.2576586652389048
0.03656898316775721
0.1910885246295981
0.856918323375247
0.04172092773699461
1.5796509835014134
0.8742018570900548
1.1885117266767335
0.9819674375409311
0.5536366333014942
1.506275597043982
0.6392188931522388
0.8889699797498811
0.28283738726698726
0.04227464237619112
0.2750367789113336
0.3565183810320052
0.658669571754974
0.49951054534889755
1.050820296943604
0.09753835644950043
0.08931000950457266
0.013656244074848268
0.1615100431459845
1.4128737103403999
0.4276233099563726
1.3320790081918352
0.6583615628854486
0.5979976520534459
0.15459727922393368
0.44246919121989753
0.2663869216251423
0.024710407028509164
0.7750827936018433
0.4806205807990709
0.365561402815626
1.3234352055721992
0.21809741699900626
0.4833032327477132
1.4228361578400175
