0.20558747684976397
0.030224563203370337
0.01604811370035159
0.1443833892628025
0.43396878328187705
0.4032641792881392
0.38125750936734226
0.18928175857491028
0.4602679628710418
1.0886816946358686
1.0539086768046566
1.0978945575735128
0.6687599570569555
0.30393742331613305
0.45986771880554983
0.45737298832524415
0.03619343362909461
0.8117693391368828
0.36585849156223793
1.024921943543184
1.1232179720196833
1.4884610497001047
0.323343672381661
0.22448116431636972
0.9243916616742387
0.11539053192971883
0.7523481303268744
1.764122893988879
0.017104430529286927
0.022763966057708692
0.9709538914095873
0.29199702578387116
0.34393073480976555
1.403563268188563
0.4012166240480991
0.32529796233038366
0.40344843005899056
0.156396961020627
0.09306043775083213
0.4209857700400933
0.3353317671660342
0.4081092954702334
0.6449931305291291
0.2470838551373119
0.11521913932842437
0.8047821216942904
0.9025944790139331
1.9972155051255713
0.41865991957450366
0.1895609373634191
0.5960507179909657
0.9398067393377945
0.7496912644250957
0.10984584869933445
0.07384457040855011
0.035359587691977126
0.05653642057249363
1.5710670231519555
0.18246205942693416
0.6918511110996647
0.05514066901910381
0.21628705076262822
0.6236479988378423
0.529803702725696
0.07797425149351261
0.1216982824497126
1.1144844307856416
0.25913620410314187
0.1993304218267111
1.906856164071001
0.12971284818905207
0.28183175543944833
1.584421638371537
0.0999475950965082
0.09479885102412401
0.3621565096059712
0.29536759266822515
0.04393022284412829
0.29702767828573995
0.09037162158148265
0.26299025779949464
1.7364025441891338
1.4581542543340906
0.4599411501870887
0.7518789406118929
2.759705925535028
0.3192100586841468
0.2917757899132367
0.10197994119093037
0.009307492993501962
0.3593273967618833
0.5664628829721768
0.5322566280869311
2.1388015115361494
0.3687631188729445
0.485751788504263
1.3645469479071632
0.03286938541378375
0.06692033484973445
0.5005862871992519
0.06945996876342726
0.6221439098880385
0.49601392788314247
0.5651638085228454
1.1093811671026423
0.1858876332207673
0.3670670190093754
0.1367179053863737
0.49406072755442976
0.020276119443153
0.27944499754719665
1.9502106605771843
0.37401717610403945
0.12788752176348273
1.9637103768305375
0.12813449390198886
0.5809857604496869
0.31643262068783057
0.14156259632626114
1.6641912102484173
0.8301535174062723
0.19634085103527546
0.14448816197306882
0.46421669126659876
0.29088125551329963
0.009607982410251691
1.1101177311511474
0.219994811328703
0.45168442852226576
2.6292736973187627
0.2229958579825399
0.6801810557837039
0.6879010003556659
0.491593462857516
0.5535653829278658
0.9380031375312148
0.18975554303852438
1.0671050474947468
1.725453852047908
0.1036633624766469
0.16945750212895105
0.571552175925041
0.30411873935877665
0.019755666471176624
1.7682521389226655
0.27950707179239337
0.0034099592943962233
0.2114902399053397
0.5599306259955996
0.06977574603552432
0.696473877409968
1.6844252144031264
0.5089568748228066
0.19554463414976167
0.9602561077677517
0.8724004982707645
0.11979137395477887
0.06648659686679934
0.4691978159619032
0.29310710669387846
0.32014882708542713
0.3407154230042375
0.09875103282034761
0.4405093821574963
0.6779568817839767
1.2794814164128865
0.6660315101372102
0.8081967688682645
2.498867047657234
1.6967585063966093
0.297035575870834
0.7234776258683021
0.05440870886937303
0.06335873319840629
0.6152781341722109
0.11613081703794728
0.18387052448178437
1.5168980562069279
0.3786674107800421
0.37971997360902116
1.2384603078338619
1.3152457341065669
0.23221083126706607
0.3200763430613933
0.35717930602540704
0.8512888260185442
0.26822597469539194
0.7812432977488742
0.19376234870773026
0.7139063019250483
0.45625318035742574
0.6988740304074887
0.3101179780445106
0.5496950057174047
0.22863345993078754
1.0255057578948332
1.315015277105218
0.6235983666296042
0.06820856456496842
0.5161990818906819
0.831670038493198
0.2786259342365705
0.1771463103878075
1.9949320191565894
0.6727882831879457
0.02826018314688437
0.15038439047473826
0.6495126784210045
0.7983351380750316
1.3685154712828154
0.6058944772749865
0.5328778724049128
0.5373137082535152
0.29692277523576427
0.5254585890932125
1.4480928258944474
0.2553911959254577
0.8255219862615859
0.20130986470647902
0.026379912115889085
0.026089642957376875
0.004773633436685597
1.2616645677711178
0.5488245477276834
0.3289304287724569
1.7071336985551528
0.06811908941970111
0.21470627415168686
0.6057058046480653
0.3177346008496434
0.1312933478927198
0.4102886984964847
0.628397471088548
0.29575090747507854
0.5682267846209316
0.8916375675552368
0.8164549559539928
0.5026559670651762
0.7544993662354419
0.3668827059810926
0.4249315684941681
0.36161832868012167
1.5694685747750698
0.23613416982037924
0.6727513280536334
0.18849696665552468
0.35531670008412636
0.5626058797767858
0.04179061521539482
0.650117406216686
0.12011140724249382
1.2265812426816154
0.6516511535919514
0.18664628359777122
0.3354728673475854
0.7631176031891418
0.17867006352394832
0.06425040883252457
0.9832841177531128
0.1764910226716683
0.5813599010682516
2.621587748632435
0.22659550634283548
0.10704109958388094
1.4033855918410407
0.023829407676246365
0.7514834489272747
0.4287277947647803
1.3861377520339566
0.04223773242948556
0.08726116575347355
0.46310648508690594
0.8325154190759747
0.8039849405135617
0.3261719898144142
0.6155216827170878
2.2626879597687357
0.15946624298960346
0.2182557510693497
0.5509806221741297
0.49696292764778227
0.07967265210311657
0.8556790469221673
0.06938625837475995
0.18070246275474217
0.8562989435101102
0.2561711300500404
0.17499263450257735
0.3597833068806559
0.03780479189596251
0.26379986379167525
0.01968189840289507
1.6994194379717429
0.47359143430942424
1.3283157496869589
0.6568697144353881
0.5730787263646688
0.9804211842476384
0.7237403898290378
0.23907242497378967
1.0807403365338841
0.17469857926442717
0.2591221820750682
1.0320458382415711
0.4080139403299285
0.38375987006697077
1.5339044951159013
0.08666044028740778
0.11365387672927563
1.1529051820430536
0.2654551995713082
0.926644235747245
0.31918562195960354
0.2332809294971974
0.5915987940977921
0.6202328438527535
0.036102652139439396
0.007004281716642165
0.676222944349816
0.6633625337547503
0.43130186409189597
0.6881102444860678
0.11531128939413035
1.0604081979707343
1.18741025035585
0.9706632693077141
0.8339692533975067
3.551423799786295
1.1643460974194226
0.6537658474141599
1.1114684305219376
0.4710292017709802
0.4833355767455157
0.04393416704293207
0.07698568904069351
0.298993768973331
0.903469421702433
0.06467519520627814
0.47392507788648874
2.090418783070323
0.08540747215103414
0.09428593082787325
0.7559081171163089
0.9418664252075537
0.3630367996539478
0.6984665199538937
0.6226942922770962
0.5638544235303968
1.1870434516859263
0.030420183596442624
0.8390863194831734
1.1373551653922171
0.09543559495128585
0.052528295630066765
1.6434574407610916
0.20870618210830816
0.44287340169851613
0.20854484713955673
0.8973725274683821
0.18506000647729826
0.22668135651520274
0.18250214645564794
0.1247164743414688
0.06337098728681152
1.4652810664961913
0.14727541049393283
0.9150365774050137
0.00773615166647523
0.3649380821121572
1.197134117426698
0.010342180352969191
0.1765731842634405
0.5952114728069268
0.6443710578689015
0.028861868418086616
0.5177989712511121
1.5134407291476917
0.1404365031609405
0.9156957087433816
0.28785436411724086
0.6590908679370073
0.42731741453864913
0.051219475371381815
0.07996820049700216
1.2876151435887893
0.03704664934964497
0.08931498484624076
1.4994534932140942
1.2825501090330695
0.058220786833097365
0.5748275382720477
0.15782920756121327
0.05495244300140794
0.6495720327266377
0.031155695968836508
1.353629225542582
1.0446942415644977
1.1490646066835044
0.13370275904362358
0.7195237778647754
0.7483299325773836
0.6211354522652293
0.7187969503447728
0.163381648734709
0.1838816955742156
0.5294329484365194
0.026537699614903005
0.13837773529277758
2.634472085932291
1.7918373483892254
0.5752268763655394
1.0857591716036152
0.9583352145236258
0.43247387210711097
0.3161520752419044
0.311046546086064
0.36605651966157454
1.680915248084297
0.3972253785346233
0.39239455701517145
2.1996273808899622
0.6134292299838213
0.7123641437404763
0.19719994792881387
0.4451258000397356
0.48529087124343084
0.17695848927541044
0.2295846815174069
0.1867328881799154
0.4494834082090225
0.30883576713263994
0.16816332196885603
0.32424345398344034
0.12222072619905061
0.3533537580160424
2.223153067923097
0.39042364396177864
0.004082946532550529
0.12270802503746596
0.19228248444374518
0.2905550650904596
0.09401967057907948
0.8011397633228714
1.2203004147846732
0.10596053008021765
0.5394597970824584
0.10581103310528545
0.7493764814484435
0.5117953300138859
0.2219433184840575
1.278690366894195
0.38432523998179546
0.04123056516854239
0.29299391422203863
1.0669868481963956
0.6853850995491924
0.3955823633633974
0.8032825801313243
0.08156136651772085
0.3675655964241007
1.6375747287910936
0.10115812878586303
0.10335936628582185
0.3036523579908579
0.29081999687192944
0.41211861943066663
0.645726204190445
0.5509376696280949
0.4504290116794495
0.07980201498569306
0.05963773251389722
0.16828993650877114
0.4593140309532057
0.5040186277772626
1.1802126107396385
0.4354902431553954
0.7912428873518743
0.2789997832541501
0.20341314118107975
0.21003852017016938
0.48736549540728236
0.4569018628413493
0.18839810862260917
1.4193248200721935
0.12501039281548718
1.62973464126131
1.4806276858655927
0.46111278323325505
0.1810219272342317
0.2053350807919892
0.27894103467558384
0.3730344659054294
0.6170190302462172
1.0947123834999961
0.2943259166447198
0.307549648391454
2.3468670470623674
0.2723834915511912
0.37102101308872365
1.0152797881150892
1.3238301524057667
1.181489577907646
0.32931306531085514
0.3742365889674747
0.9203538280666439
0.30698811010486027
0.24445960153793234
0.31702372924621686
0.5526433701166132
0.09385928302588797
1.5502126059859769
0.22751882790673317
0.12414391561345277
0.5988227014152606
0.1282998056290198
0.2614171827055756
1.8702102263115783
0.7311716390816295
0.44991317460113683
0.0870997617741339
0.40901905864971394
0.6528749491397292
2.0518336587911152
0.12667853038915103
0.146567912067868
0.5326424504461985
0.3928063400738067
0.4595140443499316
0.4383358605657431
0.0743662387542214
0.5043276066861015
0.2163605612619035
0.018235769979025207
0.07566307138467518
0.27682159817270713
0.8854433970243965
1.0463986447432734
2.2299803876403805
0.32207936829254086
0.15308900270343972
0.2621332685766206
1.0422768726008147
0.19278273871987742
0.22595354937500778
0.49233591595518733
0.4717117182688674
2.668190988889353
1.3390684995326052
1.4927521833727042
1.4273091213406692
0.6482324082067367
0.2786798765826813
0.5060804675620383
0.3764140185803948
0.12439742785253277
0.1863398061185237
0.5355967109673425
0.10171518185429675
0.7190092839485477
0.4564133839678548
0.19656352424605403
0.2661745825561624
0.09817202866181444
0.8920935952828826
0.035216828848241837
0.5615025712295543
0.014581902288189097
0.4069687156118494
0.28044459161536783
0.8640821258281972
1.2953759209665534
0.4675975621992389
0.3184930477720242
0.49978560052083276
0.29187317803865453
0.24034878343089705
2.4861663193699814
0.3547860629773547
0.607800034378248
2.2637240955021722
0.08688735246921428
0.16370198583542123
0.8238851724608666
0.028355881203006795
0.25689222282999474
0.0891738709722343
0.2638415024072021
1.436467224109024
0.4547932684209955
0.4105188266089223
0.563590504113862
0.23152615133821483
0.3348945077165827
0.08980446503182422
0.4931850910420317
0.42703775703136043
0.22668866959105125
1.552674885209665
0.1686011712900011
0.30285831045642597
5.6298361066680975
0.07207421818143037
0.060471091260916744
0.8509638306440303
0.10072446525530816
0.1342103220882143
0.7204705419497677
0.5166892377544013
0.3611148975611892
1.6849799008701258
1.6139351937794741
0.5736036967241781
0.2591303291794418
0.2517356179099238
0.3017827851485372
0.2904477993425964
0.49948868821287906
0.45399786764558253
1.766232708038638
0.8228518299102611
0.9164216714216193
0.4751183685949231
0.7034071277685949
0.6252718474739117
0.2246912639875024
0.7333510558454014
0.2493570663213722
0.7516623130169516
0.027632603992579993
0.2919406705322411
0.10334504745838004
0.22975412504505463
0.10764596314652858
0.791575600481704
0.12903158851292046
0.10737381579881887
0.08195317517401976
0.336189329063206
0.25638229539414076
1.999027981514319
0.1180409481207398
0.2751074276443305
2.333041637415644
0.031233661338398336
0.35460635043208305
1.796480706391885
0.37209399274636823
0.34443825072666256
0.2816563866652286
0.622017871107288
1.1905729229047306
0.5933976331864931
0.13498148149107486
0.49975809571416735
0.14764085286073164
0.1999593067681266
0.20339777052231994
0.6948937698712394
1.1355318537949692
1.0259511693531118
2.7387911910520444
0.7589567765956027
0.3278816235448445
0.16168983346295746
0.0658014645586187
0.7319806649078451
0.21543553612395727
0.25673905159699917
0.16728436947801165
0.6981118453249108
0.2393250163095988
0.8122904695080827
0.3305562097794684
0.47555978455267217
0.2799375423861639
0.23568121237769807
0.3042086952421636
0.09861710495767292
1.633848391668563
0.06421933784534084
0.32472126490321823
1.1037653343766807
0.3785412552294459
0.569673865411452
0.6894710162778311
0.3931750519888141
0.03710225584743421
0.6708202981147416
0.13637790585679938
0.3725036660425659
0.24343070738352085
0.1347633507898827
1.206936237469332
0.07700390933037016
0.03981348779949864
0.07448258901373225
0.14824181920075225
0.3629523010960048
0.3322012167094875
0.9419242244737251
0.24555856288972724
0.39878085025367005
1.244126708743641
0.15619322073132222
1.2094040587998645
1.1498506309358703
0.5040018165940249
0.8867190984632672
0.5079369802079903
0.352716595842539
0.1969438661402351
0.4805945781875757
0.03711789385755219
0.06546356110860665
1.1545385994639261
0.43780587248483155
1.1129553556207097
0.2512440138482169
0.12709498000878464
0.7760093056720379
0.22427553843233816
0.8515408661200632
0.2464571434000377
0.3078002228828861
0.08007732427858248
0.1493697317356676
0.8445049208902644
0.09682534431231811
0.08109353067741533
0.6665669105462259
0.28936178547406655
1.6385881693279132
0.8246448669214376
0.25350752152290473
1.068540455916923
0.1960382801658923
0.2162007345225706
2.217291993175877
0.47634688367248834
1.0799301554723033
0.82170257678795
0.06837072034580428
0.03921245122313992
0.03005458048032521
1.2383706920273576
0.15142646255148962
0.13152809864857484
1.6829652686496113
0.14402044463841648
0.3461080302751299
2.027729397639819
0.7958688226140308
0.44325827259789036
1.1074938387818039
0.24114945410155011
0.47853381360703123
0.10586367777865174
0.652216395763225
0.46049972313088267
0.353348845125589
0.21522724919106206
0.08610139060118122
0.8665242945939964
0.09094902425169818
0.8308408763751208
0.9681350777453166
0.16812737888911755
0.184458257787682
0.6842547058391938
0.6528658405928413
1.1664861631118983
0.1588785622047919
0.3814179585456894
0.3220548958681935
0.6386459831861778
0.48230790080924457
0.6208055024448573
1.2903601628063626
0.47619992889827
0.5549407742476035
0.419595343841088
1.2109095832249792
0.5883835594141781
1.765831800844322
0.2332102259454509
0.311799564847717
1.1597900944520596
0.04266130989940584
0.17983805881616263
0.7920822130866081
0.032241450848733665
0.08016632073132626
0.7934667183807013
0.5319478070132717
1.6933656201308578
0.6710694536013196
0.09715644737781243
0.04879504393764505
0.7909964530831579
0.4869316685321819
0.043941914381995566
1.5535587125277037
0.5121993251754903
0.310790254267577
0.0453862438098768
0.032941155910606076
0.5634854363278617
0.360365905562625
1.7212148299699728
1.2708294132471893
1.6137633340909117
0.3117022186567625
1.205378176729264
0.5913792318652383
0.28118191891448235
1.1323010588392641
0.6175034272605462
0.04857743930523447
0.10937542525975584
0.30389008048799815
1.4487156113702837
0.7984235881359547
0.9348468450655201
2.5569535798735066
0.8303353239406499
0.21166349940056134
2.589013286764762
2.860612147384138
0.5948541676534547
0.693994269905849
0.906254017211872
0.7012686939938761
1.3363823766363623
0.8471703567115045
0.3673877747628364
0.05810027665644427
0.40936182718812825
1.3990222204795324
0.07089206482816084
0.13565237423095025
0.3945226094137138
0.6753752487769916
0.28849520031064985
0.2640034634942987
0.09320417409554145
0.22205210622685542
1.7013801970371474
0.43889444387135473
0.7690980262807745
0.4714748592333452
0.2666205845776605
0.5413581835532046
0.18006241781088542
0.06880444749417171
0.5025027984091046
2.056800753495332
0.4809402083837707
0.022213417581039993
0.3837263135250636
0.5004147759315858
0.25865885095757585
0.9984046335832718
0.5028386393266805
0.9163544216245856
1.5663204106936406
0.7124877230696458
0.1129595987703574
0.5541842295333103
0.2285233461895171
1.0926492591595702
0.6728459538423929
0.8158509565211699
0.6089662707482306
0.5436781029989534
0.21755118580216848
0.14515816134913231
1.4720206803812688
0.6193726236650318
0.9577494772460218
1.8874641972813895
1.0655866341274016
0.39758765315256805
1.1458412749425968
0.6525997349342446
0.7611960385160952
1.4351011524324229
0.22561697868036157
0.30430991404793534
0.233308299065843
0.931451256668726
0.5032399725898206
0.7379377028790827
0.04289135229735968
0.16056481789568472
0.48456056123224805
0.5462556679349432
0.28704192355128055
3.5032769107660116
1.174908234754959
0.566723203472833
0.1766657975400196
0.9554079244094803
0.24815796457720932
1.0344612918012646
0.15510198390422264
0.16931984470696534
1.9381022223986781
0.723024021352438
0.7377402860757498
0.2599909700215729
0.21773311362879147
0.14344568036653169
0.34817887005317777
0.3069156419503766
0.3747980365901878
0.5004816311683843
1.1003248785319384
0.03911950822049155
0.9471068556318949
0.0745156868662073
0.04007103066421021
0.19786561758520357
0.026110283012882495
0.038412838314726735
1.332802122864581
0.07920031505776738
1.046674656399526
0.236546038824265
0.029333737608597626
0.2985216848813896
0.2767020308502058
0.7723880153261472
0.24396721400780666
1.604662775197064
0.46783264893373927
0.23041367849230926
0.4053929016984912
0.15362373097526952
0.03405476430607235
0.2244669128935357
0.34034010694719596
0.19575188889971254
0.6504041478422888
0.8626117354418428
0.23341244043780007
0.4244482664861212
0.09992785532750463
0.04549208311110785
0.47544418464579513
0.29848636333423484
0.04727813638814302
0.6625531339381511
0.39480698630542316
0.10663404587572359
0.26796736467732374
0.6531682645328789
0.574648150401162
0.8724450507268561
0.05298223959041697
0.2525429830506055
1.2104553833581233
0.0962875628363988
0.29849281421731005
1.0773139223683983
0.1576578283577354
0.22204495505813565
0.40272112498631285
0.11003120226810195
0.46878486637719063
0.28553160447702797
0.09214924411072506
0.00965374969130138
0.36793887596969527
0.09748270113656654
0.1533575464594341
0.33999043538362084
0.6487783473630074
1.1103867318065255
1.3572597460674691
0.5508872322913775
0.1233124581586023
0.1654931191100595
0.1955264622542282
0.29354134984691427
1.6434913335165837
0.1087992567100477
0.3247445600410809
0.42386959890816767
0.36626871300244856
0.23003015765951254
0.9461602882917077
0.9742673452410988
2.800952483760569
0.8769360706068327
0.0625466468227468
0.2321406800155859
0.734982666829041
0.3983953876794614
0.011918181222775904
0.5685812261519857
1.144280010198837
0.6653527605737498
1.4040037552398967
0.8030316105788998
0.922812896122914
0.7950827670904311
0.5505539170958681
2.0480911230511203
0.6861930530189053
0.08436823345682029
0.5339262513331493
0.22137970399347032
0.4700126307571022
0.8316845823123636
0.3278734351358072
0.3757623476398869
0.4025839834289307
1.2772460429398238
0.20479920161211684
0.4654372976961948
0.9038570295574754
1.2153845970647716
0.39803951687803285
0.9510180068586056
0.57234757147774
0.15650724539445296
2.1681833150771284
1.0708373036227747
0.1483595473837395
2.0162356835010287
0.14208788648036677
1.0685717751390587
0.8139634368483527
1.9630327561640213
0.1208538126804274
2.254651985280998
0.34772787685855205
0.4465401742493816
0.2446062456337872
0.06553269290483434
0.2914257191773722
1.1596846148276425
0.07152680858672218
1.0418269701475664
0.722960282696206
0.005964083609935054
0.6750449071856667
1.9318346777150168
0.11585630779581776
0.34522598360206463
0.23453781884923297
0.30029283868002615
0.024403385118994505
0.8291836499211545
0.2985758104840312
0.8526893666490133
0.5116202183196457
1.8818553743328759
0.715177502313375
0.37868049499457773
0.4024707466239383
0.021809145177498244
0.13427918133994024
0.8763197173257917
0.11302624660938214
0.0063973063053856865
0.24307531517826567
0.24863606875205416
0.42068421178589405
0.942972935051488
0.8105528493233096
1.2599771948498202
1.1722809776285312
0.3172684373304124
0.34038632815643466
1.030821232854307
0.6334961651232288
2.521218277096525
1.6611100247506747
2.283049790397313
0.09790984185250848
0.09550660649002789
0.09544325656094589
0.18547172710294987
0.05237340605616036
0.4113665494359252
0.696526739656272
0.4119554924833924
0.5545263325245445
1.0399709073375456
0.32519951702339206
0.19268234751735153
0.24920256990016768
0.0611494528593611
0.7904931630458552
0.30584801997077316
1.1615454565157055
1.1628627036074752
0.5758468002038344
0.5959177685285899
0.079268086558861
0.4791553093641728
0.9189234779956523
0.34197812519153586
0.36776320398907775
0.49920102625640295
0.39031448464481533
0.5667552792286116
0.9214342474756276
0.9809207968352749
0.9728460604014288
0.2784692956334811
0.03891666998394362
0.045996815348978
0.013171220497738325
0.14727235219040513
2.545346426334059
0.20727637635779136
1.0692430527316792
0.45982566820488396
1.4290856457195358
0.04690733148081806
0.4295708423752674
0.06619747481183567
0.07041826730868214
0.5609529885081103
0.3010620818251103
0.01686943214413611
1.8843244191850201
0.09950852842527334
1.3338063454147746
0.5888785059162468
0.36523297000915644
0.6648990876303076
1.7651780888092883
0.2037891624245153
0.47903809251074825
0.157217313774544
0.6612075957472628
0.5347903476149615
0.6798142386165354
0.5565952964771822
0.37337507097570866
0.6514803759866945
0.3976349972820749
3.0177555051461726
0.30101476019549467
0.048196139349581384
0.0465465840861449
0.645424828470407
0.5390730741458879
1.0279577667155642
1.3694403588227975
0.5690541622407006
1.5765867733848633
0.367018120339031
0.9871264645004724
1.0984951434913905
2.3052682983135595
0.15925569433741793
0.06359896839478048
1.288055918164128
0.09961248791517982
0.3852890092950442
0.9033345947431153
0.06642420922262668
0.03186532654505008
0.6045727065494753
0.2826656050340691
0.70447193970574
0.6298705177515538
0.34913834904941715
0.3086392137787692
0.6496391834353905
0.309522390423838
0.23835482522508392
0.2723957748657182
0.6156277067672471
1.1349747406741855
1.0472741763403672
0.05057049086830246
0.126004815288707
1.141738295962976
0.22809831444586862
0.09546723595075339
0.8693454464801984
0.8249432812299157
1.647918744890699
0.49770428890359203
0.42074740423293855
0.3059137061502003
4.283807380728404
1.33364220800338
0.6143093319820488
0.05028756340872281
0.8155610589958944
0.24631434809390843
0.8949235741999961
0.15613940191317197
0.16668017474411848
0.8068602112466311
0.476811776913008
0.050514063263235306
0.7163008644460359
1.6602045958534175
0.45195227661892856
0.33327183969289625
0.2797284718398807
0.18791550355921186
0.8384307718861658
0.061276643999365325
0.06549468669451795
1.0459499508065755
0.007943065619730589
0.04451482064304034
0.2178657714335964
0.21185945998873756
0.08821258290934395
0.23418000076317927
0.46132379871785834
0.40507549345381244
0.4814307415949657
0.4921182910728298
0.9599018926763472
0.35259511693040335
0.059817627182831706
0.5269962238218265
1.2102722649903568
0.19826618950732763
0.12947926617588779
1.4279991341525118
0.4421232241011271
0.4167079921156326
0.3079416774288629
0.2962771699251425
0.01811686039752396
2.632423514482211
1.341488824729171
0.8719989420670984
4.223939823074052
0.2806594172789774
0.16656475761338346
0.9138821919596504
0.4027165277899105
0.2545843253614371
2.133638617608814
0.1094730540023963
0.831095065102986
0.7997398198028189
0.26717240824134314
0.3812344059831355
2.650102557700627
0.5413543969812848
0.4449385318689935
2.4817246689876553
0.2310258020746758
0.04586169069228106
2.002072785222786
0.1665083353323136
0.2839969582074351
1.068129372284353
0.5086801664902387
0.6901986482337351
0.06091969402809684
0.4972635395293039
0.4027949206295333
1.0888010287940666
0.013680590851620449
0.6117857663754132
0.39557313990070325
0.1546820670464974
0.06335005571445969
1.0622596044036796
0.186094165079576
0.34294719015873804
0.5824735489977853
0.061061784981569646
0.4042034808600185
1.3553227544437
0.17964516886709114
0.24057468417288755
1.0743571146730015
0.3791207518085158
0.24343075938228736
1.0977197200125863
0.4963105628860262
0.5755216104925072
0.5600946193014997
0.16752700006324192
0.23510993018895504
0.5669903890463743
0.6586692410577313
2.1838861595886816
0.042447170507987554
0.22163915328776976
0.20179334921718287
0.5916792200387474
0.4126980173858721
0.48610743279120794
0.48267895661080656
0.37490221368659005
0.451048511660692
0.1609012020813113
0.04634286142008945
0.18185672064595457
0.7061498692161896
0.8654144110218973
0.4793476988121854
1.224565776765901
0.5003132719306398
1.0216547774252964
0.19975162254505557
0.21941421469649358
0.7262186871035986
0.14717641631920989
0.2718323728351671
0.8096011594118989
0.040841563334347915
0.2491551227761879
0.30417420785384575
2.38775642887052
0.709392381669717
0.6179954270906426
0.7853515860469233
0.3427418271795534
0.6686631789106454
0.09896690390671468
0.07038657166298115
0.15804625103459993
0.7422386964320562
0.9487232136937169
0.15209341730134238
0.5167782191470822
1.430402392697928
0.9900964091807878
0.7314871613278616
0.07697547744465356
0.22465430480872184
0.021529335866486147
0.8017646110926715
0.8472017903032736
0.286721469683428
0.0030344467994896096
0.15330316191513235
0.576397631471952
0.9767918742994944
0.1790025353654757
0.6090057374140727
0.3110221448013556
0.4827670200456825
0.29896174216186566
0.44198931545662723
0.8933995826164601
0.24668346920749473
0.23732733098826952
0.3092734446657852
1.0910988140313131
1.2278305168374066
0.01756407563209004
0.6064093791188324
0.6035688605877443
0.30965008605110866
1.1261095711716007
0.6992631166606854
1.8547320900157365
0.4094649036679727
0.2971183791045281
0.018806149791751568
0.38736257569572563
0.04327510747312461
0.039192979800580646
0.6841850383078051
0.11941820575516843
0.019029254578640947
1.4543196102157534
0.46236786786850076
0.1986691587498665
5.143381605376277
0.3379789033907145
0.11165374382533427
0.33599693318974105
0.009207107437823
0.4209496019900018
0.1515573718297226
0.2309423030462982
0.2959810892916261
1.5117094489724354
0.34748360482652024
1.3169786422587415
0.2967420222165128
0.16833958227719015
0.69401621240433
1.210248907203447
0.10317311262623777
0.5893267318952623
0.10605708700357125
1.545780819835295
1.2283292405423485
0.5997836563154494
0.29831343316001485
0.3551116226653517
0.17254072650835153
0.13516112644755296
0.0890418675299107
0.30182069133257916
1.138302513619014
0.44492502007971296
1.1235006194969381
1.5681726414989106
0.36267801217294016
0.5827710557319409
0.06043118713961078
0.09538659911300582
0.008925026184526737
0.34621211149856707
0.32696694913234314
0.17557067079864247
0.38899025728779224
0.6643841180786365
1.068742991459075
0.05155371215169754
0.5128115519812209
0.8232176091563932
0.07747019913995712
0.8074732100634296
0.04580426331625494
0.8787820353773074
1.3180378714539496
1.200114540480574
0.6581749347663258
0.9794141231693948
1.953351568353076
0.48203067047461207
0.6275903313023771
1.9344634273633317
0.09148861666431307
0.47386043632134006
1.4230366977285926
0.09030436610784388
0.11283283551862153
0.04719050094475384
0.07683885221256206
0.06344679705026388
1.1532764301897942
0.44899836432864443
0.07733071739933532
0.363612778199077
0.32191685928311065
0.17120641716891652
0.5621301621600373
0.717827371433865
0.47335579184863763
0.10105079823400837
0.2864528936462321
0.17336300142285724
0.37116684572262926
0.16163684012793034
0.10997916839403202
0.23863568856843523
0.925554387410991
1.378789972253328
0.5443013281052029
0.525202821356739
1.0529168007600591
0.14303661548358335
0.10454858151472686
0.6926649178321272
0.18409046843482732
1.0251463021618092
0.002819595465992378
0.5942720230310687
0.8761505856841494
0.4169771238428887
1.7595549165075688
1.4035464644532405
0.22034681819317198
0.11073136962117945
0.17275195519876183
0.26598835321148273
0.34911058963834307
0.837444955023017
0.46663767575878223
0.34005204245773357
0.13058873442138455
0.2696135293875952
0.6379994801371599
0.645273228402998
0.14353667748524207
0.6306597135872853
0.4270641309064123
0.3208023821081429
0.19325787928468782
1.0123017212910936
0.999058779132718
0.5640162762130916
0.5103337988972472
0.7861910998638411
0.44065866047792085
0.006237881666830322
0.04164847448013799
0.25910780061585853
0.07683761425453317
0.06800219227678769
0.9809748833920806
0.24647126254879526
0.48961830326295097
0.4541290392375902
0.08964199935270649
0.4142149818023471
1.3002746898504187
1.40234883138786
0.3081889701052203
0.2708777662899798
0.03502939488178367
0.10862369599263184
0.11554636650947857
0.17856839625672874
0.47958347184926586
0.48746664171229764
0.05786498534428662
0.07520835205889571
0.30561670403801827
0.3439826170423169
0.5402307917340183
0.2761656926088315
0.4826681450494728
0.12216322900589666
0.23341954875570584
0.042392217284549144
0.012552797442621964
0.3026368581469595
0.4353966575155256
0.44369370576538353
0.31245466640047154
0.07427696644185638
0.6411325425011394
0.5112997459091453
0.11335313926173161
0.10576829823999302
0.10393035597145721
2.3614030234950953
1.9493772459618566
1.13599015908124
0.24008664386488635
0.12242172716852633
1.072646239952434
0.18447355535296797
0.17874667058549853
0.1307420638790731
0.9059151836450106
0.13611768777268027
0.8812428907026864
0.2777253246285945
0.3037653217585992
0.06487524246871393
0.09977550235939005
0.08987782481990045
1.0156605072194276
0.6783710748388635
0.4149414330063598
0.22682721653775312
0.11361584893586957
1.117593400324334
1.0660778852279031
0.3563862160958457
0.33333803031128534
0.21400788907699483
0.051912418959041876
0.2221893848295997
0.4501647211732811
0.18733307355933196
0.17116591699414377
0.8524475145177498
0.02089845559069208
0.4128623411506521
0.26273053381356964
0.641844839505659
0.36742374059647
0.9575339072093283
0.2108013620745751
0.12183162610363174
1.427405944050549
0.13187329353311233
0.4853083475360946
1.02330882446841
0.18267118431125684
0.7583933525915559
2.382267923203535
0.5195901982217221
0.09456073036270839
0.3713954508566785
0.3858288688350693
1.0212244698143327
1.300921875704548
0.024071837775976435
0.07870224643061623
0.689708697739349
0.5486375673247063
0.14301545245995761
0.054093392041162335
0.6229231623300726
0.13540184461295313
0.8422125889300945
1.98180531858358
1.7127156596118869
0.5814464825984407
0.9953192231111156
1.120441882757261
0.19219008246764485
0.16894547232415236
0.19681354570975143
1.425199045872945
0.22749133880434072
0.2846677984481472
0.1559041424499989
0.2995415359960748
1.5132257440484786
1.8140401943724538
0.15017346440118395
0.17013559796993963
1.0741859878178845
0.4077264068213828
0.41510292533405924
0.5446989500516042
0.17327651527935198
0.27841463057436716
0.42381955334990745
0.07873556733251533
0.06947796615009817
1.2034243986025885
0.24693719684117194
1.0853479217733113
0.32701594232981007
0.17445235883445462
0.058310286204371224
0.10872747147839926
0.03540246770131513
0.07681064895870966
1.1695202821990986
0.06546485855758902
0.5188584647812798
0.6356570854005636
0.3650606066910208
0.8329569890612234
0.42666965169809307
0.5767869609886558
0.5122547937345834
1.2081082091337636
0.23270538544825456
0.8097046962395413
0.6008504969132938
0.7737708717564404
0.5644964738533145
0.32278754249527
0.44576263397569493
1.346818630444837
0.33932266705888764
0.3315549540192468
0.2409945964890429
0.9448355841450371
1.928719872103467
0.6588071457052176
0.4768037932966537
0.23166516049784655
0.7071162698425064
1.1808741116370358
0.9803992150291384
0.24000210637636235
1.3628169784325983
0.9313571979374414
0.45479705788417835
0.0868968352164877
0.7449553954654575
0.20671546434041227
0.5233263312377182
1.3406120551732978
0.36886228083513123
0.1655243366724981
0.05267516794907032
0.22047483074275648
1.6630602893636477
0.3239226247393205
0.21369676821034045
0.7443062997834916
0.8916105985845977
0.5468416045499703
0.8442760081621068
0.366911255596667
0.05279581851221035
0.4278917566121327
0.01350427931514908
0.3708860092299122
0.2555404413596769
0.759507514175095
0.4738449722498225
0.5545677252792579
0.17159288389596591
0.0648918484814179
0.27143061057297435
0.2810999539096232
1.2077293672887026
1.3859966269175124
0.29546243368487823
0.33321272806072805
1.0459194453728922
1.3720338566866719
0.22367985458125375
0.08424631017405629
0.16689213835744857
0.3730671436362083
0.33017669624545504
1.0168245673194325
0.0351797028423434
0.48378081039951887
2.2574078952377996
1.9085162919067873
0.08844157809592597
0.7625160454245601
0.2498562279638537
0.8370399144220302
0.4676852499847021
0.08820440472452284
0.5396173875952405
0.09246164178581823
0.11857930698078731
0.6294465681297291
0.3230219713916722
0.19117183228658388
0.3712093261670954
1.386519933042296
0.7942306569094612
0.7402975122960203
0.18487947655831027
0.08194831277786527
2.7520300598444787
0.26539663182940876
0.2527145002110341
0.2770739094384964
1.1376009074130915
0.013594210573626048
1.5560459630365582
0.6170813419173634
0.26064109911660815
0.24901821045783523
0.003289804448135482
0.7190571892865162
0.07915458912763812
0.857326169986502
0.7912008499670192
1.3576568617468399
0.8653488489570023
1.200728900306181
0.9999562264036106
0.9048294941015421
0.4242171910489713
2.0615154151557418
1.1061745830483651
0.09136352715626922
0.9065585208140107
0.3436101446098743
0.21756972830709792
1.844909112366866
0.37662250909054273
0.2667995140371564
0.12437252649107346
0.6800494901086738
0.5339137019307486
0.44693490519059687
0.5392027176814917
1.1891368192564125
0.09442026175880859
0.9814224022534189
1.2560027865802859
0.9216614008497307
0.9556101807059945
0.6855873528110954
0.12834705729983598
0.3154023401368852
1.7155503674924744
0.8761100885150671
0.11158391160200723
0.023815394611063356
1.8169999580325356
0.1546820263599949
0.2627349888938671
0.7355175695420058
0.06750076993684367
0.13093792052417372
3.2364128387941054
1.9832910005128108
0.279927351370052
0.41310945452637254
0.37335313943027
0.35117567441134184
1.9938276431722355
0.499312858364251
0.28486698805588195
1.540670156939094
0.8661189067087247
0.275496912685805
0.46776038440167206
0.20793976668896078
2.5204992537501343
0.4763695765617476
0.34898008018321147
0.03823204957920866
1.1618439052626095
0.6185521262677054
1.2858453200625017
0.5254745900617317
0.9341802356468746
0.8839390894893984
0.8988699928916264
0.0932613888692829
0.02184584133397228
1.7483297107888938
0.10220044946899241
0.3601210767310825
0.5337565272504055
0.9267193819470313
0.14125372225490454
0.6679779532041509
0.16234125592694157
1.960322723748172
0.045599005497567575
0.5672907766530797
0.6256503253305208
0.04816445358152497
0.05838943875919544
0.2412907182368567
0.6347270471858911
0.8640912293261498
0.7259927858914946
0.4688069062736694
0.16461206621460095
0.02381312534501509
0.26528839253878467
0.2789020592326593
1.033373710327266
0.7771902992974656
0.1496225472165091
0.13729819595675327
0.2332246766648586
0.22905149221861124
0.24971433632664755
1.4222500552043928
0.4008765530142113
1.0407645339100469
0.2840344660582337
0.21059373188720484
2.2304404736473935
0.46235423813313065
0.11456363700580338
0.08790955546527268
0.47089316331035036
0.18412017012944173
0.6171728762953241
1.5589593911059616
0.75007427829561
0.6155334688653974
0.6309431627984545
0.2679277306009027
0.8105715271689324
0.9817023573772338
0.12315866245745147
0.07632611021538224
1.043659929198039
0.36502408135301195
1.0977545661490362
0.8223248425227188
0.14331654697157983
0.3985882995031092
0.3305553143187838
0.29225551732985144
0.8283256637360329
0.484224593365229
0.5471733181681068
0.6268273292101808
0.9044036887503598
0.3098014897154804
0.15530250773276336
0.8029110477941747
0.03819956725882645
0.15872507091037763
1.4782210114354857
0.38556531129514876
0.5295949391558766
0.5244362362202324
0.22023276859071783
0.10688501253236893
0.045990555188138604
0.25828699799793564
0.37496032146262626
1.3440898584059948
0.01764493400885515
1.6034972838061152
0.23604790582461324
0.29979560532516975
0.5343669454657504
0.42571781513891216
0.5121326567586759
0.03598188386750956
0.15049409414222925
0.4850377377494022
0.3309300982250101
1.6763818394809469
0.2721028997258664
0.29199482135898996
1.7069252305347524
0.16108205594073297
1.744748803288425
0.4701511199672168
1.4578262535569249
0.8068764267741708
0.6988795116532353
0.9932776876409037
0.3860392597039388
0.47328894711384467
0.22906823259878792
0.10127547501389676
2.204937117111646
0.6026836660568698
0.4494454327431063
0.46424032178788777
0.19988073889741884
0.029016485922339807
0.17201257367930592
0.07008146398789866
0.10406449748282033
0.6963839061673656
0.43822384304170514
0.20759006784637676
0.4924578134006586
0.7050581377883129
0.9335776935096078
1.0237086784412548
1.6552673877809665
0.05568345723363392
0.46965703429382977
1.9450487492947492
0.9270152640201426
0.7972929021373831
0.4840754546032603
0.07910246180538165
1.1912728136894493
0.09805689226010045
0.2887624720531406
0.36821681093620934
0.5396649304666049
0.6286382986671171
1.5091753700350707
0.02981075615856007
1.6844104400979052
1.8502105336309131
0.118325760876128
0.28765544494265005
0.6371257372485476
0.8922500359452908
0.07483913400087107
0.26971260440313893
0.05080148687380605
0.3893245284447235
1.0260425521316252
0.07461229969489805
0.05086471362144104
1.0025049778070607
0.10233100432956162
0.27492715756092584
0.3170462107153992
0.6508777089311232
1.1103752644128417
0.5291189568744616
1.171367816511325
0.4150830230678425
0.6301178728465124
0.051981205224484676
1.0011127169396856
1.244905049285846
0.14140392306737315
0.20427946964501598
0.26769946979244913
0.11362241897343807
0.09397516355405808
0.6987382328894778
0.02485098963898791
0.21726098987495496
0.945906241341672
0.16288948994104832
0.420890239676351
1.008944864382864
0.18192345704629984
0.052798325733846165
0.43481945571523706
0.17547316473041039
0.41525161367646085
1.9175612582857504
0.6489287079080823
1.7186070901267751
0.8882243967991713
0.17505518555213972
0.11641970299883826
2.354528894779647
0.09446460950441234
3.737515514832481
0.7719483802047852
0.12522426018573887
0.002995668497799622
0.28819471658765483
0.48911218393804995
1.3656078161360188
1.34106354222085
0.1323611038327462
0.49562507596150335
0.2257106584296886
0.24005579054522902
1.062457289593089
2.021944332322451
0.29960143607949874
0.05785540966728643
0.07474674539063815
0.14113643654118005
0.4135274788851719
1.7760329253123746
0.7769035219598387
0.19825564197095522
0.8032674098603326
0.05414340559509711
0.052550616969460305
1.1813933975398068
0.18754501277190422
0.1924884497476918
0.5563033892296343
0.921417812789051
0.9749211492753593
0.5294681279521073
1.0494379653856594
0.44089098011756056
0.6397088733177168
0.2442659623911089
0.06253536021534213
0.7662464826922664
0.23590540155816078
0.6013366318160923
0.38859123755541203
1.2221532256258014
1.148890431538902
1.1034558173754652
0.5062505797395023
0.5830626167865972
0.7008961518237093
0.12279446754287364
0.11968198768026375
0.5954660704196348
0.4665023267197974
0.115388142192575
1.6442344491641605
0.8096074519973884
0.35007864607213107
2.085310678620134
1.2699592434680975
0.836830565673215
0.74812637366019
0.4806652735945642
0.8324443826847058
0.5251990149648448
0.26439406626327494
0.00503695864688756
0.9430858643591229
0.08842568713772135
0.08077034067927759
2.1192003793014864
0.9693271434036503
0.2598397195906421
1.9432200652836717
0.7730795417874045
1.1555848569245077
0.35234660241647
0.12326086107282806
1.1147104438144964
1.0729557461120443
0.9572192036125877
0.4153753582974815
0.7758617518892379
0.18842487322904472
0.24903972320324988
0.6870500872078903
1.8788919662472043
0.4482336428496716
0.5536196291877287
0.35461824939782033
0.4938364854904447
1.5121209177370116
0.11129055994342137
0.276976326743978
0.866490580232401
0.6106311379925686
0.34255517450001693
0.8748812230640299
0.732900264831274
0.14423590130825753
0.28511454910482836
0.4002194942659651
0.3466610218457551
0.42240900154099564
1.4199587137373217
0.2574035585549926
0.4501585984315498
0.08856714248326596
0.05173702743029676
0.2154407717612261
0.24268488221300782
0.4490084647113198
0.8678726292952025
0.10327666512502455
0.04522933631484628
0.3890637513185733
0.4175095633461953
0.1852146674317536
0.10903119817078802
1.3159572505306618
1.433820632932492
0.3506865181459311
1.0374021728282399
0.3701715315912218
0.0685360153355503
0.20957403078377118
0.13355714203456343
0.18333642825695548
0.1362660056535548
0.10007839790083135
1.4542191038712888
0.32393301494499643
0.7161738131718052
0.6307474522728093
0.2893254210625276
0.3294887984720811
0.509207263629452
0.1323713937436292
0.6071078964725539
0.8858380850079175
0.4393001200432851
0.17313206328713812
0.236417081204334
0.2962427642530359
0.3378149921455743
0.8677987780661653
0.6295599453982051
0.023415742555017337
0.18523699359597803
1.0955367470304818
0.6757868892827358
1.4285434374653252
0.33902240860116717
0.19154364124950013
0.3660128635884441
0.15618165446788337
0.5881743774306616
4.29599062906028
0.22071703337564624
0.8132634965784907
1.7086508111656538
0.35023732555225673
0.07445267694398618
0.45175123096151826
0.6561153857589899
1.1540071160241288
0.4763478221408808
0.6170957254137263
0.026989647779923288
0.8807175358542043
0.08127193149282778
0.06323109675200198
0.3703070648556282
0.196888986709152
0.08261839242231038
0.5403112404644577
0.17253512054450995
1.1058195878531163
1.2432118592383499
0.6563028015424064
0.766464492262416
0.7740715949796059
0.652810874654569
0.2983188653816058
0.29418891017521365
0.20769480078285427
0.42987917870633424
1.2880717336289143
0.35059474920341854
1.2095827749442496
0.7694440390064811
0.6312966276595572
0.4502775205397837
0.22489317860280034
0.0830182554758099
0.03316602416172357
0.41306010309264174
0.26032419189601713
0.1349479943235496
0.5115854041639653
0.06526336561805685
0.19274216836904862
0.5610800485587047
0.4266733804295618
0.17003808730621137
1.1205722042261348
0.16049144874256824
0.5837648400831511
0.9388199381090973
0.284455771944072
0.09238297211057937
2.4789670529932133
1.0321951733266939
0.04562150021687615
1.0242856813984573
0.1116443976377131
0.30771522632148923
2.479232463475422
0.3474484261303658
0.3595785714530999
1.7862594096472273
0.3856730422899546
0.23511852915998438
1.6860834270113996
0.0988461413563885
0.14917703092090265
0.3066802638802351
0.18859672766086252
0.17607744348771787
1.6390343381515193
0.5599770323995799
0.17872178073533587
0.4838901690229451
0.8265342147272743
0.04446323119587989
0.46846594830281574
0.15045145899961052
0.4955427921800121
0.6722459463406678
0.3915004269298127
0.5223686830108581
1.0584787368159634
0.7394346944055413
0.3406307624413868
0.36197768000822295
0.25617425770936075
0.48009339033829357
0.323254501493307
1.5477409734180523
0.5965948591793607
1.06434789419054
0.4741543806550306
0.8435182661015425
1.1728239217830732
0.29208303867354307
0.6374980929314008
1.3999706457153378
0.6829833852981929
0.8895014585169502
1.0566760261695125
0.30930660750201633
0.21551530757986231
0.19348994074006567
0.6903335807197081
0.4750143889939549
1.3507397199563353
0.260799694649088
0.446535372866299
0.18304527332814044
0.2827968082643469
0.24325414930043313
0.25831730837326883
0.8744742884332749
0.07477887271860142
1.1516761096249655
0.11987967604808542
0.20726609839341462
0.1232412112196324
0.13240103918309265
0.08778629783408676
0.7043569260920849
0.054612292571402155
0.16435238082037534
1.1228083211172446
0.47864434751615215
0.298490861610949
1.3962336521048966
0.6922166118751188
0.9754947602034074
2.0451684546990774
0.3325972761001064
0.1259698881748774
1.5759666528811056
0.5783850865198086
1.7238527615125105
0.832655861722853
0.22932920192112485
0.6436334353489209
0.3831462962905468
0.6383731673295906
1.4218355207873172
0.6900306551982875
0.6593370297208266
0.1542233356039745
0.33708955119245115
0.16031966025095346
0.2041246279711301
0.15147500590465884
0.4921970717048225
0.3326176283311067
0.460690627695287
0.3173095774171742
2.2064813070122775
4.433760351371001
3.1426900593956444
0.564241709664596
0.34176028710647416
0.06146916548543342
0.1957167515131491
0.49356690365860684
0.1552636580951072
0.03399096780228576
0.08026112213213334
0.3918622333763845
0.48709699725336286
0.5257949939497519
0.8894599218628455
0.8678910128188974
0.5201993229997618
1.8694516054564787
0.9450413696979986
0.945734404062604
1.8405417607749355
0.9228800047992675
0.6134832063101511
0.8616684797812277
0.09817161414297042
0.14995366518473205
0.9824606181037543
0.4747464999401817
0.5480038808105082
0.31896929367034116
0.9065021225784008
0.297809987341042
0.466851473881292
0.20418204666467513
1.028880542238001
0.62577286630356
0.3062293727767281
0.6730358531066026
0.06698520138655109
0.30102892619741956
0.5843036662113235
0.11606093850457057
0.5638138088634027
1.6201749556799514
0.31402001027495857
0.17603608501699528
2.4989827325242673
1.7118059931453333
0.8298310167942538
0.8586098154270054
0.033900387551983116
0.5790834799268993
0.2609476361654144
0.8993875014674602
0.005291309130085622
0.32482566428686016
0.6458281092461678
0.02556993991309451
1.646972193088546
0.04719098119523976
0.5032281231890889
0.34217962414038533
0.6310612238199153
0.6484177843960969
1.496098208710418
1.1236200705877546
0.058509719314799535
0.7677658106715313
0.3110646938317075
1.6892688034854009
1.4215355827609768
0.8790798274770858
0.11664396413760714
0.049058249838430615
1.72818565567935
0.6672872257377421
0.49957427599155857
1.1235664549819901
1.0390459947717081
0.7347005514757307
0.23770907868443283
0.7182024849812049
1.8031641532947096
0.44734217334394577
0.6679343355655954
0.30445984130087683
0.5104915180156538
0.023279348376713763
0.04158804551457752
0.5060358026488362
0.5999519289839632
0.19172333293470759
0.1381839784947525
0.570533893472673
1.959481130303827
0.5321299561246584
1.3737710019330829
0.251461623518949
0.14791608319545635
0.31702382615939106
0.358624213790861
0.2770168754961356
0.22019121022610938
0.5408727738517566
0.37447516187936586
0.679582608300059
0.369148704053553
0.1877139138390625
0.06575857507492334
0.17017238622762781
0.5757854441830175
0.46034401874932934
1.334728012704279
0.12091033341631444
1.0099370162148658
0.4431031750106519
0.07214267769926068
0.12144325076975059
0.5238413328498243
0.6008836432537537
0.5388286821515756
0.5671450730781163
0.7685285796249597
0.9643677414661767
1.28707178594766
0.3032634431545954
0.40336047861937663
1.4479698252959208
0.025148193898104007
0.4201968441683037
1.2849700539110085
0.3526247445408855
0.6126351626181913
0.4135379489171708
0.11660373429543518
0.2897234619261367
1.1817529725041582
0.03944690443232034
0.10661972905277536
0.3244134178875481
0.20784910782928667
0.2154227348600974
0.8249667816217982
1.719780487487304
0.03726391549384418
0.06002765983234
0.5429455521885727
1.4411588453758284
1.2402557333426298
0.12130946672103193
0.2724815399765239
0.26611535434078176
0.8952192048477362
0.4273256363832055
0.5600249541414103
0.32392786109511595
0.3008660019470591
0.6045053680742225
0.274572960471182
0.4837882209190417
0.494626239953089
0.5515904963770453
1.4007912682015102
3.4849629449206327
