0.11474533001853418
0.26816383433814184
0.29844681102940024
0.2058073553124933
0.14168185694992277
0.0584841032679037
1.4426261618465546
0.29610202939350283
0.3752937207870147
1.0736142780794047
1.241287975402375
1.382460308413932
0.51028526044799
0.07530196628239164
1.678487345506922
1.6337999796610867
0.06472027958047322
0.0284368365423445
3.328570916066505
0.01638237093685798
0.32597615706282024
0.3367436097652373
1.2263051196951302
0.5308954224608804
0.4736712472134589
0.3671506376858981
0.174938122854803
1.4610369641708292
0.2506365189586014
0.2204575113039534
0.3460250386419038
0.9540351636936218
0.5804971201411993
0.8884036322632481
0.4439243486655581
0.7071453792601897
0.4307623570348268
0.14864728359224655
0.16269824771680877
0.46354770055443945
0.3771383173737047
0.22097093378443153
1.5335865963151807
0.8554118528135776
0.3741079999546981
0.7692996962663579
0.41174595602677094
0.04571949662845987
1.253155763553491
0.6337398253009469
0.8115292319505918
2.457589189133516
1.1912106194494978
1.9709854852353539
0.6854589932488588
0.12306465351198935
0.04496123817300113
1.1464775770209674
0.6414142117073041
0.11002212241155847
3.8855298517231573
0.43013750109875526
0.8069523113458303
0.8434292732907761
0.43975175997165716
0.7745712255204675
0.296005547668686
1.7432502847518536
0.024207305928420714
0.0046734297496378325
0.22221779194404223
0.9266329466640568
0.8469959606804797
0.5420551682137914
0.08148570730864933
0.8873667324079955
1.1807749243860006
0.7597145862472802
2.2315575213352057
0.0348986242942648
0.13991500907302923
0.6066424261127633
0.19792595632982063
0.4404621198164654
1.428728081421411
0.3203951358529247
0.08729387038795938
0.7152813119177077
0.15261498447644836
0.11411290670868929
0.8708897076492876
0.1701792061057491
0.2792009470649778
1.0833750230202326
0.10745122436645312
0.12506932102012114
0.4437629158311341
0.596672789417906
0.502344885419152
0.2710233612639994
0.10381025023224383
0.1852067541348508
0.21247701975363387
0.10841764004417305
0.047983921438380095
0.2473072942744667
1.0815960407025054
0.2656530465672647
0.9586967344273073
1.8038591875601724
0.11853400830750532
1.3227449116259087
0.3483516324477863
0.28277445233876214
1.29320044580427
0.5166889130008188
0.07168994272890412
2.0802401218296804
0.8319163886429927
0.3250616940931862
0.13704991368786737
1.4220674009629506
0.2693207199838746
1.379945370205497
0.2536152544356825
0.6700733400687072
0.6404949140144904
0.3763939076325718
0.48201013293300493
1.9567318923361612
0.3360945206598699
0.3632308365569566
0.7991653600026962
1.2232316205984184
0.5702705167332298
0.37341351392979394
0.33259607339249786
0.26077011123901567
1.4118338242147566
0.6570374210495151
0.9574926272857914
0.968217589068739
0.12673228842198322
0.1869664822829099
0.32074465960695464
1.3433952954862416
0.36674522398568804
2.1873141639167484
1.4819305179445743
0.24406415708380338
0.1469616356100813
0.04143466308351374
0.11152094113454225
0.32984268345550305
1.0208731706621539
0.39701295293445216
1.5117224895589385
0.5845873384355332
0.4098527500981001
0.07746432637736306
0.4156723156326473
0.011322642151183678
0.33091008712115216
0.6229492240940468
0.34755083723238545
0.22087673197284627
1.8750812936073538
0.2891340937947353
0.5338623224430269
0.6886364029636722
0.4512311097184961
1.0653841881322257
0.062304549525382884
0.1145013015630764
1.4797968942004651
0.6777080357714056
0.23098519362225248
0.5403458239382674
0.06454923090970995
0.05351336060170671
0.39083688944664874
0.176320713665499
0.35272018205364775
0.108817986593608
0.18576463780989627
0.0320205516068291
0.5529120521761286
0.5210544115975214
0.6696271607560087
0.7159589934841629
0.04129806268114428
0.252414586705958
0.2431787542417934
1.0837141651467719
0.0827591303132578
2.9062779384942914
0.3798834177459784
0.29179391005233507
1.6926698038590842
0.40583347282544807
0.2723285472838139
0.6831686469012794
1.9358212385451732
0.053113027306283145
1.260636354392151
0.15936566346654607
0.04415735918987835
0.30372115909706754
0.32591614207381436
0.3382748646587748
0.27155362766206015
0.15608050259694414
0.05007578258278683
0.8264885190572133
1.0334999433046659
0.24641404856835727
0.8443704166534591
0.33190893564336266
0.5832691521564717
0.5657546102571059
0.21856388850512817
0.38384912746321465
0.34220706924026667
1.0848777692148137
0.7039629068876023
0.09425319284414652
0.8309691980741117
0.3475216771402381
0.31722823700900515
0.04182651017692449
0.1455946708542429
0.6706297645311464
0.4829593585315955
0.7233161832698864
0.9662877227767964
0.21883397304298952
0.2396011142321007
0.27867381791256407
0.7245669724691208
0.21248677811585967
0.3982896027803864
0.3216974853146884
0.677600477754547
0.30118130793707454
0.1584295696534921
0.8290188413459002
0.40674877431547585
0.23274823033444214
0.30324718660522676
0.21577929917611277
0.10938533851524965
0.65289332675818
0.21718896573742255
0.7804275933141341
0.283378539676749
0.46567168836659906
0.3932024338160231
0.01990809708201762
0.6421397044757436
0.8685546866531603
0.07143427183143806
2.620112580989493
0.04670451808765902
0.25528854920820215
1.6210939789432708
0.5017401152929188
0.22621762345527793
1.2390349046639229
0.12039582399552937
0.14868753060535705
0.711751366503037
1.6750651093030469
0.7241043247457247
0.8414051537336122
0.9746100244512114
0.286330538808112
1.3782106772868572
0.20681372729519226
0.23363220349401603
0.04985005315198005
0.8437173790606936
0.07391319626926708
0.1297564385611256
0.04375935179075199
0.40636656793668946
0.3920644676014274
1.0702031278548187
0.3208839503495541
0.8728232025723014
0.6788318842731874
0.3921217523050193
0.8748170210961718
0.6158207224858834
0.49551915478974
0.545218037718996
0.5658809066448802
0.17802763521342602
0.418620122576119
0.1291657035932129
1.8766875135946008
0.028752401680343303
0.16140758717187095
0.12671925538578432
0.41584514149339025
0.24959023871538574
0.45573851078428385
1.8289348143080868
0.38560618000252594
0.538459800367225
0.8766295110579368
0.13616103248581637
0.14722869209806372
0.36361117849846314
0.27264948766016334
0.3813993342695434
0.8463455263297267
0.21932333781348967
0.1689995397531975
0.2849915239413038
0.06403646202843848
0.13657920199922308
0.4009230512935539
0.4693621107768961
0.643054699288576
0.2182703631396468
0.35143951135374174
1.5631422924643954
0.09102844252877901
0.030336822651706553
0.013062832250657155
0.7616889387382947
1.6030989945413998
0.5658537151046432
0.1726238546011959
0.21581846108175212
0.17917349322897774
1.0702321523422984
0.031080110179844106
0.05707111430991891
1.0883708516938344
0.4948784432887599
0.8239819524849674
1.1530991780583162
0.5570911195365517
0.4037407653880856
1.9957024921115138
0.19516817877710319
0.17781552778882687
1.3719235248219739
0.11417447206717851
0.790056089064513
0.2270466930962219
0.841244780188281
0.2452954813048378
0.14984794031926404
0.35159468090287027
0.7753335867443145
1.0063767240705448
1.228191897110183
0.3037115262230793
0.801237859531599
0.052291373677605626
0.24482669156264725
0.8362924459092791
0.15644209893223357
0.022577595331674912
0.42006294337152755
0.0672438564803005
0.4870974891330432
0.8031909702609316
0.1591127056114288
0.3066312844918626
0.2703832173530471
1.7859517398573765
1.007735947526774
0.7288296909040183
0.3532143512050242
0.32933970318778966
0.32343002796667714
0.09375611617903634
0.013213196413297266
1.2081386948539967
1.2705955471266162
0.23139009584734657
2.3726355765986464
0.18735064496327677
0.1570555275316536
0.34990678268596576
1.7192290389581515
0.27542418178913364
0.1578485855526878
0.15061533506629995
0.03469123532758552
1.0614223755439363
0.3023241649643962
0.04046702692335385
0.9238723989081639
0.07518572370380856
2.134985870283748
1.0702226646863247
0.12262594969096867
0.26756843984769746
1.03230270099016
0.08418092488103161
1.1542006988335112
0.8078226298848542
1.8851770413230389
1.767266316113092
0.3915249181581267
0.48237787532169046
0.30435237109958546
0.8485953065375895
0.3143546344378393
0.3580211488282425
0.6298628088244481
0.2149576611183585
0.23778312473968943
0.39912549172654527
0.579720137070777
0.9521080656926338
0.7089737131002717
0.5242266322240547
0.6144738541732642
1.3824294496632124
0.10584714042464435
0.25188107299317636
1.1178207416360033
0.7744380498977461
0.3263997075588207
0.4328483267499069
0.9033572879344729
0.8922141274245685
2.590261238531008
0.09659828823104234
0.27853747960530983
4.323267348590517
0.632974226342577
0.18039119102781792
1.423948460185591
0.6388320257472823
0.2631487715250517
1.2218496049128063
0.8104992702587267
0.14438754165070247
0.651036411808644
1.8277104147684176
0.14072055862772606
0.18163836459242202
0.06793302375471795
0.05162998118865055
0.5889142066479205
0.15777146386198584
0.21880395121048027
0.4495572821897626
0.2713444235003435
0.28160902822774975
0.5176361661590332
0.23801639404146094
0.2938438282466942
0.6114446374368124
0.35684208054429656
0.29732951697185367
0.5583547305912427
0.933658209869302
0.6994141208880031
1.8727413841233056
0.5356301130479996
0.5107677395285001
0.15037031408104046
0.7301343525132824
0.4340610394986433
0.22662713579635066
0.09537288778338644
0.30649912726908524
0.837795776845668
0.3073587309732027
0.0017813015960188392
0.14261212289530587
2.9407575323517436
0.07280419116531452
0.5312616390276851
0.07566540920744859
0.6385108786580634
1.0690974527055612
2.156570883974943
0.4827562254932438
2.1238913336465317
0.0494051835147947
0.34070649359413757
0.9713028353854853
0.4238673281232874
0.7637123324426317
0.8714360317077464
0.13947735133858363
0.037042415041423915
0.640660838689781
0.23273489824245314
0.5025618417545329
1.998996243270427
0.8081820426468608
1.1475486506576276
0.09734193890067927
0.041113110758946116
0.17055506945940138
0.5401282226872773
0.1820984887915828
0.26382755411912606
0.49844196064059326
0.05570926874802692
0.2657308390690862
0.9537761366859646
0.26739758831304605
0.6833541144975769
1.200350812704407
0.18951591892920336
0.6406470263391532
0.19578527323388475
0.20361988144456417
0.6463498651604599
0.8227353084774957
0.19100339608062006
0.31623116278678204
1.4636106156292725
0.6939958009494995
0.4143001129331872
0.1981318168801831
0.22598310362556076
0.5721577984682857
0.1990436275566979
0.44057186670718773
0.33837422071124257
0.5095117967898962
1.3247309500117077
0.1442469744161253
0.6808529649910979
0.2995190359368543
0.8955164527178816
0.46384777012915007
0.8770152040365644
1.0142187083251613
0.21451363808306015
0.15823631708760164
0.23542796134852348
0.3455565446482504
0.017081425823649875
0.37563964573149367
0.3297995499431556
0.6289069869117172
0.41096985119978013
0.3482965619507508
0.4176991477770235
0.5219150089517173
2.2092118453545533
0.051140838082127146
0.3358872460091061
0.7643124258440285
0.03467383129053876
0.9407464635782199
0.39550164704200136
0.5540515086865666
1.1834295328392683
0.20448281622203365
0.39631098320414
0.05257720620250644
1.160662038253955
0.40105491868224635
0.09118005235393718
0.12266873498238622
0.6035455221482512
0.05364828932105019
0.8082360562035785
0.6177629219311652
0.10577930048375647
0.6052924309228573
1.0181912250784526
0.9087471471281849
1.0556027134971906
0.8781439914907168
0.7915277238619333
0.830543542454849
0.45638114618763354
0.12548240956229445
0.8656777318153933
0.9828996635895696
0.694962181773516
0.061720085984539194
0.7227892480073062
0.1453879966608702
0.41777964888926716
0.6299039447313143
1.0221543199210923
1.12344744745725
0.6419143031720257
0.19843258357569538
1.3489024631370212
0.7757678155754407
0.2304317156838558
0.5819730120679283
0.25855571346008277
0.6680096274949625
1.324934056162579
0.1728588466632937
0.08436512901105811
0.46487812111255183
0.000639115533150158
0.5764427060529644
0.10856875064024973
0.35658685490390485
0.6774851337610533
0.47268308854315916
0.7473622915267688
0.5015140720539831
1.3549798701258515
0.2545930900241665
0.09368010102204344
0.19486268156842942
1.1422293188908046
0.13538202582553427
0.44147764164004843
0.38595332745231276
0.11927661992319988
1.0472539664647764
0.19487046459889193
0.268371864716955
0.7323634948741871
0.5361886463815247
1.9804576442311468
1.1268998572951152
0.7048960881391052
0.41182293450980567
0.9998947199996624
0.0731552126255356
0.08996006813783956
1.30600689315743
0.4768669524125596
1.0164425056167905
0.6736659359604713
0.25000719043560005
0.29617628765936216
0.18171898025831834
0.18116586391665457
0.31540991862577317
1.3590195295454375
0.0012497052547029458
0.21336205092668425
0.7668360487214905
0.5330964233781829
0.5937166375882675
0.4355370798834229
0.43618317773850007
0.0300789194173929
0.6883275600146992
0.24054211508250248
0.09817195052732504
0.6550405546162105
0.07197887991667341
0.06942931015152916
0.8367305635203439
0.39973343876225403
0.03456837674333083
0.3022850758252538
0.06723183885206944
0.10257931085217152
0.35181119523269694
0.04391856068017809
0.06847244793068692
1.0120584039734228
0.35294430672899757
0.29143693596651743
0.15080278625149166
1.692826412544936
0.2276596727589541
0.7906010279331375
0.9536686965551309
1.3307147912603423
0.4979771022811502
1.8478372882549152
0.02883736067114769
1.6748828944044583
0.19755445896019855
0.31970802305707446
0.40754903364374884
0.02673433497694329
0.38078717989917876
2.740939017742871
0.47450801526029224
1.6602547873556435
1.1030249305638773
0.08548642474106971
0.1977290758600714
1.0855904519229225
0.3959810009718332
1.7311949338454105
0.8376637181201989
0.37363338367832677
0.24557243465129955
0.9370505225611082
0.26682748782672994
0.9253717098396357
2.6046023745409244
0.8354452020818901
0.31363710865672206
0.34194378211369236
0.9537928661516762
0.35569144639528916
0.10127490285796702
0.866823663564498
0.5236288150275018
2.0084009457115957
0.565013769147485
1.6362299655457186
1.340025281612185
0.2615046905064467
0.1302154034006508
0.08579317576933437
1.8263907081241746
0.20681435357551478
0.18926030753791928
0.09271915433128589
0.8067536017251711
0.8899772312574893
0.6763271200635722
0.8361689456656934
1.0415246442475448
0.4306619856577324
0.5407536795038179
0.5229362258517266
0.45831405572023437
0.21560141912738034
0.34041965891029785
0.3587654608370778
0.24237343408824893
1.0043739394702274
0.1470316992852688
0.3187843691389641
0.607166239397535
0.22130488430450582
0.11199368353267997
0.19496088169773557
1.0601358167892339
0.5597504893993368
0.17916918811596702
0.23093839346111525
0.9550433066313908
0.04394225029753656
0.3809086704333291
0.06606764574205967
1.1446011291398208
0.6789534040625913
0.6937768812177527
0.3191997458753914
0.26964558425434787
0.9061010001154187
0.9190705893980986
0.39287806417973403
0.5051451554752444
0.28434207748498114
0.08295297466059852
0.1237089741704415
0.9280582135836211
0.03238390784544047
0.02279464801239319
0.6843807693065047
0.5297662688859627
0.054245078475683293
0.9945835377372554
0.779796300668837
1.126900050894601
0.23883235664084118
0.8811785948002087
0.08960584003014124
0.6781041571384984
0.07776706882538396
0.08860321310297237
0.31727215258635505
0.11044758188152191
0.03452670807130115
2.154299334646734
0.16833193308992472
0.0574613718186022
0.4704345180321126
0.13682749901684474
0.0037300713532703845
0.7902700056620416
0.28754916939329267
0.5348318570853415
0.49766795195442365
1.2428606577517807
0.020208899486335738
0.9231834065723072
0.9868041467552578
0.4358704346177197
1.0193097641357818
0.7961466422673584
0.21610297250097568
0.4256988840544811
0.13736577396396352
0.10036191525678971
0.3166376295400394
0.05604302547815947
0.030034395680563517
2.0694402403014824
0.09066637151110735
0.40444936370077705
0.3764726647858503
0.3164416523634226
0.1990862627380238
0.36317363322213975
0.677589165151517
0.2001907356085106
1.3127469345337035
0.5009894201719878
0.14440069056505656
0.8248957167351653
0.41440054923403497
0.4265861393082441
0.6722499605674497
0.3660745370134566
0.30316441512974135
3.029785150567924
0.18393006847513604
0.08155794394625049
0.7575897430510892
0.8251599606327036
0.03628947734326218
0.6219300017224431
0.6914789057916375
0.5474183270558224
1.2624129416397425
1.0162202795674016
1.2484722781617668
0.7908933346975558
0.15768192625820052
0.5735967916900849
0.09738550970240664
0.4507666557411756
0.2980225709841334
0.7055907475217224
0.8853009359210504
0.13492707389981526
0.6266471471098741
0.4366982055179515
0.04346076426710407
2.1041030421583256
0.17300140496604405
0.02839065617447037
0.431572655307548
0.32724661030392743
0.09967139364879195
0.7111306018186786
0.3822253370246029
1.1960892575336965
0.38876383254674846
0.1900861803537723
0.6372023989358001
0.26547008705063835
0.058278434326194006
0.20574746516759207
0.919526481144592
0.014401538542517835
0.29863588172971794
0.6260859588880077
1.5877098111096608
0.5794011299017048
0.6892515559497009
0.7505693094828301
0.7665929839884039
0.3246302147833113
0.13982510783067642
0.1575521124825661
0.1125008020971001
0.4210318953732587
0.9087935997143357
1.1350342344494913
0.15020652566348328
0.4806369627122902
0.462449740140029
0.14914340833848888
0.10530411951977232
0.17294350753268714
0.2999716863100156
0.11566308312884685
1.78469443946548
0.19465683260849687
0.30584979948276014
0.12116977505846813
0.2464256248707427
0.20895241803231568
0.02618473057762826
0.8732552583309475
0.18313545423087096
1.9761142707492945
0.33255255736234735
0.7468891323524494
0.44014195596506506
2.0766561309398517
2.3507618566835142
0.9249514510992239
0.2879529541050555
0.7014714534339508
0.8103758636185439
0.6369147077222568
0.058362743181134005
1.3266584206017542
0.6148580645927104
0.2817833084552335
1.5159731164623738
0.4161522132070517
0.09407699121307503
1.3104033922692342
0.21666014913352225
0.3843327825019497
1.7240894037314798
0.3299396282149167
0.38583969570228116
0.7516624201934871
0.2768699884530996
0.5274027239374491
1.6333303127262588
0.23031255533475395
0.04577810928847328
0.13727625152220677
0.772317859604285
1.012791441818957
0.7562901540430844
0.09999798257652992
0.04400386399319708
0.267190306766217
0.17942305389265292
0.2910910068261842
1.0776453993117223
0.8455398617265218
0.29991012120643745
0.07922850756932062
0.5414050163386761
0.41949196352893303
0.7026299397194843
0.13116743403600745
0.05770929593805338
0.022558834836960594
0.22304057451111495
0.1891059268095049
1.4753053709524766
2.081312840394117
0.6201658836778855
2.876897622273298
2.2958948523754588
0.03144105047535966
0.3231050000668984
0.2370406541981295
0.1527296385653921
1.1615464671315519
0.5638356330953742
0.15449955280118172
0.9903044606652374
0.1369790362207369
0.40316726611598164
0.6363954981553853
0.41169331297993383
0.10226404933241695
0.4581101617892543
0.025432149333913787
0.13108554904267194
1.4029155728805467
1.8768400380878927
0.8525198145306979
0.1909236648897175
0.4299427613870899
0.5725075236433621
0.4444162614160993
0.08545363520755841
0.026800745198907436
0.4771565609488435
0.8614344172242991
0.203553941373767
0.24185878906438527
0.7392649531949534
0.1451305146753379
0.3192902870229519
0.0828723986619895
1.4849882188805732
0.48605205642617433
0.14490973449746214
0.2759684884940585
1.2003242643879537
0.20836793624110156
0.3435598081493488
1.3012512852434475
0.23800690566382293
0.38305018467855784
0.36340657647244706
1.0948590915087748
1.1165874519212986
1.8803585208486862
0.7319272142821666
0.41725217327017555
0.7681203750263573
0.049526017130295905
0.1641654342207919
0.06597100151070494
0.13687288389798682
0.5628272528908734
1.7323945096926452
0.06313726449068681
0.03823050669511789
1.277162017446732
0.29767918391554476
1.5128243233161969
1.0751320168424083
0.07466291264297703
0.12297936928644165
0.4728493463509292
0.018739336449307878
0.1890980667702646
1.1365480185204422
0.07852408722212899
0.04181723213271499
1.1864359984563622
0.48887969521322194
0.245297885013542
1.0494899530750719
0.08792890495899329
2.3205598775487917
1.4042664587574745
0.16735270597613064
0.08764268624656187
2.6997847631649057
0.07276574786542826
0.38115933151536424
0.5478153070020049
0.25066230920812776
0.07106945115564028
0.10726765967280934
0.31636821207604154
0.1270072868784115
1.1169593686919177
0.6056684660510135
0.13435145080661665
2.5833839554621525
0.9766948991845245
0.07311580563394447
0.4356007890759502
0.21478374841293693
0.03447370338620143
1.0542507701886892
1.2539974682632222
1.0060869054201833
2.395448996167048
0.8111992767135048
0.24711797600978025
0.9104621573077774
0.23108136555526246
0.6636626641168535
1.1166555814030459
0.4726788810645553
0.132124390355983
0.44854410884444834
0.08265866078319999
0.16318308330387843
1.0262078359367026
1.1693766744062686
0.7799545015343085
1.2206087169385407
0.3724292681745922
0.780750202587865
4.2867596972088045
0.13045215290022297
0.5296818360589127
0.5095551084897013
0.26364161757216753
0.49526123864839217
0.16980701588596228
1.1245725965507407
0.3417776446877937
2.155118657891495
0.30921063936334675
0.6516628913892986
1.2316571745554172
0.25221445170695844
0.7310791343261535
0.12533410922355517
0.04604965017498162
0.29404540616890185
1.0068830083841427
1.2593593070789963
0.03658876679431638
0.36264038515651653
0.3061787191097679
0.06993895513838481
1.6380072277529618
1.4667827295227989
2.0039858555564374
0.39137258881518394
0.8996077171775612
0.20176787068484955
0.4489533635312176
0.5931990114503226
0.9192644648650169
1.652747514916961
0.09330220712574673
1.002456881191318
0.31591162032953074
0.2775344322450732
0.09365453647082111
1.073540060561295
0.5523740325864934
0.14234623892681647
0.6555969657859447
0.0038438566009578144
0.7108203484656924
0.11424732605751423
0.31227425688902183
0.13480216612540652
0.8209226195852554
0.16438471398524962
0.7326756100482977
0.3672580450363554
0.32717874197554814
0.243080228198273
3.2719130516798165
0.1355430692410208
1.404789716420621
0.5446157617666473
0.023869973255090493
0.03173875966861895
1.6096525886443498
0.479623455827469
0.3792599899829383
0.859221461508564
0.042118503150876285
0.1033861501249866
1.2626964412557247
0.35301736270720846
0.4105294065668623
1.1392672140245503
0.10275823651972739
0.02142717959316453
1.2043350993965778
0.698575122424777
0.08682983898481994
0.3093766547154839
0.1735373538034045
0.5755877178690253
0.08899387184462243
0.4594105304998595
0.9600105049434575
1.3137605463294721
0.6501663392919291
0.08727867164824961
2.614164288658422
0.5489278520723155
0.2920685266250588
0.2598395903120013
0.4241827988745688
0.09886817037427469
0.5962725686765052
0.3580557463573319
0.09603200692359683
1.2267687610017548
0.25412469729380166
0.8212971727853753
0.7652295293341387
0.05936046028725227
0.2684326977727596
0.33225493333334216
0.5715485693984189
0.9992336724017639
0.23620452331754213
0.3882129663945838
0.2967418623738843
0.4736931767995385
0.23906517317200104
0.2292606096250542
0.42595349876581245
0.11275371883456756
0.627868472471652
1.835104728416544
0.2338254989674278
0.2632797781827502
0.4538996489635
0.5138178540603761
0.9364913639650648
0.7198909598843739
0.08531617981093502
0.4990525576812606
0.3617709597974509
0.07966995078770012
0.04518744861443714
0.9239161161707236
0.08378783616053631
0.18083723599260712
0.09591126791872763
0.6124462320346487
0.6035072253772192
3.499591676951156
1.4517027210659281
0.054658624877757155
0.7735023669696954
0.3672135309689419
0.05071020236828578
0.556873030780319
0.3291523073862701
0.44616440292708937
1.0644783386024568
0.5488358187573927
1.2715482752042977
0.22404732324149856
0.2167811429550413
0.3321939224530749
0.0966572822456401
0.11076165129860148
0.8452076825032883
1.2151796761644358
0.389238556319815
0.2010211436096867
1.971009548724065
0.08561875866359836
0.42552643584593935
0.04504888929545765
0.5141241375189223
0.2231012679054319
0.6439515447952452
0.28005110070058165
0.7807079979361308
1.4111284751743
0.14072320509557684
0.9592932852796752
0.3325548263214619
0.21543106977338736
0.1540703163633366
0.36375713910573165
0.12649608413688518
0.5054541612545347
0.2440994312347503
0.0872327005438676
0.15262598444652303
2.7911133034770463
0.27576656663265087
0.15605666741131902
0.050001902503116924
0.02477214931887354
0.22259326462120704
0.4417040622409454
1.2936622188493885
0.12015383242541108
1.5567342142670162
0.25658110500724096
0.14544150710408524
1.426771596818364
0.4857264859302217
0.4930987624357346
0.1799114391460256
0.11273014625314025
0.12722633146429654
1.2786195653308245
0.9520990555275254
1.1310603562556312
0.30257987103003064
0.5843950144218828
0.1521374762970773
1.349509458188089
0.6088512980541352
0.22972015344650334
0.6894565151326051
0.6722932277468456
1.9190884478314343
0.3886491183163856
0.33057893741670785
0.05934749349478633
0.7594047173696374
0.006236732962609439
0.06927899014791333
2.2816406882115285
0.43806096922603993
0.26010471639431043
2.390815181607492
0.6624880592965248
0.3423399239574126
1.6042393401800028
1.1541718819458107
0.15787791465213202
1.0585474278100389
0.07367434723221056
0.035091043386724516
0.22702568814591653
1.1465801762236953
0.8317001691775631
0.0871247839454668
0.5408584609266383
0.5655948939391787
0.5239816161065967
0.4119947135907987
0.16920409914160942
1.0771618818752926
0.45993116940065554
0.3515157536451717
0.5048165046285635
0.1180970755199723
0.03704080301897539
1.9782519454411815
0.2761317964821624
1.191260587504498
0.5849096004471616
0.400129331041637
0.32543476672443034
0.4292259835550629
0.4409705773581852
0.30181723444359726
0.263023868360842
0.8017290848681002
0.23443807557674257
0.42340672431183496
1.823930708506963
0.9343649713609294
1.0059511627554696
0.6540082353298727
0.2800614230000972
0.38581311451412836
0.04320618186941654
0.3429702425165181
0.38696597998889637
0.01128473045216156
0.3231855051669721
0.15909982542790185
0.8613982388873791
0.21008342918392495
1.3809330493839276
0.3663552927667631
0.3813949172806035
0.8144853090068428
0.16202773271637697
0.5962527512540895
0.7362779569522365
0.5880196752589884
0.7136557856518436
0.3392343934840677
0.655079284563448
0.6091921820466281
0.22196106377250838
0.4345685451200935
0.24677270019191733
1.0398525785556845
0.08139599576534395
0.06431001378707671
0.6539626368133225
0.7947828885851754
0.5622437667848483
2.3613901058471845
0.609687334324524
1.896693830970545
0.16331209763260587
0.21170739449171327
0.06815754052747866
1.0284750288866271
0.4940776151937183
0.14155407145007948
1.1842731891859257
1.2371710739627726
0.9528222972084348
0.1290234474877023
1.9327861205210985
1.0569596451443357
1.4943359973500228
0.34324275862393816
0.8961979689151193
1.6986449930399543
0.17706112466035756
0.3859906186930508
0.08467736227847024
0.2680034212130334
0.20337721591171326
1.2909525661946843
0.9911690485792178
0.3762905479141728
1.0401430084353154
0.055372369689537695
0.09547033652792027
0.20319233030239697
0.16816302113155593
0.013199182925292203
1.7480177372911534
0.26287927779878045
0.4159576490729396
0.7239114367172783
1.0748396989721247
0.6632618000618646
0.6213669428723172
0.6016385634333323
0.32371283347104585
0.39066453784821437
0.10271010632659872
0.058209272812755855
0.15485523834568987
0.4555465816589992
0.011498156227129021
3.0954952428732416
0.3792322299248422
0.15734691024096045
0.05970210051644104
0.06731394949795982
1.373544486899685
0.01712018599959559
1.1446734513566508
0.6559762046727662
1.4820512879162557
0.5203008756069795
0.7423887202011099
1.4613676387645502
0.12110493959883774
0.385044284263087
1.4158934321958534
0.04832979653370103
0.5985353008067471
0.22619314516301456
0.48313330917953873
0.07595833176370423
1.5143687427187538
0.20869223057784703
0.3963159485888382
0.7443850452936563
0.033461844688744
0.14230374215190766
0.5113560996520837
0.32325293953837325
0.13953910562303676
0.9919671114575216
0.710188832467204
0.7521688127181989
1.5452084299441875
0.9569154199399007
1.6068271370521021
1.26948117957657
0.6606314093066108
0.19884266860931893
0.25767216614443167
0.12311397094470246
1.4202869254516328
0.20085444328262067
0.12267030451075281
0.8559808098148185
0.4552458897920942
0.06528583829091052
0.26192989572151953
0.38662203660175126
0.17220412389588705
0.05082606942349413
0.876995583847518
0.09369875329944667
1.704890535760633
2.598169257303789
0.14658377705191367
0.19611816538993765
0.6285261994926521
0.35609798627658845
0.3571478761395339
1.4119085253006312
0.15820818926940308
0.18574483196153324
0.6319850404108287
0.6076488590096232
0.04486522004448236
0.9313254647130703
1.1601012087697982
0.48505949811515886
1.3895665549471388
0.40542353175323703
0.11990112106773634
0.6962991396561736
1.2690139410395758
0.128525129614126
0.9685904860531697
0.7080259150787965
0.08478854050766589
0.9804868765788326
0.10872098490825287
0.16246626823492974
0.3273526344942897
1.1953875461671009
0.5684440821709675
0.8621631849470734
0.8946323123177713
0.35180785769451695
0.5584073228481091
1.608147070270565
0.12606190077134946
1.0511052285854101
0.5107712707784814
0.13818199814453472
1.4899916223109668
0.10074731369982384
0.07883055826504728
1.5453869924841872
0.09858273367807184
0.49331259363046215
2.2587595199843515
0.08787514873964063
0.7329986209564684
1.2825434504142388
0.3223664379518636
1.4501236684093881
0.4601017683869813
0.14580536248496817
1.2516710065633956
0.24286368779156794
0.35315664200590385
0.37936946319209136
0.9151902512225067
0.051634736508545116
0.3462662143001046
1.8515656078046767
0.2291214312593687
0.06764468178690027
0.42752178244002687
0.19206529655102764
1.267676274008383
0.6962291152443123
1.1927136009866315
0.8168448037997622
0.1022187181737417
0.08197072168502478
0.40013914387238597
3.033734393081699
0.999845888434977
0.3246182942628386
1.9908513215278996
1.0694617062269263
1.7176757033465524
3.36923037895752
0.7578387201185038
0.6938018953738245
0.4198291804666035
0.4748679090940004
0.024029557632965475
1.0470705897329755
0.031133824876803325
0.4781580005880409
1.1688187325407515
0.0239000059846249
0.014860026705593105
0.650217203681968
0.049405217386207664
0.22537874226033844
0.8371500052332417
0.08034119342479863
0.2316439913912538
0.7068523267364673
1.26460600582191
0.7495745478165944
0.8868601103705528
0.6678233126123666
0.04102551538790499
0.5684139108011078
0.5680082124169871
0.5515397523963808
0.46300279101464925
0.7240276150033081
0.3701009312354863
0.5216073107744382
0.15543925936564257
0.28293127514251776
1.5906750007909862
0.22044485681396045
1.081036239069555
0.9068650396983201
0.609159119953736
0.3816474190032373
0.7277948735584433
0.07347980829429022
0.03737689287443191
0.7956328954036076
0.19487471847598334
0.5427874152335188
0.7640764688833874
0.14429865034899406
0.21089871336050353
0.9066966927083498
0.6500848141512993
1.061489146466453
0.5543548690455854
0.12576640251895982
0.26604998193971263
2.14752272588071
0.1597631051247961
0.2853204790862549
0.09779867595629535
0.10014235871719146
1.234242710703292
0.17626263672628423
0.3563916847690588
0.4626751671483672
0.24236523046701874
0.21234168443732582
0.01834652364018618
0.3975880612322004
0.1907015191698949
0.10792702287473595
1.822698756141692
1.9420907776693042
0.42507321915015744
0.19870848601807534
0.3154580236877335
1.111443832045495
0.5568574842973973
1.7245338907148413
2.2964934232983762
0.41706288926061047
0.023730590858909894
0.05970695711293815
0.7853051894067834
0.18145830427159412
0.0805342876934294
0.792796702605681
0.18801570751223887
0.1032990884433487
2.315311177503113
0.5666896059292419
0.4047924899132511
1.323033384771233
0.25029227830466205
0.3105310066751703
1.4532429003271892
0.09568891874430105
1.101850559014825
0.23741680372070653
0.43072497626954376
0.3645221358573634
0.1436402409053266
1.4396594111073713
0.10260713858903059
1.433889634860327
0.0077514384183744916
0.44293277325338426
0.7244727733613379
0.3017947639101751
0.2679612688800623
0.5500445694613286
0.025418092257231135
0.18817018861780127
0.2541220294263915
2.2524919293781487
0.6795223502126145
0.2108403344635809
0.029899438459098635
0.263412356564551
0.12250510779418528
0.40473967370127323
0.041494259519729536
0.41261812538312503
0.09263461050897745
0.33942118349648503
1.6432083259453316
0.5834709572429331
0.24513109990786233
0.4632980468418456
0.2899277549173726
0.1592006511320139
0.7482091971953857
0.753583622961406
0.6411624821047994
0.212618072147541
0.3987025412318865
0.35226032725785333
0.3196787081964879
0.6988881051052419
0.375764602235687
0.5079385005045256
0.5323895518844486
0.4946849512895783
1.2516250823581039
0.125130982517998
0.2882488322127658
0.8112238867304563
0.05104259749516988
0.388506345384184
1.0313622791301424
0.545503972150168
0.19376849871410237
0.5656166884951865
0.04410182524031378
0.07139495240033883
0.24169169786491052
0.14469632710723812
0.21629633641358884
0.07567292800221324
0.577349044957359
0.012581550209623918
0.22401219173603462
1.5086282106465523
0.23703271117572683
0.7347151206901499
0.033130339406684674
0.5080549141636147
0.23726763746402024
0.08309142128148593
0.17708890976537534
0.8065879363039524
0.3153110909114153
0.11153765403048671
0.028454369533600917
0.3741374730553513
0.5513999536982569
0.7247174921097917
0.09504342020528903
0.04800959219409135
1.6625438412330729
0.16989835546737064
0.09041494079528709
0.6820244933954502
0.3153452339018588
0.3993916317427118
0.5776586922704371
0.37904661207070867
0.4482466241509907
0.6026779390046502
1.4654377694393725
0.15041241508575992
0.24162311564790337
0.15292928197897057
0.245552288133152
1.376936125963123
0.7445776036824879
0.1148266160612123
0.7699181534266192
0.4390267485684818
0.2085106233306962
0.5610290756287071
1.7710589284571174
1.7030565219245772
0.15588166049491517
2.1110282887696634
0.22106308754341084
2.9387817170080477
0.45432776517493884
0.14025047593322318
0.13229178417106846
0.7449662267761591
0.02497541932698297
0.5039950916553877
0.5000058132386678
0.8547228600944925
0.46783010020107824
0.17403298637969955
0.02673201739229727
0.9347093494722004
0.9893311378252978
0.17045494624294757
0.5644797790025134
0.10348781694777982
0.0529899853622796
0.79134971982029
0.061944874920478135
0.1228755777139747
1.1503099367256764
0.8942440400157086
0.034728614732667994
0.4180999044245153
0.6756976921353404
0.24149777507755107
0.972144761667469
0.19063366007789173
0.6787703434536484
0.8254102591036979
0.1560465377814562
0.16973232183670778
0.4834098510032212
0.4273494336028628
0.06511217875412605
1.1879049619685789
0.5545400772416554
0.40047524949104657
1.2023031735517868
0.3807513797455943
0.6872432602974933
0.9901699954013398
0.26588744041472967
0.5008074766547691
1.2097285952375865
0.1511285203125232
0.104926823299146
1.4663578400599073
0.049882477160307866
0.7693895887152535
0.5733460481522774
0.17850437053163548
0.22353314003456679
0.14279148495245345
0.12153684994209142
0.0216768041550278
0.16141588393038772
0.18674434409479118
0.13151029404526698
0.9791364762930896
0.14361045863008662
0.1661145207199436
1.5548230697661876
1.417167382078201
0.49048284754744204
1.5064119599092995
0.5229814439048361
0.24542111037288564
1.695409813191486
0.3940626916153362
0.16786764542419558
1.3790873843513367
0.43514779678562104
0.1700504011216028
0.014260077139092862
0.8634677974229574
1.186873510785957
0.6349124431949386
1.2067496490824268
0.7345381870406353
0.1881048681588841
0.42786509086414104
1.1636849048370157
0.6630904736761577
0.8536036242497869
0.13922897412755653
1.107458424170876
0.2877759499052367
0.035988307604428414
1.439199126080866
0.9574460091443044
0.610763798177302
0.20486647429670024
0.3999992473851437
0.013408334855568775
0.4552831619653461
0.4075201786396777
0.7887118292012816
3.0437089016779852
0.8748307039002965
1.4758681536618283
0.5349039627065076
0.024644250972082348
0.20674798905288774
0.3957618102166246
0.18883963086237
0.3559284882953039
0.9410768716925607
0.29211226430722065
0.02835409270410718
0.8148708188492975
0.14801609262535714
0.17109433054212178
0.19553580505017756
0.10151646663976352
0.04694415666042447
0.1884359071012654
1.124009265213666
0.1393244484757822
1.264402399694592
0.18233120070801295
0.46005550920053884
1.1399739709480041
0.0782358985601867
0.2621245698711154
0.9007981629604835
0.05387838168507852
0.5480633304500127
0.34648355906480627
0.03264664583215356
0.049918681593010175
0.30081671029122004
0.6051609766917012
0.4534896906699803
1.0228753778821713
0.31093586633929254
0.5877994180118277
1.1169561522050167
1.2907771213780492
0.19385525048661828
0.6196091049670627
0.29849407806037653
0.0012900095108815373
1.591054136995586
0.15429951041470613
0.7250199360285574
1.0397759540751672
0.6245476601551316
0.6287137241630485
2.2253300480267546
0.10367737898369757
0.267759648989182
0.5242792913599108
0.797349416366946
1.9749298171204839
0.5000084275180354
0.05766235947067219
1.9108480443262073
0.4810802064564102
0.15837413572271405
0.0398386559866953
0.33359323011508857
0.2603279376137223
0.026853097363618232
0.4095470520113581
0.10360266739002484
0.026748087581120763
0.18825543822020957
0.47118472805638406
0.4335977303128133
0.07719746282228798
0.3582572679496135
0.2710159569745182
0.5393162790042773
0.37727101914996714
1.0162586601074552
0.5950305188047589
1.0012161790453793
0.24776179252221636
2.976204028372321
0.1318428917824861
0.6034438555086472
0.8338705436594295
1.2924332402210421
1.2728534551016348
0.5229865923701397
0.2624557096028362
0.2212565063812109
0.9673150047663425
0.7543391502767237
0.7013554835333566
1.0426527309271048
0.10018913578637449
0.20255447295747048
0.035151899245862116
0.17103616183189424
0.23284507337590815
0.3386703186683266
0.3291929383652385
0.5164190204098451
0.22614461665945199
0.3145884336043301
0.025200226910848774
0.9351570151309707
0.3857141002859933
0.3080895847491491
1.2055422731516388
0.8152435132138599
0.12837319027742286
0.1898388197719938
0.17368433861126875
0.0627170338044976
0.19348366933444847
0.9774471423311328
0.02888185811156726
0.9672185552706263
1.172287199824295
0.38889109986695936
1.4891777668773793
0.3828620086313452
0.47243984952809637
0.25193478259083807
0.07532477996558412
0.16238732598458408
0.3172452331881784
0.5946096648258477
0.5026695588338436
0.28798970676010377
0.2722201822456493
0.25604068144249637
0.48216919702052885
0.36895482280162645
0.3690299371878843
0.3452836282842384
0.18146739068321915
0.250844596012026
0.35479753651715756
0.5144915716308585
0.2636790739978757
0.9060092733755657
0.4943522794192057
0.7939489306798159
0.6902258136467224
1.523511471472306
0.5698865445001072
1.0076164223519974
0.02919910879097524
0.6135795554905872
1.339443361986414
1.0180293362604336
0.07135786120335774
0.1197641623567096
0.19737844769753632
0.702782450209708
0.5392702739402607
0.2833164493643597
0.1092537431190545
1.5188748853259084
0.028120962199685275
0.11200821693921015
1.5648543367718493
0.4948255757794178
1.1748172908500807
0.306563275516489
1.782669090005903
0.06454354958033649
1.4705472720470365
0.6414403016704328
1.0195149646831563
0.48872138365510964
0.24078184142366174
0.07812823266461194
3.0003514758458034
0.024219894374450827
0.5900141691796137
0.13244194177580312
0.32244666883217377
0.9829679463226869
1.5669046662324955
0.14207009629661457
1.6120179430615882
0.5519448569483736
1.4906973405358594
0.8552570308189611
2.4770145761024107
0.45488815057237175
0.19933483023724757
0.6432003944984723
0.2010666613884312
0.3384326614803599
2.0577219176392174
0.7138319850737515
0.641437467435182
0.8901254701151943
0.04779703865488224
0.5391994577918148
0.5064568900906504
0.4710530776609362
0.09667511230317882
0.5700061254839904
0.291416208541342
0.5281065303614035
0.6026688932579249
0.3611299889277382
0.5941807775709387
1.3651054490727825
0.23020785288758072
2.179930727954243
0.2288652609335073
0.24363780506799437
0.4692273974742549
0.20551985132943723
1.4194336206868245
1.595098506358534
1.2218357172645533
0.4699799453633673
0.30045123190449435
0.40449334300830786
0.745433028505381
0.36601655743681133
1.0047557035302888
0.6724735366212173
0.5810781276865594
1.6549024534657772
0.06510935079370316
0.10660257908948001
1.3263512953453063
0.5441697387631711
0.8909286437627265
0.26506172691797536
0.22068435100514122
0.017738611779853756
1.8027188505898033
1.1293848250693934
0.7603988335924844
0.32420540796073827
0.25529875807665703
0.17575173654647067
0.04123898043730616
0.062312731307013224
0.5773625419522491
1.310855042260707
0.7387930441584837
0.4060832293850912
0.38111885019393343
0.09135258740809164
0.13131916529713145
2.3702182649177708
0.12591178350275734
0.3897838630982013
2.3359917203620815
0.06763964053925031
0.18318932849115793
0.16948387345630408
0.46157460683868673
0.34904047475407407
1.73576935290905
0.060552744680847
0.2153521921036479
0.7744118543392848
0.7862938647468215
0.5665833407696564
2.0357606115129396
0.31018514777051104
0.17696052361295272
1.7341287196344206
0.21236479150750937
0.23458729158582134
1.3775757065201852
0.06576396969892541
0.6879248289689388
0.7823992688935912
0.27058435768010874
0.6425189683063246
0.3350711763015726
0.032988573048741664
0.12171806688104918
0.35015517533725077
0.29535585713659607
0.4257156579735172
0.26770582451149694
0.07349938661915695
0.6690883340876583
0.32832917485677904
0.28100145829251244
0.42686503727564096
0.32718385392716137
0.6906815320789501
0.008692781949125398
0.9045901162231685
0.812526078499055
0.3145270952654257
0.5282019095259952
0.45519090397614775
0.012688298384079548
0.7056470584203857
1.258077114948584
0.8228980610247856
0.17578214367909267
0.06528128451571089
0.020140502094732986
0.4110253967175391
0.1259842825794624
0.7713659825183166
0.30670668547280916
0.2475628410501783
0.19862320251180496
0.26781721327800434
0.07648663490878989
0.15789626649955743
0.6369210072140032
0.3254195327943919
0.7610336395691875
0.4250635296229702
0.2148818208395928
0.12808885894488856
0.5013631849934455
1.6578127576216324
0.18482075362351827
1.493120468304685
0.6601328306814208
0.4489865471455758
0.9000954607392421
0.04104746782953071
0.8339813297293135
1.209930665854174
1.7717976207602555
0.9083114658001976
0.37080928524643947
0.22389777695056498
0.05489869498761722
0.03567068210057741
0.06099431944544419
1.2201970499709773
1.7379705394551046
0.21955178998907657
0.2225003496696476
0.24723083437314772
0.19212762092572652
0.21596564092590936
0.6589568623851217
0.20908391699622825
0.5598345556269514
0.13738124977271265
0.6914662283124773
0.6660148231453433
0.6058132250334104
0.08139317896528821
0.09818659747132709
1.0599883957325325
0.3507967285854669
0.21482437274875904
0.12299828338733595
0.1727130414365798
0.010317918831655023
2.6263471502415237
0.26096558301744816
0.011722879512327571
0.4225619974237861
0.3613432506216693
0.650380227306775
0.5333036866968737
0.011190009730187153
0.31839155582269957
0.29931680830917295
0.042635044114722624
0.049130914645645625
0.9178634341245373
0.4740126915609153
0.03995128050178568
1.5340457129460114
0.40315352182854475
0.894698780504176
0.7567078245556269
0.07377858943555202
0.3988569325956218
1.079129200150548
1.837153921497616
0.21625575266048427
0.12165873361693788
0.8984464240358708
0.5924705971219408
0.2348856892790627
0.20702783524558702
0.4422263216135127
1.230332424582928
0.6773025981377646
0.7632932240225662
0.0993349831582544
0.04253070579935448
0.04442551102793916
0.30217662907730086
0.1574971743397649
0.15802412391868714
0.8113769768618524
0.325094508486606
0.5153565968537825
0.16430261636409324
0.38094834991814636
1.1030045178265893
1.6621713652087304
2.728980962971657
0.37435389679530323
0.06310985722505745
0.19218558997267188
0.2271574838840276
1.9440749504430344
0.41785059032992167
0.18246152837896049
0.10108919767945496
3.8755479179430643
0.12821968353409724
0.3422605030254318
1.2735121424389213
1.2301236218292928
0.6370215497189305
0.2380069932105481
0.1972184386222586
1.092941767585904
0.24877377867854553
0.0802373920038216
0.32641021624678046
0.572521022025406
0.24521775099250492
0.8786750238039265
0.6551387738201602
0.26623548132370933
0.32136344544564627
0.5911042532825272
0.3837293349833668
0.2448509862734062
0.3401261617588541
1.9138100087618068
1.1508787570835928
0.055657860293057894
0.2536484189174677
0.4903894629103173
0.28996142753039483
0.41892987043513813
0.9713555362455011
0.0611565001469241
0.05334160081178083
0.2768481231349305
0.2654066949980226
0.10295562975764445
0.13783932399195264
0.08888476475005529
0.40717508807056996
0.9008701790482231
0.4427669497902234
0.3468222624099756
0.6451069814304999
0.05872746612402825
0.081292231084741
0.04576678871619131
0.11195487635426163
0.052361773081852414
0.5514159277967166
0.04296866171738595
0.03463347453243486
0.2851042414692026
0.04521374890627385
0.054747295017753675
1.2259112784731252
0.9175541161372465
0.44736628160976233
0.6281213111794792
0.23481294112452997
0.5711284657544968
0.9855283384454075
0.2792728512079984
0.2049242189886697
1.6053482880479097
0.5884064660730534
0.299748438179699
2.8280744168436556
1.3403804793574368
0.19996369884772555
0.29250497253699975
1.047295680072793
0.8502896769921826
0.2337939253401067
0.27355246833326186
0.39117795513887926
0.4069826644193763
0.38732612114434717
3.4551573413957892
0.7573750054488763
0.7462431598187805
1.2236969644698237
1.0995149265049113
0.4772056593271942
1.146508471425845
0.6673828663865151
0.6075333974908348
0.8423375252152758
0.17302175530582048
0.08098444315878663
0.0832829907308425
0.8763851942372235
1.2298564854677616
1.4839490366264385
1.858098459810031
0.4210111786637663
1.2051248490367819
0.9334322872856223
1.15807143171307
0.7295536601960081
0.2859471494381204
0.23217411016158715
0.0456472184241602
0.5710552183959705
1.0700597428733403
0.7582736877539327
0.39126847228060013
0.020280677945527372
0.03401030110444128
1.1643407125248544
0.4102683471115584
0.6741966213326709
1.5834637520209096
0.15441387065768333
0.34331705183582134
0.8984938160471623
0.7778688531784079
0.3089949551239852
0.810424187830945
0.18525883559092104
0.0552842405694888
1.048422388918964
0.020179631435978566
0.1943890800545399
0.19202975325250815
0.6817436078294022
0.058312613825082994
0.5955754697607881
0.3104245858623174
1.1263581991341294
0.484349425921477
0.16981611984784448
0.37726812807459353
0.589527740168367
0.21592949715159224
0.2833994210942917
1.0884913952093098
0.24991684883778273
0.7088291987244055
0.6206085544508207
0.05383502022780748
0.6542290110081171
0.4008245764833131
0.1843065559721573
0.38038995820065863
0.6675884845743681
0.20731536681901863
0.6164203094997439
1.3761775549319697
0.7290134280964369
0.4216388801702312
0.373654353840422
0.07104394071254837
1.0894250759420423
0.088052520775732
1.0053356301444636
0.7019463652394777
1.2163714524503975
0.45291417119560645
0.7929011965641014
0.37339363392811215
0.5173522894377505
0.2607265878390435
0.4514389053592745
1.2330964001474938
0.38733848134633647
0.9271754353185802
0.40839680728295225
0.3648326400641312
0.4544787859346341
0.9763334402747391
1.134042572512209
0.19100436047892397
1.9707319079106291
1.7440249086895099
0.2869637277916462
1.6170244754082481
0.3659345689027307
1.6979592990389716
0.3021927933574509
0.6077813356322453
2.532542837475769
0.5915199086606044
0.17619993408225185
2.561948567601433
0.046796257906610836
1.6241408657445784
1.1125502143647796
0.19600945840017947
0.1370726631562328
0.18570394922841274
0.10896895544320656
0.01603487810915343
0.7505338488233158
0.15541045367200687
0.4473966387116645
0.40972840380559455
0.17756278343376572
0.723313026887426
1.6473725699528845
0.02753203036762636
0.7471002083114613
0.8582159238653173
0.049764422650185255
0.06110198345063419
0.6588658890656863
0.3218766234786659
0.4063922486597402
3.189579789954527
0.2546663136486258
1.784059312379667
0.4516165225169665
0.09998116941552537
0.1874778894472329
0.8148489381757121
0.2965212099129731
0.9191203334408669
0.9233853581844736
0.7102646123039569
0.17104477369733032
0.9060196687657472
0.1689031747607346
0.3397593511860816
1.1299055475257254
0.30155030679417066
0.32389239087365673
3.448881798843399
0.16881498479174856
1.1180986912503406
0.15089089901307323
0.12462728226284812
0.601300266812636
3.5206100620964715
1.0010700817835103
0.6615012156131661
0.8380129971172299
