15.99940013885498,0.0701881542217031
1.0079400539398193,1.000478700919519
1.0079400539398193,0.9525593352144597
15.99940013885498,0.08901238375754272
1.0079400539398193,2.6976705821642577
1.0079400539398193,1.8874347698551137
15.99940013885498,0.032404946097671194
1.0079400539398193,0.4200048498835236
1.0079400539398193,0.1447068142576422
15.99940013885498,0.019767175230746184
1.0079400539398193,1.255017470597231
1.0079400539398193,1.2761650934589237
15.99940013885498,0.0793188252680177
1.0079400539398193,0.3814353896585588
1.0079400539398193,1.9349500835921596
15.99940013885498,0.08929662560658858
1.0079400539398193,0.516944858012093
1.0079400539398193,0.24811330607273924
15.99940013885498,0.0018128905716606539
1.0079400539398193,0.04798270781385805
1.0079400539398193,1.5753045601674245
15.99940013885498,0.07992057189692438
1.0079400539398193,1.2150586128036815
1.0079400539398193,0.9895516839173235
15.99940013885498,0.3159521368415339
1.0079400539398193,0.9939485912101479
1.0079400539398193,1.8880609328109534
15.99940013885498,0.04666946832162755
1.0079400539398193,1.10272483282472
1.0079400539398193,0.29293351574714604
15.99940013885498,0.23872511007699082
1.0079400539398193,1.2730037593938093
1.0079400539398193,0.3114154125300219
15.99940013885498,0.05138921068782754
1.0079400539398193,0.31790785649654674
1.0079400539398193,1.3159578964562861
15.99940013885498,0.01580258018623626
1.0079400539398193,0.5143993548978054
1.0079400539398193,0.7798051015519942
15.99940013885498,0.05825856000612764
1.0079400539398193,0.14545044762751702
1.0079400539398193,0.4700605584830502
15.99940013885498,0.24906363465785925
1.0079400539398193,0.7470527429220768
1.0079400539398193,0.74472120043316
15.99940013885498,0.1238542377159762
1.0079400539398193,0.6085663266138559
1.0079400539398193,1.0497051949115885
15.99940013885498,0.04176806636143918
1.0079400539398193,0.3266872026207015
1.0079400539398193,0.850154715967433
15.99940013885498,0.01987303674329706
1.0079400539398193,1.3311427212842384
1.0079400539398193,2.7895587375143123
15.99940013885498,0.0033489027718434866
1.0079400539398193,0.8290677232055528
1.0079400539398193,6.174028693235521
15.99940013885498,0.06678963729665416
1.0079400539398193,1.625170666973187
1.0079400539398193,0.5727746237536886
15.99940013885498,0.07992944230545618
1.0079400539398193,1.1151095048066226
1.0079400539398193,0.1577937375154328
15.99940013885498,0.030742654080817586
1.0079400539398193,1.405925109826784
1.0079400539398193,0.9019100025497417
15.99940013885498,0.17307766082543896
1.0079400539398193,0.6323099115929358
1.0079400539398193,1.1362405619443199
15.99940013885498,0.07656407800804482
1.0079400539398193,0.5349579393428336
1.0079400539398193,0.7267518044902532
15.99940013885498,0.028360902149564382
1.0079400539398193,0.3435958852168739
1.0079400539398193,0.7572478888565204
15.99940013885498,0.05782269374608519
1.0079400539398193,0.8989341054195545
1.0079400539398193,1.9776404507204042
15.99940013885498,0.12638584603633923
1.0079400539398193,0.015315470688820474
1.0079400539398193,0.150953024935504
15.99940013885498,0.04886052814835369
1.0079400539398193,0.13570976934043727
1.0079400539398193,1.705228170014025
15.99940013885498,0.0903699029891889
1.0079400539398193,1.8763775669046403
1.0079400539398193,1.265696569215541
15.99940013885498,0.1480252645860881
1.0079400539398193,0.3579258957486222
1.0079400539398193,0.27946150976142126
15.99940013885498,0.204872092703901
1.0079400539398193,2.587044886198715
1.0079400539398193,0.5168160059201263
15.99940013885498,0.03531971780567
1.0079400539398193,0.09058501022269995
1.0079400539398193,0.01428535841963451
15.99940013885498,0.12333214548805432
1.0079400539398193,2.048014532993162
1.0079400539398193,0.8111020759877592
15.99940013885498,0.08889949176662332
1.0079400539398193,0.4987186987711807
1.0079400539398193,0.8122157102762616
15.99940013885498,0.1950842586516952
1.0079400539398193,1.038118664357162
1.0079400539398193,0.8912441187395537
15.99940013885498,0.04636756464344477
1.0079400539398193,0.31542612097922373
1.0079400539398193,0.2472991362507948
15.99940013885498,0.10245470496991366
1.0079400539398193,0.7454984333105783
1.0079400539398193,0.20658633779708546
15.99940013885498,0.07284355373826323
1.0079400539398193,3.0143001992797496
1.0079400539398193,1.8960867533314278
15.99940013885498,0.12445416434185086
1.0079400539398193,0.23116846556655385
1.0079400539398193,0.16683370931847957
15.99940013885498,0.06252741785690707
1.0079400539398193,1.5206148528431707
1.0079400539398193,0.49129024233692065
15.99940013885498,0.10964448607929117
1.0079400539398193,0.1443019322547286
1.0079400539398193,0.6272368919444583
15.99940013885498,0.06296440724339826
1.0079400539398193,1.9801671649138548
1.0079400539398193,2.548566830456285
15.99940013885498,0.11873798769291977
1.0079400539398193,1.5758536028823826
1.0079400539398193,0.35806427905662574
15.99940013885498,0.02966324019661805
1.0079400539398193,1.1872535646607618
1.0079400539398193,2.398513601529494
15.99940013885498,0.1272425210465049
1.0079400539398193,0.20404769873153367
1.0079400539398193,3.420147035230233
15.99940013885498,0.18405979792805027
1.0079400539398193,0.34089057611052814
1.0079400539398193,0.7027224403018532
15.99940013885498,0.14719883512058196
1.0079400539398193,0.3511417107521855
1.0079400539398193,0.28366225707025855
15.99940013885498,0.02360799618428866
1.0079400539398193,0.525516186726413
1.0079400539398193,1.2294504679750293
15.99940013885498,0.1597543221791231
1.0079400539398193,0.6739817382293972
1.0079400539398193,0.2183218333676975
15.99940013885498,0.06532743537721157
1.0079400539398193,0.8880886010674489
1.0079400539398193,0.8982576495561689
15.99940013885498,0.0635041445732834
1.0079400539398193,0.6304813265385754
1.0079400539398193,0.281635113837262
15.99940013885498,0.06232201353023732
1.0079400539398193,0.2958456597464896
1.0079400539398193,0.9375774099365345
15.99940013885498,0.145163978703015
1.0079400539398193,0.2897284063652262
1.0079400539398193,0.30176270587686926
15.99940013885498,0.267585143079802
1.0079400539398193,4.518136427726036
1.0079400539398193,1.2934043588450814
15.99940013885498,0.1448573800905486
1.0079400539398193,1.4638633054648713
1.0079400539398193,0.6297922355964671
15.99940013885498,0.020523576907761135
1.0079400539398193,0.026997424827903467
1.0079400539398193,0.06932922040960882
15.99940013885498,0.30674979889860726
1.0079400539398193,0.3791806491697989
1.0079400539398193,0.766664859679236
15.99940013885498,0.020938995437128627
1.0079400539398193,0.4996625894317479
1.0079400539398193,1.6985413575305621
15.99940013885498,0.4600677562643769
1.0079400539398193,0.3285680531109083
1.0079400539398193,1.3307720546774597
15.99940013885498,0.05178910824458033
1.0079400539398193,0.10871293420641366
1.0079400539398193,0.06492132602148244
15.99940013885498,0.11334237693590454
1.0079400539398193,0.9512488140557105
1.0079400539398193,1.5023558452296835
15.99940013885498,0.035501374966835544
1.0079400539398193,1.3357519228244117
1.0079400539398193,1.3421065224922515
15.99940013885498,0.022588636559782174
1.0079400539398193,0.22406859320721395
1.0079400539398193,1.0159452979324137
15.99940013885498,0.33247420455380206
1.0079400539398193,5.963988863197258
1.0079400539398193,0.6424092951802
15.99940013885498,0.06860647356456785
1.0079400539398193,1.4470811816243005
1.0079400539398193,2.4129981205605775
15.99940013885498,0.08262428563760477
1.0079400539398193,2.123208342193256
1.0079400539398193,1.5252335193117759
15.99940013885498,0.14623250469422389
1.0079400539398193,0.06098096327073603
1.0079400539398193,0.32317906311942757
15.99940013885498,0.1983074496330266
1.0079400539398193,1.6069969597482912
1.0079400539398193,0.20469620848772885
15.99940013885498,0.019865051284656352
1.0079400539398193,0.8179190724372996
1.0079400539398193,0.3305212685967512
15.99940013885498,0.07206606868845533
1.0079400539398193,0.14194299089349177
1.0079400539398193,0.9154781872814413
15.99940013885498,0.07537267142743954
1.0079400539398193,0.20493161022987483
1.0079400539398193,0.5439148354983063
15.99940013885498,0.12389924142131833
1.0079400539398193,0.09310207719984082
1.0079400539398193,0.4596015917172616
15.99940013885498,0.17204214726727973
1.0079400539398193,0.8649152557250064
1.0079400539398193,1.7944280300594855
15.99940013885498,0.15082203527042748
1.0079400539398193,0.8320902807534092
1.0079400539398193,1.0292588932488969
15.99940013885498,0.014209534706631444
1.0079400539398193,1.1442922557067803
1.0079400539398193,0.5833811218994533
15.99940013885498,0.23269438245356033
1.0079400539398193,0.2614659598032365
1.0079400539398193,0.2803088068007116
15.99940013885498,0.06314369249241425
1.0079400539398193,1.5822151091314334
1.0079400539398193,0.587573043530728
15.99940013885498,0.051872307957636477
1.0079400539398193,1.0938334849122766
1.0079400539398193,0.5844852542696595
15.99940013885498,0.03934334346874166
1.0079400539398193,0.25582806340066444
1.0079400539398193,0.2519091884163432
15.99940013885498,0.18216051898941577
1.0079400539398193,1.4346076673751638
1.0079400539398193,1.5151956273440135
15.99940013885498,0.02667366185447989
1.0079400539398193,0.4534075854277635
1.0079400539398193,0.14234837836878733
15.99940013885498,0.03819851218726403
1.0079400539398193,3.053271183726153
1.0079400539398193,0.22521114042890483
15.99940013885498,0.0759153568858313
1.0079400539398193,1.0759526442711662
1.0079400539398193,3.9620375881746037
15.99940013885498,0.10667866538101702
1.0079400539398193,0.5080733480968336
1.0079400539398193,0.7767260644513101
15.99940013885498,0.15986606741778725
1.0079400539398193,1.1633562959929344
1.0079400539398193,2.082421615990203
15.99940013885498,0.10083009131442688
1.0079400539398193,0.22985198137480123
1.0079400539398193,0.3570472367362323
15.99940013885498,0.05912925889268618
1.0079400539398193,1.3112818561961825
1.0079400539398193,1.9347195059999684
15.99940013885498,0.10655564659324335
1.0079400539398193,0.7146983486076248
1.0079400539398193,0.5265097980183493
15.99940013885498,0.09676764090813979
1.0079400539398193,0.1671968036497964
1.0079400539398193,0.16867978389201144
15.99940013885498,0.07006430052372609
1.0079400539398193,0.5404394230290048
1.0079400539398193,0.30247005345515654
15.99940013885498,0.030826811177686653
1.0079400539398193,0.03502372519995289
1.0079400539398193,0.1628994256632379
15.99940013885498,0.03905159153964262
1.0079400539398193,2.286265011829294
1.0079400539398193,3.3529130029854075
15.99940013885498,0.03216672637581881
1.0079400539398193,1.6392037979568586
1.0079400539398193,0.08040698706601757
15.99940013885498,0.1651581430334812
1.0079400539398193,1.3465143959224122
1.0079400539398193,3.088673871279923
15.99940013885498,0.06512028228335365
1.0079400539398193,0.5255845659427436
1.0079400539398193,0.054985229183467654
15.99940013885498,0.05561590921230303
1.0079400539398193,0.26073503613101773
1.0079400539398193,0.033832350194752225
15.99940013885498,0.12425200088243082
1.0079400539398193,0.3401078493418028
1.0079400539398193,0.2176156933764828
15.99940013885498,0.14417844489873177
1.0079400539398193,0.45230250512090514
1.0079400539398193,1.5784642272425922
15.99940013885498,0.0512334012292171
1.0079400539398193,0.17225287381657095
1.0079400539398193,1.1364578600090383
15.99940013885498,0.053591956686722245
1.0079400539398193,1.1199494564836359
1.0079400539398193,0.47340625333585273
15.99940013885498,0.1117036605608338
1.0079400539398193,0.3150082000995203
1.0079400539398193,0.26332040135611956
15.99940013885498,0.1675578962313573
1.0079400539398193,0.45341387431180014
1.0079400539398193,1.2336915613727195
15.99940013885498,0.21374447602909208
1.0079400539398193,0.15343844191697187
1.0079400539398193,0.740360644265464
15.99940013885498,0.05428876174666386
1.0079400539398193,0.0775062189230174
1.0079400539398193,0.048264531261235144
15.99940013885498,0.10479414260762243
1.0079400539398193,0.6946083095142266
1.0079400539398193,0.28888640292890005
15.99940013885498,0.05558459919112618
1.0079400539398193,0.06865890340405145
1.0079400539398193,0.3741101493904442
15.99940013885498,0.020502890652288497
1.0079400539398193,0.10231670291757738
1.0079400539398193,0.24190369310548854
15.99940013885498,0.285012399786871
1.0079400539398193,0.5906475007409484
1.0079400539398193,0.49237807723341054
15.99940013885498,0.038074954706839984
1.0079400539398193,0.39470970253251986
1.0079400539398193,0.230648189183413
15.99940013885498,0.35615367754275873
1.0079400539398193,1.5502613716520885
1.0079400539398193,0.9012774465819355
15.99940013885498,0.2638462157232715
1.0079400539398193,0.21530162289354426
1.0079400539398193,1.7655921222490847
15.99940013885498,0.004069301379453293
1.0079400539398193,1.2565572328858678
1.0079400539398193,1.6074309870375671
15.99940013885498,0.0928881385271918
1.0079400539398193,0.3013123961735522
1.0079400539398193,0.36406930284309574
15.99940013885498,0.10861005576341201
1.0079400539398193,4.761107622986107
1.0079400539398193,2.1323194574325957
15.99940013885498,0.01873337778403917
1.0079400539398193,1.5752945243760834
1.0079400539398193,0.33381850052107526
15.99940013885498,0.03747469523672586
1.0079400539398193,0.29856015232900335
1.0079400539398193,0.3980573414595847
15.99940013885498,0.15435344606502488
1.0079400539398193,0.8843488133796749
1.0079400539398193,0.3637066754436936
15.99940013885498,0.3534222571134038
1.0079400539398193,1.0542401791922948
1.0079400539398193,1.0467625655553676
15.99940013885498,0.03224755915409423
1.0079400539398193,1.1206134631463769
1.0079400539398193,0.5672756771063531
15.99940013885498,0.05474532786364361
1.0079400539398193,0.1416991627912646
1.0079400539398193,0.16944206182465976
15.99940013885498,0.056059142113577015
1.0079400539398193,2.244504522717129
1.0079400539398193,1.71092140118318
15.99940013885498,0.14646816259755663
1.0079400539398193,1.46591585841492
1.0079400539398193,1.2137241202811495
15.99940013885498,0.14407753493096692
1.0079400539398193,0.7096161998615846
1.0079400539398193,0.3118025081792445
15.99940013885498,0.013243019039724042
1.0079400539398193,0.05569724316684349
1.0079400539398193,1.5733425078666627
15.99940013885498,0.054950471023692604
1.0079400539398193,0.34454590178457734
1.0079400539398193,0.8159680345828493
15.99940013885498,0.1730650745530321
1.0079400539398193,1.2473294356996991
1.0079400539398193,0.9423329394173362
15.99940013885498,0.08218096317443924
1.0079400539398193,0.7792146785942604
1.0079400539398193,0.5957875251535001
15.99940013885498,0.07226078396219338
1.0079400539398193,0.5308363031850103
1.0079400539398193,0.37047879881680823
15.99940013885498,0.028539954643264753
1.0079400539398193,0.02666557100656143
1.0079400539398193,0.7667339069408674
15.99940013885498,0.008696558145437402
1.0079400539398193,0.5154106537033665
1.0079400539398193,0.8069245008259829
15.99940013885498,0.04783808866016387
1.0079400539398193,0.24318954888761019
1.0079400539398193,0.3221228883581775
15.99940013885498,0.03633267372566917
1.0079400539398193,0.03634062763510078
1.0079400539398193,1.624712636260199
15.99940013885498,0.025042966468998618
1.0079400539398193,0.13224466314733468
1.0079400539398193,0.7184856711835694
15.99940013885498,0.07790851484290395
1.0079400539398193,0.5162831584525502
1.0079400539398193,0.41830176247621803
15.99940013885498,0.05543874574310965
1.0079400539398193,0.15205588569996148
1.0079400539398193,3.311998939305571
15.99940013885498,0.0852891573121466
1.0079400539398193,1.0030962590740398
1.0079400539398193,0.3000303445959116
15.99940013885498,0.23747279135298816
1.0079400539398193,0.608250396030874
1.0079400539398193,1.2189524033255354
15.99940013885498,0.04885616792806004
1.0079400539398193,0.46630875603896715
1.0079400539398193,0.20156795827692275
15.99940013885498,0.017858490734483205
1.0079400539398193,0.4153498296135878
1.0079400539398193,0.05239066321344932
15.99940013885498,0.058157368304567886
1.0079400539398193,0.6764519179182094
1.0079400539398193,0.11928559835930712
15.99940013885498,0.1650656555451696
1.0079400539398193,0.1648766127738613
1.0079400539398193,0.6476138650967798
15.99940013885498,0.07406307376778548
1.0079400539398193,0.5352389541795921
1.0079400539398193,1.7912850297454705
15.99940013885498,0.11097483130765728
1.0079400539398193,0.7980011791316919
1.0079400539398193,0.7263684519656666
15.99940013885498,0.07342349326496246
1.0079400539398193,0.7364290391947435
1.0079400539398193,0.4263492035851266
15.99940013885498,0.15069480133875188
1.0079400539398193,1.1665675545300225
1.0079400539398193,0.6810858065745293
15.99940013885498,0.18504898959565375
1.0079400539398193,0.26949946026760835
1.0079400539398193,0.16405564073185297
15.99940013885498,0.0964297915038376
1.0079400539398193,2.6040884586259816
1.0079400539398193,4.784005648572447
15.99940013885498,0.14878555480817512
1.0079400539398193,0.2981379151350039
1.0079400539398193,2.6073518066527486
15.99940013885498,0.02027274500146803
1.0079400539398193,1.1473064469340608
1.0079400539398193,0.734956844756008
15.99940013885498,0.12810907002487332
1.0079400539398193,0.2467555573462168
1.0079400539398193,0.2063103865901503
15.99940013885498,0.06321952307382686
1.0079400539398193,0.9320837241397273
1.0079400539398193,1.8650508731285322
15.99940013885498,0.06623591327476082
1.0079400539398193,0.24176676521421392
1.0079400539398193,0.2861661574247254
15.99940013885498,0.03205955171268568
1.0079400539398193,0.8467069816831878
1.0079400539398193,0.6134869490040042
15.99940013885498,0.0869965752530506
1.0079400539398193,2.185416394804853
1.0079400539398193,0.2744443524381598
15.99940013885498,0.061635307524889896
1.0079400539398193,0.07902854611011795
1.0079400539398193,0.2019039007688543
15.99940013885498,0.05872468266866582
1.0079400539398193,2.268899716326093
1.0079400539398193,1.0797474310286737
15.99940013885498,0.09962456021689636
1.0079400539398193,0.6329453117916524
1.0079400539398193,0.2404071391013043
15.99940013885498,0.3152657360864908
1.0079400539398193,0.626281492232402
1.0079400539398193,0.8927769882106331
15.99940013885498,0.2945064794028083
1.0079400539398193,0.5072543873724857
1.0079400539398193,1.8405310616463453
15.99940013885498,0.043126189723380275
1.0079400539398193,0.654389049287095
1.0079400539398193,0.2778715217998686
15.99940013885498,0.08027052181227268
1.0079400539398193,3.4092718958867443
1.0079400539398193,0.6482258891362356
15.99940013885498,0.05187592038980715
1.0079400539398193,2.107402442801064
1.0079400539398193,1.9605926153956688
15.99940013885498,0.06345022501601852
1.0079400539398193,0.9306849379021678
1.0079400539398193,0.3515936670835474
15.99940013885498,0.012632765566123028
1.0079400539398193,0.6385173739279031
1.0079400539398193,0.4528148383492505
15.99940013885498,0.23611218619920665
1.0079400539398193,2.0301742279096437
1.0079400539398193,2.252714904504998
15.99940013885498,0.1316052019733821
1.0079400539398193,0.6671185088171763
1.0079400539398193,0.07026491335369528
15.99940013885498,0.0874770871860358
1.0079400539398193,1.8746076956553424
1.0079400539398193,0.14433858688417345
15.99940013885498,0.1560344478975293
1.0079400539398193,0.7741575568543668
1.0079400539398193,0.42454635262243556
15.99940013885498,0.0607596916085822
1.0079400539398193,0.15967049539024242
1.0079400539398193,1.2239885778065187
15.99940013885498,0.1354006304466462
1.0079400539398193,0.9617253526826985
1.0079400539398193,1.0658551784079373
15.99940013885498,0.10175547073720703
1.0079400539398193,0.24384337571265746
1.0079400539398193,0.5076152346654483
15.99940013885498,0.1994907083475866
1.0079400539398193,0.18031098308848237
1.0079400539398193,0.789034538112233
15.99940013885498,0.051162419761872635
1.0079400539398193,0.25680136239702933
1.0079400539398193,0.04395044167133573
15.99940013885498,0.054248636831940714
1.0079400539398193,2.617706140145092
1.0079400539398193,0.9210048455555784
15.99940013885498,0.08063173489405773
1.0079400539398193,0.23009769284940207
1.0079400539398193,0.33109079331227953
15.99940013885498,0.11404577292873946
1.0079400539398193,2.3233573317434892
1.0079400539398193,0.627875502609279
15.99940013885498,0.09741901042518415
1.0079400539398193,0.16823096568307433
1.0079400539398193,0.09090548773269985
15.99940013885498,0.044698243639372914
1.0079400539398193,0.19342453686034844
1.0079400539398193,1.1738715913658402
15.99940013885498,0.1749592414601866
1.0079400539398193,0.18101898652504067
1.0079400539398193,0.6483626322771381
15.99940013885498,0.08995330859937561
1.0079400539398193,0.49325959486698157
1.0079400539398193,0.903286607821439
15.99940013885498,0.06023554385203309
1.0079400539398193,0.5593262379819868
1.0079400539398193,1.034482854899752
15.99940013885498,0.13006074969710113
1.0079400539398193,1.3934222776826568
1.0079400539398193,0.9511515388636385
15.99940013885498,0.20943326389024586
1.0079400539398193,1.24603558094356
1.0079400539398193,0.22220698350238988
15.99940013885498,0.17272457246939743
1.0079400539398193,1.1818364942485893
1.0079400539398193,2.27513585885729
15.99940013885498,0.11817748075084133
1.0079400539398193,0.2943752879580671
1.0079400539398193,0.5891038890445239
15.99940013885498,0.12605007978045735
1.0079400539398193,0.8056888150702379
1.0079400539398193,0.9348086115584899
15.99940013885498,0.050554566534685805
1.0079400539398193,1.2996858132788747
1.0079400539398193,0.16914384587487646
15.99940013885498,0.05530040607260306
1.0079400539398193,0.8330995762607334
1.0079400539398193,0.9409106946088193
15.99940013885498,0.05191485762467285
1.0079400539398193,0.02940351038568717
1.0079400539398193,0.12586005942094425
15.99940013885498,0.10868708645653258
1.0079400539398193,0.940373969953372
1.0079400539398193,3.1266747606837617
15.99940013885498,0.07111624097869584
1.0079400539398193,0.30416220610222655
1.0079400539398193,0.09418534614482568
15.99940013885498,0.052388935823944785
1.0079400539398193,3.4848099508377395
1.0079400539398193,2.815343941367354
15.99940013885498,0.03137063312631472
1.0079400539398193,0.6333020155297353
1.0079400539398193,0.7666742803641604
15.99940013885498,0.24429983029788538
1.0079400539398193,0.13237671119508204
1.0079400539398193,0.28910038293055207
15.99940013885498,0.21565606115084357
1.0079400539398193,0.511770024784999
1.0079400539398193,0.981322367256338
15.99940013885498,0.2642339363364968
1.0079400539398193,2.3320511705471887
1.0079400539398193,0.16281112949403095
15.99940013885498,0.13404483593266006
1.0079400539398193,0.054069641592607465
1.0079400539398193,0.5820818675434056
15.99940013885498,0.02967333102120935
1.0079400539398193,1.9962129232987316
1.0079400539398193,0.8100943834787593
15.99940013885498,0.12378748152653252
1.0079400539398193,0.14709569122855592
1.0079400539398193,0.17310732959543618
15.99940013885498,0.05708284158700644
1.0079400539398193,1.129200412033771
1.0079400539398193,0.3557269300659543
15.99940013885498,0.12288750091699169
1.0079400539398193,2.6493409552797447
1.0079400539398193,1.561923067625486
15.99940013885498,0.01932420796559291
1.0079400539398193,0.8943287494553491
1.0079400539398193,0.06995036670575133
15.99940013885498,0.20263562420770254
1.0079400539398193,0.975950339364676
1.0079400539398193,0.030388401875250284
15.99940013885498,0.14181402492853
1.0079400539398193,2.6993691335764467
1.0079400539398193,0.05751176352732126
15.99940013885498,0.15107465234121076
1.0079400539398193,1.9142628463457712
1.0079400539398193,0.3211789362971873
15.99940013885498,0.05453537581813524
1.0079400539398193,0.47521956942676447
1.0079400539398193,1.4502195425929716
15.99940013885498,0.048287035878835774
1.0079400539398193,1.795896118383137
1.0079400539398193,1.3846696752635959
15.99940013885498,0.06707542609143108
1.0079400539398193,0.40519088642274625
1.0079400539398193,0.04808991879272578
15.99940013885498,0.15356290804800654
1.0079400539398193,0.9500304129928809
1.0079400539398193,0.7548580762009252
15.99940013885498,0.10888455743955543
1.0079400539398193,0.8952979987437939
1.0079400539398193,0.15911262614669663
15.99940013885498,0.15034538849846713
1.0079400539398193,0.2804666673835303
1.0079400539398193,0.40330247103926276
15.99940013885498,0.04984733079863474
1.0079400539398193,0.3329365428342055
1.0079400539398193,0.7271166394153975
15.99940013885498,0.06682517356332619
1.0079400539398193,0.2596775060499606
1.0079400539398193,0.18318393267396282
15.99940013885498,0.031371984140442635
1.0079400539398193,0.2420308675513656
1.0079400539398193,0.2710180838408878
15.99940013885498,0.16028866847133078
1.0079400539398193,1.2006957323297165
1.0079400539398193,1.3154799886444053
15.99940013885498,0.04689681113515981
1.0079400539398193,1.537411311701156
1.0079400539398193,1.686420697617578
15.99940013885498,0.010218314679588551
1.0079400539398193,0.19711356864640384
1.0079400539398193,3.3390931699845545
15.99940013885498,0.019890437616401184
1.0079400539398193,0.3901308059731159
1.0079400539398193,0.36305771218951743
15.99940013885498,0.05712467873920102
1.0079400539398193,1.0901745949388657
1.0079400539398193,0.05359986930813362
15.99940013885498,0.12903908155046584
1.0079400539398193,0.8108182312448708
1.0079400539398193,0.7816446843027844
15.99940013885498,0.02315038267532054
1.0079400539398193,1.9081453890809037
1.0079400539398193,0.6443227660657638
15.99940013885498,0.254953815363125
1.0079400539398193,0.6668249598089724
1.0079400539398193,0.03389137025600397
15.99940013885498,0.09890821793035248
1.0079400539398193,0.6371185492093601
1.0079400539398193,0.1767794970761255
15.99940013885498,0.24233489450774798
1.0079400539398193,7.080784149224596
1.0079400539398193,3.8374634477527154
15.99940013885498,0.16910869304390586
1.0079400539398193,2.11249695487858
1.0079400539398193,1.71096876978221
15.99940013885498,0.047697985347130656
1.0079400539398193,1.1820085696370777
1.0079400539398193,1.9863849218021445
15.99940013885498,0.18194099126977314
1.0079400539398193,0.2371302840942644
1.0079400539398193,0.7050227596018248
15.99940013885498,0.0016245999433235254
1.0079400539398193,0.7144241064330474
1.0079400539398193,0.3375141635823635
15.99940013885498,0.07819415736288904
1.0079400539398193,4.194288678570704
1.0079400539398193,1.6678131938857526
15.99940013885498,0.013171373856177126
1.0079400539398193,2.457422342562571
1.0079400539398193,4.258179489720263
15.99940013885498,0.082247222463592
1.0079400539398193,0.939067258955822
1.0079400539398193,0.2612000366474547
15.99940013885498,0.17591680231091633
1.0079400539398193,0.31175365396135707
1.0079400539398193,1.9307133443516848
15.99940013885498,0.20022433088322325
1.0079400539398193,0.3423225432760262
1.0079400539398193,1.2700402431568147
15.99940013885498,0.1460325862017578
1.0079400539398193,0.1839749875729942
1.0079400539398193,0.9576430317010045
15.99940013885498,0.03321712853517811
1.0079400539398193,0.309256461920078
1.0079400539398193,0.15311015638735528
15.99940013885498,0.2545211292875751
1.0079400539398193,0.7154727608340412
1.0079400539398193,0.24656300183902213
15.99940013885498,0.13252284930454006
1.0079400539398193,0.49987587410808576
1.0079400539398193,0.40366784145450674
15.99940013885498,0.07311670869255632
1.0079400539398193,1.512130795306879
1.0079400539398193,0.9877194063669616
15.99940013885498,0.15120371806937336
1.0079400539398193,3.579763417298939
1.0079400539398193,1.7866954155112034
15.99940013885498,0.03933853183651209
1.0079400539398193,2.9595437175907513
1.0079400539398193,2.9389233653243565
15.99940013885498,0.041635763220938565
1.0079400539398193,2.3844157919632814
1.0079400539398193,0.1813151164504785
15.99940013885498,0.08147101430984927
1.0079400539398193,0.30259914229560986
1.0079400539398193,1.9677439933770366
15.99940013885498,0.047412368179751196
1.0079400539398193,2.0140423669229386
1.0079400539398193,0.5592391390436324
15.99940013885498,0.052750344852638076
1.0079400539398193,0.013010962939029647
1.0079400539398193,0.4030866839400833
15.99940013885498,0.21723112895920776
1.0079400539398193,0.6710960182186456
1.0079400539398193,2.181268237619477
15.99940013885498,0.3442644757375147
1.0079400539398193,0.6169971185962542
1.0079400539398193,2.931276005883775
15.99940013885498,0.07474874276482302
1.0079400539398193,0.4840297356462378
1.0079400539398193,0.9397546326791764
15.99940013885498,0.07564955542699138
1.0079400539398193,0.9198145107736337
1.0079400539398193,1.0286137953211425
15.99940013885498,0.25907829578366504
1.0079400539398193,0.2798787227622824
1.0079400539398193,0.4111774419000373
15.99940013885498,0.0988800541691698
1.0079400539398193,0.6981640116599821
1.0079400539398193,0.3203343621570207
15.99940013885498,0.25548956387337296
1.0079400539398193,0.48587939002356695
1.0079400539398193,1.5763258140664824
15.99940013885498,0.006803125437313138
1.0079400539398193,0.10775810215785166
1.0079400539398193,0.07406952443165113
15.99940013885498,0.017454790281484
1.0079400539398193,0.18598827191265718
1.0079400539398193,1.158472367610802
15.99940013885498,0.02806614823329724
1.0079400539398193,0.9128420685241005
1.0079400539398193,1.3858629352195502
15.99940013885498,0.016848310929908933
1.0079400539398193,1.0132581881468852
1.0079400539398193,1.1627961772497235
15.99940013885498,0.07227786865563185
1.0079400539398193,0.15496993130849518
1.0079400539398193,2.4186362947043882
15.99940013885498,0.02561516621906515
1.0079400539398193,0.2090231085184755
1.0079400539398193,1.0300946278672962
15.99940013885498,0.02109032111279864
1.0079400539398193,0.09842875375811438
1.0079400539398193,0.12893043483034639
15.99940013885498,0.14201506165221817
1.0079400539398193,0.5361812185917032
1.0079400539398193,0.1912501820245497
15.99940013885498,0.11101308098631336
1.0079400539398193,0.5388831753323632
1.0079400539398193,1.1678428916055994
15.99940013885498,0.11228831827001268
1.0079400539398193,0.6898864212972082
1.0079400539398193,1.8575879003895237
15.99940013885498,0.007720728529225923
1.0079400539398193,0.17318579045137983
1.0079400539398193,0.1480859481371553
15.99940013885498,0.1236896236633851
1.0079400539398193,1.730839646197606
1.0079400539398193,1.025452190265626
15.99940013885498,0.07798598268929641
1.0079400539398193,0.33894512637621127
1.0079400539398193,0.12040435656779959
15.99940013885498,0.009563475897120886
1.0079400539398193,0.2947590569273537
1.0079400539398193,0.35982414666614027
15.99940013885498,0.04358029438936574
1.0079400539398193,1.5809843486556412
1.0079400539398193,1.1409068633380075
15.99940013885498,0.11468079994409952
1.0079400539398193,2.3373625763435335
1.0079400539398193,1.0145149174470998
15.99940013885498,0.22767235349902382
1.0079400539398193,0.9895981654174655
1.0079400539398193,0.5190364618031476
15.99940013885498,0.06329568722952114
1.0079400539398193,2.8861630772373696
1.0079400539398193,0.3168766793910216
15.99940013885498,0.09167869583481575
1.0079400539398193,0.3959752986915055
1.0079400539398193,0.9833255942170345
15.99940013885498,0.15970430225524845
1.0079400539398193,0.3783792882680143
1.0079400539398193,0.4457320224973984
15.99940013885498,0.015545435580505876
1.0079400539398193,3.2515031974869224
1.0079400539398193,2.103473057586747
15.99940013885498,0.04116411514586556
1.0079400539398193,0.4136248253852489
1.0079400539398193,0.19571020193545885
15.99940013885498,0.06794041998671063
1.0079400539398193,2.3760311447883176
1.0079400539398193,0.36284996425620886
15.99940013885498,0.09304325422740739
1.0079400539398193,0.3740903574769725
1.0079400539398193,0.2851388821623061
15.99940013885498,0.11698209310785135
1.0079400539398193,1.2152717852630428
1.0079400539398193,0.03463943973880272
15.99940013885498,0.11075332941790829
1.0079400539398193,0.2696729005192253
1.0079400539398193,0.11134395069949754
15.99940013885498,0.02178401881299998
1.0079400539398193,1.7088082498878592
1.0079400539398193,0.18879226116295644
15.99940013885498,0.05768436065605359
1.0079400539398193,0.8744464246181505
1.0079400539398193,0.48409451251552316
15.99940013885498,0.06702399313943125
1.0079400539398193,1.0257419602613127
1.0079400539398193,1.4799102120679999
15.99940013885498,0.15248058788282948
1.0079400539398193,0.22523629288786273
1.0079400539398193,1.125290771710401
15.99940013885498,0.14460595488549277
1.0079400539398193,0.7250975166154834
1.0079400539398193,3.6441433679627853
15.99940013885498,0.0629441585003847
1.0079400539398193,1.1527462978770748
1.0079400539398193,2.0882367963888817
15.99940013885498,0.014336733754062653
1.0079400539398193,1.186075380251232
1.0079400539398193,0.7972048930219628
15.99940013885498,0.03679413420081709
1.0079400539398193,0.627371464649005
1.0079400539398193,1.5460801881963597
15.99940013885498,0.0890332274394745
1.0079400539398193,0.014486658877240603
1.0079400539398193,0.04688346556669655
15.99940013885498,0.04178262636707175
1.0079400539398193,0.3190806154540493
1.0079400539398193,0.37068997302589957
15.99940013885498,0.09647221254816286
1.0079400539398193,1.8223029640324206
1.0079400539398193,2.0638338945348944
15.99940013885498,0.06258877715383299
1.0079400539398193,0.855265170909199
1.0079400539398193,0.11961922347955885
15.99940013885498,0.06935986068169986
1.0079400539398193,0.721600555103544
1.0079400539398193,0.7260954571900884
15.99940013885498,0.05096927160526343
1.0079400539398193,0.8273726598627708
1.0079400539398193,0.18162067458370063
15.99940013885498,0.07934299795715356
1.0079400539398193,0.347532857617835
1.0079400539398193,0.30859706741302784
15.99940013885498,0.017114101983705405
1.0079400539398193,0.043647798458512646
1.0079400539398193,0.26186789529559196
15.99940013885498,0.09203351848524649
1.0079400539398193,0.8137738628365172
1.0079400539398193,0.1616322864172049
15.99940013885498,0.02300794115024908
1.0079400539398193,2.066587058167088
1.0079400539398193,1.2405115764702588
15.99940013885498,0.03589352021226344
1.0079400539398193,2.384080190582498
1.0079400539398193,4.989241010098486
15.99940013885498,0.14501209768984152
1.0079400539398193,0.21506349345001402
1.0079400539398193,1.1294192400085648
15.99940013885498,0.34764633764138436
1.0079400539398193,0.28799730082282426
1.0079400539398193,0.5243339081992497
15.99940013885498,0.1150174939981672
1.0079400539398193,0.4902817161069075
1.0079400539398193,0.8226018736214193
15.99940013885498,0.04262516727095905
1.0079400539398193,1.227026548738323
1.0079400539398193,0.37171542266502644
15.99940013885498,0.05537499322889433
1.0079400539398193,1.762095966552127
1.0079400539398193,0.5222137600636367
15.99940013885498,0.02614250167708501
1.0079400539398193,1.9895988618301246
1.0079400539398193,0.22557407431416898
15.99940013885498,0.024318474969452067
1.0079400539398193,0.12077050835612213
1.0079400539398193,0.9157017395357742
15.99940013885498,0.1098006366903615
1.0079400539398193,0.5047107364752996
1.0079400539398193,0.9597742902432778
15.99940013885498,0.2164171858113333
1.0079400539398193,0.044095591337619894
1.0079400539398193,0.5847706250545279
15.99940013885498,0.0336588982336381
1.0079400539398193,0.35534626377001755
1.0079400539398193,0.5461036685606955
15.99940013885498,0.043320638591740436
1.0079400539398193,0.5129812734996628
1.0079400539398193,0.31209086786708956
15.99940013885498,0.05136643004451852
1.0079400539398193,0.04401264078705093
1.0079400539398193,0.464540001379967
15.99940013885498,0.030922511722246138
1.0079400539398193,0.27473842023766015
1.0079400539398193,0.6396739990740257
15.99940013885498,0.1959283689887271
1.0079400539398193,1.1300204135595247
1.0079400539398193,1.0078707751600735
15.99940013885498,0.27699768812775205
1.0079400539398193,0.638749688281604
1.0079400539398193,0.29706176807988194
15.99940013885498,0.15281181099574798
1.0079400539398193,2.155149132552819
1.0079400539398193,0.1371071880153895
15.99940013885498,0.11995997991994739
1.0079400539398193,0.11425719254962391
1.0079400539398193,0.8908808126873916
15.99940013885498,0.023405230952601608
1.0079400539398193,0.21346801627263684
1.0079400539398193,0.45845663760593514
15.99940013885498,0.19875130518228784
1.0079400539398193,2.2974818138196946
1.0079400539398193,1.3077033274143663
15.99940013885498,0.2125769348105671
1.0079400539398193,1.402658638078485
1.0079400539398193,1.2970829678929165
15.99940013885498,0.015359141642883645
1.0079400539398193,0.1383826670052033
1.0079400539398193,0.47181127197559225
15.99940013885498,0.11200232353569928
1.0079400539398193,0.49221864697148154
1.0079400539398193,0.6733060221162497
15.99940013885498,0.07308517319559554
1.0079400539398193,0.3520343430165598
1.0079400539398193,0.6774611897489624
15.99940013885498,0.05471597003635442
1.0079400539398193,0.9887116844423043
1.0079400539398193,0.7705458134000374
15.99940013885498,0.04859003186146699
1.0079400539398193,0.8022024227214681
1.0079400539398193,0.2730458277517128
15.99940013885498,0.085411815389848
1.0079400539398193,0.3005787857977003
1.0079400539398193,0.3019735469902711
15.99940013885498,0.43217699864349074
1.0079400539398193,0.1664238525367539
1.0079400539398193,0.8974878535204036
15.99940013885498,0.013218568647545982
1.0079400539398193,1.5058000186919678
1.0079400539398193,4.135332351634904
15.99940013885498,0.05585630040056594
1.0079400539398193,0.5314839891842267
1.0079400539398193,0.38484659822656747
15.99940013885498,0.14915355724699345
1.0079400539398193,1.446615586976285
1.0079400539398193,0.461465886693712
15.99940013885498,0.16060518707818106
1.0079400539398193,0.847121757174965
1.0079400539398193,0.5791190961252157
15.99940013885498,0.039556706324548774
1.0079400539398193,0.8977194485806237
1.0079400539398193,0.8202824487874969
15.99940013885498,0.18819335912291235
1.0079400539398193,0.27680452116399135
1.0079400539398193,0.09625873722614589
15.99940013885498,0.033780245480314955
1.0079400539398193,4.920840974737795
1.0079400539398193,0.7400767906011132
15.99940013885498,0.054407265326246096
1.0079400539398193,2.104480125352741
1.0079400539398193,0.2821901915572742
15.99940013885498,0.18203600134611686
1.0079400539398193,0.22001204133455854
1.0079400539398193,0.4716705335354132
15.99940013885498,0.011082078078695072
1.0079400539398193,0.6725322589623313
1.0079400539398193,0.5703589975271726
15.99940013885498,0.21913037475572428
1.0079400539398193,1.4026532920673422
1.0079400539398193,0.6795206720876721
15.99940013885498,0.1611370305964812
1.0079400539398193,0.12621406709577526
1.0079400539398193,1.3771299479186934
15.99940013885498,0.09284683706002683
1.0079400539398193,0.09422832885066623
1.0079400539398193,0.12929603258457667
15.99940013885498,0.19537467788764096
1.0079400539398193,3.0877579382952405
1.0079400539398193,0.10866930096067234
15.99940013885498,0.04608782685747445
1.0079400539398193,1.1240557523406993
1.0079400539398193,0.15584025969227172
15.99940013885498,0.18122691169748167
1.0079400539398193,0.1008973178942883
1.0079400539398193,2.6663717606361566
15.99940013885498,0.11895946934855783
1.0079400539398193,0.21844267674103168
1.0079400539398193,0.21270384714160984
15.99940013885498,0.03444559243851193
1.0079400539398193,0.16575772662037452
1.0079400539398193,0.08235569353870499
15.99940013885498,0.059238570321838546
1.0079400539398193,2.8087428193503206
1.0079400539398193,2.613864000575334
15.99940013885498,0.026181428893777062
1.0079400539398193,0.004478698131006504
1.0079400539398193,0.018414485437683537
15.99940013885498,0.034927623710042155
1.0079400539398193,0.10964141695836199
1.0079400539398193,0.9989796738645893
15.99940013885498,0.010003240202007338
1.0079400539398193,3.1794468052845843
1.0079400539398193,0.4730468451011538
15.99940013885498,0.08782117137584305
1.0079400539398193,0.355219238972349
1.0079400539398193,0.880884329002452
15.99940013885498,0.2030794792279389
1.0079400539398193,0.7987872848437192
1.0079400539398193,0.8530234451746068
15.99940013885498,0.12555805537684916
1.0079400539398193,0.12867039052585327
1.0079400539398193,0.12462421034726018
15.99940013885498,0.08225844768369286
1.0079400539398193,3.219563825236599
1.0079400539398193,0.6997458548823678
15.99940013885498,0.17349704317289705
1.0079400539398193,2.7445737413965965
1.0079400539398193,2.328013087751092
15.99940013885498,0.004150900936695307
1.0079400539398193,0.8654512471033162
1.0079400539398193,0.3664063547853571
15.99940013885498,0.11733117946162151
1.0079400539398193,2.933655332087927
1.0079400539398193,0.23237318327845213
15.99940013885498,0.09271732450254969
1.0079400539398193,1.2459394217989814
1.0079400539398193,0.05869687019159492
15.99940013885498,0.0914007804707726
1.0079400539398193,0.2713298308581551
1.0079400539398193,0.14147298299123584
15.99940013885498,0.006171132197169832
1.0079400539398193,1.462868120351211
1.0079400539398193,0.046629130224232006
15.99940013885498,0.10302152334918252
1.0079400539398193,0.707863572218715
1.0079400539398193,0.3494305194956633
15.99940013885498,0.23583294347369926
1.0079400539398193,0.9794029622832889
1.0079400539398193,2.8923406837143597
15.99940013885498,0.09624660493247039
1.0079400539398193,1.9039770205115794
1.0079400539398193,0.3649524897230755
15.99940013885498,0.07648143652698171
1.0079400539398193,0.796994956451305
1.0079400539398193,2.2102544542002347
15.99940013885498,0.03566029694869666
1.0079400539398193,0.055711672386924205
1.0079400539398193,0.05988107328956249
15.99940013885498,0.12850459911779774
1.0079400539398193,0.23398884165732442
1.0079400539398193,0.5234142167597593
15.99940013885498,0.0663381123004403
1.0079400539398193,0.8980560839988172
1.0079400539398193,0.7552514324058217
15.99940013885498,0.060271214659302866
1.0079400539398193,0.515180420652414
1.0079400539398193,0.1350703779053307
15.99940013885498,0.07326958744630879
1.0079400539398193,0.7341896686331042
1.0079400539398193,1.2333279111610704
15.99940013885498,0.024229077118331364
1.0079400539398193,0.08230734968506881
1.0079400539398193,0.3409116511735928
15.99940013885498,0.11608003781829002
1.0079400539398193,0.5301431603046816
1.0079400539398193,1.7204914937084723
15.99940013885498,0.158643678832588
1.0079400539398193,0.2085079669421761
1.0079400539398193,0.8265160983779518
15.99940013885498,0.04343926029508893
1.0079400539398193,1.8429456817847694
1.0079400539398193,0.038576107356971756
15.99940013885498,0.1613335993271845
1.0079400539398193,0.13124239407701804
1.0079400539398193,0.5057365115954928
15.99940013885498,0.2843262159858331
1.0079400539398193,0.4133326534589923
1.0079400539398193,0.5064976159729406
15.99940013885498,0.14528165987690866
1.0079400539398193,1.0876540577107372
1.0079400539398193,0.3258731996283278
15.99940013885498,0.09373861225457927
1.0079400539398193,0.09076002593379824
1.0079400539398193,0.20512234013287217
15.99940013885498,0.05679061801147647
1.0079400539398193,0.3158379180555233
1.0079400539398193,0.2642402892871912
15.99940013885498,0.15145812281936788
1.0079400539398193,0.6876276477184611
1.0079400539398193,0.4111815437344222
15.99940013885498,0.022635048111124434
1.0079400539398193,0.3569025081303378
1.0079400539398193,0.26657504619601174
15.99940013885498,0.11611662568503633
1.0079400539398193,0.12867130383172865
1.0079400539398193,0.2770828121723028
15.99940013885498,0.08217804108295208
1.0079400539398193,0.3588926617143635
1.0079400539398193,0.7279034981418038
15.99940013885498,0.025783885065149927
1.0079400539398193,0.8806932146294222
1.0079400539398193,0.4766104159802613
15.99940013885498,0.037518046941500655
1.0079400539398193,0.720357381804819
1.0079400539398193,0.3582152155716405
15.99940013885498,0.11979464450130123
1.0079400539398193,0.13674813741089276
1.0079400539398193,0.26272300196671017
15.99940013885498,0.029042894720250238
1.0079400539398193,0.2713275246293061
1.0079400539398193,0.40802253366976127
15.99940013885498,0.017839557806326258
1.0079400539398193,0.49239711326270896
1.0079400539398193,0.09557106931330694
15.99940013885498,0.04140269080554217
1.0079400539398193,1.7539744959243322
1.0079400539398193,0.13817840112946866
15.99940013885498,0.050847275130645006
1.0079400539398193,0.08005022573686121
1.0079400539398193,0.042875630268444105
15.99940013885498,0.16336239909240352
1.0079400539398193,0.34151948185510683
1.0079400539398193,0.008968032031347762
15.99940013885498,0.03827814463948625
1.0079400539398193,0.2314423778392074
1.0079400539398193,1.415372907627419
15.99940013885498,0.03854958864174498
1.0079400539398193,0.9126178737536499
1.0079400539398193,0.7856516075099388
15.99940013885498,0.09185705684447326
1.0079400539398193,3.4155382992634067
1.0079400539398193,1.1770195948022009
15.99940013885498,0.030050220066070124
1.0079400539398193,0.1916546035063098
1.0079400539398193,0.44995953515627474
15.99940013885498,0.12955642321220906
1.0079400539398193,0.1678538616296601
1.0079400539398193,0.2198745195738399
15.99940013885498,0.3385270403388505
1.0079400539398193,0.7688408697419045
1.0079400539398193,2.2215790693933997
15.99940013885498,0.014718364258363426
1.0079400539398193,0.17823231192861888
1.0079400539398193,0.2889756830881831
15.99940013885498,0.13366292054456896
1.0079400539398193,3.185303267004959
1.0079400539398193,0.3139158175961501
15.99940013885498,0.06717807234155942
1.0079400539398193,1.1215823200608215
1.0079400539398193,0.22747884482083425
15.99940013885498,0.19541269717949028
1.0079400539398193,1.0881429166438592
1.0079400539398193,0.23966083934380933
15.99940013885498,0.16775076793514843
1.0079400539398193,0.6581830749358923
1.0079400539398193,0.13963911811233626
15.99940013885498,0.14532771761883811
1.0079400539398193,0.5149744374911915
1.0079400539398193,0.29023160066367787
15.99940013885498,0.023937909833281316
1.0079400539398193,0.6664973737126489
1.0079400539398193,0.5823407639627267
15.99940013885498,0.053637683614201084
1.0079400539398193,0.7445154920659585
1.0079400539398193,0.4646931276292581
15.99940013885498,0.05331868042345256
1.0079400539398193,0.6148751662792713
1.0079400539398193,1.028567822747251
15.99940013885498,0.0042791929138655885
1.0079400539398193,0.28231370694100244
1.0079400539398193,0.34485002387768177
15.99940013885498,0.1807012020457878
1.0079400539398193,0.346366075098258
1.0079400539398193,0.3607568238100543
15.99940013885498,0.18692559985236826
1.0079400539398193,1.8614129505885089
1.0079400539398193,0.3591546319418102
15.99940013885498,0.03719641242646461
1.0079400539398193,1.4372435430330308
1.0079400539398193,0.4508092362773477
15.99940013885498,0.2053729789742429
1.0079400539398193,1.538393348499982
1.0079400539398193,0.9646586685613392
15.99940013885498,0.07244291738004778
1.0079400539398193,0.36531899472593143
1.0079400539398193,2.2536271147026437
15.99940013885498,0.08881705843775506
1.0079400539398193,1.22441093371671
1.0079400539398193,0.945591161289582
15.99940013885498,0.11329838144774908
1.0079400539398193,0.7202376715079204
1.0079400539398193,1.0428589874338243
15.99940013885498,0.017478103703134934
1.0079400539398193,0.6632997878104492
1.0079400539398193,0.9356826382253374
15.99940013885498,0.0696983736611361
1.0079400539398193,0.11234247462998265
1.0079400539398193,0.3817470884281777
15.99940013885498,0.2163811435026779
1.0079400539398193,1.7376924304231842
1.0079400539398193,3.3167773465933585
15.99940013885498,0.14917311420077844
1.0079400539398193,0.8289942949125697
1.0079400539398193,0.5358812133251747
15.99940013885498,0.05785863328610398
1.0079400539398193,0.23468015909545725
1.0079400539398193,0.478369711745013
15.99940013885498,0.1074264595008485
1.0079400539398193,1.2688339981151664
1.0079400539398193,1.9497109690408152
15.99940013885498,0.11204512716677918
1.0079400539398193,0.6479410807112638
1.0079400539398193,0.2385942847508496
15.99940013885498,0.06519992192783626
1.0079400539398193,0.019170533736547195
1.0079400539398193,1.09577896392822
15.99940013885498,0.05273264203495699
1.0079400539398193,0.32353273875297184
1.0079400539398193,0.13949419776423846
15.99940013885498,0.031098600689892612
1.0079400539398193,0.42165744844432024
1.0079400539398193,1.123129944341553
15.99940013885498,0.054456052454229145
1.0079400539398193,0.48058513385125434
1.0079400539398193,0.851618200299469
15.99940013885498,0.3440228509201346
1.0079400539398193,0.5600548821707152
1.0079400539398193,0.1866083052910423
15.99940013885498,0.01595442333383286
1.0079400539398193,1.010106049908451
1.0079400539398193,0.535603611372095
15.99940013885498,0.08936980982475719
1.0079400539398193,1.4105442649611186
1.0079400539398193,3.174760292802088
15.99940013885498,0.126335412252157
1.0079400539398193,1.6779668588656362
1.0079400539398193,1.3583752486760572
15.99940013885498,0.01962668801932621
1.0079400539398193,0.6693718077901945
1.0079400539398193,1.361342039296475
15.99940013885498,0.13621267378757507
1.0079400539398193,1.0565378494277733
1.0079400539398193,0.7626896837834218
15.99940013885498,0.15234846937781865
1.0079400539398193,0.14481194534447545
1.0079400539398193,1.081309150104147
15.99940013885498,0.022316038970219998
1.0079400539398193,0.6078028323480196
1.0079400539398193,0.20004217499980875
15.99940013885498,0.09222856996845602
1.0079400539398193,1.4098484603153862
1.0079400539398193,0.267580046542401
15.99940013885498,0.107119942436261
1.0079400539398193,0.13290649611873034
1.0079400539398193,0.4388643993432846
15.99940013885498,0.11904460914468773
1.0079400539398193,1.0985263959105511
1.0079400539398193,0.09114263188874677
15.99940013885498,0.10332001150282438
1.0079400539398193,0.76770661869433
1.0079400539398193,0.3356456816384951
15.99940013885498,0.03625591215270028
1.0079400539398193,1.699981103731031
1.0079400539398193,1.5139547056172766
15.99940013885498,0.03395405216611862
1.0079400539398193,0.12471227458756307
1.0079400539398193,0.05645179017573385
15.99940013885498,0.1838244602776667
1.0079400539398193,0.8066447762259354
1.0079400539398193,1.0177525614848195
15.99940013885498,0.04567875718392106
1.0079400539398193,0.1288774129582968
1.0079400539398193,0.1738033308853777
15.99940013885498,0.06446267914586515
1.0079400539398193,0.2792656118309394
1.0079400539398193,3.2751899027666447
15.99940013885498,0.13845965482511258
1.0079400539398193,0.7999447839274931
1.0079400539398193,0.30586514606369697
15.99940013885498,0.002248590199581367
1.0079400539398193,0.030913367017232928
1.0079400539398193,1.1989191120824532
15.99940013885498,0.06661330436203455
1.0079400539398193,0.0943154798503122
1.0079400539398193,0.3275312997721038
15.99940013885498,0.02888988734476522
1.0079400539398193,1.9738133061106682
1.0079400539398193,0.5253662466301634
15.99940013885498,0.03303891027865414
1.0079400539398193,0.8867354168058732
1.0079400539398193,2.5022580595326254
15.99940013885498,0.05963726989434659
1.0079400539398193,0.9849867490267974
1.0079400539398193,0.0737105267543372
15.99940013885498,0.23308530791318294
1.0079400539398193,1.0278352412543583
1.0079400539398193,0.7358004730475187
15.99940013885498,0.12927948022218694
1.0079400539398193,0.3552280899484268
1.0079400539398193,1.4198377765113277
15.99940013885498,0.33880209878612266
1.0079400539398193,1.5051459718732092
1.0079400539398193,1.0854921358501761
15.99940013885498,0.03312968990237866
1.0079400539398193,3.192378745630478
1.0079400539398193,3.01306080094864
15.99940013885498,0.0016512465083389505
1.0079400539398193,0.8869368965478781
1.0079400539398193,0.17586636458139027
15.99940013885498,0.1461492553625277
1.0079400539398193,0.21463663824874546
1.0079400539398193,0.8293141443411731
15.99940013885498,0.19476593902163164
1.0079400539398193,0.8844103099549927
1.0079400539398193,1.4959471377052909
15.99940013885498,0.004763457967224001
1.0079400539398193,0.06442260774079234
1.0079400539398193,0.40366942411505136
15.99940013885498,0.0030751122158267593
1.0079400539398193,0.15909442954848907
1.0079400539398193,2.8281544801999434
15.99940013885498,0.15606308400959135
1.0079400539398193,0.9477370134033878
1.0079400539398193,1.4618932957735433
15.99940013885498,0.20066471647765902
1.0079400539398193,0.12536335355254868
1.0079400539398193,0.9688800655516785
15.99940013885498,0.09347640010202884
1.0079400539398193,0.04421482768837446
1.0079400539398193,1.1660680798340675
15.99940013885498,0.14092617776803906
1.0079400539398193,1.64867095873201
1.0079400539398193,0.3561943454753383
15.99940013885498,0.2504422242394009
1.0079400539398193,0.6582607518092454
1.0079400539398193,0.6129805414723037
15.99940013885498,0.01754753200791377
1.0079400539398193,0.4726679998886694
1.0079400539398193,1.2353439522398837
15.99940013885498,0.3029289728229303
1.0079400539398193,0.5052573388581552
1.0079400539398193,0.2000009529555576
15.99940013885498,0.14181485173282526
1.0079400539398193,1.4540324293899252
1.0079400539398193,1.1971516830976787
15.99940013885498,0.047803581249602004
1.0079400539398193,0.15672217318825865
1.0079400539398193,0.6057476383285378
15.99940013885498,0.1142489991375384
1.0079400539398193,0.19504621706029598
1.0079400539398193,0.08713519191507237
15.99940013885498,0.13271298645030893
1.0079400539398193,0.5991214566061684
1.0079400539398193,0.007421280170155323
15.99940013885498,0.04344289224086345
1.0079400539398193,0.8346154962072174
1.0079400539398193,0.9168754216244581
15.99940013885498,0.12058857488129648
1.0079400539398193,1.4067247165973953
1.0079400539398193,1.095094523866676
15.99940013885498,0.14334225354238805
1.0079400539398193,0.6800625977744872
1.0079400539398193,0.16172682910777406
15.99940013885498,0.2866980669191064
1.0079400539398193,3.0798337815926056
1.0079400539398193,5.988703450215983
15.99940013885498,0.13526837077627765
1.0079400539398193,0.7022382087652723
1.0079400539398193,2.894992552874326
15.99940013885498,0.056812237988159764
1.0079400539398193,0.5126063879690257
1.0079400539398193,1.5882474577826144
15.99940013885498,0.2039734942239586
1.0079400539398193,0.2743682714950549
1.0079400539398193,0.4722353588589368
15.99940013885498,0.0406304141880095
1.0079400539398193,1.5354703853292406
1.0079400539398193,0.2435257468701352
15.99940013885498,0.11584961108059799
1.0079400539398193,0.08635440634775426
1.0079400539398193,0.1168228558079172
15.99940013885498,0.0839649291505864
1.0079400539398193,0.017083168171450183
1.0079400539398193,0.1983843105879855
15.99940013885498,0.012574195331084559
1.0079400539398193,0.5817186688294198
1.0079400539398193,3.345504146914168
15.99940013885498,0.15958459803785952
1.0079400539398193,2.967067536425752
1.0079400539398193,2.5447841824680557
15.99940013885498,0.087842395089132
1.0079400539398193,0.40717289931876444
1.0079400539398193,0.8651344087292365
15.99940013885498,0.15868849389320255
1.0079400539398193,0.19996014618317037
1.0079400539398193,0.13228650597667468
15.99940013885498,0.13499036649871998
1.0079400539398193,1.0655742472192857
1.0079400539398193,4.218887864558599
15.99940013885498,0.21551516613803323
1.0079400539398193,0.8007955926924222
1.0079400539398193,2.0583472501742808
15.99940013885498,0.009427327802267793
1.0079400539398193,1.0094874659710804
1.0079400539398193,0.7873559497951084
15.99940013885498,0.05088496044621433
1.0079400539398193,0.37196352638324354
1.0079400539398193,0.24529862100418076
15.99940013885498,0.06623319127960775
1.0079400539398193,1.1404645023704143
1.0079400539398193,0.5221735590767
15.99940013885498,0.1551149109781434
1.0079400539398193,0.8348663095557853
1.0079400539398193,0.6664082969989096
15.99940013885498,0.10060266635354598
1.0079400539398193,0.9673962654430333
1.0079400539398193,0.1360988575679233
15.99940013885498,0.08664388666449788
1.0079400539398193,1.1097054156472623
1.0079400539398193,0.740852052206642
15.99940013885498,0.1700636165246725
1.0079400539398193,0.5972531528153233
1.0079400539398193,1.1843216104468688
15.99940013885498,0.05915149383194551
1.0079400539398193,0.23615708215753917
1.0079400539398193,0.3552182915638274
15.99940013885498,0.1319712581905108
1.0079400539398193,0.5209917148811529
1.0079400539398193,0.9252161552783242
15.99940013885498,0.02331034356544923
1.0079400539398193,0.9017361405514122
1.0079400539398193,0.5972303688237988
15.99940013885498,0.10301419754636637
1.0079400539398193,0.735076152525133
1.0079400539398193,1.1594704160886933
15.99940013885498,0.08882804667987387
1.0079400539398193,0.248345075377995
1.0079400539398193,0.15866264245346884
15.99940013885498,0.17782763745960134
1.0079400539398193,2.573116990429817
1.0079400539398193,1.3964251121031594
15.99940013885498,0.10349554650832565
1.0079400539398193,0.1440165565712208
1.0079400539398193,1.0303224449174682
15.99940013885498,0.0013785509554578336
1.0079400539398193,0.2990029816592142
1.0079400539398193,0.9438070709534438
15.99940013885498,0.05101740716640202
1.0079400539398193,1.8468440204525827
1.0079400539398193,2.0818959949383915
15.99940013885498,0.036292529130596676
1.0079400539398193,0.5412566061916355
1.0079400539398193,0.18483972908965574
15.99940013885498,0.059877020700870975
1.0079400539398193,1.369645025560729
1.0079400539398193,1.6097963027052948
15.99940013885498,0.008927077813362744
1.0079400539398193,2.449912247016167
1.0079400539398193,4.612047803357328
15.99940013885498,0.01626654977876621
1.0079400539398193,2.153528217079004
1.0079400539398193,1.1226406880195567
15.99940013885498,0.02560164260059391
1.0079400539398193,0.16984312621414244
1.0079400539398193,0.09933751336311959
15.99940013885498,0.18954767677945938
1.0079400539398193,1.2052407565010244
1.0079400539398193,0.47659962000367195
15.99940013885498,0.19488140168338958
1.0079400539398193,1.1101468281834217
1.0079400539398193,2.589830786829033
15.99940013885498,0.09402445478133471
1.0079400539398193,1.1267570146439718
1.0079400539398193,1.4040413267926057
15.99940013885498,0.013855732827646839
1.0079400539398193,0.10584720331368441
1.0079400539398193,1.1423513792992426
15.99940013885498,0.04662187413192455
1.0079400539398193,0.7289547359206867
1.0079400539398193,0.29303202243967125
15.99940013885498,0.14744963254460808
1.0079400539398193,0.21816254321890338
1.0079400539398193,0.27290275809183306
15.99940013885498,0.24868621625511178
1.0079400539398193,0.8279345202865764
1.0079400539398193,0.06927433434943425
15.99940013885498,0.30605270987520794
1.0079400539398193,2.1434250678957625
1.0079400539398193,3.000607781761809
15.99940013885498,0.04060530129116502
1.0079400539398193,0.3130925314383035
1.0079400539398193,2.6399694009444694
15.99940013885498,0.21517511702511466
1.0079400539398193,0.016939799613086857
1.0079400539398193,1.009979637613231
15.99940013885498,0.22154461951269366
1.0079400539398193,0.40065820292427845
1.0079400539398193,1.3425417814564362
15.99940013885498,0.015611857535413498
1.0079400539398193,2.398350287983128
1.0079400539398193,0.16663404854010033
15.99940013885498,0.05097924833523321
1.0079400539398193,0.45398471556757336
1.0079400539398193,1.356676763490007
15.99940013885498,0.18611406174875234
1.0079400539398193,1.2275166738411833
1.0079400539398193,0.9205878576799869
15.99940013885498,0.14363713996650618
1.0079400539398193,0.308525539052104
1.0079400539398193,0.5382109927301792
15.99940013885498,0.05300605285572596
1.0079400539398193,2.0616126280190636
1.0079400539398193,0.9780968478698675
15.99940013885498,0.04587861562210456
1.0079400539398193,0.23981195676734957
1.0079400539398193,0.4424607257760993
15.99940013885498,0.006967571107680909
1.0079400539398193,0.9162182149318394
1.0079400539398193,0.6397790687739517
15.99940013885498,0.08409058338824243
1.0079400539398193,0.15554107997484667
1.0079400539398193,0.45310385969182004
15.99940013885498,0.06639691876517739
1.0079400539398193,0.2776396528656202
1.0079400539398193,0.7492455082863878
15.99940013885498,0.09578844110066843
1.0079400539398193,0.2898721579881871
1.0079400539398193,0.4095149580327657
15.99940013885498,0.06329362159025978
1.0079400539398193,0.2015883151535134
1.0079400539398193,0.6086614295863777
15.99940013885498,0.08526174084276522
1.0079400539398193,0.7644953087552517
1.0079400539398193,0.7204193753149726
15.99940013885498,0.039976291072126635
1.0079400539398193,0.5950407384974494
1.0079400539398193,0.9392116960598642
15.99940013885498,0.2232029649631882
1.0079400539398193,0.4513529369635494
1.0079400539398193,1.4070012893164168
15.99940013885498,0.17186112199778597
1.0079400539398193,1.5886656819948586
1.0079400539398193,4.337646440106482
15.99940013885498,0.05949396608258006
1.0079400539398193,0.6778683404355725
1.0079400539398193,0.41868082046235955
15.99940013885498,0.13750092875272735
1.0079400539398193,0.38510336630907904
1.0079400539398193,0.1323585390840915
15.99940013885498,0.04198285017999166
1.0079400539398193,0.033706384315982885
1.0079400539398193,1.9912667361500722
15.99940013885498,0.2083763987591095
1.0079400539398193,2.6734695470477527
1.0079400539398193,1.2492754439111744
15.99940013885498,0.2012507792736209
1.0079400539398193,1.2169005778078947
1.0079400539398193,0.19058581318841378
15.99940013885498,0.1979130297577002
1.0079400539398193,0.4901246781480993
1.0079400539398193,0.530694348349134
15.99940013885498,0.21181257044719806
1.0079400539398193,1.8993060512212985
1.0079400539398193,2.6219726016119873
15.99940013885498,0.0016088671097392107
1.0079400539398193,0.7353579829210877
1.0079400539398193,1.322692254980764
15.99940013885498,0.004476290019272303
1.0079400539398193,0.005240459867022835
1.0079400539398193,0.5541243853952125
15.99940013885498,0.08874421460860038
1.0079400539398193,0.3215099481494601
1.0079400539398193,0.07389542970953478
15.99940013885498,0.0192394572119024
1.0079400539398193,0.14362030033890372
1.0079400539398193,0.25516127167863717
15.99940013885498,0.09374563261337504
1.0079400539398193,0.0963537179132834
1.0079400539398193,0.6662525269784303
15.99940013885498,0.09968950333718708
1.0079400539398193,0.6344043210261929
1.0079400539398193,0.9338825515475335
15.99940013885498,0.09682874302867744
1.0079400539398193,1.3227356515525845
1.0079400539398193,0.039574075101202935
15.99940013885498,0.09693619300629332
1.0079400539398193,0.42516374231933934
1.0079400539398193,0.8382326201866173
15.99940013885498,0.037314400067557436
1.0079400539398193,2.9384422982188454
1.0079400539398193,0.5982561483819824
15.99940013885498,0.08008014099950622
1.0079400539398193,0.4013492836720767
1.0079400539398193,4.1437286672276805
15.99940013885498,0.10642795847886777
1.0079400539398193,0.3850455518102127
1.0079400539398193,2.0353071045435387
15.99940013885498,0.08649548101924492
1.0079400539398193,0.5150471315519456
1.0079400539398193,0.6687318849382748
15.99940013885498,0.04916264326029751
1.0079400539398193,0.41576024265809597
1.0079400539398193,0.3487194925446344
15.99940013885498,0.026588016339893564
1.0079400539398193,0.17506332707608802
1.0079400539398193,0.8109163536250925
15.99940013885498,0.1900429807738946
1.0079400539398193,0.5977773182845099
1.0079400539398193,0.17280180961988667
15.99940013885498,0.0362205149763733
1.0079400539398193,0.8972808767127933
1.0079400539398193,0.30101789601728635
15.99940013885498,0.16368392778965224
1.0079400539398193,0.24991838015722045
1.0079400539398193,0.7607323977224552
15.99940013885498,0.1901789544170463
1.0079400539398193,1.660458757913724
1.0079400539398193,1.0648452695171216
15.99940013885498,0.08564095604164135
1.0079400539398193,0.0895573813313737
1.0079400539398193,1.179287570706368
15.99940013885498,0.13802315014151478
1.0079400539398193,0.8551079329607569
1.0079400539398193,1.1265967974960853
15.99940013885498,0.17914456049075977
1.0079400539398193,0.9785870322647623
1.0079400539398193,1.1028077089958845
15.99940013885498,0.1360154384807583
1.0079400539398193,0.6166355514100542
1.0079400539398193,1.1125071332145389
15.99940013885498,0.12978608401663716
1.0079400539398193,0.8398619863593964
1.0079400539398193,1.2114013762856803
15.99940013885498,0.12326345126395105
1.0079400539398193,0.561116237456643
1.0079400539398193,0.09585354998589107
15.99940013885498,0.05054201458075325
1.0079400539398193,0.1411133513867091
1.0079400539398193,2.8702034545984567
15.99940013885498,0.020238873952505468
1.0079400539398193,0.22001344484729307
1.0079400539398193,0.1771331116182604
15.99940013885498,0.018144317657250567
1.0079400539398193,0.6896724242516767
1.0079400539398193,0.1579168449039383
15.99940013885498,0.062362650272474396
1.0079400539398193,0.09200502047403569
1.0079400539398193,1.3257036381013718
15.99940013885498,0.06428043883004314
1.0079400539398193,0.9253990788842517
1.0079400539398193,0.5326740734704254
15.99940013885498,0.07387293938281048
1.0079400539398193,1.1432751123843055
1.0079400539398193,0.045657955727307936
15.99940013885498,0.17132506373273326
1.0079400539398193,4.679508663272898
1.0079400539398193,2.492480658484869
15.99940013885498,0.04161184458608669
1.0079400539398193,1.5390922241472929
1.0079400539398193,2.4464834722729116
15.99940013885498,0.09202944492028715
1.0079400539398193,2.490446584706554
1.0079400539398193,1.8648760280995624
15.99940013885498,0.16477567252166203
1.0079400539398193,0.4810436705318577
1.0079400539398193,0.18984855894392005
15.99940013885498,0.11367019814514628
1.0079400539398193,1.10047293591067
1.0079400539398193,1.5350286035162362
15.99940013885498,0.0563829029595585
1.0079400539398193,0.10911288044328016
1.0079400539398193,0.2218322245159836
15.99940013885498,0.05603238093229096
1.0079400539398193,0.3414437113535451
1.0079400539398193,0.626236289108407
15.99940013885498,0.013872058805808676
1.0079400539398193,0.8892676772502706
1.0079400539398193,0.9521815713396133
15.99940013885498,0.12072187552997972
1.0079400539398193,0.5536248071452987
1.0079400539398193,0.4890065867030504
15.99940013885498,0.07540649860764527
1.0079400539398193,1.1229662552494162
1.0079400539398193,0.39910110233198104
15.99940013885498,0.0363993461607824
1.0079400539398193,0.9415921851807889
1.0079400539398193,1.5397568938371586
15.99940013885498,0.04070620845619671
1.0079400539398193,0.6484005538723612
1.0079400539398193,0.41901195759598675
15.99940013885498,0.04068131176556583
1.0079400539398193,0.9393066175167428
1.0079400539398193,2.1390217488702277
15.99940013885498,0.11084009061206986
1.0079400539398193,0.04225858833994896
1.0079400539398193,0.3683540647066829
15.99940013885498,0.05719207747770427
1.0079400539398193,0.21070457093120276
1.0079400539398193,0.5483942213106197
15.99940013885498,0.047661176781394046
1.0079400539398193,0.06311198473534863
1.0079400539398193,0.6370299093570184
15.99940013885498,0.042616936625661295
1.0079400539398193,0.1337832530952402
1.0079400539398193,0.1774820827242466
15.99940013885498,0.17635217634004352
1.0079400539398193,0.8193373157626458
1.0079400539398193,0.4280317968918548
15.99940013885498,0.03817863037340315
1.0079400539398193,0.9519103974387308
1.0079400539398193,1.0086073022853752
15.99940013885498,0.12750640080003106
1.0079400539398193,0.2552183289624512
1.0079400539398193,0.5618940723799657
15.99940013885498,0.012322468380548224
1.0079400539398193,1.5454263655590283
1.0079400539398193,0.6436199653520278
15.99940013885498,0.04091323215806639
1.0079400539398193,1.7708123333848365
1.0079400539398193,0.9243686449445541
15.99940013885498,0.14840768805291266
1.0079400539398193,3.400554677827788
1.0079400539398193,0.7613749488658996
15.99940013885498,0.020695317970742505
1.0079400539398193,0.4102672041102313
1.0079400539398193,0.18713382523071026
15.99940013885498,0.060585304797214024
1.0079400539398193,1.839814265497246
1.0079400539398193,2.1057602247443796
15.99940013885498,0.05281760485559178
1.0079400539398193,0.3830488677951003
1.0079400539398193,0.1574546403376986
15.99940013885498,0.09155208056357944
1.0079400539398193,1.5041988237012278
1.0079400539398193,0.7280735784908244
15.99940013885498,0.0877433311884236
1.0079400539398193,0.3284733235761117
1.0079400539398193,0.32526630363700093
15.99940013885498,0.21589225160489622
1.0079400539398193,0.9497004419167903
1.0079400539398193,0.6156430867763665
15.99940013885498,0.1935331415251998
1.0079400539398193,1.4900963827853184
1.0079400539398193,0.2635728614015651
15.99940013885498,0.4432168982863782
1.0079400539398193,0.6265357016305959
1.0079400539398193,1.7277055857674029
15.99940013885498,0.05212544372666729
1.0079400539398193,0.31262109586312875
1.0079400539398193,1.3745577047566897
15.99940013885498,0.0512311811762909
1.0079400539398193,0.7128337516084491
1.0079400539398193,0.3476810330556699
15.99940013885498,0.13234244351313162
1.0079400539398193,2.3138520272004444
1.0079400539398193,0.7737127156899088
15.99940013885498,0.23400271457217642
1.0079400539398193,1.220747328387102
1.0079400539398193,1.729318378930943
15.99940013885498,0.11621349907935064
1.0079400539398193,2.582794074968434
1.0079400539398193,1.8110260441235475
15.99940013885498,0.32973509037379944
1.0079400539398193,0.6524892765947128
1.0079400539398193,0.13005494377812643
15.99940013885498,0.08706332586590028
1.0079400539398193,0.32365494532693373
1.0079400539398193,0.2571750560027058
15.99940013885498,0.17748950324303459
1.0079400539398193,1.0753948720866804
1.0079400539398193,0.7605441385120086
15.99940013885498,0.11932762227881201
1.0079400539398193,2.0758326737659205
1.0079400539398193,3.1786629214627204
15.99940013885498,0.030212239666568858
1.0079400539398193,3.724306826309231
1.0079400539398193,1.8259786198234345
15.99940013885498,0.005683270263022456
1.0079400539398193,0.04027667472300023
1.0079400539398193,0.17045730569986667
15.99940013885498,0.01830013096968336
1.0079400539398193,0.15660334326089098
1.0079400539398193,2.3411702461763664
15.99940013885498,0.05699451725224147
1.0079400539398193,0.10644399176431146
1.0079400539398193,1.0800620838324297
15.99940013885498,0.24077386722060035
1.0079400539398193,0.8429437063138865
1.0079400539398193,1.1373317995695393
15.99940013885498,0.05257425868993104
1.0079400539398193,0.3842484432196405
1.0079400539398193,1.728038269816186
15.99940013885498,0.048706727349642834
1.0079400539398193,0.4638851277518228
1.0079400539398193,0.6019744115022791
15.99940013885498,0.03913338614094132
1.0079400539398193,2.330111527029179
1.0079400539398193,6.913076513138581
15.99940013885498,0.13830478498920373
1.0079400539398193,2.7430485739034935
1.0079400539398193,2.4796667966673818
15.99940013885498,0.05622726318939042
1.0079400539398193,0.415609783384902
1.0079400539398193,0.18620960046990082
15.99940013885498,0.11815048137349149
1.0079400539398193,0.9679526225419623
1.0079400539398193,0.3082770221333293
15.99940013885498,0.027042617723758045
1.0079400539398193,2.698737754632706
1.0079400539398193,0.9471020033935931
15.99940013885498,0.20461189925658774
1.0079400539398193,3.169578632760267
1.0079400539398193,0.05543880562070615
15.99940013885498,0.22703830883028076
1.0079400539398193,1.0370608201005567
1.0079400539398193,0.05410269516831735
15.99940013885498,0.18412823810491918
1.0079400539398193,0.9383068682746922
1.0079400539398193,1.2603288747763361
15.99940013885498,0.2264329776780551
1.0079400539398193,3.2860571427862375
1.0079400539398193,0.34927527899486915
15.99940013885498,0.010827461794952312
1.0079400539398193,0.6689649514591718
1.0079400539398193,0.8853581671993433
15.99940013885498,0.17127245024982907
1.0079400539398193,0.760700692558328
1.0079400539398193,0.8440595737023964
15.99940013885498,0.09906970555299521
1.0079400539398193,0.1122047700889531
1.0079400539398193,0.8865283187671977
15.99940013885498,0.038582359730906624
1.0079400539398193,0.24537985027764045
1.0079400539398193,0.37078270040484784
15.99940013885498,0.0756376397875932
1.0079400539398193,0.35620296545273455
1.0079400539398193,0.4183340446310333
15.99940013885498,0.13708870847620475
1.0079400539398193,0.8837217430350215
1.0079400539398193,0.8146066320236471
15.99940013885498,0.0381192326987983
1.0079400539398193,0.6360617301930394
1.0079400539398193,0.9356001327982781
15.99940013885498,0.09863626007971377
1.0079400539398193,0.2877739408376089
1.0079400539398193,4.463596281360708
15.99940013885498,0.035174929821897294
1.0079400539398193,0.9009081578610765
1.0079400539398193,0.19932261810834473
15.99940013885498,0.03859686623663651
1.0079400539398193,0.13848552964232974
1.0079400539398193,0.14514718305102342
15.99940013885498,0.21217371358562187
1.0079400539398193,0.5747747517894144
1.0079400539398193,0.18230574548979694
15.99940013885498,0.021406570620093573
1.0079400539398193,0.647013767703883
1.0079400539398193,0.8557748674203127
15.99940013885498,0.07577857077952874
1.0079400539398193,0.6602492047767798
1.0079400539398193,0.3580912905718725
15.99940013885498,0.05689841023815646
1.0079400539398193,0.4734833543186998
1.0079400539398193,1.03354671041334
15.99940013885498,0.11230648538390621
1.0079400539398193,1.1449871487431749
1.0079400539398193,1.2117406020435837
15.99940013885498,0.03882345326880432
1.0079400539398193,0.874620257811757
1.0079400539398193,0.1731044415538847
15.99940013885498,0.009161985669804489
1.0079400539398193,2.61832500812924
1.0079400539398193,1.590056620875548
15.99940013885498,0.13803603917094792
1.0079400539398193,1.3005413587342005
1.0079400539398193,0.7299878543744198
15.99940013885498,0.05868563467915844
1.0079400539398193,1.2486776980298055
1.0079400539398193,0.9500601496573786
15.99940013885498,0.12359567208577743
1.0079400539398193,0.12004198978559555
1.0079400539398193,0.3654010492297539
15.99940013885498,0.07955877379962423
1.0079400539398193,0.09382462710278922
1.0079400539398193,0.22402278846169232
15.99940013885498,0.07737703951717802
1.0079400539398193,0.9369740722662172
1.0079400539398193,0.21949621755896787
15.99940013885498,0.03413235355166723
1.0079400539398193,1.0865819562998178
1.0079400539398193,0.19037842547628525
15.99940013885498,0.09135879937247812
1.0079400539398193,0.07496867228025568
1.0079400539398193,1.8906430626699278
15.99940013885498,0.037286055122487574
1.0079400539398193,3.9852942884737708
1.0079400539398193,0.38880194220516856
15.99940013885498,0.025713561425344048
1.0079400539398193,0.4163332576837071
1.0079400539398193,0.37773263095017207
15.99940013885498,0.08107313842837285
1.0079400539398193,0.7382614659074138
1.0079400539398193,0.10863249166131139
15.99940013885498,0.06257635403218065
1.0079400539398193,0.24264044316449773
1.0079400539398193,0.4541929828893885
15.99940013885498,0.1772163721780482
1.0079400539398193,2.2000982825501696
1.0079400539398193,2.2503897753573323
15.99940013885498,0.015685463403254177
1.0079400539398193,0.06044612380287186
1.0079400539398193,4.36436089429482
15.99940013885498,0.021255812589863782
1.0079400539398193,0.08039259176522684
1.0079400539398193,0.42828872183657674
15.99940013885498,0.1354559445191879
1.0079400539398193,1.3471959943758351
1.0079400539398193,0.7387482851352027
15.99940013885498,0.04701851043916472
1.0079400539398193,0.8431807094928392
1.0079400539398193,0.555808552263968
15.99940013885498,0.4267114467117539
1.0079400539398193,0.6427949061843794
1.0079400539398193,1.0421722022473592
15.99940013885498,0.039206502212458444
1.0079400539398193,1.0033830994212076
1.0079400539398193,1.0690359886321277
15.99940013885498,0.07573700702658281
1.0079400539398193,0.6558972059084995
1.0079400539398193,1.1110695940249085
15.99940013885498,0.06050170759371369
1.0079400539398193,0.23471685059463637
1.0079400539398193,1.046054719179603
15.99940013885498,0.18867314488804077
1.0079400539398193,1.0969481952994242
1.0079400539398193,0.905739338137064
15.99940013885498,0.17347170472140766
1.0079400539398193,0.4939370926314702
1.0079400539398193,0.02708826282031712
15.99940013885498,0.10828251785865291
1.0079400539398193,1.0454925670222517
1.0079400539398193,1.181720172382815
15.99940013885498,0.12635503298582496
1.0079400539398193,1.0899919046271314
1.0079400539398193,0.4755834826180286
15.99940013885498,0.027404901594237974
1.0079400539398193,1.0823217106137237
1.0079400539398193,0.18686577756190798
15.99940013885498,0.01877383489776061
1.0079400539398193,0.705882554681371
1.0079400539398193,0.8477268954016957
15.99940013885498,0.4566902202652001
1.0079400539398193,2.736180239173139
1.0079400539398193,1.38584804668095
15.99940013885498,0.09162520202512604
1.0079400539398193,0.45678722213128414
1.0079400539398193,0.48527080540345247
15.99940013885498,0.15381299366458467
1.0079400539398193,1.0454773557199664
1.0079400539398193,0.692581796410082
15.99940013885498,0.11346380381658983
1.0079400539398193,1.1361565645654308
1.0079400539398193,0.4742313022092569
15.99940013885498,0.19776105755056084
1.0079400539398193,0.28484515837598817
1.0079400539398193,0.4598897466355609
15.99940013885498,0.0514728229232726
1.0079400539398193,1.1855950351930815
1.0079400539398193,0.5861901173852502
15.99940013885498,0.09572331414607871
1.0079400539398193,1.8859767929731044
1.0079400539398193,1.787014697173234
15.99940013885498,0.007672879778911141
1.0079400539398193,2.0383135465714055
1.0079400539398193,2.5223129682606515
15.99940013885498,0.14423720724450456
1.0079400539398193,1.0920566404203234
1.0079400539398193,0.9596941072722303
15.99940013885498,0.07073950173811167
1.0079400539398193,0.29819655934370903
1.0079400539398193,0.36117483742857
15.99940013885498,0.13391339731816515
1.0079400539398193,0.7051654126345497
1.0079400539398193,0.575976624090162
15.99940013885498,0.2797168933017333
1.0079400539398193,1.3421496009878275
1.0079400539398193,1.6170896386774745
15.99940013885498,0.03687545974114714
1.0079400539398193,1.1197698130060765
1.0079400539398193,0.1731401619575168
15.99940013885498,0.14414298375328638
1.0079400539398193,0.8921058924571277
1.0079400539398193,0.5123597419371573
15.99940013885498,0.010985105165252446
1.0079400539398193,2.578533192167047
1.0079400539398193,2.3069095001748465
15.99940013885498,0.1954800566298598
1.0079400539398193,0.2746172265920477
1.0079400539398193,0.6193457457193263
15.99940013885498,0.24729166154959514
1.0079400539398193,1.8967057149976227
1.0079400539398193,0.9142694039561226
15.99940013885498,0.08096162504676935
1.0079400539398193,0.5444211825134007
1.0079400539398193,0.7510610148422077
15.99940013885498,0.0474843777300525
1.0079400539398193,1.403112415973235
1.0079400539398193,2.032504141495565
15.99940013885498,0.1118981372355345
1.0079400539398193,0.3428558467358881
1.0079400539398193,0.0028670507853056255
15.99940013885498,0.05999044991035457
1.0079400539398193,0.9582835877374116
1.0079400539398193,1.719443745377447
15.99940013885498,0.057257150369971255
1.0079400539398193,0.27708717399117916
1.0079400539398193,0.22030375082557077
15.99940013885498,0.02017195945927112
1.0079400539398193,0.2422605340609103
1.0079400539398193,0.1461435834842429
15.99940013885498,0.060692911964884556
1.0079400539398193,0.4976765571472886
1.0079400539398193,0.6857224285919685
15.99940013885498,0.18227307326525732
1.0079400539398193,1.0590367510000656
1.0079400539398193,1.7121924568434013
15.99940013885498,0.07401505826433666
1.0079400539398193,1.8680162338941209
1.0079400539398193,1.4477510274955692
15.99940013885498,0.2253447449531587
1.0079400539398193,0.6267687092668217
1.0079400539398193,0.7117081372762089
15.99940013885498,0.051496731873133084
1.0079400539398193,0.49238653407347127
1.0079400539398193,0.8292278955623837
15.99940013885498,0.1654627863711724
1.0079400539398193,0.5616932259880416
1.0079400539398193,0.3391757463742676
15.99940013885498,0.26596762560325227
1.0079400539398193,2.0758597025149843
1.0079400539398193,0.45041501991446364
15.99940013885498,0.0606936121676907
1.0079400539398193,0.09660190388413016
1.0079400539398193,0.9335999505031545
15.99940013885498,0.1082766313430597
1.0079400539398193,0.356711301535495
1.0079400539398193,0.4679160702904724
15.99940013885498,0.08200137490826676
1.0079400539398193,0.8055053201364886
1.0079400539398193,1.816182775681008
15.99940013885498,0.01728850536125487
1.0079400539398193,0.1479613664997701
1.0079400539398193,2.015467894203457
15.99940013885498,0.12250034364755136
1.0079400539398193,0.37030571742513235
1.0079400539398193,0.23617124338423867
15.99940013885498,0.20537232612837386
1.0079400539398193,2.608301065446554
1.0079400539398193,0.9967207186462199
15.99940013885498,0.06691459525026172
1.0079400539398193,0.8117544053716355
1.0079400539398193,0.8483981897746544
15.99940013885498,0.016199162669365746
1.0079400539398193,0.07570242388819559
1.0079400539398193,0.2633414009221248
15.99940013885498,0.24385069234445333
1.0079400539398193,0.7020932575949325
1.0079400539398193,0.3411751597469497
15.99940013885498,0.17572563040750422
1.0079400539398193,2.0685175249545873
1.0079400539398193,0.7402873025169878
15.99940013885498,0.09560043466676217
1.0079400539398193,0.2985073774144589
1.0079400539398193,0.07934197156686179
15.99940013885498,0.10449029846405478
1.0079400539398193,0.06401778383101171
1.0079400539398193,0.14435854875210397
15.99940013885498,0.12119393210080157
1.0079400539398193,0.28758764523838926
1.0079400539398193,1.2353374223594216
15.99940013885498,0.025679064130406354
1.0079400539398193,2.095751849446068
1.0079400539398193,2.100576984494137
15.99940013885498,0.10070663459296503
1.0079400539398193,0.5606888028866042
1.0079400539398193,2.9869014897232553
15.99940013885498,0.05531699603862401
1.0079400539398193,1.698478256409218
1.0079400539398193,2.0473358650155866
15.99940013885498,0.08365135452040297
1.0079400539398193,1.4924205266824586
1.0079400539398193,1.1587441210582536
15.99940013885498,0.08223963955019033
1.0079400539398193,1.384718218550622
1.0079400539398193,0.6605626926967425
15.99940013885498,0.14686619754464847
1.0079400539398193,0.47309700789321263
1.0079400539398193,0.24403853696495514
15.99940013885498,0.21368778230519503
1.0079400539398193,0.8379070688701065
1.0079400539398193,0.2799295033987692
15.99940013885498,0.23335695784366944
1.0079400539398193,0.20427998318631269
1.0079400539398193,0.47724180973291386
15.99940013885498,0.1733266787261275
1.0079400539398193,0.12214545141437608
1.0079400539398193,0.42518933879511067
15.99940013885498,0.08816801169728788
1.0079400539398193,0.043373984124010126
1.0079400539398193,0.11536968470302596
15.99940013885498,0.10418792258676302
1.0079400539398193,0.3246645735064899
1.0079400539398193,0.1276331055308364
15.99940013885498,0.035170386465672124
1.0079400539398193,1.4702588295203363
1.0079400539398193,2.538931118603413
15.99940013885498,0.18438536243051412
1.0079400539398193,1.6916749145377326
1.0079400539398193,0.10540074799420192
15.99940013885498,0.03574260418148689
1.0079400539398193,1.2574814947111905
1.0079400539398193,0.14692993036834523
15.99940013885498,0.039523935720732054
1.0079400539398193,2.3473597175786374
1.0079400539398193,0.6349986099613703
15.99940013885498,0.16604383961535096
1.0079400539398193,0.7908016815722514
1.0079400539398193,0.044439842673509436
15.99940013885498,0.0048777215202590605
1.0079400539398193,0.48897120678845335
1.0079400539398193,0.5542174686596095
15.99940013885498,0.042744358369115165
1.0079400539398193,0.5711521096885983
1.0079400539398193,0.917648427740227
15.99940013885498,0.03997154298628308
1.0079400539398193,0.5816165236010324
1.0079400539398193,0.4382698396492591
15.99940013885498,0.012003583420479417
1.0079400539398193,0.4225392354329651
1.0079400539398193,0.5888023477453403
15.99940013885498,0.0761183275812008
1.0079400539398193,0.6543968492740586
1.0079400539398193,0.37952053015429504
15.99940013885498,0.023645063045012602
1.0079400539398193,0.2054374944703401
1.0079400539398193,0.6027022241472446
15.99940013885498,0.037013534743914445
1.0079400539398193,0.4700190974583785
1.0079400539398193,1.146635451995551
15.99940013885498,0.02983910119124113
1.0079400539398193,0.2019168721238762
1.0079400539398193,2.878866753905996
15.99940013885498,0.06994496420438567
1.0079400539398193,0.42630948413041825
1.0079400539398193,0.7968561333006399
15.99940013885498,0.1105525264111687
1.0079400539398193,0.3075847259490847
1.0079400539398193,0.18347267860882455
15.99940013885498,0.2923222820041602
1.0079400539398193,0.4784202387685117
1.0079400539398193,1.1624744926283874
15.99940013885498,0.1498216792819767
1.0079400539398193,1.3215990438508824
1.0079400539398193,0.7479458073923251
15.99940013885498,0.10383675938371328
1.0079400539398193,1.7284302408227268
1.0079400539398193,1.8312419835595402
15.99940013885498,0.19052196467445026
1.0079400539398193,0.8651316680061865
1.0079400539398193,0.4456095313462196
15.99940013885498,0.23529418568183808
1.0079400539398193,2.116926755443534
1.0079400539398193,1.4247095904558869
15.99940013885498,0.01239414497496838
1.0079400539398193,1.3080705503984282
1.0079400539398193,0.13929388975064266
15.99940013885498,0.11233650505472062
1.0079400539398193,0.4026871572537154
1.0079400539398193,2.417006163441915
15.99940013885498,0.06133518316890037
1.0079400539398193,1.26459266564589
1.0079400539398193,2.533078750114186
15.99940013885498,0.09254146151066402
1.0079400539398193,1.2746716476314244
1.0079400539398193,0.09328116206231263
15.99940013885498,0.05308072201578812
1.0079400539398193,1.2450663965982942
1.0079400539398193,0.4551147891206573
15.99940013885498,0.019127308895419748
1.0079400539398193,0.03614244014624875
1.0079400539398193,0.024085035654574205
15.99940013885498,0.012752465648037115
1.0079400539398193,0.31842450836732183
1.0079400539398193,1.6465100865803572
15.99940013885498,0.12273799414190319
1.0079400539398193,0.677803940805636
1.0079400539398193,0.22861551612218634
15.99940013885498,0.2489601584646363
1.0079400539398193,0.27427085189435224
1.0079400539398193,0.25346117117462375
15.99940013885498,0.10897125232147044
1.0079400539398193,1.2840466022640884
1.0079400539398193,1.600671904218406
15.99940013885498,0.24921275130715004
1.0079400539398193,0.8568711638581554
1.0079400539398193,1.0018193953537136
15.99940013885498,0.14532318211735107
1.0079400539398193,1.4687613396315957
1.0079400539398193,0.7850812594043133
15.99940013885498,0.06453926552114636
1.0079400539398193,0.32349919775659797
1.0079400539398193,0.16178048273079204
15.99940013885498,0.16325971862588284
1.0079400539398193,0.3964508041680901
1.0079400539398193,0.6493556823453739
15.99940013885498,0.15005850275821625
1.0079400539398193,0.15791700555570487
1.0079400539398193,1.5555078715518835
15.99940013885498,0.019465283493351165
1.0079400539398193,0.8214032495004021
1.0079400539398193,0.6417877090838072
15.99940013885498,0.028458518394933897
1.0079400539398193,0.7936775709375044
1.0079400539398193,1.372062914128283
15.99940013885498,0.029055725213367314
1.0079400539398193,0.11099519239470104
1.0079400539398193,0.741857742132159
15.99940013885498,0.07297023333407394
1.0079400539398193,0.7645845171711161
1.0079400539398193,0.040097244164894796
15.99940013885498,0.0187715692643668
1.0079400539398193,0.02692905353144033
1.0079400539398193,1.5603386647859638
15.99940013885498,0.23883427362615017
1.0079400539398193,2.0770639086711435
1.0079400539398193,1.6879071254483984
15.99940013885498,0.0022326496397329096
1.0079400539398193,4.09664349206556
1.0079400539398193,1.7688601957119021
15.99940013885498,0.14027784700681
1.0079400539398193,0.12278859054192043
1.0079400539398193,0.5904749429188785
15.99940013885498,0.22643008646645235
1.0079400539398193,0.662874172768257
1.0079400539398193,0.6984747355615197
15.99940013885498,0.10007210924953291
1.0079400539398193,0.5847730455249875
1.0079400539398193,0.45944864637356453
15.99940013885498,0.11368761621554632
1.0079400539398193,0.7892957886791185
1.0079400539398193,0.887576120013433
15.99940013885498,0.05667671157137308
1.0079400539398193,0.5955033398622517
1.0079400539398193,0.06860716527462779
15.99940013885498,0.2117201045537822
1.0079400539398193,0.1177019061765164
1.0079400539398193,0.7000788376881384
15.99940013885498,0.1462693131080237
1.0079400539398193,0.9022791511726056
1.0079400539398193,0.31673628793238545
15.99940013885498,0.03219013280676929
1.0079400539398193,0.38290449240012525
1.0079400539398193,1.3022120667583705
15.99940013885498,0.09636413336666712
1.0079400539398193,0.077294002375631
1.0079400539398193,0.34658460340198494
15.99940013885498,0.09097242796553277
1.0079400539398193,1.2257357210514548
1.0079400539398193,0.6593812503911236
15.99940013885498,0.027492521089853283
1.0079400539398193,0.5160989827552538
1.0079400539398193,0.12086952801877132
15.99940013885498,0.08207382301363003
1.0079400539398193,0.44936920136238
1.0079400539398193,0.43072087273568527
15.99940013885498,0.30737489349876235
1.0079400539398193,0.3306711890135736
1.0079400539398193,2.033311393066982
15.99940013885498,0.07094855852362647
1.0079400539398193,0.7709271114536972
1.0079400539398193,1.6282888527741903
15.99940013885498,0.11554621750626964
1.0079400539398193,0.0621125991843032
1.0079400539398193,0.3161132704271834
15.99940013885498,0.04170409354088134
1.0079400539398193,1.463422598929876
1.0079400539398193,0.6046484763384634
15.99940013885498,0.05510060160638311
1.0079400539398193,0.7683129897552312
1.0079400539398193,3.5501416018995897
15.99940013885498,0.05824643887715403
1.0079400539398193,0.01998035852003427
1.0079400539398193,0.6194332274020207
15.99940013885498,0.13841564208901458
1.0079400539398193,0.3507808160737358
1.0079400539398193,0.1976568886529373
15.99940013885498,0.15707543408555097
1.0079400539398193,0.679932384413471
1.0079400539398193,0.9955295961247297
15.99940013885498,0.1010037235402952
1.0079400539398193,1.2517105527830328
1.0079400539398193,1.0341665853725637
15.99940013885498,0.0518352603670878
1.0079400539398193,0.039622980427608256
1.0079400539398193,0.3523593036723054
15.99940013885498,0.01660822937301426
1.0079400539398193,1.612457732923109
1.0079400539398193,1.34879957677677
15.99940013885498,0.020082412151078866
1.0079400539398193,1.1859188474841924
1.0079400539398193,1.2994187048013437
15.99940013885498,0.17539476629984674
1.0079400539398193,1.2042900296423262
1.0079400539398193,1.0930111392716555
15.99940013885498,0.09788185741251582
1.0079400539398193,1.0821256517963365
1.0079400539398193,1.3987296045976665
15.99940013885498,0.034331511070852944
1.0079400539398193,3.9041544874861565
1.0079400539398193,0.7192159010438788
15.99940013885498,0.012574837039979865
1.0079400539398193,0.2379469274877876
1.0079400539398193,0.6764045168715747
15.99940013885498,0.07892667343238796
1.0079400539398193,1.8762794565528849
1.0079400539398193,1.0779492714931842
15.99940013885498,0.008916493531031092
1.0079400539398193,0.6645236593947778
1.0079400539398193,0.5097992175329744
15.99940013885498,0.05403614627726233
1.0079400539398193,0.4893275274794817
1.0079400539398193,0.10240477170620495
15.99940013885498,0.0908088148931553
1.0079400539398193,1.7570949192466294
1.0079400539398193,0.6097945745917515
15.99940013885498,0.11007202898789649
1.0079400539398193,0.25130893623667294
1.0079400539398193,0.3839102653648876
15.99940013885498,0.0900191366627141
1.0079400539398193,0.6337291728282013
1.0079400539398193,1.6026817622549192
15.99940013885498,0.0921408179543684
1.0079400539398193,1.3985186107479919
1.0079400539398193,1.0351814915902673
15.99940013885498,0.0943638359583201
1.0079400539398193,0.15138084631920617
1.0079400539398193,0.05629579413216601
15.99940013885498,0.06316600446904752
1.0079400539398193,0.5125057434749647
1.0079400539398193,0.17301390769381997
15.99940013885498,0.05078438560601134
1.0079400539398193,1.7009580901737422
1.0079400539398193,0.3326490392896324
15.99940013885498,0.0836999975608968
1.0079400539398193,0.6790743967421466
1.0079400539398193,0.37401680530684844
15.99940013885498,0.28317894627857076
1.0079400539398193,0.8868426666736704
1.0079400539398193,0.7741071804484891
15.99940013885498,0.048003069399856615
1.0079400539398193,0.6416296767568097
1.0079400539398193,0.2574642671201426
15.99940013885498,0.026211538472731777
1.0079400539398193,0.6025421694605866
1.0079400539398193,1.8321182200109165
15.99940013885498,0.11350534270779566
1.0079400539398193,0.4414420882590635
1.0079400539398193,0.18902477811596197
15.99940013885498,0.2565910209271283
1.0079400539398193,0.8389519321345666
1.0079400539398193,0.3363614539129714
15.99940013885498,0.24920821550833727
1.0079400539398193,0.49734486544202205
1.0079400539398193,0.35375056585528264
15.99940013885498,0.08389995094834074
1.0079400539398193,1.0856080735046056
1.0079400539398193,0.9578319184335942
15.99940013885498,0.1910741218575817
1.0079400539398193,0.3678733448375343
1.0079400539398193,0.5549520709188461
15.99940013885498,0.115765360471074
1.0079400539398193,0.870300629169787
1.0079400539398193,0.20940967393727844
15.99940013885498,0.02320056576352343
1.0079400539398193,0.15711825025778797
1.0079400539398193,0.6694612788078742
15.99940013885498,0.06995174085904177
1.0079400539398193,3.2749802264491885
1.0079400539398193,0.41817723170370286
15.99940013885498,0.28576862780318923
1.0079400539398193,0.008765145073805325
1.0079400539398193,1.6945812169799015
15.99940013885498,0.07838436447596764
1.0079400539398193,0.7598281396784655
1.0079400539398193,2.0554286976512515
15.99940013885498,0.09480281581325545
1.0079400539398193,0.9582212854361862
1.0079400539398193,0.7184868972779208
15.99940013885498,0.08807630403632535
1.0079400539398193,1.3541935212222258
1.0079400539398193,0.41922506492431766
15.99940013885498,0.10450199474844274
1.0079400539398193,0.1658726517572751
1.0079400539398193,0.0880007826086138
15.99940013885498,0.11799968000084482
1.0079400539398193,1.1727900960088178
1.0079400539398193,0.3726595124680303
15.99940013885498,0.16459275265481466
1.0079400539398193,0.9032377719858466
1.0079400539398193,0.84560881273653
15.99940013885498,0.1257793062885295
1.0079400539398193,0.1507581762410991
1.0079400539398193,0.5357795133806729
15.99940013885498,0.029489875293747927
1.0079400539398193,1.43965574802532
1.0079400539398193,0.3920378517082863
15.99940013885498,0.037641883998419695
1.0079400539398193,4.555463618449968
1.0079400539398193,5.423582442372163
15.99940013885498,0.061445741308984204
1.0079400539398193,0.3766076434458068
1.0079400539398193,0.5045464272504478
15.99940013885498,0.06742301851810067
1.0079400539398193,2.4152827864909137
1.0079400539398193,0.23087736982971396
15.99940013885498,0.2898815937238841
1.0079400539398193,1.5548148126424133
1.0079400539398193,0.8944214628986522
15.99940013885498,0.05766753663512447
1.0079400539398193,0.13018442353758308
1.0079400539398193,0.08380037153421793
15.99940013885498,0.0773268120829827
1.0079400539398193,0.08093847198463078
1.0079400539398193,0.9249966288979939
15.99940013885498,0.08405782810799295
1.0079400539398193,0.12881464372350415
1.0079400539398193,0.3465700502597724
15.99940013885498,0.15135934546954907
1.0079400539398193,0.4345736300083036
1.0079400539398193,1.5612522208153694
15.99940013885498,0.07796758469492038
1.0079400539398193,0.23129086510822155
1.0079400539398193,1.3355361302801758
32.060001373291016,0.05234679276672366
