0.8977312457530426
0.2824820710995812
0.21512697267962358
0.2020195486650421
0.32472317292674796
0.26556155041757207
0.5092183440810122
0.10919400057195527
0.5004021521649918
0.9538811787867482
0.15624387573170773
0.21515090966234915
1.2394102055321843
0.2127909875716339
0.1773260042265892
0.13129049362947467
0.5882321998222887
0.0758530309503513
4.069419354934365
0.013593451190109278
0.14352573828002013
0.9537786298916494
2.0529580776331486
0.26733014919665077
0.8290970117561766
0.7327391273546556
0.05810482227992174
0.8054981613405806
0.5693020484482655
0.03431525834268652
1.9323999785290427
0.25539600746447255
0.2743834058918111
2.15064006683791
1.2415137856856149
0.9986702560202771
0.9911044303620054
0.14622004304029462
0.05232275983463866
0.8944054785603553
0.8425648354946254
0.10226797064876944
1.0997705709836236
0.43860286333126314
1.4599810813119245
0.3161209435427478
0.40259985880703003
0.4767086567455672
0.30883370684859907
2.8170797383641433
0.6260939772331595
1.227491057005026
0.7210308243691919
0.247737346563605
0.2683201322543594
0.47244751070132945
0.1654529303119426
0.5781833185754414
0.18232545105815087
0.5136900914138444
1.0375882484149377
0.12107635708812457
0.03181716687947649
0.4697720369506292
0.5158601487669411
1.2438447949878084
0.3685060141526161
0.14153337043526082
0.01829401605683793
2.0076512716848303
0.7661535399684718
0.8751204539517956
0.22325841200465538
0.4034594458571881
0.36078756496879255
1.6681505056724464
0.2909496755493464
0.22711098927367457
0.3056303599789113
0.7742255609853169
0.0946133572026889
0.9038404509209172
0.9712465133295549
0.32201920987643573
0.6116398004661925
0.12800321214711424
0.7876325105590578
1.0122471715232642
0.5023934567429069
2.275517383362797
0.9718337701796393
0.2773475706786628
0.6815920056625254
0.6474100630891125
0.727069238418882
0.12134599653524222
0.20761750594947698
0.024802312017384105
0.012198367971651927
0.39918319293883114
0.11682192997851014
0.3009377263171095
0.412740425709005
0.06011404719727765
0.08589075904182239
0.8091677978020867
1.7189904358970933
0.1734585188443142
1.1247223688121333
0.5885838963057738
0.34183756477569927
0.09729061288937585
0.01866768271288034
1.4074132894136306
0.11406648934660418
0.30261030111666776
0.3865551430754243
0.58853398778937
0.45765356570214294
0.09647667597006576
0.419060437398651
0.2117885049760715
0.4591116441161419
2.461476944279726
0.2888770317227416
0.19831506129343826
1.2202974002233928
0.475739004072643
0.3260824691628634
0.7601724215267305
0.3353126498718586
0.2180712634606735
0.38841841745509864
0.32870637958193183
0.7156793031583926
1.2935876925868488
0.03868905464049608
0.8429942523594337
0.46938170250767247
0.5272360057188444
0.04492836679971907
1.2510814229480747
0.5175575690488646
0.3448667454333248
1.216334658044162
0.6245787970862263
0.33405052230207727
0.30516351760120514
0.23216681864214644
0.043564939140139945
0.5183860766438029
0.11333915590018849
0.08412796010253243
0.2007895858979283
1.7724921430215965
0.27631846505831453
0.3444286614911774
0.5778481935071372
0.23816328012912635
0.9332733887035817
0.3906653752254795
0.9070114756236892
0.7272771685859001
0.5267698059819499
0.9489055494587182
0.289975117025321
0.418720625671132
0.7704955663385696
1.0255543741566366
0.020311521151057648
0.24704174910950438
2.026533090419346
0.5789167605330356
0.45264665294062506
0.8540161368806231
0.0749898688860652
0.3226142522221873
0.22624458912134962
0.24585214157691992
0.643916380133164
0.6257588609727899
0.17605210062596652
0.5648121917588723
1.3335527588216327
0.6969274261120348
0.9286204409468639
1.0952829106978839
0.09675070289963719
0.09600688673782538
0.44241283634166567
0.009793171473788423
0.07387791746360188
0.9439252885977217
0.27162207062861415
0.30829575622258537
0.2501613991107321
0.15291762082699403
0.22916894507491442
0.3215240174207125
0.470406149927231
0.05010997548097578
0.36302680853558206
1.8311603251567676
0.0952716659782599
0.07080486376333367
0.09679728033471677
0.05416174281191814
0.06803269702306307
0.007919962731636502
0.43621864596524934
0.22199622471387037
0.8374576214787428
0.3185978035104732
0.7797086518626011
0.933805101048618
0.6731831389383995
0.17680332571880913
0.19442511367553567
0.19804273870324637
2.1921836795448786
0.75139926743614
0.5962897002904672
0.9944302787546353
1.3573115884711424
0.19631019573927083
0.7121218083729702
1.0560399447009914
0.5344344117711467
1.084321350035662
0.2688979576725874
0.09646241551622955
1.009636711765644
0.8033703030203583
0.7318147907311557
0.9442432755553544
0.06060676203036315
0.2182083048731412
1.03250528832433
0.14404151380000316
0.2889366010013697
0.5451612317164769
0.5081629375591066
0.47638612185537554
0.3212582506104088
0.5232362574888553
0.6810067430585541
1.4579347590279366
0.561469634387971
0.5209187099468136
2.4131506191247287
0.49204385069218326
0.20871867871360977
0.13183306499097605
0.3581132525267322
0.08025674417643154
1.528557666508263
0.12794123532112575
0.7245996415047908
0.465293746866923
0.3765154472321492
0.023964964362067194
0.9649559572384547
0.8839325959382914
0.631886522584605
1.2668948006027174
0.21808115071816225
0.144920901179821
0.20058958174425012
0.11847665802395295
0.5127159111752639
0.1611773129253206
1.4845719884911208
0.30552445858059973
0.8248873516559613
0.535878844786757
1.1752338109254035
0.2528723592224953
0.40168381738369624
0.27871647755801504
0.1453723020586449
0.19817970293387993
0.6066747406334677
0.8794914377030468
0.43593134192205896
0.8337711854148565
1.2932773600978196
0.6344003109394141
0.6284978175859303
0.05710878100047185
0.9458860101628712
1.982935081045954
0.3341444793686362
0.22609177298750818
0.06546190011720415
1.852153930891974
0.007384879488385936
0.10342662928888646
0.22941410051006444
2.036067635376358
0.4770837196166055
0.05885261999059985
0.359045952543048
0.3981835732907758
0.32130721628820313
0.29731964407263783
0.20792069390699708
0.4800639359577191
0.45478241545233167
0.2794028547897348
0.38734939366581694
0.6084449145104809
0.37646487634386844
0.48082507882922154
0.77385784156091
0.0450905042947597
0.6575023290400898
0.013754890020705754
0.7597321071755434
0.48445907032404456
0.5032665132067462
0.45071373244877067
0.8983966335224435
0.6219098868907149
0.4647161730958995
0.7966921416983157
0.7570868500974703
0.26980541223076376
0.738630584347703
0.13722836068308675
0.7066877632740995
0.8639101118484895
0.8579455059599813
0.27291650375461096
0.36014946668581344
0.15817886771250073
1.0265838339343594
0.0596348617622775
0.03464902278922884
0.16379604821368135
1.9297323848461112
0.475369770948679
0.5746885647696502
0.9911326855603905
0.0773731339749523
0.15189306613525447
1.8453075348538213
1.0200869069293863
0.3702702200444417
1.994605095974917
0.1921482943417734
0.17283562800930127
1.0801343465008737
0.04148428910333767
0.5925500543133905
0.34111705589373303
0.04163496252389668
0.19821981264765898
0.8648457035783477
0.5313964331175665
0.2426411853837141
1.5343287641543935
0.6524364947536373
0.14089068760659879
0.964557297767183
0.7102625120468092
0.40649321855214593
0.6421971158504594
0.4937896704266727
0.6416430413535138
0.2628947764888924
0.21618347081710285
0.17400293700700467
0.6538644755636627
0.04055322291523309
0.17381391929050188
0.7843274574325652
0.4254137741248706
0.04562956277321294
0.7514490809407587
0.031221898781864706
1.664333738271888
1.5570476032724694
0.203043989174549
0.12984546161182645
1.1940272618222467
0.09463324876892633
0.5214053067206418
1.4742648332486554
0.9374571995350728
0.11119806240363662
0.27699302317772845
0.6037210903774147
0.27638164811243626
0.42479780364488096
0.7691838249109504
0.6155350996108507
2.5884458653345557
0.30402976451312813
0.5408799427271126
2.013585029686012
0.0898257645227915
0.20843605715947752
0.5191676097675928
0.10125431229263951
0.7648665448569366
0.35563388230191023
0.27527337652629486
0.8683656014897151
0.7948566544562166
0.5215020177760735
0.6976617140625277
1.1817333241298293
1.0539974357985271
0.06862121091903002
0.2563460083608839
0.6257304405252934
0.5033832482858963
2.4752321402276682
0.22360128031725127
0.08034222619081861
2.134132926992015
1.1335613972154561
0.027989951433988747
0.4022699693157549
0.07314675051143324
0.9474019712387014
0.06527788505915293
0.45130995792543044
0.23891485926129372
0.617352880211561
0.8582181931090883
0.3313577121936035
1.4924584372369964
0.24109975677256498
0.08329039583628034
1.153535189707448
0.3837825923798784
0.2913753524654609
2.5594017965281592
0.11961066138312501
0.1259290494215403
0.43614626280464974
0.32807617011153756
0.34191697468925547
0.5689160529740378
0.22794746229246035
0.2944569148555893
2.107848802875703
0.02657229318895615
0.7611815253111646
3.854574083213489
0.07780209019152129
1.0562661576831713
1.8469977288838613
0.5731725624439777
0.6243902335919406
0.5360021678685168
0.20247842092141843
0.034677200405736214
1.020825616267624
0.7898851776828624
1.1076317805613327
0.49566320190800645
2.634344680147575
0.09802373214528111
0.4453422115215825
0.21767100355686944
0.6097408187939882
0.5543455814150351
0.05004872685464101
0.12093422111305724
0.9093492919984234
0.469187392531307
0.19145167070578284
1.9252882856727598
0.15125879408972437
1.2744196555291611
1.3104099105348463
0.607134698216696
0.7778884678961938
1.2242569109696475
1.0316257721527722
0.86735422869508
0.7293008017052117
0.520418936557791
0.5797603516066479
0.9949190208230314
0.6428596912197954
0.548410410053392
0.9366323279651311
1.6443810283966487
0.42291837826457457
1.1589105998178033
0.2756175468901072
0.30951638510791435
0.515430426352455
0.17944156712566317
0.2087506111812977
1.1476840114467208
0.17697060979993331
0.3504690871028992
0.09592002389568596
0.03905912923509952
0.2100942236937728
3.7959512373842443
2.0390444614336145
0.4945556856644112
0.560607632652163
0.9779364300648916
0.060593390637638044
1.6292860524226864
0.03528480072363391
0.5368349708506388
0.5314402150014588
0.5273666344108029
0.27921192250906407
0.9721587670832118
0.047013318734482376
0.12206186624557415
0.6800019994996431
0.1001594210338899
0.7414330315712332
1.3941003630937827
0.41498547267145985
0.27178279532246835
0.4952955454360725
0.017373984971503813
0.06960566174990637
1.375037942503967
0.08941527864982905
1.4351374474606897
0.6190909886695742
0.24960157892474816
0.48726858748289076
0.38454922850711276
0.8370799611513282
1.3429835962485028
0.9486473972433677
1.304158700642505
0.14928371780012695
1.619494123591714
0.30558073535458075
0.5128719427452674
1.0305801462315853
0.07318743895222304
0.1705539560463235
1.0534944102015737
0.21737405674638052
0.4245465602242883
1.5929749822160855
0.8790821591920754
0.7471701291016987
0.9060219874373153
0.6247212513665906
0.5322675463631855
1.557507171964633
0.1166343904063946
0.045223181777661006
1.392773129917829
0.4531953428256601
0.31760756001868035
0.9712881971035262
0.8427011520566842
1.5703188378379105
1.6685987447369819
0.1886325261690395
0.2869550595284396
3.0358665220694263
0.12989827101402782
0.7209756790284947
0.9203312024747594
0.09891051985833589
0.20333072780243813
0.2907271803125828
0.06958375684229144
0.08427281637987735
0.20276532467636454
0.6171492470643382
0.6033161788214162
0.5214576163279779
0.6630108808289104
0.47869575678238385
0.07272626179789939
0.15951629972334133
0.37845457595490234
0.09278360893668666
0.45859936063896456
0.09707170290054724
4.4552290011466
0.05871897596614175
0.27699005125966386
0.15153230835643158
0.5876844090854264
0.8273191028050124
0.866405832675885
0.4576862023777142
0.39040077904256576
2.163637937919188
0.19073074073763802
0.26332359818126133
0.7379767686450229
0.25292762136303276
0.46273391910778894
0.144026491791483
0.14687325286551978
0.14394137135659235
0.4214517088691764
0.2195308062602501
0.46401909413369896
0.28609384683862316
0.21197717091530865
0.41651792223750184
0.283902103889569
0.006901371243241289
0.47095037186256444
0.40312554479382745
0.2906276039654218
0.5185147257367808
1.1976803399483371
0.19691734418800677
1.633640942354559
0.12042211806353377
0.7684577074204365
0.44289255598134936
0.4554380098929539
0.11437467381355934
0.10243259365952956
0.13188041977951043
0.043127540165337014
0.11961115051924502
0.08876089699846408
0.5138828266833617
0.35299469405706624
0.4821331478624062
0.1593127009535574
0.11783122205865096
0.5115077057163978
0.06853855604929977
0.16419658165198248
2.2424857227596315
1.2085533697588944
0.7687599783177693
0.05808412215133964
0.16376803103931975
0.034792408957469954
1.842083314680306
0.7848140498027961
0.4185824650775511
1.3699667071183546
0.2264485705602256
0.43006205538900644
0.12022902253381813
2.5019859795211956
1.0144140082379445
0.21185590209572217
1.7449200384485637
1.5586038162664322
0.15433521540429798
0.3374889438295932
0.2376673320909037
0.6584847153388624
0.16406910004037983
0.013261069581680846
0.9736442530027686
0.5112693778454843
0.22088591984863484
0.33668787102505987
0.0414824542799747
0.08136428245623639
0.1042156009595389
0.6474356054177506
0.007875528306299246
0.8961365192198861
1.4543578984653043
0.5282089010219595
1.2510467652103159
0.2465215890208956
0.19717789347062556
0.559723171920025
0.19223655622096325
0.09201092080597656
2.187491622508941
0.14864170618263042
0.5623620253346325
0.9193870968053083
0.36581335005028565
1.6501606938002338
0.5335511452001901
0.328659109968312
0.12863010952120482
2.1447527327840397
0.30216250330701405
0.42133484003019556
1.4936915179411727
0.40489146447308433
1.772956659932972
0.7814940567066199
0.22693618662747322
0.5790349481093741
1.9740991214588273
0.11059915275899382
0.7591406833331783
0.6258915769470912
1.3409497852950636
1.4161756109172663
0.862971810257325
0.545600779354148
0.31591899959863057
1.0067454680037944
0.568196465162567
0.053324224451855626
0.45115536355505265
0.28771097421944547
0.5194730456953798
0.38335296023430865
0.06368290188395902
0.19781344872937628
0.8125566476428807
0.7237680042563595
0.15588082592090058
1.322717176893158
0.5955705112548219
0.5404359221008714
0.30969180565501747
0.47148252466495066
0.27642968404702317
0.9618235565983284
0.08773492097925693
0.1348849389498712
1.1802658815424096
0.2584807897926955
0.121205991818743
2.3831052074864916
0.18734829660341232
0.2882668933861321
0.8679079398145199
1.0261935710428496
1.0090083226122886
0.3542321851978098
0.1714191416735797
0.014266522210834343
1.8335188615003322
0.4758131174306981
0.7754120105489521
0.9092633527286641
0.17047196274830972
0.09906505318782338
0.21405719747389784
1.1378414110970116
1.018449061463689
0.7704120587023047
0.07106684816593027
0.5345252648799926
0.05247001152192575
0.04465856190950253
0.6195898389225664
1.064383612598099
0.21213607212314403
0.8797663560037852
0.3263870025488453
0.1099214143895255
0.2161186566337051
1.929587705542416
0.6977694558415909
0.76849925494747
1.0763528016618373
0.11630628428150012
1.017125670314266
0.09366376198308134
1.500288113308367
0.2514810721786678
0.1386285485102023
0.039847731287298606
0.13336886383160212
1.5093514000646548
0.2817175475367939
0.10798992740032855
0.11828413320189393
0.2895918967471007
0.19537980301619728
0.39708394499043487
0.5837033768435733
0.031600058432158185
0.8279354065052961
0.050085461959834314
0.39497317817975514
0.34028544032721225
0.1847837369081558
0.9865796549578718
0.40568374879233904
1.027594569407953
0.4146095347329474
0.06888685750243415
0.5387013612798555
0.42078773869384595
1.159648093808674
0.060610546653313
0.5054502422838449
1.591070631991084
0.6259202518837781
0.13319270942402273
0.9804685176486401
0.09228910458994781
0.1777702794090846
0.6346532414619821
0.41526664015506304
0.2894619776560112
0.13640763173536827
0.03972901480477003
0.00526049325101935
0.3449868151032031
2.496319643443993
1.458633485007195
2.4244968973250893
0.29579604739373366
0.5637377903165153
2.035179451672426
0.7082343314910106
0.872265878891259
0.320289044666524
0.20055515915121444
0.0632174127009376
1.3041649519718281
0.020102038792832986
0.8345418750383896
0.02143053372639937
0.1430091711509392
0.15572737371180997
1.5202434754357046
0.5431180269305667
0.10427068353139751
4.039128290309288
1.143445624362284
0.7747316633167854
0.26611005374244945
0.12771537547021758
0.045347033547506174
0.5942253190682898
0.11093132482784315
0.2957617465266836
0.4711177302557368
0.6663998453630957
0.34505354250417286
0.29774055035373903
0.28025220390120814
0.5055109060181504
0.5622680382737808
0.08995221088766006
0.34200009073762566
0.4791005065406663
0.26955879407875943
0.6661023181061755
0.617654191008409
0.21614574117048302
0.44947560738323517
0.9274513008912242
0.5326392096641995
0.23324621905101864
1.2342146969434733
0.5345427581568278
0.9579466085338997
0.8548469854120895
0.3912583156024519
1.5146572990779685
1.6816268506812095
0.2305121352400428
0.1506224853496175
1.951198629130077
1.1492209713778418
0.5922380177744252
0.6580445575387852
0.3534745717587836
0.051011943761423165
1.0684788272821701
0.5858785363437763
0.07477399189287291
0.4823344939012413
0.487357689886612
0.2635339567857156
1.0906494098497672
0.07723346808723919
0.11395220248814654
0.04725610941510653
0.4962769535465616
0.5051134767226833
0.6264114122266525
0.45997454342917576
0.3017394835305817
0.16627540456647694
0.2335952566147966
1.6259910982435597
0.0022491767885729065
0.1810178796843532
0.16584452126319132
2.703567245768178
0.48223564530155466
0.4694344141907019
0.13793006899782434
0.304111420720505
0.42181279408914213
1.5222701213103924
0.59791795266724
1.471194006544423
0.5850862829472279
0.14593969003677124
0.6858093960620163
1.313375758501045
0.29312126672246175
0.2724644992753199
0.9281283941811584
0.3758080750593006
0.009647751781300003
0.6254690714764618
0.03613975994790217
0.04634281580544544
0.33127972902263525
0.41618724686605885
0.22336957849175607
1.7036986485124739
0.5608938928001096
0.21314193342786109
0.6141280963784985
0.5252146870326284
0.3037996576192499
0.46706830205749994
0.12544887644629127
0.4143444686818503
0.8250206595099243
0.3962852901164222
0.9890264893661893
0.3236561423245014
0.4086208714529149
1.007350373768917
0.4111276965761847
1.046181060385189
1.512389471210079
0.8638161390030658
0.12201851137610616
0.45295525657287117
0.4397423671508285
0.43806123976323413
0.3098202300922218
0.9543285044354058
0.5300449460241672
0.131296002770669
0.9847722267971009
0.29216409444700053
1.8821658870174707
0.7655007190455827
0.6345925848476647
0.33122342611019395
0.15382002184144006
2.2154382603313354
0.06426474494211648
0.8437220072921834
0.3161967407534644
0.24553747999275485
1.1896097631535503
2.357275816440562
1.3230029306251347
1.0074403016653324
0.3937446285433292
0.05875729165516234
0.25600010530476963
0.3612278692639612
0.008130326093514864
0.8526195625092885
0.4489307235974942
1.5861437259761642
0.18398510754165884
0.12662436324758522
0.07350358613337254
2.535950406843852
0.19568150732838177
0.4335504301229561
0.685117346521259
0.5718827153205982
0.2198717675600434
0.1873460665517139
0.2212950381775824
0.41420113840024525
0.6822868413717224
0.5602194698600452
1.840572338843744
0.7481461396967133
0.3688289492205102
0.3276001306846631
0.096576383013701
0.11075372259701972
1.0953859906908479
0.3530102125695744
0.5701225378888454
0.01214407718815334
1.0871049244466442
0.7659187571963342
0.44823415706284797
1.4812152705265993
0.14334899439488788
0.04536824497527982
2.604843183475787
0.1552999106786818
0.2982034089214376
2.9852885932973297
1.5107148926773533
1.4275278917346472
0.6673603948045969
1.5808333631912816
0.45598991975547754
1.9895274810213472
0.6271481971969817
0.18179098529903215
3.2045647729209494
0.15582260128468925
0.06087432134700758
0.7548418286035107
0.08043737009103727
0.3946909091317502
1.506596629449064
0.562275457236825
0.9857655871875408
1.9266058135136126
0.30828354054764096
0.1406732370363701
0.05099433669372241
0.43071515253949383
1.8141179528726152
1.1111877593028843
0.9856864116660067
0.08111552485759402
0.5353588572520849
0.07909017426093297
0.12678435129394988
1.2115122520898722
0.2014573898461644
0.2135596324819786
2.065775008544961
0.4340514519928002
0.13794946032780722
0.7044505951224914
1.1002618555992645
1.0847465816053217
0.22094605705850778
0.3585869619827642
0.04691298756566282
1.524841429456195
0.3789086542403115
0.9727720463981286
0.4172678110985952
0.05059785345631334
0.02828342748758425
1.370680282632069
0.1313753936341041
0.4624353788275188
0.46263119866539343
0.041842856033931314
0.39325851360416464
4.838988536051108
0.34985205067932046
0.3358870348396345
0.8035445908656844
0.07293832669959267
0.05337640202382528
0.23675593538607434
1.5334615077352256
1.2543740073439325
0.48177491415038204
0.7639283907695099
0.8368895149775478
0.3181134291891297
0.23774525985502878
1.0481475822808055
0.7819440941811524
0.3779180115569946
0.5974321939970734
0.8877138406960289
0.23215944025885932
0.5076431336981029
0.5199927294253596
1.0564490445256858
0.29749178127328146
0.6863718807438681
0.7475512413360675
0.7598898718179584
0.07633712612939522
0.8597915899896333
0.16340165911696455
0.9082164094192154
0.28145669360370346
0.1190294332307274
0.7395696302330024
1.3082758818518216
0.4856561717766561
1.6868019038116402
0.04144756281450967
0.12991629124260767
1.554927511151917
0.6719223067083444
0.08117588573671843
0.3053752353315265
0.06561666282066003
0.041240450289939064
1.8274472488467945
0.6637648132949212
1.0524137541498566
0.6691243720514286
0.2027298784758611
0.500449745033553
0.14465022403061428
0.3686197943167153
0.6668798738235494
1.2251136660155055
1.7252916777838052
1.0063376498031635
0.8160546537702531
0.5050742293191781
0.20891708190870653
1.7039211617319332
0.4303157494574533
0.33894900608247286
0.37786798884301354
0.04373767738253054
0.555307164970336
0.26523643443826056
0.4368468570191687
0.5982787698343085
0.8989978981230373
0.2879650846684251
0.05510830981970811
1.4503196989242924
1.305918541764787
0.08390855388600423
0.9234114627384581
0.039486154384456164
0.39193205366579026
1.501841724611622
0.04819662224675219
0.5095980278158698
0.47776502370815427
0.11910512840044134
0.036659825604520545
0.727795802079393
0.1309162648169404
1.2128174051537772
0.29721663211993804
0.3835238476145884
0.36594841491013524
1.0287487866672074
0.08341379787670457
0.2589828042155947
0.14791453730648002
0.9382744502344914
0.43530881793861265
0.9844661074958029
0.5619090070872371
0.5180208640816418
0.24422257651646515
0.04234485373660449
0.023461505617132724
0.27220421048993126
0.22486543774013598
0.07434612412816365
2.317898799389867
0.29057172013465693
0.3690878335686423
0.14075772077673043
0.053416764821985555
0.29929718524278803
0.7517888033749502
0.28408546750198765
0.09713686053589904
1.2621412784965753
1.18191312950341
0.06366918087255553
0.4693745736671509
0.2619800370432185
1.203598026811682
0.7078691760307843
0.0905845197312067
1.1477082599852204
1.553824225085728
0.49388937503439323
0.20955552767086397
0.590981999504975
0.6960591004665738
2.439899261329943
0.7916986735783182
0.27218363927018
0.2599518349505242
2.9249132642487754
0.758732156875245
0.22682788816661809
1.2994286218899063
0.3025566196731096
0.14211870820932834
0.18889308095548615
0.623043936751259
0.4235496011562504
1.12903283816583
0.4356070322784037
1.210327265589
0.06841582038349868
0.14402499194985105
0.1896971284043498
0.304520188908996
0.603289731322683
0.02254094357440322
0.47611802081751387
0.07563313204120001
0.40129364144656715
1.8974114898336312
0.5644085758601177
0.3277605566486134
0.6711495716087603
0.07931953014316538
0.3080663581676576
0.8388121557154036
0.33116732317808073
0.9292170733207019
0.15437440495723617
0.505182765466809
0.7389288748528664
0.7537442546541562
2.189906203137704
1.581350375305935
0.34181860764056987
0.42384958253526805
1.1005299355342246
0.7131635900573533
0.19020089258077927
0.30006395667353597
0.9203389433886535
0.049305621990928764
0.15694565300204202
0.6104283434653259
0.3908928016531398
0.13222525330664778
0.9990468765777045
0.3593410902570884
0.5985875707733579
0.36918095738527223
0.7583411848533369
0.5463935559497964
0.9567434457052584
0.16468114848530563
0.09159586829743704
0.8287700239790459
0.8979714449832685
0.06805742127203872
0.056718900741597626
0.18763338100917487
1.24692257701685
0.7817061465106064
0.054317868586538816
0.24588124607264233
0.2688837332864022
0.6564836417934098
1.5446829963065551
0.547891013433605
0.6601044381143902
0.5423004304958163
0.9320814240105777
0.16384671428484782
0.23745962238690238
1.1396947355532698
0.7943444137016773
0.06989559507230883
0.2924040804509785
0.23535926853801034
0.0674517556999827
0.6002602815469612
0.5018688353063636
1.2849968708404982
0.5316973005561669
0.32203283662681215
0.29855580480198796
0.6776316412503198
0.9151556605277626
0.289003648463241
0.5136436857233845
0.3575651658545151
0.11944601942272189
0.2989714418699165
0.5560331897446574
0.5829285767887521
0.42948373337988704
1.2029642116591046
0.614196498109206
0.048710483966061716
0.11088362285701164
0.7892210343357263
1.9971721881287952
0.4530231371878305
0.17622994989735405
0.15596632544275849
1.1927794559437126
0.02384027875679679
0.07142251202343666
0.08754906384989648
0.028048165077989698
2.580273855857221
0.34957399577012377
0.3113076122420764
0.6115487576448331
0.22058809279222485
0.4604759300249464
0.7503555820912614
0.48499484841419915
0.34956095160875816
0.8217555316978248
0.06974984066028049
0.0432421493931734
2.1333613040112627
0.09591130659296622
0.5430528598198486
1.3869615389934704
0.5710877127654405
1.0137318076950483
0.6943222132192531
0.26243730515299707
0.026279280506897516
2.2248230319322153
0.15549541280744536
0.1595016068590714
0.7725718148125001
0.478408449415128
0.7791716591119897
0.6872835290744492
0.1275784803756712
0.2974272300839378
2.222441342662198
0.2412109643819818
0.25592523566012054
0.6062690695859208
0.8478495781943947
0.459078167210149
0.17295120825699398
0.48527563025416015
0.05507963835901623
0.5018902511911302
0.35370856800697026
0.8676972190203882
0.6906294659513721
0.6237512563280562
2.8686475048747146
0.09214763240582735
0.7319449532170339
0.6986425846929878
0.7948274877585735
0.361625822159909
0.41169031975868303
0.7050112616662172
1.0185889038830864
0.8594692707249089
0.2665091029476087
0.2763802313673262
1.7579305870456259
1.000586819342166
0.492523627739885
0.3701799938854588
1.7561214416958528
0.4925589194164142
0.091421333652477
0.038415673478616554
1.3319245808507771
0.343373315212871
0.12301321467320836
0.6495013613779531
0.3515588778162823
0.9669913766791943
2.595253932393546
1.0941634753311444
0.1334111474845357
0.10200393030168886
0.008115603869713167
0.2785119042711373
0.32188025775201295
1.8001989430136505
0.286730779844809
0.3173514904940043
0.15928065876128272
1.822848914399219
0.1431119687440575
0.4182904626485171
0.3199042461414375
0.7617056994828311
0.9406835039535133
0.2647305581529456
0.08710897546445134
0.03536569398280182
0.42480362029098284
0.5748914262467006
0.48722327373293095
2.1262095135745267
0.17571772706317523
1.6593122704015932
0.9998045842189879
0.12701045423848187
0.3872215804471012
0.3066118294775379
0.7846656445199244
0.20737067252483582
1.7282397515671164
0.785104024700085
0.14658548961052983
0.8813534022342014
0.3273508693479614
0.3656839304324545
0.22951441572545223
0.0810364572871065
0.8713926282265158
0.6127533866692179
0.7637844159972446
1.1689054997391162
0.37324194468990485
0.42638525505050107
0.053049992945505345
0.5502179348802911
0.39588994563526675
0.617946087813189
1.64605998741583
0.044056701419868345
0.2502090352330015
1.4904111941746285
0.9164689595677797
0.4373800650943027
1.2027175607564586
0.3805037939248615
0.3666860451245389
2.461007295760537
0.3511984922135748
0.2781807141311961
0.18120848604358802
0.4004626358836524
1.0599840614587652
1.8028895336612911
0.33634354586349763
0.13069804591888942
0.8237273745022292
0.28815645440004295
0.07121738089277455
0.18984498756712545
0.3578641988345879
0.02873164732369951
0.8355621199017785
0.29587033229535037
0.5795419065740447
1.2698285435711987
0.05086081489171011
0.04532693939946716
0.27311096280595115
0.7672961622921325
0.8704856197655101
0.42186343689568306
1.8410070607716018
0.17315862165914037
1.308032060130115
0.2569887465095304
0.6666424216682051
0.25045205119044534
0.4877678980998801
0.3017872192556006
0.1853236147991275
0.04081245205815528
0.0062208384117374005
2.331084902878162
0.48240913906611377
0.15338391349744657
0.47682235001050977
0.045613009788470604
0.06050594686795184
0.6402451558135921
0.07198426886383263
0.5816194851341514
0.18399470260437872
0.35889974110912126
0.20737147878359383
0.6335945404915324
0.5359256309809256
0.09481131315058706
3.6242080264932692
0.5216099674542345
2.069137703616287
0.8320796345178336
0.7925662958417804
0.5682369817445537
1.5936275141341105
0.23596348563687491
0.5286484358212482
0.17548647491441305
0.12782076554363653
0.5268161197938416
0.8121393962021198
0.9026803999880092
0.14097036003673086
0.5399280065943249
0.1532844160843752
0.5311346996892635
1.1501606791568302
0.29158095916694343
0.07783014464588048
0.12122458415293126
0.4783000819129164
0.5089774314272544
0.11217047392634029
0.5753397422107117
0.805559568672749
1.2255447820133814
0.07277934262063387
1.1188622384623856
0.927774774218212
0.11170913375500637
0.18714065753096767
2.062834839278865
0.19753926825649434
0.9029012053570703
1.156708946296555
0.7867346256781201
1.3804159651387495
0.8350989505666158
0.08213805682851048
2.340674580413409
0.11735699593763212
0.3442001450675085
0.900596548769984
0.10996719652672778
0.5610778248950721
0.31664022042551426
0.548973310270195
0.5875775084094967
0.63388965994785
1.0414638056665415
0.22137893245252477
0.13715859013627005
1.7447299766125943
0.16756838733301832
0.04628247782477665
0.041114052385935025
0.09898226323253569
0.28203885642240456
0.4462137268560022
0.17272878281232484
0.5573838874668262
1.0341466744322434
0.6425651698491407
0.5584398532559123
0.043704231690729664
0.2760742467737083
0.23863070740253647
0.7524066331341615
0.27429180709135415
0.35123735237727544
0.3010946341478589
0.027711116724434028
2.3281391232211908
0.11458626169065847
0.5975866312893358
0.05958835988002131
0.081236195035053
0.04834445561538015
0.06059152266782712
0.09437389723563067
0.31965918924184866
0.2280172398015444
0.7530111997353931
0.13802339021707136
0.1455886020526006
1.5175593689967946
1.1108020102330354
0.11256557717275335
2.3776507754029885
0.5044011717360658
0.24129674102139723
0.6803906916070952
0.3014679012892909
0.06024453663067297
0.26992468298246025
0.14711646222022406
0.30875678567030135
0.4644138124437656
0.14573747981293528
1.0214970925239766
0.21685563952770429
0.5571948731500598
0.01873738090737188
1.1800569183915217
0.14591521464318374
0.392728835771237
1.2481879530386566
0.11306382561581495
0.11838404614567674
0.8915341007975511
0.20820019652674326
0.7374652035106077
2.1482189496127377
0.9925543540440133
0.4965366472144243
0.2825202918561794
0.3894299314028339
0.5101887856106864
1.7441811391312383
0.06501631033617612
0.9335736218946818
0.98681133382323
0.050224623668105414
0.35242996757492734
0.45509704944141854
0.7591679524531844
1.2008243852444282
0.20949050006295283
0.9129985064933515
0.48343600543210785
1.1830187873594042
0.18869033172781133
0.615745087954352
0.1837956148624211
0.30037180899495486
0.07412648751971096
1.46781706284025
0.2553860822715729
0.24074371386080817
1.5821299288037405
0.7665611166126641
0.5767347684027092
0.4707879220577936
0.07677697989766522
0.5018164311392206
0.08802182814249937
0.23483096506232812
0.30380071653455387
0.9313420945402808
0.2928314715514647
0.19958557826339582
0.5633567183389032
0.098342286936576
0.05920019476988702
0.42403804574371645
0.44717723521072866
0.5385785799590513
3.960955121824719
0.7094973028596793
0.19628327372459617
3.16983784733401
0.7041546419505182
1.415182846707382
0.7441058754729455
0.05725509413733312
0.2325113478818902
0.4333407559335928
0.5327507682358363
0.26805849159403977
2.4763813342174075
0.04422264632996755
0.038958671956880554
0.5316492856387105
0.5165504209831848
0.16155580959053406
0.044532163034113344
0.6571167915255773
0.5449320947428227
0.08767433703747177
1.1004243102566353
0.022799698256911874
0.4938934473469959
0.5452253411322872
0.640849560683926
0.7495322686167687
0.12338905797894228
0.061828207160818154
0.17790604082343958
0.3777413891036617
0.1450098682590387
0.5129664774184912
0.6687548005575095
0.4578262189171294
0.40806046639549426
0.5090883350189664
0.1470082279202165
1.2897307925691446
0.1275198630931701
0.1487793872772066
1.0484367731918296
0.7942074004713858
0.08833762910006006
0.5329661507521887
0.6624248898823522
0.02502716983521794
0.6001710073035457
0.4483842713972117
0.011704059484460341
0.18962686388184452
0.1007415815441755
0.2537394749340207
0.15032418594084643
0.9050821368567954
1.1887210924528604
1.6128996586807816
0.12389115496107014
0.2622302315184834
0.7949250823117097
0.2250883694753357
0.6591187967587195
0.19917921790657583
2.361351281390197
1.4245750240725323
0.9885949071195722
0.10985596911352073
0.371369403606767
1.4506549185580704
0.4854248066863193
0.4270639990861432
0.8305017141676521
0.02541553358000095
0.12117074398505372
0.726368858169543
0.027094576820695087
0.275855298700593
0.5339584677012116
0.654471106708698
0.0206719339808138
0.6749914294826846
0.14238818687432
0.04463423250879806
0.5993877699866516
0.748195948243676
0.6640776340329727
0.37188319831070393
0.07783835529032206
0.26308297513088347
0.6000280327992854
1.1973516975474332
0.5231495638383724
0.12974932985627588
0.02323112816431799
0.45675384043597284
0.21265526014230796
0.7152531646174994
0.23844875526092316
0.4707651614511884
0.12802293698995185
0.531140513831526
0.5321970254158913
0.37565060970128483
0.005165196173386267
0.5017409427348052
0.4506244596039835
3.960905872175118
0.17814171903859988
0.28817112492027025
0.2752522573827499
0.6774545590363038
0.07408658806706114
0.03315298291923732
0.0731716546350632
0.5907374113312256
0.7220933065520644
0.19121552631885438
0.48950046009236253
2.3284260684361016
0.6110575954198729
0.23996726954983194
0.13156003505656075
0.5503618987552976
0.6395423517909464
0.5901723472658064
0.6767098731294083
0.9036693920549945
1.6108452553377322
0.3973119168926832
0.05509929890209653
0.059353916189455506
0.5496826843900374
0.3094710345575533
0.2247596758878585
1.6594136135413589
0.17358286186806904
0.37255155647839916
1.3611811677967631
0.4047415227136968
0.06442624963076982
0.22036891761425484
0.3290315354494013
0.13341649017517976
0.5936581462711855
0.010517781257307457
0.039872723077800556
0.13371027015368836
0.3359327648991507
0.04946092696537496
0.4769446042439704
0.0863919995593753
0.5529337390369696
0.6909325103952025
0.13852143153221685
0.0695245815551073
0.3060480305183983
0.024878416968858078
0.23005045778604863
0.20382920363163534
0.3393194379338637
0.2026704485195592
1.9717130719241984
0.4543084167855034
0.415897261449481
0.3689121658477966
0.3444363094584083
0.05362167606477382
0.24239240168133627
0.26000128367143505
0.0519428535927792
1.1981068431900235
0.6797735974026619
1.1165903346934596
0.2535246521620267
0.16391141161640016
0.0488794273269788
1.6960408872579305
0.3937488092175369
0.1307835766745362
0.41170015763545637
0.36578739547536576
0.38338019548711744
0.7443736547188233
0.443706190896258
0.7218584311311234
0.17980304884974624
0.17755584924821768
0.15937350305339085
1.1135925613129953
0.1855377705955549
0.07208545864846909
0.5235591920727078
1.3795234329893955
0.07168441069334429
2.103183618818391
1.731605860438081
0.948369114457162
1.198804218372036
0.44508519110784067
0.2515838119525115
1.485257010984617
0.4309067153503628
0.29309400244555245
1.092591566316404
0.4152392975836543
0.31219491107323216
0.9552541851762163
0.4764913547600216
0.40717042534326614
0.7576540465985059
0.9346673523510268
0.6499296734857881
0.12204656014462799
0.14445876656882622
0.479640085930001
0.5406154551701151
0.023272155359108752
0.2990300117940128
0.1265213628195349
0.10792404907543897
0.6460310837159454
0.07641062260548735
0.5915241920449449
0.8115302901073247
2.8647074176780527
0.255392374960598
0.35685497750779593
0.23608913894419317
0.15655957331833698
1.350919387352228
0.5168850963556897
0.3745283913208552
0.18212346836880228
0.3730946577973307
0.24959950248619328
0.3314007743259574
0.38110541791903446
0.8209237827475865
1.3309006789462292
0.4536432150626839
0.5199327236326527
0.02772497589421892
0.41672026247190025
0.12210656584746853
0.9674456453561725
0.201347402411193
0.29112721818032833
0.22636924532502195
0.45872503790923674
0.5737351725662735
1.232810067782069
0.9384061937271758
0.1916564108347535
0.321879101028332
0.5566587488179223
0.4574078803387009
0.19133195865487054
2.1672995274028635
0.8883828862227935
0.2852445906166001
0.207117392842717
0.08287556406546474
0.1935620289971675
1.3556276258286468
0.49100929582006275
0.3264327537113988
0.5074092192698655
0.0645070161276669
0.41800696367966017
2.145621691384693
0.3798393655777923
0.3290556261057826
2.1014372880691377
0.15130721107100484
0.33001423704966254
0.20435932638756318
0.14410245744396555
0.25333574849331514
0.43861814322586434
0.29245843023349116
0.21744045453462857
0.3598452253425563
0.8442678371469151
0.1251292084215548
0.7838467906554338
1.0756091450687022
0.6902665676384394
1.0422681823312212
0.7263883606564633
0.5915538755253992
0.3281100796537828
0.9869570653073518
1.0998152476821377
0.06082390228959295
0.3181104524765266
0.205871696726489
0.8768372485084279
1.138891615050912
0.2788606772347205
0.5587209607730279
1.1057835211447167
1.9891672193326877
0.2663799079449498
0.2700752132634895
0.023705714978891474
1.1231496415625368
0.3654026002128225
0.3263202883085565
1.707716635526241
0.2623634785966622
0.26684381195422396
0.7284053475415204
0.07445439958530807
0.3349703045950917
0.23374365156035037
0.30110735809562844
0.4068236152990886
1.844143906968659
0.02071881459017382
0.3108088662168437
0.4997450441717777
0.2905024830938331
0.05545859685029201
0.3651434896018989
0.036991058010656726
0.9236466673978917
0.34761203537986657
0.25816474468291056
0.251184601138114
1.1154628425768627
0.062497673269009554
0.18194601799244808
2.9530467292315272
0.6677102965731001
0.10586437472777915
0.75442687989488
0.19442816911153252
0.11124593990239415
0.9259055744337483
0.13424378362338613
1.0363648100257499
0.5405655716840652
0.4484323365574996
0.28431298975250857
0.45958397286875
0.43831672998470467
0.27620168534300826
1.485968605112668
0.22105791916441478
0.057534506650419454
0.563898349706409
0.153674601902857
0.08125456175686672
0.29972973434554756
0.3144247396202985
0.7880263057863099
1.156644629102991
0.024175788470203803
0.08432116850964022
0.27386762356222416
0.018313264505022967
0.064876241519886
0.7033575592011369
0.16213203410680146
0.5305322193990976
0.3059324505223161
0.4543673780087677
1.9367319694648077
0.6026267051985162
0.32808914756173496
0.2037703449454473
0.9856835245945268
0.4363310306560846
0.31579464033415644
0.7056463605119567
0.37754755988087657
0.7668089723054933
0.19010213464368172
0.29369517838188003
0.5528419631305188
0.07644870232894249
0.5638246721375759
1.2315739422715144
1.036853839162138
0.13029151584738774
0.09329237655741159
2.077923880159782
0.08330589105252688
0.05340907890401935
1.2468133477055308
0.3153794170307457
0.8955487583471013
0.38586945625297686
0.06700060889519306
0.2618510761101489
0.23892108658411726
0.13401318043398197
0.680789158122481
0.7881768623415095
0.49378423280338046
0.17490386384845244
0.8186878001469622
1.1497115575263148
1.0447878186974804
1.4198587948709163
0.9583029665425417
0.8120995123785394
0.8595969790772011
0.4270152061979483
0.32819102622207125
0.30321620449258974
0.11186262856652082
0.6285112696025427
2.4772131727001714
0.3384310623765389
0.09858642693487409
0.05381494915422719
0.11829565617961262
0.15980558109874965
1.5487857435801826
0.08288241286378398
0.38072076071884475
0.9748142881572375
0.7372268130231051
0.6849821316140432
0.9927674407310497
0.004676130601902498
0.8174408587311341
0.20166706497024778
0.03649800375219201
0.003603789688128846
0.35478444669043635
0.1535788074282684
0.40685069112120337
2.4443856832004154
0.36615193892800796
0.7002920389643723
0.013273127480875509
0.2279760478863073
0.2105605798905093
0.5993437474140156
0.052871984887075334
0.33742984504915613
0.7631548049627044
0.05224904238811285
0.4286375358406741
0.25702362438210774
0.19796527408607123
0.12870771676379836
0.1959347720948157
0.41694770833638733
0.8598916933339458
1.014693477261087
1.5649215077613334
0.4096192549051751
2.2901990787337105
0.07092444362065604
0.2688789839193048
1.0909446174488961
0.03858573438073819
0.3002348621778317
0.6342946160791669
0.32824909668359903
1.048075614412629
0.07420351703960752
0.5092024076217856
1.107292125066559
0.023809192802920428
0.08072849703965763
0.10813873829005922
0.007828510320721384
0.03684738724353543
0.15347460849295447
0.5468146566327566
0.3321290787504831
0.3760591786614993
0.6828800823767732
0.7172484693518607
0.8293103805416605
0.16737893595297804
0.01292120127059794
0.25462601340907454
0.28713642602655515
1.3818489173380968
0.058908026830161
1.242811651682697
0.9332248808575345
0.17663680003903
1.1860234893391648
1.5359141522000757
0.0930387383104168
0.6155668347649379
0.3047610117261742
0.20887915361130857
1.0821058524691678
0.06855681055197223
0.09391613960656557
1.0689879240007696
0.6058273886332209
0.42760697784734664
0.6653809764614217
0.5310777971009982
0.06713098757461355
0.7831761402332766
0.5418905812931071
0.2747213104520108
0.47463695355135216
0.5874834791179682
0.07897077113372744
0.48007112519184464
0.271899428030434
0.6928502318665086
0.6501732227298779
0.45782289461584474
0.4563521656911168
0.9599703859863594
1.6845951547788611
0.176622086210421
1.435285092796862
0.14450223065204948
0.0220731285692095
1.7789652353925824
1.465476047729158
0.525100323852041
1.153378485360736
0.16492459890628194
0.7479395371367694
1.4061828135504366
0.9875654109733926
0.06077125317037961
0.911049913270967
2.36418504702127
0.17363248762238703
2.1250033125166805
0.9296501696218994
0.13062555938171225
0.5959991163931142
0.07975602826422884
0.07337572075689638
1.6720510133624533
1.5109123936803215
0.5597196313448747
0.019043218422367114
0.2719891262507493
0.6550011790948083
0.26196030435566287
0.37034336917482763
0.5583098042650471
0.4629573305395153
0.46158798449400024
0.13820805953231485
1.006782888739585
0.2954948986483935
0.06287248789186393
0.587936509032388
0.42049861636539176
0.2093197071676842
0.8460507329259358
0.2596500642321872
0.7399046338492217
1.5123895329568373
0.8246556174771511
0.3546252561838434
0.49964912929796224
0.5138095159001739
1.2450978819857978
0.43970150480729775
0.1561537699560876
1.1970967328713815
1.4430593234343747
0.20090051348377674
0.062416953599113825
0.4833321225593353
0.9357761157745943
0.5017403902832376
0.12192898722021488
0.55615972154236
0.1421522982612728
0.35997949767149023
0.2636305201124072
0.02223621889863883
0.15380876590045384
0.10284932301119001
0.22131000512314603
1.6219884991892222
0.23226925931487802
0.3621896997114748
1.6191902336391668
0.8349430073956379
0.5134639685597003
1.40277889005902
0.19412009375632033
0.42578221468024924
1.6309123700945771
0.24908347107472392
0.11787483814812227
1.3625468819297464
0.6050772304098369
1.587031491183982
0.614946372696808
2.0901092187139825
0.7208108669237828
1.274697025548992
0.13658132077523455
0.5979062700517213
1.2682701208611833
0.2581107992651126
0.3016918454692301
0.877822062446579
0.1560691347981362
0.4097703637385603
0.4331124368322262
0.33325071996395844
0.03007084236466103
0.07583214968180084
0.027945070634916996
0.19323498360165683
0.058458118385170475
0.8563178530418252
0.23007477843317586
0.3139795754875791
0.003351134628098867
0.04558629978668736
0.42527054907614786
0.9996270010733443
0.5961353928939055
0.5410147218793581
0.11733772756522301
0.10958695304880922
1.0853694895037478
0.0997263647941895
0.44579945795703485
0.08906605081256061
0.037991364356011456
0.31192388978076047
0.10757510626128147
0.48201781034432695
0.31327946467893386
1.4798235038873693
0.1197759601810943
0.47933132129975886
0.6645635500871546
0.1575183014705057
0.6840584979796694
0.826415745844213
0.08390587541963478
0.3692128102509582
0.49886610629818495
0.0689464351752854
0.02579391903295058
0.6941085415017837
0.061738060262599134
0.11782931019222531
1.4351258484026017
0.16260921301062725
0.11713132656018026
0.5477512245901665
0.27561961565594895
0.09538248746523743
0.7311754301687341
0.022103479237864793
0.19280783934773044
0.7580353578468153
0.38536842139484934
0.5228056298265585
0.2054482094231948
0.9039059827024473
0.7997799847447375
1.7442772636006094
0.05045169694525389
1.5360077239606929
0.22960619546197736
0.8334056232411736
1.3056708579212424
0.48732980525389025
0.12930541709089283
0.13637095067427119
0.36378007244945604
1.3587078593780186
0.11006040874044803
1.5573975233530888
0.6887415278874962
0.48378988363469294
0.8631200736124085
0.1872703550849107
0.10839472811415923
1.0014545070375083
0.2519186467211709
0.23171651728625306
0.8491833343104733
0.17903148038468472
0.21207521970184595
1.4651051362129504
0.4973943841214517
5.965741064672306
0.38151246942552386
0.07525227525813839
0.09777616462667157
0.7647191132693837
0.2623943247015016
0.05763451947386912
0.047696123019571046
0.5923666765599447
0.6279362310094996
1.3115092860299786
0.5991033067668097
0.9598373387435161
0.4158938098632755
0.43676978478133144
3.519604447651868
0.9437723386571416
0.1159479387804994
0.1954547854960714
1.0751718121585263
0.48360593830285165
0.07156055797612078
3.089498671812992
0.8266999608089203
1.0115127214253181
4.249900578172484
0.16412836830641164
1.32933541716513
0.8842419274932731
1.8651019578314354
1.5056369428450285
2.436993018489343
1.6623337126897895
0.21157435823943876
1.1649418009955723
0.24659397392920177
0.3999018017077938
3.4723896695102363
2.172791821986186
0.30555288299833405
1.7349743577670635
0.34548291014551386
0.2297951810468878
0.15841043941561106
0.03466689561550009
0.8714705011066988
1.5980495648931519
0.15544200191933913
0.15391890495770172
1.748796902850971
0.1825610580962887
0.7705642474692475
1.2932765257730856
0.6981394880995847
0.2656103873215016
1.0051245294705198
1.0413024278455107
0.1973743339999393
0.652019495166961
0.08069698312178787
0.5637242541497401
0.7763501380313026
0.3651624346298745
0.034636801537233315
0.08624773993969503
0.1882625435956777
0.20447103800969413
0.8601166704601079
0.6336852060107987
1.3625732802438648
0.5991266021541864
0.07971662041758351
0.6344794581747546
1.483216408454467
0.16716387115440676
0.4845274518732156
0.04669216626223866
0.9883170794402506
0.45520063961027474
0.5418681612594405
1.2507007262077177
0.03152737829545002
0.28075308445800967
0.022302377949196973
0.4043212411592304
0.6168807208758978
0.06988519974011304
0.20038596085989596
0.138177810083725
2.058644476469563
0.7144383073151976
1.0190833034920592
0.5793197348616802
0.6026545695710399
0.534328493136796
0.34503559346391505
0.39993924337443615
0.45607358417152494
0.4158594067116378
0.49698012286947046
3.452427962290689
0.5914780929099062
0.469722793932153
0.8827160806921875
0.1869596481011903
0.48992497750376685
2.5523843069248686
0.3566294585379205
0.7887823085413398
2.405065580982635
0.06181249271205108
0.32287710864793207
1.5750698113758026
0.6296656567913885
0.1846183798890374
0.2989721303665347
1.5268304575424354
0.650751341264374
1.5051942367004139
1.0509222895072812
0.6868552847673768
0.053870858229513145
0.015439980040323178
0.06520036801383054
0.1825661159429343
0.5147419114618218
0.5390308421889838
1.2871825613942207
0.6285738966737423
0.5866479691513514
0.0065576658282706065
0.41298576719150176
0.21643282971468375
0.6405787240715729
0.20450013260205402
0.1281869495219346
1.167866031128919
0.5665045650647258
0.1357124509543067
0.33056788745735954
0.5103633024501817
0.40105731209935397
0.8219716425363147
