0.7443523625769002
0.638607307302523
0.22519071788605718
0.9079908008312426
0.004955068542283811
0.2290406161034022
0.5778360054479384
0.09806503520119218
0.09125028010945248
0.5904151970483583
0.28647543477572435
0.5301029450117791
0.6304431030057001
1.1528719382187422
0.545634912032814
0.15091226847258155
0.29341500107806706
0.2883569966245641
0.7219491466848221
0.4346124171031014
0.379465138546521
1.0464417749191217
2.1266962753519802
0.24744669577326994
0.4442507264379337
0.25103662517967756
0.2215992778968237
0.7439807204105348
0.7631168912893226
0.09319750823352269
1.000610906033079
0.16676592472954846
0.07328408834625683
0.6554633413632474
0.1699339231330999
0.2575614239612154
1.2242921886548042
0.3833325827317335
0.15784383736566351
0.752394786704793
1.2467092751136972
0.44442032602630777
0.06620565787053301
0.06143170484722833
0.05483271037698859
0.6102933691650333
0.002078809620456641
0.24735104789717807
0.07859443738650908
0.11039458076837481
0.09570173805369397
0.8357357646461381
0.07958987957402376
0.42471622267306836
1.4569501741860766
0.1766760385695785
2.13320524006098
0.6025609500444083
1.4874262415181174
0.1211883896136794
0.7905073278447333
0.09904142394873525
0.17651194814839158
3.232244606937656
0.10121839047837378
0.07622134427866326
0.6666029099365027
0.20231957167930928
0.2937274812203639
0.5649752567357855
0.49528610475228063
0.5240613457075595
1.2428390942155065
0.48344048208902596
0.8265532121535557
3.706567413801393
0.3513238461066431
0.26825795634376703
0.529380389629324
0.8205181074600556
0.10318260956071239
0.5453179989563011
0.5428313253684458
0.09730993408739437
0.5613104089657588
0.14505632623775438
0.18474568401328645
0.9959247424504015
0.14347456399234
0.1846062833003263
0.33351383644554355
1.0955616811070847
0.35426801060725976
0.7801662701969138
0.513185090773312
0.2947592527292951
1.168549627415789
0.6969238156545294
0.3266458713051213
1.4184537105439414
0.35547455378795606
0.502372965142381
1.2474747121989256
0.061085943387140906
0.17269516183182654
0.026056419187175738
0.32759261353729097
0.2714870005079397
0.7453082254286061
0.3332273404798453
0.3710130821926551
1.864254924394727
0.13205991927093563
0.06818486966483293
1.6401077870986789
0.6365736817796722
0.28065622996060885
0.8332632169120494
0.24163886099100607
0.6533041223729149
1.4852736502613537
0.09562058496328746
0.5293996921908508
0.6221786686804156
0.53891204333057
0.2505635686929084
1.0192420454415831
0.14152901101738188
0.028287176632067982
0.9306447267430704
0.23854751923066533
0.4752969203819218
0.8941658891119787
0.06546575727075117
0.12175796081477167
1.5612600558923082
0.11713275759771512
0.12030776846998124
1.1489616051954703
0.8035133987668087
0.20168408161631943
0.49963093704829487
0.0384143067574974
0.47282300861356935
1.5725970977023398
0.5036458542875255
0.5229045710408421
1.8113188400819595
0.8712419052137672
0.2231660496523938
0.9331736163581003
0.04778883041301058
0.3714052746980405
1.0661054475793492
0.9190455204396327
0.5450361163674632
0.24337234995719625
1.4350528320591112
0.06337734632598767
0.7319258119029745
0.011991089437115679
0.0904478884555973
0.3430735795552444
1.7412258775753076
0.07068262865931954
0.22651512629686568
0.16047895804270465
0.056395500504313335
0.4615460192093672
0.4981712828632779
0.17283907851355157
0.7900837835807574
2.145660736639172
1.3633099640213413
1.0483164330107273
0.5991404204451832
0.1929123095856491
1.052534306058078
0.8175028619395173
0.5105461107684341
0.47713000076563566
0.7594065681745842
0.006038694455795075
0.28503146181673633
0.3607716598044633
0.11328692431552524
0.40336155800469653
0.9245193497442264
0.2810922866131096
0.9386796925405418
0.8019945943439817
0.6389946755964682
0.3514895107514352
0.03530380173669734
0.07489540591702977
2.0266089883217866
0.1605402170772001
0.2882985475874877
1.13576819120285
0.2572890952245344
0.5783205490471989
1.2412706877280744
0.28099354473461075
0.062271600470196205
0.18104201665242828
0.8464735714908384
0.1955597833290585
0.65470218939897
0.24964199202355428
0.8236981896830023
1.7537383093765329
0.6866348683483701
0.07479661773835888
0.5247898062551493
0.4952177594789997
0.06595131552351781
0.37826371800998554
0.09853169382297984
0.2453946572098834
0.2646288089830145
0.5522582127162609
0.4013476329458667
0.2327211427106853
0.03221033475879768
0.08859308872560272
0.6750214930788497
0.2511293600024215
0.17324325302793203
0.7009260375718794
0.6346311769589937
0.4720579111678592
0.3796249237804959
0.10637982373129222
0.12244957782862588
0.2398495188468358
0.5007550685804706
0.44446980466874103
0.5541051700552492
0.12788013611483878
1.4024003689760687
0.43182390558187966
0.08690079848673955
0.4160990802734146
0.8043079459898965
1.00468714774067
0.8220551309843183
2.3358732269489
0.3925569035663451
0.16873482936331644
0.10913011629111243
0.05964462157847461
0.06990595642772378
0.058341472720072084
0.24595266017558512
0.072729246064341
0.4008793675055891
0.6088035103955809
0.08498729493120225
1.9418701632372801
0.261838503941864
0.10517163535870068
1.006642538331621
0.5208276528225505
1.1609144756769199
0.5238231251026015
0.098295467467635
0.6154661990997752
1.0686682723608703
0.38927841098006616
0.26711635508136217
0.5029270529962595
0.036474076095976714
0.06501671229592283
0.44575971636191963
0.09040754514761544
0.19256300979617091
0.9672265760432343
0.06348194001559353
0.28220507958134
0.3092205131480094
0.1437222937103332
0.05652790246147561
0.31681762341615766
0.15201434217757556
0.14652335036711456
0.9154797867594767
0.7042333739184073
0.14127004310236807
0.5940939246021932
0.3141078555405338
0.4187707331413827
0.5732565327108008
0.027381596914361383
0.01653569283188065
1.534450352961795
1.131742993280922
0.1794151040136003
0.4212606389504025
0.7720054510931276
0.7252960026676686
0.7425962396657543
0.36882546540485134
0.27553126705180125
0.21901130216932607
1.1378832165326207
1.0099097917295792
0.11433337769515713
0.0831156234637888
0.28048911899599227
2.4958429416096637
0.11677942827890765
0.6228312602216521
0.5418250782102271
0.4520633098251178
0.17699056006439234
0.5802849375212048
0.15090322938634979
0.41890909990191927
0.17125606181175917
0.17516399967406696
0.11223103735228915
3.4417116679916813
0.009080904037492179
0.369130630446099
1.1824477108083828
0.3242606099638917
0.4950912914446788
0.9633410368445183
1.5571582310552667
1.8328791815883292
0.24914115253528166
1.0592047278140089
0.11202986921767713
0.9080473352254986
0.4992013658997344
0.0915633960171213
0.4466914655465221
0.06082800208963685
0.02875176257469671
0.10663720957218961
0.0277460679645991
0.014268854870304703
1.3427544929769655
0.12970966804342085
0.5833702670548352
0.17713939658125546
0.2431342332828069
0.4322054622893842
0.3130701988220507
1.3870281933972186
0.18801079551304223
0.9159005143437607
0.34872599896142187
0.3124879269656774
1.317410884252044
0.2178203716238763
0.17709060883768568
1.4276453562354416
0.5023142717953436
2.083200866960574
0.9807294166938636
1.0436867480044654
0.47474705882994106
0.37944689842599755
1.573783025928636
1.7957587327932776
2.2774823176865064
1.2433956230042118
1.9197750921198242
0.3476558999414527
0.07856050559042305
0.11448835435530468
0.37716920731667863
0.14973133507881173
0.1623866079730863
0.32583670313055657
0.14527045008915088
0.4360244676899359
0.9700606957085062
0.2618371456737149
0.019693201927182394
0.19452220479564075
0.42779243735762196
0.10142717404618562
0.883803470472641
0.4153215778001893
0.16192145019812584
0.6990706965136568
0.25508321318613336
0.08501630566245773
0.41024635392639597
0.3755393575386559
0.10797770627183517
0.2984194202586604
0.34363506508058694
0.2853666031759073
0.22829242640989506
0.5625441142411919
0.06512682128259271
0.8269814074557892
0.6639451692419364
0.5791064929878084
0.7215955942638672
0.28180795149181614
0.0696045469878582
0.2741564240653044
0.1577544219415382
0.09242515850127234
0.661836945093462
0.10826938340577939
0.06035353383739536
0.6361541419392521
0.02050407559479126
0.07232514766902641
0.589102620535933
0.625948618097311
0.07909982823211466
0.10622100376027101
0.5744751491642672
0.33297507717003505
0.5329027537893475
0.77688503945213
0.2741947625265549
0.12663638634684224
0.5215565641330389
0.38644870123507996
0.23188204799692688
1.527740128710575
0.603919638993809
1.6772647853685048
0.07685736482062315
1.4749041815563515
0.16796626333883508
0.7154370553785647
0.7110329313691481
1.9599563097867887
0.6074365592113303
0.2287236231907686
0.8868141485418146
0.189191816372577
0.23176384054055232
1.0174168572490458
0.23278372727809535
0.47677309252438155
1.4395904283203584
1.3020495356497879
0.9553482236844788
0.15367021365233105
2.1081415019162058
0.8979182219851912
0.6704580267750047
0.1311678740160566
0.1884666035546652
1.1916121856516713
0.06635791818523416
1.4064689949378157
0.29400862816511014
0.1549815815534468
0.5633578923763164
1.111393716724744
0.3523878797430136
0.4055748343810092
0.6289967660281186
0.20323182745080026
0.6211335405760731
1.2305154779492165
0.03144827745318598
0.4031366205810355
0.3861664711465593
0.372018667320468
0.7630085217295036
0.3377146363872762
0.16907898588686643
0.4487117015590372
0.32031967681017565
0.6689273500457972
0.43983905466593604
0.15544540091962783
0.13209694114913328
0.3357072099151171
0.3984224721087475
0.23720052567826708
0.03637045713602883
0.303512143904548
0.7269673649692894
0.5455743017373696
0.7962858143984204
0.20088634991960674
0.5676244545582636
0.5062370696889785
0.02040789714032
0.11842015914501537
1.9746885594525982
0.2958123137446242
0.2673087768992684
0.9731928895648586
0.17325953632486976
0.060861547043642536
1.5860513662799467
0.8183834966134398
1.3003301889213226
0.582230735542277
0.09184777174120881
0.22021855471015334
0.9367980971974983
0.15152600171423763
2.982272728132463
0.1265262648953646
0.5328082474996423
1.1947892855986522
0.35676881414330086
0.21936828455124402
0.19434462794069185
0.6007794472257253
0.03875398942895039
0.03036497675666051
0.09144447307179587
0.5066333374326386
0.9019869102993566
0.36892671031527063
0.02802672491269651
0.10905823198793886
1.1242460771098348
0.6103498846609247
0.33879284472475674
0.2920568447151232
0.7776989112503911
1.0830137853623334
0.37719660327351184
0.16003941690331808
0.0096274961886116
0.26096971307914435
0.15431945436747918
0.23008148992379127
0.8029706342780398
1.8706577540767735
0.32429967619645045
1.7688230645249534
0.12914729054778692
0.19136092211473155
0.05535393081977832
0.6587927690520026
1.120655791397044
0.12053374906253311
0.13425962923071436
0.06478871526110333
0.9144763385265074
0.019740616273187434
0.27815472997408947
0.3114126844294139
1.447737293535278
0.5820578384192967
0.21805134298939655
0.009882943058509914
0.2713593413397339
1.74738050990094
0.7642569355256167
0.6313652719667856
0.9730105600027905
1.175070509433571
0.3566930535051489
0.8884783860877244
0.030620697915787486
0.2417713866604072
0.0739700440598032
0.8343944937031725
0.9966197650229981
0.4952481265488691
0.47647696776498466
0.6161441347152862
0.6418111986991198
0.01907093450117493
0.45868517216625876
1.055622547403531
0.29348655759382175
0.28959305851702327
0.8681234074911124
0.14254566590049508
0.02313644254103069
0.9623944587096387
0.7970057659223234
0.07902418171287319
0.8547963783916939
0.1435609588112604
0.09805599543981289
0.6373616444643903
0.17745548022771715
1.0766353224127314
1.120811775288695
1.1727765450801624
0.2062320115841057
1.8809944001189214
0.34372724201939875
0.24364247985741763
0.1595537791774308
0.5723618484349238
0.8940427797303143
0.3788749800690902
0.23584520192410482
0.8305298182278531
0.852313132461606
0.12205450895374037
0.16607460570882515
0.14539306186915202
0.11151836348229291
0.09116342872305944
2.0628226607320697
0.558129049473761
0.26708833771635204
0.228370068146324
1.134596450652432
0.03314875640385614
0.5793810523005719
0.19912313164659323
0.2116035285061205
0.18851198758708343
0.0878776325682433
0.15477212861838827
0.5184749290850735
0.03952158175385069
0.10520099952703381
0.256883410341516
0.5489428661871623
0.11962698928291784
1.311579783562775
0.24479302577181672
0.2087628386074562
0.3982664372773825
1.5671640787871957
0.41716917493446704
0.17867315791370647
0.6253534852225061
0.7659294355047723
0.26809023996302134
0.1237844505250388
0.0190369828796296
0.5051890655676655
0.1437287320038203
0.2944478043574187
0.9163415890818972
0.06432041385861507
0.42514750561726006
0.7468023288366943
0.8819823205074505
1.3492315401829447
1.308407810647109
0.3668894481807073
0.30097690936801996
0.8823148857770374
1.0001231885836932
0.587040130453442
2.4697069315892897
0.22693023314791302
0.3341013781986947
0.6924245255742586
0.2675266779254687
0.14049511984439125
1.3523332388357336
0.44248311500139637
0.2552851174934465
0.6669602968869347
0.09098187811117825
0.684572551826393
0.5177826044369852
0.4244245938777755
0.585058222059703
0.4307046133051272
0.8776677222200087
0.37868547435479855
1.1270850434490325
0.5522930057349459
0.5022877228570881
0.06394849408610798
0.25442633079753524
0.24241319289072244
0.5704003532563178
0.4102650187249717
0.32452969671520165
0.5335910004968855
0.5181157226820716
1.3248900914372717
0.14082751537854896
0.1330339531136479
0.09994629757880738
0.4857555361390614
0.8694991030866602
0.40944632788663776
1.3863623284489277
0.5834568439026271
0.27882800273034586
1.2861307426611845
1.5082421624771756
0.42144135235879615
0.8797203859921714
2.1296768612660673
3.1565744731679275
1.481721023406422
0.45648114729112615
0.21188718333038548
1.1691585790714283
0.591814960128357
0.17766135085118756
1.1992757825456395
0.23880847875720748
0.6203020644601437
0.04904328833555935
1.4103532664702827
1.1016231843509467
0.5046542555154101
1.030121665072432
0.2677798350009452
0.3167103847747474
0.5434749251782001
0.11172877510838951
1.0158429998744112
0.2254128139471218
0.10889478162802475
1.081301221875781
0.19700492033633524
0.2937626656716547
0.7891567892722875
0.9267924705401496
0.885122821963888
0.2058004143020699
0.7076840504463713
0.7645713972610022
0.24061172999220298
0.20580321725470557
0.3056724050252315
0.6444827613280059
0.5057468732435418
0.8051995465293786
0.07292478074477626
0.741887358080074
0.2804132379353325
1.2485207931606075
0.14414819009245525
0.7108777080503035
0.4094947840730876
0.14646894545709369
0.18359876935191674
1.315662815991489
0.5843121786286989
0.8915364624292144
1.6238426658135137
0.7743246102625555
0.3388950970305302
0.19905724769114216
0.24518012084541224
0.12374705460919853
0.23761670896711828
0.10440990698991845
0.7211079035194639
0.20130553290860037
0.07361987780455698
0.052575798435460404
0.4685505943934183
0.03140731957826991
0.057553788182514214
0.8120441375805334
0.06700975235842357
1.5201556323329186
0.16970190277039093
0.011026403010033404
0.016398586161265896
0.7998513301683332
0.13363096053819806
0.6703459756835008
0.43159279541902007
0.05060301175914189
0.042634219025552596
0.6908712837726374
0.7417882388497407
1.2438665630075665
0.05492983441386979
0.6131589075343445
0.5841432708584899
0.20034923888093592
0.34115302121875596
0.7135574732713267
0.5095815428572068
0.02067083170134151
0.8473356363297837
0.6240286621980857
1.0762957922382677
0.5866794076144916
0.13242981756167746
0.17751561641695987
0.6961457568271983
0.2818561351247972
0.16522629591717225
0.6162668369945955
1.696288805492586
1.2468912596374782
1.257030383545464
0.6241076014713477
0.053542034335077156
0.0017854449246757853
0.9715660335956651
0.5497347661421835
0.06558100571667586
0.4376329283807541
0.31593297492477096
0.06271409775106765
0.6222749373184052
0.574725869530394
0.32116303793783557
0.41914179543409025
0.32830641508420216
0.18538937880299058
1.007853828908009
0.09577647892058377
0.48821954725078576
3.596937073926078
2.6396168524415216
0.15305513790796213
0.34860655008528035
0.15297149878411326
0.7480090672695523
0.4437454841661012
0.40861257683595303
0.5840959948686661
1.5965392276212182
0.3671459118015716
0.29955514785124404
0.6028487175998437
0.10119770836048966
0.31275548380410584
0.4448780801799416
0.14096583865961496
0.13673570776530108
0.27700314529203995
0.018916967408034013
0.13882114441058366
0.08342192879228183
0.37590586733365244
1.5255977212213732
0.6961346028600971
0.5814615538215244
0.9415328337443584
3.1508965260470987
0.08515244105994062
0.573196802916126
2.048167941776216
1.925910524270523
0.1410401751768478
0.5358239520057261
1.431042205217299
0.29003390108137006
1.4682244657128696
0.6881314932681856
0.2426927374315124
0.7384974165368792
0.02433396376335069
0.6556919021837594
0.6788555040462813
0.2645052298210968
0.140066136635402
1.2191227358749608
0.12598180121313135
0.09641501139419112
0.03584331072959616
0.12229866492010703
0.0831838511702685
1.5226966875278036
0.866293542964721
0.2913482089425547
0.5565119377989425
0.03803843455257679
0.13329787267404736
0.35090655908989266
0.05743835213585441
0.02200807067876171
0.9283754563992207
0.08206002738380787
0.08180956643178608
1.8230378412788248
1.1290481748169512
0.4937844109423121
2.4510352331106144
0.3263001699391586
0.2191717022503193
0.9194811249416386
0.5406866034468609
1.310408333989533
0.7652374353388934
0.008010735878384245
0.5110115362341375
0.49962064802787537
0.8032526854349762
0.34977764056664135
0.5752323064304276
0.14297823891977832
0.49867355130991886
0.4039412721524762
0.277796721275886
0.7118304430724594
2.032915410823169
0.49200568115535703
0.061027216115318896
2.1288156915375316
0.3159159973252554
0.20007623242155076
0.9503077288707118
0.05861058641965039
1.7349437604427669
0.3382730846437261
0.40684482510301095
0.5649242778900178
0.6514842634871421
0.6214232247823195
1.3568013143360704
1.2327533332455156
0.22505737551408264
0.06451577090909023
0.27016292173871137
0.6891452584301486
0.2143795991648804
1.4054892883221168
0.46267720038427407
0.0711423706077603
0.5991871390105539
0.39891114823353396
0.17016154408596593
1.2026861471972876
0.6061943407638543
1.507860629445809
1.032350771750547
0.6245010739777572
0.2828632076348275
0.10715497027578759
0.11782077496532808
0.1593913608839533
1.0293962685605722
0.3655289347990531
1.1656957599744815
2.8350363874334055
0.16825606912341445
0.07535885889850488
0.5907529287908119
0.22291564777237463
0.23373453267886476
0.4116366283379088
0.42078343380171707
0.4031897129210779
0.44191981146406634
0.6686179099454501
2.021398937223941
1.2866883043726314
0.15776792801272033
0.2247844087352784
0.5260381005329855
0.7893539433968053
0.7491307480312656
0.7125343470741508
0.519758180359626
0.015268455831125169
0.02811742714382434
0.8496091373774749
0.7362365272248149
0.21858396020352552
0.2196593555332135
0.6003044367483793
0.22753791423288974
0.38875042004844024
0.3845200323710209
1.0276578067862139
0.3323707981508452
0.40615932141379074
0.588869287597253
0.3988771363475284
0.37960087939941867
0.8004995191707127
0.0538606938822556
0.09124890472979053
1.2408708576391052
0.6251104183041876
0.2830260057102678
0.6368644181619557
0.1910905491315718
0.04369345830972052
0.2538716934569516
0.17372723481596344
0.23846292569287472
0.7142270225544604
0.36978865695642144
0.2277000795017357
0.6911074985641403
0.09373291635521806
0.3303135809889225
1.5106547047478098
0.17845686875028122
0.6919594239670167
1.3675434084413265
0.30226771363462873
1.2595464375922032
0.9964503940002318
1.6531189526357386
1.3647835096543506
0.3300001921634306
0.9136875332898823
1.4989331489065183
0.5494926847548498
0.76167266150018
0.4827412461888226
1.292309995403436
0.21244713842696208
0.6518079447377979
3.5589489114276405
0.6394402466313645
0.4282714848162585
2.231192158100675
0.2808138769576272
0.06503529860049623
0.7331657493636027
0.21231784027984965
0.14656736134232642
0.6117348580262467
0.18033059644220562
0.08954013566230258
3.0258983238757864
0.0613125352344942
0.6974799246331356
0.3505330740509929
0.2759260131017848
0.081750539005936
2.013778558652249
0.25177469643316364
0.3680996042341914
0.3381835587270494
0.2613060165678749
0.22359951266622646
1.093424944807484
0.1700976155447
1.7470125154294494
1.4328482151283932
0.5573511028581115
0.5720474590573279
0.015986703663246532
0.0965946265105121
0.29631247884609596
0.4085781743680296
2.7013225130108833
0.6476378231411811
1.8063321429754016
0.21974360356161074
1.0262482369219312
0.7250465883155324
0.06597659756648944
0.14541347420258552
0.1587073076732587
1.0490409329666646
1.0922786291084576
0.41322612395552266
1.173885386615253
2.4951329899297434
0.22946122004765798
0.08908109942148681
0.20867198593457092
0.38022548559742775
0.820944523287843
0.0858981463177396
0.4085266400067881
0.7807356729615046
0.2225830215500959
0.15133519652660665
1.4176042117108028
0.539119898031154
0.6416471235125535
0.11986302548191384
0.1720037752475792
0.9566562692243099
0.11423245080446366
0.42057907284063134
0.6545605214114845
0.4132813471885989
0.3417495790044136
0.3542927422383611
0.16337784890532708
0.1825679846321495
1.293191838436208
0.3330309286073703
0.6573241527370607
3.46071280180013
1.258828785819217
0.2588067794028812
0.929529018671458
0.6600933850186125
0.09785728110223446
1.0449084754082656
0.06179258369272048
0.140314243060174
0.05749554124570825
0.018130480202238123
0.03741018183977577
0.5111140203727828
0.3936914134379827
0.6296527550588863
1.8619863381069832
0.4593189378474652
0.48718905700912096
0.2078057628229739
1.6932679320035084
0.9389012278233876
1.2821105213173318
0.5718552085753265
0.13560336465747375
0.08658822307131989
0.010052798462824348
0.4550230880077377
0.9876876934962417
0.6394136815733206
3.3659415893714852
0.8949804831447684
1.5571767766732225
0.2808309050279576
0.038887357163516
0.353703080744464
0.3563991441045254
0.5792039194972617
0.26645773710175336
0.0487855008364059
0.3163245626663176
0.15151761110654355
0.4252411020120342
0.9720628395742017
0.837688786189725
1.1743172037005032
3.0012866356543033
0.4955853615288768
0.26836268994281426
1.9589079384572015
0.9368383262094023
0.6428042896208128
0.364926827497161
0.45608214520247514
0.13385757762492745
0.24334688391884715
0.16383157525382203
0.7321118243015348
0.8787002254929268
1.0259993151431548
0.5903574316357496
0.18251984213009123
0.12646461527644504
0.003922470840221754
0.3578084818685935
1.099802036374185
0.21603330315627642
1.1460995305153892
0.3560553657162613
0.9998666774612682
0.6963188314176488
1.368282444129626
0.04135283132890447
1.1146329375555266
0.9310509975515259
1.541710709256573
0.9580316270997885
0.19042857537937322
0.9921445987090866
2.363895758420647
0.17362464428340718
0.9108285908791096
1.101892455210412
0.09663401794087462
0.036271498338284955
0.5440396575165376
0.12474331326586773
0.6630381923503823
1.9109603783089921
0.5346729563742141
1.1761915115948711
1.7742820144714688
0.027003086113112012
0.2198817103879333
0.23910812164735176
0.1878381616665465
0.1530349538636531
0.2572871297734916
0.7093279881895491
1.7212031850389204
0.7360718959641556
0.44047756164669083
0.5606816817103683
1.2002663118457657
0.1624632009585941
0.028584574311208224
1.2438160214563256
0.811302448265315
0.3843674294955734
1.5655672334708446
0.27409214206878973
0.514838048747632
0.020227923171544676
0.8816602725070629
0.8008590736282131
0.2875140020264661
0.039158032122596165
0.12031943906897803
0.29198004353763785
1.2244029404788899
0.36266123390954863
0.6945925880895345
0.05387635548026422
0.05128369285197274
1.890469844888758
0.2106524520821776
0.46703457031525625
1.081412136336863
0.17604721458827668
0.06908646720853011
0.751057189645026
0.28026931081359535
0.30396281389011054
0.4036856302870735
3.093258703085072
1.515941648118701
1.211420049537458
0.23671610476032431
1.2544140203848477
1.7683020060623889
0.7244987660184982
0.22291062301181835
0.13633538938620968
0.2614846066409233
0.06095436059526233
0.32924314315476294
0.08793149969611824
0.2386394972377887
0.7477983637925882
0.31809183133834296
0.444450341864812
0.7506736531975813
0.13274436963310127
0.0384268672787613
0.36403773943596307
0.02729700005752877
0.04230720038150729
0.19627544960387863
1.0335812390183055
1.2678822999502182
1.7261227134465513
1.8826125732572219
1.5523447937607773
0.2994174211143284
2.3600392032629465
0.6338717395734914
0.7960301153160303
0.0718193384874588
0.004293250900428193
2.91205382221623
0.2594435075984167
0.3076497673724819
0.18751956797933111
0.9985573469802154
0.1312166144608571
1.460940238762875
0.1321327943095376
0.5686075336743927
1.0779851097456274
0.4342874583082631
0.7221138137287638
0.622433095578739
0.29814328125208983
0.5292016163498559
0.9262192909953479
0.029144876400922164
0.06901515101253147
0.9717870381548074
0.0020488155446143725
0.30741920379613386
2.5752961341012095
0.19578400622403427
0.13475634394518024
0.7670052897881
0.340479542394971
0.8071711993165367
1.721767432298255
0.29480369345452373
0.39383480479315
0.22537496300243945
0.01065283039760636
0.569428309092605
0.6951175881967977
0.0992389750128298
0.22000739448056947
1.9073390897010376
0.19872597444247986
0.3443175231119606
0.08289172247866902
0.6076749081738922
0.7540395614189632
1.653868271220254
0.7663621420687868
0.3381580021191215
1.6348297147369824
0.6478402996281781
1.2690146021507969
2.6099597895851274
0.44225455895489396
0.96036355355
0.49314772212871044
0.9569313523551289
0.8026254009601381
0.749888700918196
0.6690810724374203
0.3639986904571148
0.2599116988935425
0.018126219024873654
1.1874381423156575
2.9916506727358505
0.5212183800992821
0.49177568631084745
0.08922707396169237
0.23531385230459184
0.9890569524206253
0.37578217306029454
0.5888740603133733
0.2743751542200057
1.482868372485154
0.3925297209948829
0.09222696187067317
0.5039398477046739
0.27368730575667627
0.4139033197644791
0.9613150612167346
0.2946350273027733
0.28873120486165377
0.23498890337459596
1.0464867343731277
1.1416240484924631
0.5504541087252893
0.17001987265249835
0.25890969908184763
0.3223510500593046
0.3127079592178099
0.4278644063187197
0.7120265163166841
0.5613259569210088
0.8094995656730416
1.6086646626245344
0.18143944265125678
0.06106452435627326
1.2237376722649544
0.19465583193980857
0.3160607766661703
1.3585725342357435
0.8060409442092379
0.15354175656997188
0.23053649494090736
0.07251546539292685
0.23874306652598815
1.4725301712536567
0.17528280428669568
0.02780922076122803
0.18690056696056787
0.4021751569814463
0.012409293212375569
0.2450585086338803
0.9289067027367083
0.36618331850983304
0.9063481251623852
0.3684745743108251
0.20830002940779407
0.19946652180431387
0.28826965554387696
0.019554526968418435
0.42336753910408176
0.2804169737266208
0.2864140175529055
0.5323183917614259
0.829011303403627
0.32876505422666746
0.7955958892346198
0.1455695397868843
0.3264771807945698
0.06744006722907567
0.06609934108101302
0.19878739285524846
1.2072626084216866
0.19014697116884366
1.0212208874589594
0.28127752457329014
0.3836691739735614
0.5553156351300411
0.7413471236538125
1.1184326275440928
0.1485777505662056
0.4521054198735869
0.316476823984751
0.9111347374427764
0.8618947542482213
2.335962764798924
1.2876346340612477
0.03806031947631531
0.1251814563532691
0.03371203447848686
0.9139652983250615
0.025578676454660595
0.2763113308550001
0.6207478564849304
0.03796554794156025
0.04385664120413551
0.7219836351429693
0.22515539393652456
0.21379102533901934
0.8193406814308801
0.19294657404210316
0.2092715126048484
0.130740043623623
0.7694708256330507
0.09843404544249663
0.595573690506031
0.45358186228205144
1.186010502007146
0.5241083188633522
0.35644145734510213
0.36626758277834265
0.7743783991906337
0.4290207134323741
0.23312849459777366
0.12948183850592537
0.0766787213555826
0.26528008246685364
1.0254011579607567
0.7709265182894482
0.4381654492525465
0.246427056665192
0.4103445262004909
1.0071193370796292
2.218919109243185
0.8242554838157219
0.5947555392622645
0.3695590538384748
0.06183669857443145
0.18413891960346093
0.2354472512773048
0.4085729509644564
0.4022637075077908
0.4615191038164621
0.3010347186206167
0.47599874370266515
0.05140128061984481
1.3084826647720451
1.2276544631699062
0.7422623996116126
0.5270938992164641
0.35416633104770745
0.6120492534092467
1.1292188018020874
1.108107511044273
2.2639423800476357
0.44133352496060146
0.6012556899161032
0.25093825291004596
0.2188419269204554
0.06722145967685639
0.02455331294405064
0.39400635174043647
0.4219453075343371
1.2602040465052098
0.5423914563699207
0.21962017250350316
0.4512933063712035
0.23902652372919006
0.030757257259383164
0.05215335356203426
0.2196744784627807
0.39541272017708556
0.09712860082954504
0.23197285092216646
0.2515287590350387
1.4335580502428558
0.36921331898203524
0.0668295984226388
0.7923400512514136
1.344513359173913
0.03909554859447364
1.3597816552619097
0.5767258104887169
1.1288634092603649
0.8852708505654242
0.9931722509494455
0.3843821370577188
1.837361273696893
0.06023755318047463
0.22068242297262683
1.1253949161393504
0.24196344625542
0.18645207004295916
0.232057315257755
0.5020993518983923
1.0264915450522143
0.9661638990711253
0.6009720234526412
0.026847414609418425
1.5069508574891675
0.25867219413329284
0.2248294207751503
1.1811907087257758
0.2217993986905997
0.6080698392999484
1.4201804419823354
0.2849944838072277
0.510758487525911
0.8043365288589353
0.054321992217477334
0.08724263730640854
0.5554695618454685
1.0767738232592294
0.3002534613774199
0.15265511319339278
0.061743632217308116
0.08774870427037632
0.10365738538200388
0.3599348257963977
0.055125143552800265
1.1386559562669942
0.26814225098729944
0.19590950610122723
2.183616338916329
1.4720169549371867
0.22820076958609598
0.14375543426702858
2.520856062566684
0.6161351733842898
0.4805163319627315
0.2919727727719435
0.31709145663652616
0.3740414406424792
0.35907003412430577
0.12373877007920753
1.1069832832835567
0.2557286854285114
0.07720198164765253
0.15574677301591688
0.7919963396023552
0.36938026570773774
0.8934297721618644
1.3644463732993315
0.8850193078727423
0.23889843661871873
0.9627910742363098
1.616562762800425
0.0711524325937771
0.16773254049093372
0.9177497241895369
0.10909808367247006
0.13099416847322162
0.28201381849042034
0.7486319850337837
0.09534390967482914
0.16333140413504518
1.2331689013000184
0.028457688742589398
0.0861956134557012
0.16208886514980997
0.026332691442651615
1.6403687620518796
0.3623216477705983
0.09751460146379186
0.7132465575384089
0.18078435877360535
0.09606146044084653
0.30165150734844043
0.5233595631131059
0.17459482084559427
0.19495692375154458
0.3318362172839437
0.41025596395805897
0.08206893374284792
0.5696264947634573
1.3816874916669812
0.11815780641074394
1.6294182028848998
0.23226326788198753
0.026608917942857805
0.5180556503501865
0.3513597462203051
0.1362277361151474
0.35622369571043455
0.5119519566521705
0.2985743248927865
0.7140748746820567
0.059427294947833886
0.3388138708353074
1.0221707173649168
0.7725978955409741
0.5374845533286104
3.896370350705296
1.1471238741386744
0.7095678141515985
0.8142209951166601
0.14551130608612575
0.27836561973426815
1.0970724323104848
0.0906528188602251
0.302915230853332
0.850092959816005
0.2062716313464977
0.05376878675228455
0.22125805351656563
0.494537681532064
0.7653359702091747
0.34552576599279117
0.49048982498483323
0.23112934235709642
0.5235352385362596
1.3314420233113067
0.6881922617081033
1.4462877360972353
0.2398385331375179
0.548964350991555
0.644939714291347
0.5280370543015783
0.4898399654435319
0.857553928120246
0.06985724369799878
0.5170690416943211
0.4374837727193825
0.08838681648625936
0.36938842937380084
0.5281162943515292
0.8051907205261646
0.21280264358151127
0.3830819635792831
0.3890615661904974
0.045228136347766984
0.7871150696054109
0.6354058089469311
0.07967484001846929
0.6574336613931393
0.2929936607922333
0.06762826353768524
1.0452709626309973
0.27411920504010173
0.6118673839592551
2.0847453185851728
0.25370114448688147
0.13624252069944684
0.6520192285174813
0.046868398092032276
0.06654981171110144
1.703139212815883
0.22964512492378727
2.62339028967061
0.12985171103210003
0.3580817820824463
0.11705695020428729
0.03604783572174304
1.721182835379709
1.4571077510965285
0.8448937782716786
0.23831748064160682
0.07715411513138289
0.1022086102320428
0.22148054642150075
1.10217408742937
0.23386291242645485
0.19826211586965892
0.0471273192429399
0.5174648953343935
0.3172509067324756
0.8776108124718288
0.48219230128564167
0.3026408277397602
0.5253583158379773
0.18698465824246696
1.3461514485227843
0.8181599094328358
1.8061638221208067
0.22291620164305792
0.09226986854174386
1.1703524139220371
0.7501734423469814
0.1972580851432147
0.9994290831115484
0.8283319800773103
0.39327110739010585
2.399808114930086
0.12730003752571484
0.19930117161290586
0.31395927285426733
0.785444571236155
0.198188671671643
0.722324195374876
0.03601797950348379
0.11586605145238112
0.6882546461098529
0.16503375207551516
0.35433311315586247
0.4647724886177676
0.3181886582939854
0.10981463599804343
1.5840088558883283
0.9458079279805741
0.6470058208079168
0.5779023963872089
0.2658148060523027
0.055866388857581196
0.3498039255995686
0.18989612454019808
0.12811030381023822
0.15826155258951086
0.005659079573006309
0.1348050017400297
1.026791822762762
0.7883693268674291
0.3427106830011113
0.10831311079999899
0.033858509988591225
0.013257643255610263
0.9550648913028154
1.081239056014202
1.2372147903859327
0.829730221755534
0.49461063203335326
1.5997637606797097
2.638751777168329
0.6491384988720736
0.03220402046439097
0.9593608531546749
0.2949335277941791
0.39663355674903217
0.9007196087495323
0.400399097906441
0.3639910892999469
0.3430472814627992
0.1371789725653124
0.5161945686501787
2.201682042235406
0.14025497119359895
0.2073114615899888
0.7719346995285522
0.24591572008740264
0.3965260623726073
0.39690046108433413
0.6654166861474553
0.22531226605942314
0.9462628931218191
0.5322796672841756
1.5140385752234802
0.5047475791255762
1.0049246859906777
0.09603161097159056
0.5240150049506485
0.8307695081376778
0.5681511563086467
1.7686728059604906
0.4841636301072439
0.9669077359408136
0.17180331958752607
0.009881452511463799
2.3522266088947053
0.4724193846519985
0.18691202048595112
0.02512255851618335
1.0111685723296253
0.12873946295821917
0.32652194631980813
0.5531354383973056
0.1761115995614914
0.5911375771208092
0.8955960070920768
0.11688588568761774
1.3185376874513575
1.1272056212476445
0.0912581407465507
0.19478699066211114
0.6946391364053904
0.8641385870020589
0.44863480804013045
0.2753397893757812
0.29962084371091074
0.4513883617425032
0.5081946894576007
0.2414818461883974
0.07525138270590134
0.8770990593299147
0.8684626835184756
0.4527313506539052
0.5977243490044786
0.41330417438338624
0.6740177914927122
0.6728323155982179
0.5802761146308669
0.2408013815562279
1.1250885573041425
0.2762319847850653
0.22330252675092144
2.073380807632567
0.46131493605068485
0.4728222559662566
0.5520513529053868
1.1293643581321906
1.231030651663246
0.5334589268204807
0.16761416219741926
0.3134407456445633
0.9528692591737853
0.2721780358998452
0.7562980011202892
2.1572175815215355
0.25158885145778287
0.2916906195862368
0.4203480243014537
0.15072164683362907
0.04395376945006189
0.23975072844879902
0.044497616732986064
0.20859838233248218
1.3427438456109466
0.23626333954221246
0.12653568242345253
0.556362588627696
0.481273447956874
0.9367700975260509
0.41414325127833174
0.30451502333696107
0.057632830454338514
0.33450955511752434
0.34587472864853275
0.5009973299639171
0.3492910194778904
0.37231380030797073
1.1854749463904617
1.1852083110343978
0.3330437748535317
0.6043689319526689
0.782082938301763
0.05997971237887109
0.03527970699019652
0.2668220846991064
1.060998664028497
0.7206516644261506
2.4211188462231514
0.06366830622771512
0.07728086685485414
0.6133205541741992
0.5437361367327108
0.0651992793378709
0.9452861232203134
0.17445083710216533
0.4764982429891844
1.2509301597971945
0.30090376663158436
0.5426949184873043
0.8999950856495612
0.3321734046247797
0.5360296854080804
0.03267213469118953
1.188306105961987
0.5439272059568071
1.1113609044756123
0.1041152397460374
0.3473808436226382
0.4075472338127435
0.5586115604806944
1.9221227706214783
0.7055381376929976
0.25397294147147753
0.8693946505456297
0.4433708360534867
1.7052669650291843
0.062099471618954315
0.9761489255847706
0.13829155470587787
0.18954951175021292
0.5205574800852228
0.059971864578733
0.20241713726176028
3.5046372951334788
0.10322399764173124
0.4195303295017909
0.7962670140045184
0.15189513255590226
0.6130112326455825
0.4346806746427378
0.3072105653614432
0.7393089331630074
1.03732833779445
0.2011626179781387
0.06781565083234133
1.5896197968080241
0.7120375408859089
1.0966028152237783
0.435774093903663
0.4064499705918597
0.3542943175471117
1.3208201953985546
0.09794549821624925
0.7380664608081309
0.29984901924290414
0.6842132570036384
0.039510957670236546
0.10038809217476823
0.058522691753111686
0.30325906416061016
1.0480982519999449
0.21794016954828002
0.12413419921616711
1.8239820651690517
0.2699594872346424
0.6791170961885276
0.8217440077030966
0.30275461431742895
0.06677155315370625
1.5616269350382281
0.3344734572518275
0.14713867407913017
0.14542262839010386
2.2572385198806626
0.015746015180750108
0.679421233092996
0.6206069449284347
0.6416554134604723
1.2750829432443527
0.5249615469233574
0.5274829719943978
0.7893419072281935
0.6995762924853064
0.8613298470049761
1.2979333671729631
0.2637852605305337
0.7198392486578643
0.40332351460642607
0.09691571177127646
0.9981111924597488
1.6178846762945618
0.2799117220393715
0.4928663037614767
0.7157436934458727
0.05252766838725296
0.8789422279163728
0.33195440867650206
0.04386127042455832
0.6404405528470222
0.06848487079119957
0.9886885025862708
0.3127316258624547
1.1133199900036153
0.07125149105056626
0.49479090274144494
0.32135856490674036
0.3368571900088262
0.14208797881523122
0.873057584762744
0.39530344824610714
0.052113206573598164
1.5476635886685968
1.177367728894878
0.2769622032122069
0.8341135587490881
0.9960338073801064
0.08275848563764042
0.24238180621028177
0.41140828418358893
0.20438172112411837
1.0625702495592364
0.04377955025066046
0.16503275896786598
0.3469797954534292
0.19973512295230392
0.10379057197509144
2.1109797605007596
0.0944467897581066
0.06847898868036006
1.9094961804096813
0.8270307996078028
0.47324743653633045
1.2570449061140871
0.27065486054294713
0.5415252351190353
0.8218417266429425
0.6175479979741159
0.16008155401669197
0.009502636085546036
0.9544878436327757
0.18890932986500164
0.11756376241744719
0.3664029050962764
0.21474463489962428
0.8114084189053826
0.061825764928493336
0.044610348384300856
0.4985179897972408
0.09702220769006985
0.05190343362216698
0.12000710737742001
0.3492358412424091
0.2733618371316234
1.0659974278905398
0.07740793294119458
0.14099490379574303
0.6021755248840198
0.02454876606899504
0.17469175425893205
0.8231807256382391
1.2973678889802536
0.2932943332104793
0.9384208929647605
0.6374056089310054
0.027486122339215685
0.3633286444608079
0.017858681942461967
0.024938202131667808
0.7343385130322002
0.6083910926472871
0.030144411442079973
0.38209112057917094
1.127314817627407
0.6416894649934745
0.4915668431507431
0.526254599025761
1.0953377951028953
0.14862163758797114
0.2734208113100301
0.19977988583360498
1.1625694021683877
0.08593142225040849
2.9715787066139896
1.0815099329718874
0.07273250404750868
0.08953426443480969
0.8407038437931935
0.42716537531891147
0.5950875902554866
0.6864584766984804
0.6348988412717405
1.1012869951610555
0.236271900341145
1.3020842656855474
0.21572728516011574
1.16820655563008
0.5553650201978363
0.6918498840010986
0.41723797101790305
0.6353645286005514
0.7072620812750536
1.4404977428688353
0.42123154993106354
1.07835963262583
0.4411685447754531
0.09958188929504412
0.1211733037219684
0.3761381662403852
0.31111608356748693
0.15082247100374235
0.3990298452625048
0.4873894129607276
0.4714874702369731
1.8496645121162387
0.3762565496430244
0.6727784013233826
3.5191859960773217
0.6402286857108366
0.23108617213343208
1.6831111596311268
0.23941924412818488
0.03583124260651041
0.8369917873483128
0.3572425203364373
0.3857244260791992
0.8864330669802315
1.151918541198586
0.4993586963250408
0.30046819967180194
0.1973946733635081
0.09243096948325183
1.0719590321953831
0.24569414234744774
0.1825818061023235
2.1856065691716475
0.14049632721972713
0.8207043646861435
0.33013924758835683
2.4936922287234986
0.5518947462276761
0.4097855402037682
0.48671559586066365
1.875092029602983
1.4563404396954687
0.49709766185963766
0.5863324856544
0.8328663568192003
0.4667391395002338
0.2216212651311657
0.1524196630592187
0.2488083314007693
1.943311907977253
0.4542764556869785
1.3911256408080424
0.49783741501592577
1.0923399184239397
0.13323137897807064
0.6211549431663821
0.6609361984010979
0.08739677683663047
0.060700665482368264
0.4713290083854856
0.6881504809483239
0.13251260571042972
0.7605955116921543
0.33274559339118714
0.07895900287819013
0.9681928127691274
0.44584469938058297
0.053996934034338834
0.23353996625124943
0.1939894361037235
0.5148208680662875
1.9049108311831124
0.41440435481720583
0.7065954629882395
0.7898830197115236
0.1367159625643756
0.31675207335083005
1.0596730625369202
0.25266829577144323
0.029760182241975713
1.8327637589566397
0.2027381608979745
0.13526510872197667
0.9452513299612112
0.04523232241078431
0.07582801129892584
0.09361785548214853
1.2251289668030794
0.44379685327460033
0.7747605362593781
1.1949035384142397
0.17853739528432677
0.47134166970095287
0.21932783732994335
0.06330168955703357
0.8501117163452784
0.3904637285423661
0.009134888313944739
0.11410732317784782
0.4401454456107454
0.5421853076389063
0.3631625471826307
0.1299850944007556
0.11308113269477275
0.32461587296356664
0.010405717255364055
0.40138728034788146
0.758929005885849
0.5871114287308038
0.8782573598717827
0.8094542189689272
0.08165975714689792
0.7200634608565015
0.6075728478085055
0.2510939507105873
0.34943444215957803
0.71176052066562
0.4412375686058847
0.2797139221826928
0.7440613506115525
0.13442548318149433
0.2943707872737657
0.8881917962847722
1.7977206169918198
0.29590682055532025
1.0054213280490683
0.10137819469861258
0.31458151237727977
1.470402941499029
0.8018825001609633
0.2764998468297652
1.0672007432453485
0.16589267412936057
0.47357109798670305
0.14840220809992444
0.11485861142773247
0.19235800141414583
0.448347843015471
0.12988438346289996
0.11264944383141183
1.4748615915704062
0.5095041346193984
0.1663045825421866
0.1568880152361859
0.029220423463508467
0.5609601787841385
0.6012618042045939
0.061813369404775984
0.7219194746743746
0.1430048161885817
0.364520000452262
0.14773595920211635
0.34932752434709136
0.4195604308276921
0.5576941455961927
1.4454756477207433
0.038646848849895804
0.14422017884452845
1.6024172164893027
0.3335369745370391
0.5799593746421287
0.5869554651599977
0.2959551520936399
1.3255110433976425
0.1920785116228299
0.36584296640123104
0.4533187845312999
0.8138438257250346
0.04691474048694239
0.3432966372358427
0.14927909050919005
0.47349976845411723
0.26854160086322604
1.9228503023025558
0.007933391661482306
0.09625610368012379
0.6414111442348546
0.48428713131109336
0.6191766833020487
0.19909856816136767
0.025210590906766365
0.3221849625699089
1.8764126528554466
0.364956521323326
0.2040303743683544
1.2500668343465982
0.45844351566530656
0.18153726337167556
0.17251577447620775
0.10212987012565895
0.02797188447908135
0.22932037538034808
0.34190134540537526
0.10709067181184079
1.2961872815764643
0.6222195467337779
0.3039804857504599
0.11219482525391054
0.3001793615029659
0.5012312761903851
0.348419754127718
0.37505190489811896
0.46538931629192676
0.36342904487412
1.3345559896315013
0.04187641243177171
1.4999529675253362
1.332727069207421
0.0804275229690223
1.85105751805931
0.08645918514203364
1.1535455034448157
1.3335930831557894
0.3165730249719956
0.6069673104963677
0.9001566805881288
0.666213933922894
0.333974854697405
1.9042644239994702
0.11015026767905128
0.6398293329379281
3.9011969160898676
0.2206594982121219
0.754219463192532
0.6206918918895407
0.10469737415258433
0.2079863290011639
0.2451530348322572
0.08040313211847312
0.6066528742810439
0.44526549021686357
0.5556869252483487
0.3896407218784045
0.5268742048366797
0.3975277765204432
0.03258958831435898
0.4569860063450932
0.1957204298384797
0.36937130787809236
0.188665664871919
0.8781679694787705
0.1460212250748611
0.1056283838851385
0.3270124204344957
0.3551383034020196
1.4924245269229548
0.7797448367068197
2.3624699763520023
1.2049614710397358
0.15708994801374415
0.38586916894395146
1.0505342300734295
0.12617337015870964
0.6824440533952356
0.9554543190015966
0.8383585261678949
0.776469404227178
0.9386446304990684
0.576629358923776
0.07082639853882436
0.7151965814525792
0.6912482019016138
0.6986439565164754
0.07442061353832488
0.6582601155834406
0.09389800198272695
0.4749121988719814
0.331052195760398
0.07874558921429381
0.12504800355281748
0.16920594860919674
0.2916761939419474
0.2537850133857748
0.07359644437860387
0.12110942000904563
1.3664555307502302
0.28653908034566705
0.06382344672477722
1.1163739034705746
2.3416319126821468
1.3188297642985713
0.16095620614005354
0.10321275620794532
0.2161150238716645
0.5063368030459668
0.44282769512056
2.3445986365972686
0.5036674963342406
0.17006138143383837
0.7475074851057293
0.9861511270163461
2.22395819615932
0.09259055548889755
2.5096955956562566
1.1532044760823759
1.3771305468049506
0.9128667706243276
0.15495558558287525
0.16115726322463644
0.5361751261876894
0.49331417112147585
0.12891256690883302
1.371637228935455
0.19396155244857827
0.207401888009577
0.6856504166599818
0.5448838954178152
0.042096600072690275
2.3172731133748328
0.19287511676716027
0.16159035596219581
0.33404572604380023
0.13411421666678378
0.6019021087832512
0.8389334554738647
0.17973565259723998
0.012870021994274925
1.02836693468654
0.6977900710872331
0.14501216329643873
1.128669198208543
0.3764611082358609
0.08442744033767685
0.9912470450192804
0.11327575388023568
0.2502752985336796
0.9041592902468131
0.05428616246459674
0.013619568371614429
0.7233198760430662
0.2663426554278556
0.6784975582343454
0.537065347321252
0.3665179789998502
0.13954663476569246
0.17201315776253986
0.04798313939351237
0.020424114572549664
0.2111411430052218
0.516034673331096
1.0728475060060272
0.0018636055106236043
0.28842791279919444
0.4094765053716434
1.7080694849943479
0.17036132330662634
0.8498380760426613
0.5867898938296245
0.13317560017342384
0.4338699794217118
0.5175892993616806
0.5814412478105968
0.8045279685960812
0.6864926329580108
0.2459521070716838
0.34016472150542765
0.6208934154826447
0.17868449717073445
0.16694878340050143
0.5333839245913709
0.6944091460864611
0.5789164714271356
1.6473345191208721
0.19109115766923077
0.5903441454375683
0.8049787183152574
0.7163411299003913
0.9196972389024237
0.10417589593107504
1.0090754008725884
0.28614002635577057
0.17702979911683137
0.43261418405633556
0.5459928794551304
0.21818322846808147
0.6966337302872795
0.8527048017000758
1.4201794295978551
0.15388001097442594
0.04722874647367452
0.7892745153205554
0.5516277435597874
0.8563863102158212
0.2554697521372318
0.17610166380584444
0.01779251954628729
1.4677425404457278
0.5100579129005748
0.8773017328730535
0.8406613516275996
0.2043391103332057
0.43651751297224367
0.8423740806538146
0.7422755483739988
0.6310689759877078
1.4066709656743759
0.4771911598340232
0.64647924994297
0.5222794294994645
0.20695553734574246
0.27118725816829375
2.3790219784067355
0.2464198682605447
0.4142180699148926
0.3082318289956392
1.186131639896998
0.3318763823794506
1.8470562167848437
0.23673795015088958
0.8624180351669075
0.5441657704987272
0.18955671128572524
0.34905717577969375
2.382476112113546
0.27237539845035513
0.12720446781324624
0.22606467385091605
0.3124174373440063
0.13983814076150716
0.35966835558150906
0.4233919651257879
0.007138876394980736
0.1104571421405877
0.02145664851015187
0.1602535802031254
0.9153988416407963
1.131920716941032
0.043249430151103524
4.992259962587038
0.284559712912025
0.8063886340037344
0.5977961707510216
0.47325135125526535
1.2976178051202507
0.8404383825367211
