0.5989444340471838
0.13382834236884028
0.7048224238632975
0.9983711286518004
0.01154820115553632
0.0030610577333213887
0.8553427867673169
0.5215675640861533
0.2031797574043169
0.6377185639284885
0.1590821440613828
0.37403065671335883
0.5812436048466574
0.5806983323689893
0.6707307559708942
0.7577102697359711
0.3601391334298175
0.2708630812438508
1.5474968672414473
0.1691513656057933
1.2656300509488436
0.8512085682825177
0.831198176657844
0.9315103243521993
1.4274520075226764
1.7486746076275532
0.4470251362352584
0.04535191796126438
0.05994045957664399
0.3556292315777557
1.0779566446158249
0.8435703742681683
0.7449344928341299
0.6631092314334794
0.07141986706323897
0.25133065406246663
0.5892064731328439
0.6755806716929638
0.7390327909425297
0.008048904422956473
0.9343031570411626
0.48933210201491995
0.16660094910401083
0.3528008894983808
0.20091403534359537
0.5042700770960361
0.05650646399981419
0.07557329956190155
0.6409862078445345
0.26101112058063863
1.0071758625673144
0.9461298735079753
1.970574657039578
0.14158857354804263
0.49697520871640133
0.28605663251709046
0.351307012848519
0.35482782805964913
0.459628109946189
0.7421011658345066
0.07220519131903766
0.9447906053515202
1.0280901900069968
0.9015883258291241
0.07698004808251875
0.10832556052613437
0.21610454604627996
0.4043098242863844
0.3198806053940999
0.5950008699114139
0.9464138830192134
1.29806493458029
0.9942649525324048
0.2361494800496699
1.232749866392039
0.561686126956209
0.7489779363519797
1.3952461362972666
0.3997018412224547
0.20395885363063823
0.05932843277197594
0.46138146230555427
0.06207034537041655
0.09093714866541207
0.8964118994925169
0.014117121338978886
0.40808542449541074
0.1400694694972242
0.008109982148515747
0.09023602916157325
0.6122947381907792
0.02001332128747086
0.6528920217882193
0.1886801352285607
1.5397724722033346
0.045828871078119275
0.4218000560689605
0.19241367571203855
0.27877555057478476
0.19232919946019136
1.1741294104873965
1.0956467984396205
2.0660228335994795
0.4046212165822356
0.7142520051834007
0.40310699543097445
0.08423616340923719
0.07295135689765529
0.5701543565090529
0.5411567713069504
0.2559010728604416
0.6977321721731171
0.5004583324986355
0.1644961029799281
0.09921616371171958
0.3378949466729594
0.22092368951614066
1.2521244588023803
0.06753724658598521
0.14266594513209335
0.6806513589845826
0.9574527323732476
0.56217296596155
0.8101510180119328
0.10826902168746577
0.06153177527315516
1.5361208934676323
2.333459333403155
0.35053399340369706
0.5997889629924046
0.337746371670344
0.40081319684473615
0.6557574984342615
0.057667546572190885
0.636340479114787
0.6566841693936534
0.2105350506935276
0.09239557282839275
0.3230488936396981
0.3995473135380471
0.5062793889738813
0.5068263531982969
0.059349933354678606
0.029805862923638272
0.0015675354155551644
1.0778211393914474
0.6176163273000612
2.1939108947666854
0.32734544413298705
0.5882135812780851
0.5241859886687958
0.09228678016568362
0.1637165795457791
2.1120955134383252
0.047722903275548866
0.09562851611826846
0.3816692341808063
0.8031470617556515
0.1409110587078026
1.6159309607207404
0.3887166136739028
0.03591946687913916
0.27833088639799836
0.3789249529038951
0.0979554885488166
1.002778753227737
0.8098736978978698
0.03181256037533186
0.27188682638223144
1.3576923100632659
0.004038908166641108
0.8157840875012827
0.26782246576612606
0.254163411351934
1.02074637358883
0.6014711180838388
0.1940512878514058
0.6317016037414018
0.14699441080584796
0.12975830503742508
0.22556262348333023
0.20007302280600867
0.014804333062623935
2.324115354977076
0.562568840112881
0.07806038341665338
0.6089077919309538
1.572003083358824
0.264592608349386
2.2423364078415373
0.21461334979464844
1.4467339625934803
1.9735176296888561
0.5373766799517549
1.0155599623334675
0.5700163262482704
0.18541469005787325
0.5051917669418212
1.0392940376546238
0.2177662988775961
0.7169406779958859
0.13076691854893663
0.14825546150908522
0.41403835238547665
1.2280280904428607
0.09984107025567139
0.039734111623457746
0.8036650492298848
0.43495639119024065
0.13504725519694
0.36887461897857104
1.4942064356654725
0.1555772700146342
0.322456918816415
1.350673361907609
0.28437212860586564
0.12823710349773557
0.24238487775123901
0.3048325732387167
1.4514732988517038
0.033839758561379094
0.21444338018766268
0.06173772398218711
0.042374755976926005
0.05203097973294621
0.9452870965918815
0.7516344095491707
0.49452869604458505
1.413667544986697
0.28178469294222885
1.1091446746516211
0.8751424077485616
0.15770583751165268
0.24248470396383537
2.103498272883839
0.5470644147854147
0.056998154546033276
0.54822543490657
3.045844697642363
0.9506800887712543
1.4700722250259821
0.5332903933903363
0.6247690840586236
0.44557701453180837
0.02161882226628198
0.1174486313563245
0.5594992497384125
0.2397483231400143
0.44285975249563453
0.21992108659660425
0.09410621950472922
0.44779380737782193
0.5878619475966618
0.07357974613550615
0.07276268484031055
2.8647130526448112
0.12735200376864764
0.13002994279433444
0.12365638377943057
0.21686911549468113
0.11595149843365822
2.7152221390385685
0.10708351058978637
0.2601304397470888
1.4361683711290956
0.6767984331175692
0.6054287206115289
1.1391537563704681
0.36287158009406384
0.3035024960251763
1.7603387076785775
0.521424648235015
0.19898625689619767
2.4373643146915764
0.7585920176751698
0.24157985207531762
0.95572994330868
0.5502523703780192
0.6082288360294792
1.3252885133412833
1.0198905669486515
0.8130217012820128
0.48680977893359356
0.09323476756499971
0.224673610507543
3.4163807599222413
0.2161867257074071
0.6820955545721735
0.14505418884093046
0.48141590739018064
0.6481436229757017
0.4746656057136869
0.08899975395337498
0.11751675699818083
0.9694752348598619
0.30267685729431143
0.07413015742522418
0.543627262397213
0.5006061336441776
1.286707421786036
0.16484962656263719
0.19171227800282797
0.6462882190456323
0.42886623226706394
0.027821570497735874
0.01007660286394552
0.6998609783374303
0.04571420531595974
0.0875817506090315
0.9465372439877434
0.523487042965067
0.4230663827934445
3.4376243148334464
0.5814825518055788
1.9777993088178096
0.9249344144508755
0.1690873120396402
0.22107362115109516
0.9474909812139719
0.21186035310276718
0.4868548284162203
0.5015429969664138
0.28932703150710665
1.0619623219635568
0.11446575391998265
0.7710289320157323
0.08427747271857983
0.04204709799440975
0.25819106297524597
0.14369333554260824
0.05274040651068382
0.3905499769496773
0.42609070045349356
0.7502021461188423
0.11617694580491174
1.183833011456287
0.8572197355900137
0.33207170634569194
0.5576662352342091
1.4021888119885675
0.36850702883476877
1.0220597052718385
1.1748235875069928
0.14724129527612861
0.24814744180622023
0.9787107648792557
0.02722863279107839
0.3083137731392103
0.5193888131124037
1.039879749512505
0.32233765418803517
1.485691439444216
0.09505758963834372
0.3716882974894579
0.5487583330821907
1.0318437071572137
0.2096765042974367
0.1740439129351076
0.13139510852966657
0.31681618179519405
1.5490063371367382
0.40957150062557646
0.3783926513057254
0.26583947389819845
0.5246756454841984
0.30274690448414127
0.33036005278901515
0.007259005766201685
0.1097008612056232
1.8580478879331328
0.48560415746644175
0.2391206476501029
0.9624489445897059
0.6571169718063111
0.9866094932060825
1.0147914585860858
0.5656030978248322
1.7850922671015
2.5962442144333355
0.1304971054476211
0.2949349560341577
0.261139457825156
1.2529718772851206
0.157178589965355
2.500718102958017
0.13997018473326256
0.027959934288870877
0.13615545172099436
0.12382369203030368
0.037722250407381495
0.12198648663393007
0.5429414320645258
0.16903425388040913
1.9358409866593786
0.19320473907710628
0.667231157517589
0.12470590013702793
0.32790673639790996
2.456886044173683
1.9265261472607806
0.05896750230535527
0.473858989893573
0.17260557130392828
0.13154244624373432
0.1829063773670076
1.5734989570638935
0.2910577386484996
0.6389899486753474
0.7198565180797138
0.24137942175507035
0.22013699903025888
1.2141277547962708
0.27278313910979074
0.2628017425034204
0.39033071184486867
0.11371525306312641
0.27436666238423324
1.5685980746671833
0.04411011720077471
0.21077681701063575
1.1481835926461414
0.14608739847093125
0.5098803374413261
1.3248671195478887
0.20995390329522187
0.3637419482370478
0.659626446481234
0.5726995449290442
0.23275273455803633
0.5340319671398934
1.1801340636555158
0.06860303869604457
0.1110092155123512
0.397943696230415
0.3881152912125023
0.2851105042563277
0.2823202841274374
0.0536765657251839
1.019594814214554
0.22498836576310324
0.03770922477709377
0.7492398961120178
0.29525946718708357
0.20348622834862415
0.40677503072385546
0.7735670283376267
0.7041505205712443
0.26089301541194526
0.43469420071552883
0.232097480718289
0.8433391769149703
0.21865157002918764
0.1337820954751429
0.10325397630508623
0.3993030145574866
0.08580692144257059
0.18231492037759478
0.1344521430534982
1.422834346221018
1.1948495268316737
0.5298847335928254
0.46740071070607414
0.17358742951439482
0.03974601828456087
0.06653623903782166
1.2724295439829874
0.4044390652889797
0.2317210777685267
1.467189397565288
0.5473453498190481
0.45767951303900845
2.446676305087657
0.047800065714224585
0.07107224864187173
1.1935044846454177
0.15488584107324999
0.021390217215925034
1.567204222125569
0.25699863663963834
1.895989343733952
0.9502010096420849
0.27861239352040357
0.6092572001896366
0.9256891691990463
0.1040182923784131
0.05838321897022584
0.16879451135430365
0.8508859125827618
0.043738889941744664
0.01926028263630931
1.3890078719331336
0.29228055100905825
0.28628581232419587
0.2060310206379021
0.06143930356145476
1.3437989521112943
0.1867810475221418
0.27266060685580856
0.34641594442738355
0.12627141033233033
0.13595208008198528
0.032721292952463545
0.15237733707439993
1.419568147531461
0.8691567955127257
1.2941012972216843
0.42400295631039203
1.0527774710629623
0.08325192080375333
0.12817856227526328
0.6725173622957596
0.40839497975987277
0.3218852451913948
0.7512738507556497
0.04614606974784412
0.4241866417539629
0.4799072637345937
0.14098762965779124
0.6948492124251315
0.18919120268490272
0.3261125776732272
1.153860916433102
0.45959485373886916
1.5770543572800937
0.1627955085381312
0.43014295632772526
0.19844999656771556
0.15503815250164163
1.6874534533718009
0.6840586269748894
0.2956874930076772
0.4154532354297232
0.1271802670864745
0.4775161364776152
1.0640108114431122
0.3480103735253466
0.5991161853114892
0.687922579558399
0.40709824025152963
0.6199794533330799
2.534100010841398
2.7668553081051095
0.08793058365891378
0.23693271693860182
0.1684066150624778
0.31633829680868925
0.4414293664508105
0.33974671652563837
0.36305259778564014
0.5600492504427907
0.10472824160186249
0.29656521656101836
0.600781679968375
0.15027500008207295
0.3504234340387136
1.2783156351784668
0.40459494288817927
0.12310155011884807
0.29311085167150625
1.1787937885321733
0.08915926292020578
0.6519691006730016
0.04221069988301295
0.03524655919506745
2.197423191353942
0.09412933892420261
0.08571620970356171
0.19010114748876525
0.23358841982860706
0.14127971066920753
1.224705127681836
0.06420979868394856
0.9574887890350098
0.7382010464504841
0.884642768706332
0.4936034617963332
1.4556187314516398
0.20689162144402268
0.39497726064319194
1.0343333525943428
0.12407764298601114
0.4185461074015606
0.11631894859519887
0.563309639911849
0.5975716888791253
0.7423006064285298
0.4920230152557406
0.586150130901028
1.7578226239240593
0.42256052810645595
0.31029554068797405
0.08150831392964648
0.1826572149209078
0.5090937545622245
0.3630344436711034
0.14996834487365118
0.48465195528518384
0.6719370337110411
0.09982753587955745
0.042140661210266085
0.1867118438693488
0.21304029822056622
0.28189237386671095
2.686414816891846
0.5701697688453462
0.8004157403797374
1.588073380290791
0.13562188011694132
0.0923778890137984
0.4984312038735012
0.6704263434763272
0.8911258166193491
1.5531245251142258
1.584947481906358
0.32663290173385445
1.2394798746119544
0.035103268218537764
1.1930984279899648
1.6378035085269254
0.3218594577291115
0.9813677097252702
0.29280376039106926
0.3027848867280672
0.0679862495990383
0.6118253823546567
1.7435719224105704
0.15737623362837375
1.6855905269597353
0.2282250181287831
0.5259852083812595
0.27883620798497694
0.19234928664595274
0.28025669474292375
1.1933390744744667
0.3324652799828691
0.20399364666940337
0.37913551790044114
0.3250839046598557
0.20235367055451775
0.7431510258197113
0.293734417049356
0.6035743349317574
0.8545456686608034
0.428046974662482
0.5928082233592301
0.6260309986492922
0.41214208861685286
2.1371727677597625
0.29877587033584824
0.9285402892071005
1.3309783151767653
0.7387452682886595
0.6247132306967572
0.026914518029368832
0.6624953458310172
0.3481800530170716
0.12305319672516203
1.761696604488908
0.3837754814639609
0.1034631846019678
1.3810663710545221
0.5738402781768157
0.38111188540480556
0.20252189446972005
0.2716628926507114
0.18317509538232546
0.7391031234137573
0.9786015110116945
0.29383088587214234
0.9723480781649069
0.10791106353020871
0.027675098766814822
0.0880551889510314
0.3927199946766767
0.9119968207991489
0.35699714272157845
0.4570562818527589
0.7824278655572707
0.11987691968136752
0.28526978460941754
0.005651634142795459
0.2587886768578579
0.42258737423485276
0.8276000299758086
0.35330524397127894
0.06369657094490573
0.3807504036945776
0.06825339996999098
0.2289852435347974
0.4997386570634554
1.6933988186580788
1.5682234255264724
1.985958969410001
0.30355948990268705
0.01790700061383335
2.311638385196693
0.8273900819638065
0.0397544943258591
0.07145323534855098
1.620269054876392
0.6900121141772229
0.9041482654178167
0.16540299695176147
0.6804944926587893
0.28485038702844817
0.8146768310738138
1.042028471779521
0.1435913532331223
0.28451101504003595
0.31976864524778487
0.14398645071273677
1.5395209726775723
0.400848425462973
0.4603073428778703
1.223531504834352
0.0597407575141029
0.15126336485243272
0.441685446724177
0.05734453726117247
0.6983610555493975
0.574202318289076
0.22257282872424353
0.7671370284736079
0.49093838991490346
0.22336218101480212
0.14199804038661368
0.3692105304624259
0.10167857012076588
0.22662522498993432
0.06346075827722082
0.035533347288555985
1.242001083007671
0.8591666919944556
0.10964811242825313
0.10883298548946954
0.6789179198834682
0.23119460554227378
0.4848447721028651
0.885361183243504
0.2886315100236489
0.43067725200074597
0.30237980296982164
0.0426031649367045
0.30538704739559946
0.03455581130905515
0.101259692552874
0.17405416063616125
0.12378807641567745
0.44785530798828477
0.8339029740897907
1.2258440940426123
0.061796963831250606
0.7895590908307634
1.0609556059843568
0.34819564636221756
0.17314616066408683
0.5249317386020216
0.06243880896057605
0.03723503788368511
0.5908179811990579
0.7945836369598335
0.6817045035939109
0.3537955800205691
0.8570653554534812
0.25487702260494094
0.5102808370987961
0.15794604878570617
0.20637626841059017
0.41041413189509357
0.4953164392988032
1.6354727567908083
0.2183516630675831
0.36211590748516825
0.11823313295480159
0.25650324845126143
0.5389641735514241
0.18242409929868458
0.5661350671464602
1.6446939803593512
0.6204037263852866
1.7476595463533537
0.5995150089623074
0.19440627910458377
0.20506300526467566
0.21233994419552538
0.05483846689257238
0.15369315354647492
0.9393381363688742
1.2202100875477064
0.43554045042918443
0.3943722318284989
1.5078295519835925
0.09041931330252156
1.5984865705076494
0.19167709914559103
0.3845395459831539
0.4266701883628641
0.5512830639896706
1.536391618107695
2.4370821240308778
2.0580338485308776
0.5376435580520462
1.6898085934981826
1.087530214832586
1.22666670856376
0.35072640406047556
0.1879175699677533
0.5448448814443906
0.04767424459851778
0.3292056995433082
0.2173312373998681
0.9474640328781745
0.8202030428451454
1.4462121196300868
0.6296128348585283
1.571440192762258
0.2390498189645089
0.6791024302319667
0.16137937113670123
1.0608263601958496
0.4423666342393082
0.4379020965513633
0.2985815330667745
0.6272805875772819
0.07803685110530041
0.9527316013054073
0.5168618851514845
1.3053211127637125
1.0231474741607651
0.396751317865636
0.6577783434287692
0.3558151630060733
0.8766633715814681
0.1395841578780306
0.31808758874437815
0.06566229323021437
0.13095657161716395
0.7024217030444636
0.1555693860999086
0.08788376556001146
2.2192665955794766
0.24603721962228087
0.20909844216337672
0.5419131300685069
0.3980424322974777
0.7027071663589394
1.8097105798448132
0.12100173296081841
0.8169217558918273
2.447056928994951
1.4264802012609976
0.26630837996120926
1.141218268239372
0.49342259885140166
0.39074790980151797
0.9519947432458006
0.953602398792537
0.47658981613230483
0.523467470102151
0.1561033607551624
0.006541830907901624
0.19975879408139516
0.5442948066826977
0.45255439100091205
0.39047291833880615
0.3720710140869251
1.0784724305201427
0.1241577828746683
0.061215350648731945
0.2219122205587215
0.35308446165958357
0.21023471632915341
0.7438885751522921
0.36487005403864176
0.2004016807691074
0.118518149744645
0.1778888385874024
0.06148110748309002
0.5483590931717369
1.0034951272414148
0.05722191865599836
0.8102433826219707
1.736815160644739
0.9179407448677854
0.27241405882826797
0.4345350577143045
0.13804063434311933
0.1961134090865763
0.8616418182052539
0.4677887511880691
0.9377406395081868
0.6512062913531708
0.6100727133035253
0.16925357790232304
0.6051959631086173
0.4309028601933663
0.23428724277449928
1.0412120507253115
0.023599104305498313
0.1792213928784407
1.6749499526662572
0.8192660143246913
0.1588566580388023
0.7483255172026922
0.4401862574713425
0.9711919083003736
1.3375111043357029
1.208063591870707
1.3248767973237505
0.5049844447852291
0.748766533354744
0.06736322307561737
0.10226477186164537
0.26027961509364017
0.2884681599582758
0.3637685727754332
0.08350869883618103
1.0141022109275881
1.0085827035729216
0.08086236954321638
0.41083160943446106
1.0457755262999797
0.017713663793586687
0.08726173711694081
1.8869206101760816
0.015218440088868784
0.7826611737466611
1.1490869293062262
0.08210614104265672
0.5585520956376501
0.36465393029219156
0.16335185517263964
0.4567045112721804
0.9949313049640629
0.3280667147140573
0.6232217845612185
1.936917142810189
0.6502097412819959
1.7101240397934088
2.0231261582093794
0.005259106837378368
0.4031106677791723
1.3386594443701358
0.8866020655762329
0.30020288238490733
1.1166091832265619
0.6898877945432822
0.3136146733484863
0.3802205817019947
0.32489041462426443
0.24734039150037174
1.9757405203273513
0.5454924180049229
0.6121073715612873
1.988546272874929
0.9899389923351036
0.20825057420683252
0.3134273647748591
0.1121916260849238
0.5593413883143492
1.4730000747656238
0.2310018359203228
0.4214345310564078
0.5187414417918343
0.6587502229305596
0.1874999751087547
1.1625153829915396
0.015140356817643865
0.2592450982454172
0.5771165908336319
0.6871641084955356
0.04024946971949965
0.09886814905388379
0.25712962138107137
1.403170211455626
0.19560592983382233
0.1458811356676402
0.4573770436282005
1.3419384373533485
0.2378606776676379
0.15087862600451127
1.0271110578828766
0.43941904032460755
0.3099601637864201
0.39483405755942075
0.8009345286281154
1.018078551127816
1.7092344117229419
0.11673920420794792
0.25390847917081855
1.0492207405035088
0.395738524412577
0.15174799976186612
1.2118106765284078
0.014149785617776313
0.573868683448826
0.5790645585255486
0.922550871326127
1.3120299107033957
0.7707310116074857
0.5272282115707673
0.09731433936936348
1.886620056603412
0.5375933891780088
0.4463687946053599
0.08621306936404831
0.13025759641669427
0.13088039367596713
0.28880588674823987
0.7914565295636462
1.0116494256451225
0.06339024485974663
0.461646305695655
0.8625333016113891
1.0289011444491822
0.5598746956307608
0.5056566558751538
1.0680298024879002
1.550443756012584
0.7690840878872769
1.2168424815078331
1.0322286648254497
0.1607045327323301
0.32057600920969065
1.224109105466144
0.42899792804707293
0.3275304920812867
0.029055324624378313
0.356843977795406
1.8289493644485646
1.2733629205931478
0.19277570569417368
0.7243644875143233
0.3581201156270422
0.38576751948829757
0.16314060543803646
0.36484481960204607
0.12903848391934084
2.7671712052126387
2.3253628247952127
0.6084096413878332
0.24084748862529795
0.196940219980137
1.0550986573304844
0.18023742335365747
0.09518782874759885
0.4116658023221538
1.6060542655632746
1.0530616086275022
0.3984445578172554
0.17824490820251898
0.31575484335674875
0.637311628616612
1.3832157621737915
0.8706175315605055
0.29637585173595044
0.6962084988423873
0.47717059515588955
0.9336154234169417
0.685967394990393
0.3628878218680097
0.10077682380848557
0.9905599092797266
0.10419874473458146
1.8536168214419646
0.1797422118206586
0.9646694700476981
0.5234081679469834
1.1210935865683955
0.0909931712057427
0.07304769113167424
0.959068712049967
0.8654316678727807
1.4475916425772508
0.7590299912278685
0.06837450452568251
0.19368811712035172
0.4840732359640689
0.7905027749338882
0.5015125127888327
0.46219661209727286
0.04701239063259229
0.2958017149468349
0.37660912314945133
0.3887166370678456
0.14622318455590866
0.346474954552989
1.5823929941068653
0.15727963395712735
0.575060868167644
0.6055247639849953
0.16331764069806748
1.0446408124813258
0.3723023160848548
1.0085647310365717
1.8776911623847028
1.4001265477427152
0.8705114744513428
0.7510056769859167
0.042318792776619096
0.9731922596904501
0.8644177847191971
0.3763364268081824
1.7069641315150086
0.6540147341359815
0.09341820497028186
1.3413388960392914
0.4192249044142417
0.20674022267693165
0.7524569701944123
0.4868181144953796
0.06087452507147815
0.12005197180575762
0.22078245580775943
0.8674086218183281
1.5045979370292422
1.497460282997318
0.9460091337552041
0.05806055585371206
0.8809824125560606
1.6371272526822997
0.2678085743341572
0.6656842316641696
0.1073902778381187
0.05805607138640007
0.7999394158117172
0.46776940499687447
0.38407113018273376
1.740420258120892
0.4793300708210964
1.286798852745195
0.6533299194052425
0.6341458828096002
0.17143880213969598
0.20065338556799722
0.13970892483801978
0.17060467100630428
1.031207126217253
0.053934834664549666
0.2151495593250283
1.486798300912125
1.152660398307934
0.5965903742670713
1.761885448696526
0.8917591155587207
2.4248313268380906
3.0598995758844496
0.09136487875070103
0.4200039247142597
2.0042030601314273
0.13634927335345345
0.766096692329619
0.2473182009663685
3.2496547652039696
0.4830590726249473
1.1188853423649305
0.08696745399541214
0.720815897527254
1.2750852517741975
0.1120973025649038
0.2929880398539148
0.7683278112601528
0.11891383648230282
0.07795612898017439
3.6991239697282827
0.35874471963262955
0.8556899580606616
0.3212327538946814
0.027517595308578276
0.4874866104829084
0.1682301142571629
0.20912423020529616
0.22945818835636222
0.5245667941467562
0.1722145853700431
0.2988550899133714
0.2843695012661907
0.24159038115580495
0.06549080047200039
0.4145314199434819
0.28165961102485937
0.29857106311396225
1.164274459230105
0.13335924707913951
0.07559873693298885
1.5291258333164919
0.8165514764766085
1.028791959565738
0.0072813332037566245
1.1017260846364199
0.2178785744208949
1.3654475840017872
0.06778199571804415
0.32485122450908605
0.88417358314195
0.5351958320831008
0.8820326841830352
0.9220013362111683
0.27215983147890316
0.1158661283621205
0.4893330321262687
0.04234609587300067
0.06719913701853869
2.2000764689197685
0.2941259856337202
1.2211044888534768
2.1663866909823346
0.2356890425005788
0.4804352508865316
0.7917064133897751
0.20104665071658612
0.37766121160131744
1.5452699818445168
0.06163802863297853
0.23918337485918695
0.3840986173189283
0.3652046934459597
0.15793795335572977
1.344407212068554
0.7329546399268244
0.04589648831989928
0.19932797197621455
1.1868625717323122
0.6558942974622513
0.7142516779178691
0.24870848603563186
0.3051705642402983
0.700656006040198
0.15529265103019174
0.46176831304123916
1.3781990364670484
0.4526007645014636
0.22989697824688346
0.3383869222791965
0.3397321743333707
0.15979245520636373
0.5507383324510163
0.026700903301728564
0.234475328300182
0.16668645664180282
0.285959333320454
0.36859020783489777
0.2810339236691176
0.12778124615537084
0.24237735099948174
0.21564601087294186
0.4544820453245337
1.2800680800930206
0.5637715058922121
0.13094395181422594
0.20571694563025236
1.4019482874111102
0.32372449952206583
1.4971301183329313
0.060904988078270016
0.26741921100614024
1.0388659097492263
1.4920121746583779
0.31800336309732297
0.5866740980631067
1.8183050020349125
0.18489613977050548
0.4367674665948921
0.4063240947838501
1.4269459678765364
0.4564407321914396
2.2572739205976173
0.13647756933022445
1.1570324719602867
3.34702762031865
0.4254824486936213
0.32446889158218356
0.387625083518432
0.0681330287587304
0.18109711096935968
2.9813473390000707
0.13281995310130973
0.3287518468589286
0.2562396866923355
0.027686623819919026
0.4374912690732523
3.881034468439452
1.0823260587755879
0.2903744204549701
0.25486185352913926
1.222250845847834
0.40400660755671475
1.462271557171625
0.7240759940410267
1.042306279305111
0.4685173390551534
0.15742616923625222
0.05625901690444805
0.2716605033177762
1.2051473255008807
0.18493662706512634
0.7336168897012518
0.2300259624333908
0.7378145381532915
1.3765689828311165
0.03761302485034027
0.44747731646986255
2.842771513135764
1.2304891585429596
0.32614292754217594
0.4295575338875373
0.9976748278964516
1.3532984827081767
0.08260763428412464
0.1758706134051276
0.10453105289060041
0.34637430774352623
0.3501026946663072
0.2884378327531595
0.9715850147660229
0.09062874876987649
0.29338840303096825
0.5391938460431308
0.9316067375593661
0.38848117565667145
0.6872328636916687
0.565170822339709
0.37272768134632345
0.4224768712261169
0.1782196777243436
0.3426304740399342
1.0634920684594495
1.0731957756958452
0.13234658584763667
0.0766770000042939
0.14289570281728758
1.2778532626520742
5.449319487140035
0.2888956480987603
0.34452173509609524
1.7700348035001028
0.8968756784075504
0.24617245739347546
0.12961431785417188
0.16617715479582568
0.3694430429946364
0.18320739189624266
1.0229145946606197
1.1158963235752806
0.15220838523652921
0.03205809570124094
0.046036128410577234
0.15008040935265837
0.1276771961120231
0.17823602702085883
0.3996478335785416
0.07027877559771345
0.3635365494129416
0.7790574503779162
0.1462561576349106
0.26815656966970647
0.21712727078447816
0.6928556304008758
0.4262109129624204
1.7384293525257055
0.10054397420348286
0.3734386167475561
0.12088911350269398
0.1511469436718516
1.800364569540094
0.20959101587441387
0.02687303845735778
0.03907988221265225
0.45524718540762704
1.0100646573433913
0.3723201165423655
0.9030323456464624
1.3542624614233354
0.38971244486064804
2.232031859081863
0.14642772344499522
0.1413941694989439
1.9527334064725261
0.39699510258922605
0.17354521452301472
1.569079626321046
1.0149166568923818
0.048555580868616395
1.026780054351299
0.059192813186943465
0.419800554698643
0.26167015499566765
0.2358519347712471
0.15160816442835764
1.4150257097744612
0.26996943329527745
0.4672868693801161
0.34031263654407434
0.2704120530661004
0.03169707061745884
0.8479747715456504
1.3293276425552816
0.1927861519605692
0.03081892926168287
0.06629796196509441
0.0803884765316367
1.1109789504643734
0.2675199490629161
0.49818936400726926
0.7589254361135178
1.0517026776184504
0.09418481859684365
1.0010896259125734
0.9812433572158534
0.46684410979146057
0.9839692056044629
0.3043444715537408
0.55454307435097
0.23738354357226674
0.5649508034176741
0.9267399289333633
0.8003189564894475
0.13704413117060676
1.0500292583727748
0.6440448996812458
1.1315338824840289
0.8204461822342735
0.7206996122654538
0.14923644556912313
0.9702143319615445
1.264749202319458
0.18514459459081178
0.6578446547588105
1.3426805248169078
0.8455102170286151
0.052457767281372115
2.4071786462929965
0.6449347887092723
0.1789767853751702
0.7035994721629684
0.8896605064584
0.22892614018849186
0.8953366852910911
0.6882700596061916
1.2567411963920383
0.3020507149740772
0.33592275003095884
0.7187036828002474
0.5363113225548307
0.3559520905785032
0.08185955356374035
1.5666893674750897
0.049837341386567265
1.3409857484209995
0.6271803727476468
0.1872647138148704
0.1162142213011091
0.49292460820928014
0.5359449589856359
0.3694539868758546
1.344941064626317
0.7489184607867924
0.44899723768892186
0.37843327681247796
0.2097005382458884
0.30285328936805517
1.0196913039634794
0.9458284281302899
0.5170907314622927
1.3196642702953365
0.18416899525760447
0.6733143408781664
0.4972626978762733
0.6647865259355132
0.8517978855407915
1.837320468892017
0.4313044969152074
1.5010755171745178
0.0794865235842423
0.16935567244617883
0.2422190562069528
0.2813498627975296
0.16759362538604064
0.277703061019761
0.3408309617263953
0.28110365659979347
0.1807474407045128
0.8377555730602176
0.3724159902953431
0.1535239526014324
0.7721234694270162
0.1666031816535361
0.16289866966836797
0.5669683486850357
0.4354750159825839
0.3224337558385077
0.7941866939818653
0.9681096577979001
0.7574679555880437
0.26577804126717597
0.17784790569130995
0.5020376042661072
1.0400227749947393
0.2228934298440044
1.2353691867636243
1.5097907683601395
0.368441011508836
0.2287743333194683
0.4552082185647884
0.4052776063672508
0.6005528291181222
0.3250731786492653
0.24942438461681088
0.021816520015567085
0.07475118731247231
0.167100096403816
0.21832657482357398
0.40860295231832033
0.18456103936439835
0.019497826274575133
1.3402764578607709
0.2646858628798752
0.8758594027820474
0.046600141389878925
0.47901629696439824
0.14058138055652505
0.7218812020656399
0.1924973882574895
0.08346935413354171
2.6189928486662843
0.23061659646198823
0.5127726309087027
1.185531201482131
0.24253031320966437
0.11118043177839641
0.6679348377178587
0.6302409748437685
0.15719182504685802
0.5925893797630576
0.24664154242676323
0.1628380079044115
1.26854616221644
0.09912217078489474
0.1463810190302305
0.6538533995470953
0.24266466331304448
0.3147990984855074
0.6332117980397965
0.04890536882761197
0.07293602875286997
0.5830081960065077
0.3307247739584603
1.1377523646578875
0.1432046013464691
0.1424876603308431
0.5517091304763647
0.40148369495091274
0.22298139963750024
0.15254946496181504
2.0300957772318453
0.19333717211633406
0.5695255738496933
0.11817300963848942
0.29054500652133614
0.4290915256013047
0.3708152899204652
0.6723689356957148
0.9454210678803011
0.13062610878866268
2.087725092826158
0.6558882681168866
0.8290546787424937
0.16142323705371525
0.09415589777809656
0.42056321245041006
0.2120637748236478
0.18413950401621418
0.4491728085853067
0.3592087911034078
0.9732767786324917
1.1284391213469456
0.901014271073789
0.40210737651238515
0.39136786542277735
1.1329593075390092
0.14212793107608676
1.0040847464191909
0.13695452554051174
0.1784759561015218
0.5081539611083654
0.27904368668920865
0.1207535402504236
0.5876206881722319
0.33844969525912577
0.5468641336116491
2.9294222397090897
0.27997166990971994
0.3483770180521237
1.4506308005951876
2.189459712872931
0.7893389089948069
0.12353465249270838
1.001584089134506
0.5956796883515796
0.7278378746028277
1.3287733584466073
2.0349972398982206
1.5679948749649126
0.027685357984616174
0.4345301245199356
0.7924412968540454
0.3347968546482499
0.4879200521535288
0.5775050347400227
0.8871496514921514
1.3969698488312994
0.2431718300507421
0.058525254124232096
0.017283748492043803
0.1886169186621883
0.056838492452187056
0.023162051940996888
0.7617430453656118
1.0965397584938652
1.37508103297663
0.1099902810751626
0.042193530717348125
0.14489038397969173
1.5017568228798701
0.8978958503881828
0.22573793197234207
0.35593332539836425
0.03213657080188345
0.031254211036470185
0.4734722640146332
0.11718675210981576
0.2690189084506333
0.5981593337355343
0.059424967808620714
0.7783899827645191
0.7314225900646216
0.29565233847785366
0.5874995161576496
0.566361694888799
0.585393601042954
0.46871167964577565
1.0852063913446415
0.1890573546592949
0.09058756154999224
0.5523884224407866
0.04191281245208634
0.21829671254755853
0.2094202110030467
0.4271398188902948
0.783843404235753
0.02393687334124307
0.11185018611799022
0.1667839471193681
1.814685789472484
0.5041183873900859
0.27033993855910043
0.8914847080519964
0.10265172754177004
0.9026601613464705
0.3002242335780798
0.04504084348483131
0.19316763185135633
1.3089052849280938
0.2519524053508658
0.10321327619904291
0.44980981178581597
0.22588318159610085
0.026763606895459348
0.9593220533412801
0.06749829909369749
0.16819668994763703
1.6446459912788451
1.241250722648818
1.1375982550961936
1.1785358626231024
0.37872111352322957
0.3625461369062008
1.1124142502195087
0.2455236080364819
0.8820512388347065
0.26257834484888765
0.60602041425659
0.09790207101826358
1.4387223166139969
0.0812431582133161
1.1951146367646264
0.36426273748905724
0.1167521196695885
0.036180488025962514
0.9727359896809629
0.48505511615821345
1.1504882812269694
0.7755348788480246
0.6618554453628376
0.1781872531320205
0.8549904964708117
0.42023558595563903
0.26682834640820174
1.6513761803367815
0.33368953798309564
0.7013346070307732
0.175838297642839
0.33079276760511367
0.35369147925217576
0.3427016271406458
0.19398264632993845
1.2324009602355763
0.32411396664830666
0.9086943778187658
0.9395347515506491
1.3075007155574938
0.6737900283552957
0.48829289003228205
0.8834726862694291
0.932191665847547
0.06761094740328019
0.4089105499160868
0.07824399273712472
0.19338613313622108
0.03582382847319072
0.40124949346716404
0.08897916899556403
0.11751503740623201
0.0489562189787856
0.22171031309881126
2.290873049129003
0.14072268329388873
0.09681512999158738
0.32807215615895513
0.49898864177166363
0.16338969885576402
0.059320277040009334
1.1019545769592909
0.38543673310834564
0.18716138306124308
0.321593878395351
0.3446580046202193
0.45274238462486005
0.006494655513947587
0.6513138570459036
0.7502530816923535
0.34806515207976096
0.20790276064369403
0.12266509016698199
0.3836014597701568
0.39100103424440674
1.2732310224965575
0.35452844979760867
0.03909415937745854
0.15999718224717202
0.25540120859954807
0.11835038956067498
0.6367825835947026
0.08669401968147158
0.11095420160091428
0.7551612473814214
0.05634967106237795
0.01907916968107773
0.8033530307889257
0.3186808196562099
0.23677027151958727
1.0361350914479608
0.03877507917462443
0.12762592986781005
1.0385600659474563
0.19107665341488084
0.02656088955198445
0.803257550867346
0.11561273104796162
0.7191150120205669
2.3552075117466043
2.4627161008893257
2.327603671797662
1.2854802091201845
0.23172780800624931
0.2690864160290124
0.20587803084113113
0.1920309099926932
0.017567076234083726
2.0579700380317165
1.0006730053028707
0.5772161686697577
0.9014552308555701
0.07259830617752436
0.41985598644412003
3.407327733908521
0.18979859292947043
0.7214743393412565
0.5602200121680883
0.5870119844171168
0.49888554308923916
1.1381334773117315
0.3023378750646119
1.3082892173157863
0.4742518793787412
0.31926310445615674
0.5666594610419479
0.659458181260451
0.054406247949311246
0.33138163567074824
1.3560365335132447
0.10418497836917237
0.18844814181760008
1.6172457481367772
0.44917737705014454
0.24624160769022652
0.6436368432131659
0.1584043358902772
1.3273882854850048
0.5690200244181204
0.49235713393625885
1.2534448178896296
0.5574688772635216
0.06308851589717974
0.4540878110168784
0.6315093463118524
0.5641496954460288
0.6239201268120733
2.009593702087374
0.2144398334370554
0.49578753486580335
1.1350253820308498
0.34508332131368763
0.24649515066882535
1.7686382454288965
0.9869429031032294
0.6106249869097765
1.1728901399267022
0.4546863477699628
0.11286644916516592
0.2993993836725498
0.47786964363105927
0.2687343923706964
2.2291332615969437
0.1434975646882676
0.775628722977879
1.6571769612647658
0.15248256244665606
0.2638671042064256
0.21681695094723316
0.27649384479108696
0.02039639891212983
0.1612711312913814
0.8981468275135012
0.3421760649189867
0.2557454935380814
0.1533509758442441
0.06446965818521555
0.903514591114296
2.952634753953915
0.25940587301674134
0.00857266537102218
1.2648513027991632
1.0425299507200536
2.0466810362156456
0.2139663871906791
0.7063964877613661
1.0582202339306017
0.9204395654374534
0.6226594133539982
1.6759319222801496
0.7625678816640745
0.5251461454554912
0.31771609030880194
0.12321000491885538
0.3816205029529871
2.5314500233986563
1.1429011363409673
0.45104259647605455
0.41331446185607723
0.3516490815587014
0.4739822666114533
0.9664147954520822
0.015855182506486504
0.03207667385970057
0.24487485905694914
0.9822325276769346
0.9504906127831528
0.1516441444273723
0.11226669723730992
0.1239393194310083
1.2652456450924006
0.3078889142295715
0.4500369796316997
0.15277403652905275
1.5821435637152295
1.8427206753207581
1.0834032009251224
0.13233849716803975
0.17442033424796421
2.9026829522663196
0.4916463080903238
0.1108490098829048
1.0525456179341077
2.059953619692767
1.2679098568237415
1.8549829211693534
0.014800916238963176
0.8810610042867697
0.9945820574867869
0.38901019997922925
0.5175197750653836
0.09611424762290513
0.20161853336690025
0.1812312166876231
0.5245250075461553
0.12778054089264873
1.0231738858674806
0.7402279786997047
0.07589747629090209
0.12497763274827905
2.433957243580446
1.6634254820654923
0.14532102217496248
1.577720252785314
0.9065418713005595
0.3889817171674685
0.5830794716804429
1.4192085362401738
0.6985690264883306
0.37168519432865527
0.07891600837920645
0.2942828073903077
3.4843198104026643
0.25347725354604
0.36062498871486587
0.37998211483434724
0.025531383014670183
0.11400965165474998
0.36741669978239244
0.8243240455365226
0.20339200802123406
0.6751424219712532
0.2004013583887316
0.07647640373901794
0.18865460547355115
0.0902143745658285
0.15091857569887662
0.053440146569750345
0.28370836614972617
0.09790937266136783
0.7719926410336282
0.4667192073265313
0.6285769560639296
0.437788118662979
0.04158109610656856
0.058934752853846716
1.336067220004689
0.6610138222159136
0.15543688941940317
1.167120829845402
0.030348534714332263
0.1875720743625532
0.16464799284773518
0.022308183553354826
0.1542798094895294
0.21225478707290818
0.20633959441419905
0.09650912185593323
0.43051691908519363
0.3868895814261901
0.023226475932284957
0.22653094209362085
0.10528384561148843
0.274082893917271
0.6753104133386463
0.28676190184922273
1.0215118862804222
0.2464757710071213
0.253125639402026
0.20266665720029423
0.5020796866339249
0.5285248043932671
0.3470608978885048
1.560623564730693
0.4440082327601247
0.5679249547188747
0.2865470918914767
0.03756103997756341
0.3229963220609966
0.125037650596996
0.40359748374570525
0.19825384289172945
0.5850393088739645
0.5537112927703222
2.1330604785520872
0.7487340166092054
0.4009108233778035
0.17914759831850244
1.3273915102171039
0.8146512846948282
0.30561136635616254
1.755770942548217
0.7890025359539885
0.16658390627792113
0.19570902687174208
0.17219448649027358
0.11876945852382116
0.4551834561862351
0.21086525684277402
0.542810475532008
0.9634503162588091
0.2299133643918824
0.12100520776117935
1.3117406829808032
0.6463520113954562
0.24668179331569287
0.9897425475330704
0.22814039730101487
0.08015919584325856
0.3748104527177481
0.024790880637532698
0.33135404351591535
0.25559404133616737
0.929842835451061
0.616653774991049
0.8719564910170936
0.017973003828063515
0.11901729971460505
1.0091014718076816
0.15977108144673768
0.13822276870343045
1.5231686976110632
0.07015455928815631
0.4821264846212007
0.2705931287013328
0.1668058406173031
0.04721495904828711
0.07998223849400467
0.15398913683247578
0.017692342155389878
0.13867645943831342
0.34904699936421163
0.24162038843681424
2.85557756652579
0.8038757746178069
0.04911366027313659
2.3864363855509563
0.47763265971094754
0.17576510014003158
0.0687567761138928
0.06736363001243556
0.4458053881101517
0.2162653570907401
0.14073727542326345
0.17547388679664955
1.0312967744022161
1.4794681588836867
0.6029204234404373
0.23276734609749702
1.0554096127495902
1.1963633400446738
0.6764703046012404
0.5906754364927994
0.1080841615770936
0.7542252467099091
0.23762364844795425
0.5726173379708577
0.3597082036967334
0.6357207066308551
0.3988413829915017
0.29732152386118527
0.4343538733616712
0.7245334550576503
0.840324562230424
0.7951051968706752
0.7942568531237058
2.095332941834619
1.968400127453471
0.2642659019671651
4.089769027305549
0.24017336023290403
1.2604954626493476
0.5888255530940663
1.2896580744555257
0.6637225749063966
0.19150686285538485
0.33908243025658164
0.02480893424863144
1.3423184686217438
0.1013050855382617
0.08073730803678437
0.11584661074110837
0.25479818651391467
2.3348013146252016
1.884668036919025
0.2660232917823302
0.6032128704627866
1.8345269118059855
0.7625128717379028
0.6422867739553471
0.7275227035690838
0.15600067505403867
0.3871869994771952
0.36772095170824587
1.4631022620583065
0.08500141103732575
0.13876882806689853
0.003312700528219606
0.037465110956582386
0.7063283103641009
0.02197705066901231
0.06631925902795473
0.45041689076891134
1.1345865601243885
0.06726154219285044
0.34363046982151046
0.2332564561438314
0.05832236215364212
1.8743323040559452
0.27679085834321243
1.177391241603086
3.9498900683618543
0.0780637512240352
0.05477604816480901
0.14043741403785712
0.01038546803319431
0.48894968688505136
0.9095749475131413
1.7779530337923422
0.2495692427056633
0.4234177906653887
0.3111178882648679
0.13355521200105785
2.729892669350783
0.4286626636267236
0.04245137875018107
0.181027906326804
0.09615443322273559
0.14637084457966096
1.0785560770856117
0.8074751685468872
0.26794269666047343
0.0818695080985583
1.286756109127811
0.43461290118047313
1.6405155380650904
0.1886881421498029
2.3670179666023388
0.35939876278242533
0.05866305372633205
0.4002525496837296
0.057304546774589335
0.12467795279382764
0.2776038775508506
1.7843432803606525
0.6203081575552374
0.16821640483540148
0.09578008253097883
0.09900193089966416
1.5779766383429472
0.11912088620908501
0.9354186516743895
0.2340953527629714
1.1572223415140601
0.07924979512753415
0.4310509394606323
1.5906939711761832
0.6133914829447573
1.2483476810326313
0.1105439096364499
0.20146560996045393
0.27799769265588
3.4732357711847452
0.24553302112038936
0.04655508128445931
0.5115141540264734
0.6555932894286306
0.6605381772978263
0.1898321522962388
1.0933903625555212
0.6927306381216305
0.9390546460451014
0.45376055364881107
0.7372340020211942
0.05769961036971335
0.31300201313247067
0.6172347982424579
1.2087072099622005
0.385984494691936
1.9633079441576338
1.1772538286967023
0.11266397084063647
0.08069816730581149
1.4780269245105895
0.16777402148765327
0.7558418726827394
0.16121183490081692
1.1157074674346226
0.8925002955813478
0.8378058826487065
0.2372716284653111
0.06764445946273469
0.349114483222713
0.05925798046700832
0.2237347359790833
0.549101639125907
3.6441669850308664
0.7611736684304338
0.24857480992064962
0.14946491032213333
0.1026433892012565
1.184104050477097
0.4583240443080301
0.3071334796276516
2.3666350035327635
0.06493177796562673
0.2488781141782805
0.6435010155265135
0.28007681283189406
0.39188831837532984
1.1883629611179383
0.6039460226783182
0.12993170468212423
1.478183570755858
0.04986550294729015
1.0591922253419026
1.5272846196855205
0.14615575583106788
0.42559554176425674
0.40850547061990394
0.21189290582053308
0.8914131030571117
0.8937899251527204
0.91028247381503
0.6064707875157016
1.0257289728189078
0.06785534487095125
0.07244730347423926
0.4085599322828589
0.3923041624717675
0.05329278672462696
0.16588351710437715
0.01019358709543083
0.04260516610176341
1.0885013723989903
0.37697446436562704
0.2690981487322422
0.9305669065269593
0.19539006685065688
0.13947501553988545
2.010543726907925
0.9182108198628685
0.7788131966894795
0.9207804391794452
0.20785100675933268
0.4778184932530581
0.9878856585406128
0.028153098219093318
0.5506949949508055
0.02209538123347728
0.6809678320391872
0.3130083105389425
0.6460521351808389
0.11534093853812304
0.4345952766841575
0.14931801155857086
0.5428961138210638
0.7862069364476529
0.3164602305668453
0.6619369562115107
1.04739641383839
0.19191796489372379
0.13683508056492202
0.25880679806277196
0.6932975315820517
0.019989037958727723
0.21463992892788636
1.1842535759278492
1.0130725514289192
0.3498518595878278
0.1598590644019541
0.4875085759385339
0.3847419060363428
1.3136539286722424
1.1102217229164795
0.11672888824663255
1.8433963606285122
0.9390219417439781
0.05157014353084685
0.8876252363618036
0.054875670017511535
0.07665483980837626
0.8971318340038977
0.5466334598228836
0.13358138138389455
3.133661919444627
0.18298939005215395
0.2706797641569641
0.8150442423928769
0.7314385151390459
0.628120305476861
1.0346565048046679
0.9426631712114589
0.07182858507248002
0.2554015019927978
0.5376167910111364
0.5467236659975092
1.0137111340833365
2.0525817869992746
0.09661982909645953
0.6513459088929175
0.3067088990531579
0.23939076942829873
4.056685861725822
0.5376504031597813
0.6351014208229027
0.14317292910089027
0.5324211892374586
0.49176301958602003
2.680752379604735
0.20999704037852288
0.0902759843630224
0.2420167586631563
0.01321300555048127
0.9456264634282621
0.4487434378902845
0.04255631768353851
0.02531900829102263
0.881582869633425
0.7265532099994575
1.5107267993268283
0.725008750052454
0.5661952235952933
0.2198838031512911
1.0001967863961214
0.6714206529443374
1.695448171137855
0.35968967444873673
0.10088483102655436
0.07963009388865212
0.9299430927921547
0.0479250293789634
1.1114202502989066
2.225339231194004
2.1907332958568184
0.36451932620090804
0.33417162388559735
0.5506741220651346
0.274324793057765
0.8997336142990623
0.052634600298762636
0.03018630529921389
0.8378678821837356
0.7734216396037854
1.64865974703019
0.1003843095733322
0.2736465487044588
0.32129771396201895
1.219673950485966
0.11369907245165424
0.15678054388208293
1.1453171205262733
0.10784956656263864
0.4027901593623431
0.17341108388374596
0.33115091001888425
0.3721996480605522
0.47139272155383605
0.5305559555376489
0.014842384562375613
0.1090645200370928
0.5432797894291301
0.5483997251155559
1.297510126088001
0.11934460830944026
0.08736381782277462
0.8550901343309335
0.5485267472942161
0.7505285594046939
0.8794399203968805
0.34473517327280695
0.039535274358237116
0.3273637519884993
0.07108629554931079
0.5374887372484628
0.7665806725239104
0.2129116031361695
0.036060144664817995
0.05867363533342757
0.1957863744055687
0.07913105978849364
0.8302816848265863
0.1268080414014133
0.3070684363667574
0.6214807599377803
1.2251022938055747
0.7950570284721734
0.6725122686275443
0.7217741064401089
0.6519912725590347
0.29431679165284685
0.2981460220097109
0.524308283850176
0.39003341895830956
3.1434246617916184
0.15935330311361656
0.7289486965521539
0.8889090332806657
0.22629993330888257
0.13791082741965166
0.5020889129337242
1.5780685173732156
1.5542649982983303
1.2348281116477418
0.24147317295157533
1.2463581657698455
0.06195603349921795
0.24517537739068132
0.6660477945470344
0.5627887776675251
1.2302597018315176
0.028395543688670904
0.7028174127038818
0.3533650040922277
1.0346037153227865
0.529391287498869
0.6940844265617974
0.18198136799490613
0.5271711585197684
0.09737021796320895
0.03686884747801386
0.68804940615601
0.20645960089022614
1.3597257307699424
0.7789012348243742
0.1998093691333661
0.19132105311891795
0.16789546918524584
0.2769731155397792
2.1208016302097312
0.08285245561605907
0.3740345617886064
1.133212722538681
0.40548908551512225
0.0719808373821604
5.060191645643226
0.8200227609800603
0.5212580550452898
0.03521168489093321
0.49915854487613986
0.13827997386414356
0.7654958431974578
1.5769924456967597
0.6928589033599011
0.3285257421322973
1.2064783390091738
0.05164916580818143
0.6128485981346302
0.165691900348401
0.21478482161668985
0.7143191376370555
0.35320306310853783
0.29187029747377247
1.3481053682563793
0.2503317031438055
0.20275273160039367
1.6320616406907846
0.33987078359339634
0.31547292614417904
0.32285740721684725
0.03925746952935988
0.007290579429102745
0.3235603469745856
0.026186920830531528
0.6070680652203203
0.3620414540419338
0.24472215757605553
0.10472372158932897
0.8281548397607801
1.0064619862074264
0.25461813785294396
0.1051128792844982
0.16555547680615898
0.0667837191147636
0.8525884483098815
