1.6046413588140607
0.2699178389142138
0.09754308669020291
0.4917446513851894
0.02298783178633511
2.1068793484389032
1.1201751518806315
0.029953774750081236
0.305153709660179
0.4227059502264999
0.4559749369093405
0.04695539429111217
1.317584825208729
1.0979974639999384
0.5083268421064997
1.039549501973365
0.927581401286925
0.24195253325596902
1.8664713232308587
0.12864824791688623
0.8384420330805634
1.168501881656489
0.5472844801035196
1.1917541313770545
1.3245223965238166
1.545112933987751
0.09922744377737949
0.15940734840246062
0.2817243440803354
1.3111983898113646
0.7380534105272554
1.1425033095749617
1.2453810453618626
0.7387634475568636
0.5791656093985391
0.30731629052180753
0.812589640756075
0.2578982511813291
0.5044397195027321
1.3847683397781574
0.06577484894624366
0.5386732717601954
0.5376270087848162
0.5800758095983531
0.5370414262023238
0.6139706632038561
0.10261756180491534
0.9568700240121208
0.36799879698427085
0.7638600874348012
0.13607157811596213
0.24154541518221173
0.23033217123332755
0.4675701223217474
0.4558598894033557
0.18593725521007404
0.01852266225036995
0.6132238381157935
0.484121026171663
0.22038981816559902
0.2787338344578103
0.04604179951945347
0.1181839525924424
0.36096316267907574
0.6562585057453875
0.4289053171014968
2.907994776849549
0.0803873430311354
1.7975208897937098
0.5300781995684085
0.549122757645847
0.26591290033971043
0.7034474330585981
0.36876720270944346
0.30839833408770717
0.6876912623041401
0.35126524190122727
0.18437986792682076
0.18925840275856587
0.9197006455850363
0.5671117294527699
1.0467642838894868
0.13893310714460722
0.4644850142147909
0.9186576745648442
0.5662933387024439
0.6311763275815265
1.1769426321465482
0.8264758513454044
0.7442521425208994
0.9707096614302507
0.2872073993721468
0.3404437091767531
0.7243422072078899
0.15745761624869825
0.5456385365622907
0.9472844269166963
0.3433379155701561
1.356711044034511
1.7231375531961801
0.20429598428623047
1.5690535872820854
0.1650594278806564
0.1694540886195954
0.12186519191602256
1.5334232937522032
0.6881202523298293
0.12440340193190035
0.2797685963903425
0.7324134887640074
1.0599706133627365
2.3704907537250617
0.7163651743510367
0.09746338097124439
1.0047519756047292
0.36928536940288315
0.06240664030890111
0.882934934448178
0.7455772819387178
0.5443676297201361
0.7524382932884075
0.3571445282604624
1.0559841943870858
0.9893413891165331
0.842502733972219
0.5395471979830533
0.8342434270072547
0.07431911683112769
0.8646923517653688
2.156533310201312
0.5159784630577818
0.02420884487814728
0.3693833528570816
0.34663271165167836
0.2277469810453116
0.9738363167476359
0.07125724071616096
0.66521962025201
1.7155341026022721
0.23548404558363373
0.26707569882738436
0.23980337543148245
0.25125114980822
0.7751555569804615
0.5850211458187483
0.03618447204994536
0.02354711854160261
0.20728197368380305
0.49860340074760284
0.0027549064122190975
0.22861536343311767
0.1414243854804193
0.5402227204727141
0.25694971220494833
0.4195640933707752
0.18980613831085708
1.1228016062156436
0.053990435252114485
0.5198824971863342
0.549296938056846
0.2844263698413326
0.10960764073195749
0.7052096804203727
0.5703857236132137
0.48807966932825403
0.19785241041437965
0.1634738352198205
0.9294433347345767
1.3677625880406241
0.10139759396129804
0.09793889128107398
0.3317859160798682
0.354565498652678
0.7697207682363665
1.3707378149258398
0.7398909025065177
1.1815091553524613
0.22242241537017757
0.031030434250557962
0.641879390373938
0.2672221961721506
0.6303765829914556
0.6757924946755173
1.4402155322880217
0.3160545532882545
0.30239433353899203
0.6473369551730757
0.4383222501134162
0.263054088305794
0.1600249178808255
0.2813101905135473
1.0468223529509422
0.5066366856269552
0.2788754148941707
1.5706308932675708
0.27273999211540534
1.0965154468613536
0.22958289264841605
0.4547274779455212
0.8572485739221521
0.47125973438845514
0.5314799123933718
0.1709133389161084
0.08468974686420151
1.2816199166838609
0.3198040463222325
0.20127423500815403
0.3224166841391855
0.25120707298430905
0.4548890870641868
0.5060195912260592
0.07807328204246448
0.18678397523462473
1.2341461903275996
0.9184433904685159
0.15445256939547258
1.0787144733545369
0.9978955639155233
0.8468667664942463
0.45707491358448926
0.25270673166616936
0.2070128339307189
1.0023686985795546
0.6221290074013544
0.34101145082577805
0.9291197492348102
0.06377983289895689
0.0025091171889407428
1.7672451168646675
0.17180050792068832
0.9517806563503409
0.3670276985861948
0.15581915057742757
0.3006111215132019
0.6840295369443945
0.08709299521559291
2.0295343561733
0.9094370389969993
1.4107296679589865
0.5095697154212224
1.3229349813083335
0.4080290477707365
1.1252585905681713
0.58036058189837
0.6901394087435758
1.233333567499909
2.043488795463042
0.621942558003691
0.7990135964051153
0.24321964068409857
1.2533994143122615
0.9453399201095742
0.20752665167033205
1.0589166478197594
1.0554590316502341
2.301293817357277
0.24104610887074399
0.8354966881270168
1.2007478384428134
1.3564376260044049
1.5568215494851112
1.8029800351093783
0.3802456851984538
0.823966928238789
0.07817240608940627
0.04795190788556175
0.08061389635015671
1.4373627876545318
0.4256338405879884
1.1136839971732408
0.7310402974096838
0.4035637102033937
1.7078125008569192
0.6436265032372072
0.22730874171271015
0.22918035086738422
0.19029135409972037
0.4343576268433904
0.9798107615867809
1.2488136946970498
0.24164243520522263
0.019610681717034267
0.2880891822829536
1.135287763819587
0.9297119613175726
0.9262176422652183
0.06746760010487633
0.03085896276794245
0.3104621008800842
0.03732370594532904
0.08380214631655034
0.8212645931228231
0.4720622403658647
0.3305564295734925
1.8364983030118245
0.06028388899838895
0.37599433899214774
0.7518437416423676
0.08907960152327314
0.5284614311375117
0.30716885194120996
0.2049284490435509
1.2343193770848673
0.0949626032918626
0.038607452149222
0.2776878689202962
0.5718469844302827
0.15549967032684447
0.33832434630104524
3.1798525246147507
0.3091314073531601
0.530472769666001
1.3484007397674218
0.16228637386577366
0.032700998982866686
0.2988140166312251
0.7172348760180701
1.6051111882573241
1.9094377135064078
0.35217636727006807
0.200385747187523
1.0516656946794791
0.7235511211266298
0.17654980263009537
0.7390185828594646
0.4511849432135435
0.618008799067572
2.472423129662135
0.2688957355283295
0.20469201832529432
0.3554388723411714
0.35994326843280655
0.9689785072769976
0.6607140100212142
0.7308179018526295
0.4461644031359996
0.5525282907843102
1.0274431692623955
0.5315760112168028
0.6730786813894047
0.022652678142677747
0.3141500142027636
0.15216222806020632
0.24353698995903522
0.027886073634499395
0.27409792668454175
0.9106269516318641
0.919355756641589
0.07471285887794302
0.024405003152193877
0.1815383191808394
1.094117737263548
0.3438027366926121
0.3138666073597436
1.2791798402227907
2.3856894824859824
0.750827004698529
0.28642090043047963
0.19773431218653895
0.0005258681925534186
1.723035477289344
0.23341038031042463
0.2703054627203316
0.8738723758570117
0.6271526130256757
0.8194047917589767
1.621120603634239
0.5625672773070208
0.5470158415132609
1.186443876058008
0.2330615844771251
0.2212027991179573
0.3141310264923624
0.465906639086972
0.2842307042779036
1.537009997855007
0.441212256289466
0.8967433153131762
2.613272849815423
0.15052325057162166
0.14513980545595842
1.2731204327510324
0.08911628553628002
0.28577485513110823
1.7049642970796117
0.11759456853689634
1.1568576519541016
0.5499707521040241
0.41790615780716617
0.6776329288879926
0.6702896644191813
0.3665983939429715
1.2433172152154117
0.30300455587783476
0.06352483269640104
0.03279595825342943
0.44067003537365584
0.17670146072696086
0.10591119016207116
0.8496232722794284
1.0889960064413966
0.1119625736429943
0.6706415235049582
0.9323616234077706
1.0104322587654395
1.3421097588563211
0.2245644202155837
0.5753137155874757
1.258380059515314
0.1286776686524594
0.3170999441809844
1.2124544663912162
0.7405229843816916
0.5735726195675811
1.2690499354056926
0.15670046618904604
0.75840809271771
0.34051598757004997
0.27961353114334153
0.7407843939672801
0.2849749366287528
0.47247199325164807
0.3476374251654061
1.5943806044957165
1.6845360276968615
0.37202591591257356
1.3755484057183804
0.054112510728754074
0.18125374869304545
0.4668916667402201
0.14963574477659583
0.5017462511833646
0.2754121532683009
0.030778197518791777
2.1484858322137415
1.1049569515964828
0.4514152919684674
0.050605688495937766
0.9345943333519992
0.4333042466312783
0.9508516262105526
0.19028680797203265
0.2508172446828619
0.26583201862255984
2.013319760523786
0.04238819589762916
0.018649250684800733
2.525045956747726
0.02739949100765154
0.02552977243171729
0.3555380014946993
1.3377083872143387
1.316551507476569
1.003985053360066
0.017220276769424378
0.10879700374467868
0.8745416382033648
0.11512953275292875
0.33640987278984696
0.9269613827265136
0.26279208183882397
0.6126822792083763
0.5983365611107979
0.8954218756681686
0.1977239580237139
0.8637971991962609
0.3313656295787205
0.5120391984436561
0.9017555674948174
0.9767044581251346
0.13398317347781483
0.8064009175362118
0.061813019138435774
0.26799191692327434
1.0622068618163394
1.234161169179638
0.7287732051047421
0.3306070143749753
0.02601074026826972
0.06891570919930487
0.3071723101366895
0.10814427495662567
0.08186829766024993
1.3913067596582307
0.29889001022508
0.5456141069309367
1.6158070787363228
0.2588400812095161
1.078319863072639
0.4802532479383307
0.8923276764358546
1.150538980562693
0.20278655167159762
0.18171197967493516
0.9997417218737622
0.13563132557433835
0.32528204483854817
0.18803564678185836
0.3393416196095334
0.3690686458391212
0.2043552161574947
1.1847262309559705
0.40523732791624856
0.25628394726764825
0.7433293640004467
0.06783029478325835
0.1418545886495657
0.7521692371772963
0.017143856755017266
0.06709137072792294
0.5348312580651505
0.3538806881915817
0.5031871935668312
0.3610181661250093
0.22395283901573834
0.020469197520582252
0.1520251501134806
0.06484176366181243
0.7885318645242851
1.3493085898836663
0.6804724265383147
0.9825654844667523
1.1197185679072672
0.5566488004131447
0.5269637564688437
0.7476934428004869
0.46208467387290253
0.46367548830558303
0.4324189110993057
0.22571790713009138
1.1539239628906168
1.1966147207526394
0.26569118217199433
0.4318798954165486
0.8830549331651758
0.1504116665967117
0.17464021587849254
1.2058885337401026
0.5730525240276398
0.10872450153111811
0.11826491658598676
0.6036170040567491
0.49912357699173665
0.7767703910778102
0.1858499190091658
0.27858144754871034
0.581283571320174
0.0831506006986117
0.08840741505407516
0.13311979002337473
0.1554663199540208
2.2090604359632966
0.41146461384764216
0.3856632527498118
0.30377155289335656
0.9186481012802937
0.6662151494155659
0.7349059928457036
2.6286363778747357
0.18106306864510405
0.5162340412015148
0.45455613062447686
0.9371649875913113
0.2550100193415209
0.9871244941405763
0.738685400566462
1.2249584403847624
0.6346513758696146
0.15958850763222876
0.02178576252594204
2.8389714774697414
1.150697014679921
0.13432834493424026
0.426960116699043
0.8808225297045487
2.0458350080572933
1.9696603284836123
0.1347572390671954
0.6423470263562091
0.042218753002685704
0.019143207547303902
0.1135505740166454
0.6036835762093985
0.4851021972895442
0.5769221898765148
0.4440800480555214
0.0916055869864477
0.5200635576738333
0.32662519041651694
0.4176238055719995
0.4975537210675971
1.5030070577436623
0.3382680012614074
0.11472072455964202
1.6288275722461356
0.38854928301822933
0.6608968158708896
0.3116393462209454
0.1906260060470201
0.12720302869142724
0.766010826209511
0.38471470771756605
0.05810602361516004
0.4827631910429954
0.25938927933549605
0.3567316195271476
0.3296470017901
0.058661642224628434
0.0813606890649669
0.20820605201309342
0.8056051363990727
0.6680822994318021
0.2533025452763302
0.746810607139553
0.41743327849544204
0.6979551448728961
0.9028419450736839
3.4277722168051024
1.2092086948839895
0.7390875289151468
0.13534950126005138
0.7698817392769708
0.15265738579691412
0.2755047563656942
0.33706481898089435
1.6801523760257981
0.02478949768184982
1.8855161512998657
0.012744641644767797
0.8244842106139361
1.7382880969808578
0.12905213658692466
0.37282077223958915
0.34210908059024686
0.17676972426113452
0.28443594412286977
0.424682049435447
0.05305940041488584
0.30014047822784445
0.30236343955556455
1.2273408786611457
0.20596276674764502
0.03565421074696657
0.2563877840852204
0.3721090258876509
0.42138044629707944
0.14448054750613495
0.6896297017402189
0.5389134699985648
0.03392938488795968
0.03310453119698819
0.5569232144887515
0.6938529407730041
0.10345561637223956
0.2194407383734088
0.17257402196799404
0.0424855389246769
0.6819756783258057
0.1154671636859701
0.49398361167541177
0.9149321274932798
0.05489185550514006
0.06746709082166201
0.3390247426647554
1.0679628591773869
0.07456768534182694
0.8057320859571028
0.24274484897558235
2.0594628633398
0.6019412825845519
0.1191886827048239
0.03982063010837049
0.6376885339435
0.27222092224723804
0.22304316790711823
0.19627238300642771
0.3340887008737024
0.05412037203086556
0.48822363904954025
0.30470545000220206
0.525511704174741
1.2499963826365075
0.07753038337741448
0.05459789925201997
0.5655088637988938
0.11954138769800475
0.4139790672158902
0.7042095696696236
0.674066081275801
1.2478188723274082
0.07980262457087554
0.1473145757709126
0.32229595575984865
1.127071249561751
0.7457037666185208
0.7530945966017737
0.7186287527196993
0.07751005156300354
0.0540500521270111
0.5965759245902467
0.11294506225654
0.09388567153650429
0.5566154673181163
0.5666005385662728
0.5304965577269215
0.36996748097886334
0.20898230412469163
0.8061618125461479
0.9249754500822192
0.50305779371178
0.6267856042438354
0.2701083854289627
0.28547820969183757
0.5301421348933503
1.770944294227354
1.286264336292546
0.16138918077669126
0.6258727335138462
0.4983088061785773
0.13991942877196756
0.6427564631763524
0.059307305408315976
0.4093409224172182
3.234159352978596
0.12033606750647617
0.22280698741313157
1.947989192929716
0.3075886754260036
0.10948895374914118
0.25134379278921537
0.6412426227922122
0.24268791292561345
1.6275133340929466
0.8001581070344942
0.17116381923784438
0.7431451771467559
0.10909893523789364
0.1520178217006533
0.5283619757584067
0.555426780348903
0.06301603591619287
0.31622975969582484
0.0524788267830999
0.1427722714162982
2.1818211431002723
0.11898756085174093
0.2773307618552039
0.07163131870834671
0.013794880048906081
0.09067968312650428
0.08483809560741515
0.009764090865050989
0.7730933371899693
0.48115918725680634
0.41693201896833326
0.9183536976374977
0.9106596803251611
0.33548507580334
0.18740546756230034
0.5637866349422457
0.3857519199841893
0.3586299560088302
1.8030900424860923
1.2268382033146212
1.2107716081275146
0.28310776288443285
0.8162483055353941
0.7028485801844835
1.6875266537023166
0.23849755217811106
0.04684542199917646
0.5301414094146414
0.10585224770750444
0.026708032040767812
0.4488764573829976
0.567003665691299
0.15097395604897915
0.39815592409521333
2.085299612079228
0.14859168325497188
0.04643720620971479
0.09525453333934783
0.12076367354653414
0.8532555684869467
0.10261269453273412
0.29168679133225983
0.0719401603833768
0.21719529043891375
0.0783899310691872
0.4986434835009775
0.3128556583146991
1.459789887816679
0.12642485572987186
0.016381621608684983
0.880187146929828
3.136968568107507
0.4858216242286351
0.14628110616781398
0.9123441176082363
1.3722206843014395
0.250665415603236
0.30067530506526974
0.6141605348652016
1.1919202093821446
1.7743160134256928
0.8755549455045141
0.16025448397777708
0.7040126782890492
0.880983545651529
1.0029260458769527
0.4915118737721078
0.3263906745128567
0.11919583283519757
0.07390094808352995
0.03342123682021966
0.18364533898041924
0.4133994931553074
1.3698370376249411
0.8449530722158998
1.1681251903867877
0.5805945719709499
0.4228527266273044
0.09442421245799963
0.02049625930916396
0.42925162872000355
1.0631216644690376
0.7429299751465196
0.19545965502167673
0.0884431367778528
0.17509325057353106
0.9768907532549872
0.3896049714939012
0.12449313731345454
0.1323717415392437
0.00941918018609172
0.2255972281322366
0.5426148105811083
0.39255181704894704
0.21761216091266364
0.7857470092025345
1.0976059444982809
0.1216607688533902
1.961106490264673
0.025563061926769475
0.4906425951930799
0.4266757972566271
0.056232205992004486
1.2896813216359686
0.4586772332699394
1.2887174227785345
0.40871542427672575
0.8559317084061581
1.427904765733756
0.7387269501728746
0.46558580319040815
0.38786467187909673
0.5725536611838233
0.8313976986846363
0.23877365112581014
0.2588657842986522
0.2918621520128947
0.9734360430253421
0.7886016887421631
0.2626604851249084
0.7265769989019212
0.3265014538651576
0.5419689759380634
1.2165540521103888
0.07857286583185964
0.08203695568508623
1.059458746573967
0.2360319324858565
0.24297745351445343
0.07389549610474755
0.32482151841696516
0.2920432830242254
0.2974473782715046
0.40103694238012216
0.6028269765836417
0.040197329839164866
0.8383885112808351
0.5198684445737737
0.10900435755343262
0.1624761505128865
0.22602742215093183
2.2829092492429073
1.0228295162440866
1.5673054481467288
0.17942622079191306
0.043950262112350945
0.8440799507018308
0.7332131285739172
0.2714484366040368
0.13623923413376
0.5805732609231987
0.0986926619481683
0.17337627071210363
0.9813562323317803
0.6467377977389444
0.5171057523039704
2.09806521151948
0.22689347119368483
0.2825103657954649
1.4271374221611373
0.7691357064832013
0.10157101022419053
1.0090712746601556
0.28849807279292367
0.35954441717937374
0.09233339677162326
1.070693601082329
0.05367317328459331
1.5387806094879621
0.5071416043011084
0.3176098562123642
2.501939330115081
0.14012421169632933
0.12715307698653514
1.9443032120623756
0.6566678187701358
3.083867813599107
1.0186086984358451
0.007768943291916176
0.029406899707089918
0.5831708100819121
0.24865577641787165
0.0038876124890326086
0.13415509728045866
0.4639335066582688
0.37660541102949774
0.8002100244674786
1.8763942986898676
0.13455975144259658
0.20564825670171014
0.07061287095259941
0.1391466029345789
0.31495000808735985
1.9584933254668389
0.5309136756687606
0.8805429970936155
0.37120611324462466
0.020209443819849154
1.7712419131955082
0.8185171338502221
1.0535783671637151
1.9182237771820398
0.26572559820428737
0.7870172452962962
0.6974409462124668
1.5114408745062238
0.3522266872911814
0.27663152574958433
0.9817466554526699
0.2944617752230025
0.25182253095093393
0.3528362688977188
0.6827388180073606
0.22077242898235055
0.0026629924246875077
0.2924300934343208
0.7031237377241455
0.692995848452974
0.7285935137575569
0.916849117913119
0.6857912991382513
0.7522149739679841
0.09956636651454771
0.014959130820830627
0.0484225160262846
0.5345277596964103
0.6152499401580654
0.35065497668364104
0.46896768928643523
1.0337432958421087
0.017803659521046605
0.5958389128093985
0.19769231199834453
0.21302874822755777
1.7961902301583834
0.1551762576340315
1.28899346438564
1.4155282150922426
0.020966918251379203
0.37951439541366416
0.5215087073952901
0.07765925026609015
0.03967576349933614
0.2420254824166716
0.8073328897734116
0.28100956374378167
0.4429651179811014
1.2820947016893676
0.5807282799234738
0.3253221666986163
2.052550900441003
0.5836356699235971
1.6711249659982568
0.12829580713087207
0.10098157462547058
0.9286491966426598
0.6290076378325022
0.6866322354940623
0.3581261498200203
0.8402469211036794
0.0185195018834016
0.5021310203016319
1.5518324362106848
0.12799250317387809
1.2343140683529201
0.2336701271725095
0.7284499142514423
1.030772161702572
0.31643845296491224
0.8162400755081138
1.433000015394053
0.20790476172631908
0.10084651243214886
0.8789116916495383
0.4815348549562646
0.8982736980520546
0.5012302279869548
1.117088276579459
0.19141570426633278
0.8610201724308342
0.047147428376036866
0.15002671866486386
1.7548510907423367
0.1250880068528782
0.1647201175479606
1.168331651808977
0.2304578492508886
0.5749815502253641
0.4256577305150778
0.26103666857612573
0.29370546068844955
1.1355834223192685
0.3982885246696737
1.0302455259906906
0.215326650908852
0.05426128627334588
0.030105458719932456
0.22555101247827605
0.057231387140934314
0.10000625352434342
1.7402948278794708
0.23314017213563526
0.399852986099931
1.3312158864654635
0.35826691834376917
0.19888007419986223
0.11558427207554534
0.3667293006269938
0.3080825566960126
0.11875128012926975
0.2436788076490886
0.09706915364259827
0.3794242708289713
0.13550234179449702
0.15794721737211556
0.5395400996149761
0.06689794617760395
0.39942397878016317
0.3894955677336217
0.7186428786004051
0.33582997270376436
0.3835504698305307
0.021929729737161747
0.2642930975977546
0.513324904545332
1.864015265863534
1.3295484358594636
0.5772187360014243
1.5373729382278478
0.08811851344630947
0.7814296506161423
0.7550900452307789
0.4503437020536883
0.591301104616383
0.6495206584434243
0.03133802111115423
0.3540423352750204
1.204106724928514
0.22420245028144897
0.5632253365134465
0.5778816801649528
1.1648693175549416
0.4854821366739268
0.8824686449050267
0.6754780575174232
1.3438094101575881
0.5543137293748323
0.5747083743083433
1.4323302514902454
0.2446203377209789
0.17126175222704426
0.38866615293239964
0.07429275254347262
0.06693196523832234
0.4456463865528223
0.09672794868432834
0.1773139287652943
0.45660876232795594
0.029485949681361406
0.054221111714695944
0.16475707482892277
0.21425048130833704
0.41031963652129083
0.24644458842606604
1.373441912027338
0.02989318123921547
0.685786473007015
0.024638718578192567
0.062251325448633966
0.4855077329354127
0.18987165723537835
0.8914068893102326
0.7593937430871129
0.3331474512611642
1.0534507885397864
0.601122151283168
0.2414300084686539
0.4294063307282826
1.5687188628824247
0.2704314821853924
1.67177658169562
0.9638288080893781
0.3365025496482478
1.6864756057887291
1.3422443924792673
0.7065912069258461
0.11250432782394909
0.09748781043953596
1.7300624963445435
1.0532098519665523
0.9410673672711085
1.1116176583693969
0.03870873610812647
0.5041131697948974
0.08475078475495415
0.45201809227392153
0.023014972005769126
0.5987258275016633
0.5402412677909573
1.030399284891816
0.19543462595293784
0.7930401195887014
0.38965478576569407
0.17300998141346058
0.10925316247797162
0.26867905859564306
0.28558818916555057
0.49782847311906914
0.45268648558115826
0.9712831589185981
0.4156490592157742
0.203339263294025
0.47954025319882376
0.04173464905297164
1.6372048384389075
0.4315547311545038
0.09731871869266483
1.467276501711816
0.08624556649910478
0.08267919017023667
3.448971365303431
0.2935658840755632
0.07402922553820634
1.6715904105010904
0.751544213456796
0.23297963432727678
0.910020341103574
0.7873305049688544
0.16563462418649536
0.4235960202459667
0.8469410465785802
1.2090774346866884
0.6148159481043393
0.7301338896857942
0.09598254806831263
0.2487937719407152
0.42725785748674744
0.07728418733995696
1.3462111964093615
0.16365659086587087
0.7689063967999176
0.430952853331218
0.10315455809870294
0.4271369156064943
0.6243056961454685
0.3995097800811097
0.864039607738264
0.2886252341142062
0.10780971606765763
1.4015205689288686
0.6651933004267768
0.029020206637860757
1.8039365374704663
2.3720366941581537
0.6625070769325615
0.2034351434657927
0.5081706403616961
0.25469914739664606
0.2428616487141556
0.7632899098136151
1.1194498995406432
0.2087478852736069
0.6096741029847371
1.1067790863835743
0.22144284626444297
0.6426929991155108
0.259000989500779
0.25017838180660634
0.45806522371971525
1.887075272454229
0.7305954893332645
0.4272845114174382
0.7028777000205411
1.0045494758799136
0.4023251369674498
0.20839970883839196
0.3494414077577027
0.5881953921258385
0.7430950555100196
0.22569101486119064
0.9556123273364862
0.08098915403877821
0.16426586040681324
0.3556868039503834
0.19530264773039419
0.235216716779749
0.23732768941986107
0.19933209640764143
0.19598125302295896
2.956689754736833
0.1394724525576675
0.5891885139925671
0.550201112393853
0.112397404580206
0.8454003109528658
0.15044886840078328
0.5667421431698574
0.899620467034783
0.3374283997025723
0.7792524404914362
0.29971969645191215
0.8712140689275846
0.38459004131022073
0.8152579963900399
0.39126849353500864
0.4088502188976173
2.5917162525929083
0.5690637560314433
0.5061529625455496
0.7530808211991338
0.22142505311505079
0.027262603505248808
0.08421182061487098
1.8601538255931975
0.5653159804787318
0.10982485744681861
2.9881363194047066
1.5523313533824006
0.8597803658587521
1.5026045038758933
0.37568402978493565
1.9295750389212656
1.9278421042144354
0.15392386193803356
0.026974017202068327
1.1206463428660587
0.0719649628875092
0.06821436575300317
0.3234965822234528
0.07062199930439855
0.48616283176916814
1.2678574892842938
0.3240224817346008
0.1742464931806605
1.3729590494005137
0.5630082182454181
0.5735089446326398
0.5599379184175142
0.9035933801371809
0.2708015809610372
0.7876407396968759
0.4050405350371108
0.16069786292592822
1.2605117471460017
0.3181255449399612
1.1315632340601318
0.2997096637204671
0.7874877135374304
0.42839798398860673
0.21631327403829997
0.7579169413200596
0.8386006498311027
0.049009029236514054
0.00834891007584177
0.3024658065168387
0.13072854540539786
0.02392185425654937
0.06191181566921698
0.24794549180289815
0.3263226774983989
0.7922573637708136
0.5769284597786513
0.4006483752278093
0.2649382336845246
2.8970561866289435
2.220603803468306
1.5248364580799105
0.7084814269439448
0.9331631812059391
1.7528929078746562
0.96817409182494
0.5199097918620686
0.9051592043653048
1.5079127559660674
0.4077454213708228
0.27438536913268047
0.1695863351550312
0.4765997358423141
1.516362880080615
1.4066427996436806
0.31436337390928126
0.8587949487432385
0.2476840216041873
0.3506305124309976
0.7530227436334238
1.294738966231427
1.0984506863609598
1.747922958272791
1.01020428483782
0.2893787518984745
0.14791032305010512
0.7409108073934781
0.7138033810420795
0.6100510462007698
0.17435401097165457
0.10822225366135685
0.2165750620566772
0.123179236830668
0.9178376200496078
1.6387913484617138
1.51575609775517
0.44854405960200133
0.11054905513695915
0.3523443550639671
0.44303751013793413
0.5321509080068928
0.42129551252471065
0.24070495264004685
0.10472557681272053
0.4340579162766138
0.13606911428583332
0.24016819141814022
0.6404237560823948
0.06852921752047446
0.11887748161551609
0.7339470677526287
0.1450359742053382
0.05907687379897795
1.101265452921031
2.620788193062874
0.34095916252181135
0.3220843913134221
0.659207566251328
0.5558555910777023
0.4764732449942332
0.96168218160991
0.5893625631756887
0.39150858800293037
0.03028268301729049
0.8682178537992638
0.9811403065003625
0.1495711498298703
0.7779702165200207
0.44786316437823637
0.1931120875928736
0.3956162587495235
0.4553610803236492
0.7381955819115018
0.31082191447877766
0.9040344927375541
0.5402844339444332
1.1544744797932651
0.1575659136542754
0.2426579558149477
0.3033145198626029
0.22016747800563802
0.17647839173657923
0.05999253535189395
0.5072950643552985
0.7809885712686537
0.6019812730801074
1.5287109931610443
0.1092600224164633
0.9331826266939823
0.8826752668363803
1.449485563600201
0.30464213735543216
0.1341802773077986
1.4051479139348928
0.23385365548944118
1.342118634696824
1.6427530771682712
0.06632894128294305
0.6688833747385526
0.22309559713781715
0.18989193632225657
0.8586861003832001
1.120655902049737
1.015247782941368
0.7376595955020095
0.07392276626159762
0.18335956216863297
1.4887471401140902
1.1398386211254676
0.5124880000568443
0.2793557676026364
0.5211809443634215
0.5831223874457143
0.36264846735120854
0.15702455561473572
0.08874481727021012
1.2954085407552645
1.0884440487736387
1.4252117340660442
0.4257888950950111
0.15782168756693088
0.03474206137761997
0.25708349138592723
0.0187257120542641
0.020649262828831127
0.898183828628005
0.2830360679895055
0.052646557205473093
0.9046068753811541
0.6500239541793119
0.12876190892681966
1.672161824911096
0.5387498153744458
0.06215713705307325
0.04485653711175973
0.016079577550432943
0.04208038666312337
1.5204024010965367
0.9253593947336332
0.17679813762551394
2.9247872535001305
0.25815897301449864
0.15331457153777658
0.4628420598694802
0.165805183073606
0.05104695680286295
0.4547635599123579
4.543042324431609
0.7119307083219594
1.5349964831621634
1.5924005096920515
0.8507987753900519
0.5610118533019358
0.14212221208784026
0.9368475873641756
1.2209353525785387
0.8114645748354108
0.8694912442884889
2.1035300641890458
0.80546894767339
0.15899220569660838
1.5510069672609803
0.19003349333287453
0.6874916563503286
0.17906862790544867
0.05387338251735244
0.09662496751448213
1.681745617350057
0.4613859909887644
0.20696893791412985
0.8001287604978083
1.2249374987145423
0.14149950780661308
0.11673266466200094
0.07169194156199239
0.21004080279417017
2.8458247617386574
0.13913315501777473
0.8341064188050724
1.9114762220742672
0.22607177047675095
0.05762840025637409
0.8214673143880736
0.41145247767147697
1.433531276496346
0.36941838183405346
0.7882959490624619
0.9552831855717296
0.26745150788046684
0.40514458807339915
0.608643548458954
0.4081400872655866
0.251101920148986
0.6224653899447444
0.2618687739504985
0.1441161450024914
0.2730771036608989
0.28644629469329586
0.7252919467684459
0.5676954470486261
0.2855742821693367
1.0885153743489488
1.9359044896708244
1.0171774929120694
1.8480437896750666
0.1275326774667175
1.006497248242771
0.1827374059421763
0.3319896035724852
1.1574837274463352
0.3789892094516448
0.19604136743679412
0.30972695567280045
0.5434495430074796
2.525876311643778
0.3059080745137642
0.3674728394198407
0.15293079874551327
0.6185240698657156
0.03646072033253005
0.5274347120812949
0.828751608892304
0.7482032967210195
0.03428808437662513
1.7171918015213725
0.11151751446173704
0.610197751224686
0.6762849294255666
0.8392244002560166
0.17313708830395722
1.0081018856215394
0.6901255577924329
0.5136471927409233
0.47323921175355105
0.05153454603324323
0.8553398930331632
0.6064402247030958
0.6352306457950927
0.5365924249445496
0.9905559826164505
0.3679452690656424
0.34972550614573317
1.1981387834996253
0.07612869233712469
0.07857421730770517
0.5801925952492155
0.17485948436093485
0.963327339371947
0.7286603217993315
0.03622514430939586
1.2623618095098261
0.5313155171835067
0.44791696699633704
0.2677519865193754
0.4819078656930361
0.38180023767879007
0.7097264184972771
0.3751185058385352
0.41515059978178687
0.025089165771870058
0.0569111397324008
0.4246985170933748
0.09324730537917018
0.41538895407674487
1.0916622171701489
0.7578771067668126
0.2908460374594581
0.7305473092833786
0.5869216353140243
1.4366377639113752
0.07503414508937759
0.576229344430238
0.5712683227110888
0.07800124541600491
0.6340722891084166
0.5290414255500363
0.2126272201379345
0.4237878290792033
0.03197710741643865
0.6000054066114485
0.6387263069594874
3.049223444246567
0.1916233966271485
0.2269238879679954
2.206678885231341
2.3348886338968127
0.1967832331557853
0.49575538868708713
0.3041005126286336
0.09551073141762506
0.4457114322603938
0.2517348443351792
0.49064679925269095
1.63176063053538
0.04814012185249816
0.13420102018519514
0.20273195387481563
0.5270979953971592
0.1366330287506055
2.193004089227208
0.12509585418299435
0.835340155691582
2.62558337855359
0.06373314301189491
0.14438276868833463
0.37915489883194037
0.27769112377913335
0.06978914836542016
0.06347179280379411
0.03859335121295098
0.033253158546435735
0.10354009615241218
0.027264007339203748
0.01996547653777024
0.28894634615540443
0.341053314936918
0.4168581323810969
0.9239681832382902
2.1313585275211184
0.48050327852305047
3.798823098207844
0.4088763636290083
0.8738579306966664
0.46693493340496894
0.21308360873502477
0.6026807865338868
0.7387280257033774
0.1751308874439736
0.3106812838497847
1.3773726908598738
0.14929120509778057
0.08176479968967483
0.5288103801431636
0.2698628121006075
1.0937913601244738
0.40252822419465384
0.7271806963157292
1.235614974865982
0.2487342512797485
0.691004891034154
0.2699385941053042
0.5206035797477532
0.3744446311698779
0.08708417633521166
0.1417491355007337
0.808494067468298
0.5741494882909459
0.18362169022134417
1.1770325938183144
0.364737290133486
0.6379282104879093
0.04524893102836997
0.62591253977166
0.17800720487139163
1.639416492901537
0.40299439882731897
1.2667243378624804
0.13681236212772194
0.2982983605289877
0.8333146368758737
0.16675762389948928
1.1259706936463807
0.7069757574588087
0.600904939497459
0.24629344915572518
0.4955226682060546
0.3499257078133693
0.4661566692384136
1.0609399649380822
0.5223040702745922
0.3504619461227177
0.4441489779642838
0.41610717855557905
0.2329401344153484
0.9240768483238071
0.29646890351035465
0.3691808132220355
3.3441134060998334
0.09901956369070208
0.5494058475330963
1.214289963704919
0.5315151930421306
1.0677947161199066
1.121878270222904
1.7686595595542278
0.4947172235916397
0.4550035897304546
0.07440202563706413
0.0480407295044204
0.7651857628526384
0.17445354819167663
0.24565196050568844
0.18894374728519092
0.3697642548128626
0.4571538094856887
0.1198668779288654
0.06806954992791038
0.6427257693763752
1.8291975183875662
0.16551929199813828
0.48633133922273736
1.8940968214242007
0.4691306501995315
0.08381248571240348
0.13605688726207402
0.7472262377161969
0.8458678864678075
0.8025034004631356
0.3575595720260897
1.1895408489399208
0.6004421106140118
0.5715399034388744
0.4222866642838058
0.5248477679460573
0.017800453789498214
0.1943067571088332
0.469802345072323
0.1029633353981015
1.5134334395100688
0.20919494679205566
0.622520877588294
0.12290152778231488
1.3792506323678766
0.6823039317742857
1.37722709728548
0.9459056713109354
0.9942560336534766
1.0055227897859975
0.678820652842104
0.23089378520216944
0.40583763663749517
1.2803284242272976
0.635910249422012
0.10317084742554422
0.21431686989199228
0.15270528539177705
0.4076702049090393
0.8570646253284295
0.09622887452774076
0.20361432517597186
0.30508106293838544
0.05554837456799524
0.06253905716679418
0.48025773825586165
0.0541152274192592
0.3218676224392293
1.1444888839874556
1.0694414156207592
1.637681581519315
0.5297661166363472
0.8647659612939159
0.03609144546432689
0.5771197277818118
0.16138675277922837
0.24936547076429855
1.1010663452061675
0.4354184202888806
0.9783362716728774
0.3291318705559623
0.3008297410679941
0.6487552509805969
2.238190549847858
0.12947011746701886
0.22582041690581237
0.09678458775059626
0.031688448387952976
0.49964289962363934
0.6831556510370596
0.46079594781443867
0.4608437251768882
0.4711245657453916
0.5083223918199872
0.24322074979646252
0.7323308971016024
0.4490527920611516
0.6338162174059427
0.7081469508464439
0.4863940884259795
1.9662345230891725
1.311003124169057
0.48255947375325864
0.11169805556853289
1.218072067570284
0.3983230571462004
0.14450742623174442
0.8710354401115298
0.5105163929972937
0.6342526429374885
2.768161571223196
0.3467249847460113
0.6187175003307198
1.0329038310244578
0.2817354156209625
1.331264068781543
0.886932028642264
0.36692197435192414
0.351870341523983
1.3002756373180044
0.6677296064125335
1.4103762233848103
0.506518132748738
0.09066121047088964
0.19766200852565774
0.18380165008283
0.9892707669631826
0.43694556721440353
0.8788000608818388
0.40034649398045064
0.06621707431602177
1.1654393023149114
0.15919862939652057
0.29115150876097295
0.1737205117758639
0.21231739063769617
0.2243950831569244
1.1487701510730313
0.30052858944567035
0.39783278885163004
1.9095598885598186
1.1805208968468413
0.12387443464902873
0.37453748159972095
0.08904342492552265
0.2719843395855648
0.19548340464651137
0.6908214087435213
0.22190360389343072
2.296548384070328
0.865073651590218
0.2316440308052802
0.8415187704568047
0.7286748678344241
0.3157180670525482
0.26802974894620374
0.12004710984105064
0.4089931822732576
1.6870995246732623
0.2866162487855066
0.07835157262371593
0.12347022165930063
0.44428493308588896
0.15563894847270435
1.4573114041818243
2.2662473404569075
0.8124294188810978
0.8965123528472126
0.30598068571190534
0.058552750159450676
0.5008941741133532
0.026584427611197094
0.017814666299344327
0.2733615681013442
0.05715256483348518
0.08968608922511323
0.15294473914272155
0.5033887620090455
2.0510180904373363
0.47245296956928545
0.13612544251243405
0.09108868731468464
0.9295211988223736
0.13365591035723032
0.2356139957767793
0.41718119277944754
0.8937465720907593
1.6595233631843076
0.4788010719423751
0.3462004421434997
0.09201682934312012
0.5116991189284483
0.20698896431792574
0.07599403550207443
1.4780249160585124
0.18506945849651998
0.42567517267741806
0.1560990657982787
0.10883613222914071
0.10048174751103824
0.23182691534754715
0.6534684548338724
0.030986943220829236
0.1828804013596007
0.13093998995295336
0.3064426707711467
0.09590134089695253
0.2997592929931658
0.3551656718382322
0.21181275219639026
0.05006105490513403
0.12178948719095792
0.437097225118224
0.029896037160688036
0.059327491020657694
1.139425623625734
0.10787776027495746
0.17555539493450692
1.170717249066443
1.6039427178468446
0.9972742219604086
0.11605695010998185
0.1853831631844079
0.014471504810398968
0.15486039376138747
0.2200040210709984
1.0851448848803842
0.8578796790938304
0.31949146046718296
0.5768274557009186
2.4620543077230734
0.31644630945561386
0.20228483432498473
0.3637854143605332
0.1533640006521657
0.15572144290807363
1.8175369786241067
0.012678848913186144
0.15611897754619675
0.6488461940938717
0.06188671099341139
0.23290050699148898
1.2800856436471142
0.8225537896558303
1.6700460506600823
0.8015043583511693
0.1457338632017327
0.01172121362137905
0.7304300541465486
0.5046229994545618
0.5711448549787801
1.3052958716502652
0.5566807256817409
1.4034710839394609
0.15341371137542573
0.47097908264191957
0.47330358855152904
0.19517620563444738
1.403179534489208
0.4343089199362117
1.5666202125223743
0.657715634158012
0.17943868760354684
1.250252879613324
2.0441840536340177
0.08280957540918564
0.8897376445960614
0.25205754375745365
0.553344976741654
0.13429924580117322
1.3409816299374495
0.777800818404027
0.27872830573541474
0.12114114681403822
0.6573873494492837
1.0300545727475703
0.6686379118838636
1.0691727701519926
1.0163694329967925
0.020712677283602442
0.2236645212385091
0.9463951425725122
0.14522956914424645
0.12993260689963948
0.5367794640868915
0.1831981715521304
0.1737311990990749
0.35820716675374864
0.11659377027992142
0.09881936826597794
1.5013861561689659
0.14922846435187095
0.06576469485097179
0.37554749000871607
0.2849433921376922
0.052932682812864465
0.6120380785708259
0.046545352983115684
2.5012893036395174
0.5771340584503932
0.10776401314735273
0.026470491741423373
0.22218668951195408
0.04854974955000757
0.03512338539465455
1.331608572803727
0.4567631295633135
0.1546364424209923
0.8069241295916728
0.3448716152198194
0.40149384291140255
0.26349779764597575
0.7942372091496777
1.5270154586223874
1.6994440839524763
0.684299258277808
0.005824398146070484
0.4238412766778527
0.12006925896640613
0.4218298668208158
0.759034554491219
0.5857595624654681
0.9321125418146037
0.9326351231626772
0.05888505119308185
0.3107676435590675
2.4637395202908206
0.1565026302323954
0.4596746879165564
0.18995795259720952
0.32297102907795205
0.29831350793351197
0.46250502152129974
0.26502430679779826
0.668849218519614
0.363786927263403
0.5475751188003357
0.044143355092227554
0.17306585054573848
0.16361832218157663
0.12959547717301156
0.29418001332358995
0.3214860497496026
0.9328532220791608
0.045186366951676646
0.33254260352296344
0.33624818069292556
0.44483472394566564
1.0721686000222592
0.5158965678949474
0.4385233815995746
0.36464859857444387
0.2785382581896701
1.0547055876693028
0.7906244822688291
0.9717284583865092
2.466345473393467
0.7901865876736055
0.04685029614656822
0.9190479924775768
0.014315936082242093
0.17481406093981372
0.3625070254354974
0.46776696310615334
0.035674167317914514
0.6058563289314712
0.11421975931538059
1.5454399130559016
2.489965388704044
0.27128447424487856
0.6080763774884842
0.25684475765589215
0.11371720533946608
0.13991808334350034
1.2274018569997727
0.530478276295865
2.322652712042494
0.4713457713231077
0.008085792072024737
0.05959079411062256
0.5973198694114031
1.3558554680661274
1.3964652183849358
0.11630751762963686
0.6806857915495157
3.4201186925616343
0.4138759128809201
0.2681976947342295
0.7264258265315525
2.3685379071114223
0.09035158440195154
0.6819114131828357
0.08370955439863552
0.1500282939677123
0.4736850706385483
1.7439278702875067
4.081474942913444
0.2996247361952274
0.5084960254706277
0.20766686462348877
1.0834922685618142
0.02775864728060347
0.1880493053372769
0.17065229504402418
1.018952568834112
0.016568541274035724
0.19642413589203234
0.8100400824515069
0.45438614137344674
0.48000125004468125
1.0448086325207009
0.17077446202215377
0.1721424281135688
0.27419509204789744
0.1318187025550053
0.1514424952209146
0.3980908155771465
0.7718465803262078
0.08316900120958347
1.6648939501181823
0.4346977385682636
0.11516568769922357
0.08313426276704458
0.2915822828364439
0.3017872624218342
0.28246060582810234
1.9997549322969512
1.039737381232042
0.17597102967973136
0.2547220403795343
0.6629464787279171
0.03424156483703463
0.4651351742264087
0.6394250372996172
1.5608877035150714
0.0758721257736375
0.10632221700791067
1.3666756126798314
0.5723702734755539
0.20196076780069683
0.3989302067042087
0.18916110214025544
0.047011421697491194
0.3592145513732036
0.47333051692464634
0.5985700515477358
0.48631331926007476
1.8937563831839663
1.143353317774612
0.655529647654279
0.7643861021508747
0.3191198617687237
0.11915724960757616
0.1759006042659561
0.25315235068743724
0.4285074046357538
0.03738693082055361
0.046626959732789186
0.07305529639506571
0.5982299408931023
0.360096769752097
0.32437843844340036
0.2676615906040067
0.020632007201698544
0.10711648490814069
0.14913639176735097
0.06893226143382349
0.3013888102014747
0.041817344358908784
0.08679683537246623
2.12220448750845
0.14375088945932535
0.449379763010819
1.8815269473513105
1.3897749935566253
0.033428745030550946
0.3585888825554037
0.78431041465266
1.5798029084568954
1.6399272885961085
0.05930561888113038
0.1562277106221705
2.6264359414811946
1.838903812954685
0.16083060373958058
1.2464507822733328
0.24612103970060722
0.9558416527237649
0.47648651450473817
0.4282069524935948
0.6421923989320225
0.8646760709163553
0.2688349544742983
0.27658704494319136
0.06478631162781649
1.3424371177499888
1.3814362197176755
0.8342650808103136
0.11528077425941811
0.36526429134632477
1.0599175010603799
0.1407621675846203
1.0772411409187477
0.9281243430893914
0.02568317293187663
1.956971837572099
0.7646695210912858
0.06646677341707014
0.20603565436514973
0.9552513884388794
0.6892936506335245
0.1500985743335943
1.1087643303355261
0.02105902188386866
0.23740941014932312
0.6769919053961104
0.08526781056009582
0.3015546960662495
1.4588103065611997
0.8584209119274173
0.7604418328765941
1.9667523819527384
0.3516609386348868
0.2754702003660013
0.33343006389083435
0.12292242176794775
0.9228824037569805
0.7822843304174163
0.9823502429759785
0.8713751712056615
0.27632302508808576
0.4299773772072087
0.11198406191145195
1.4489304570769606
0.4065118856021724
0.3512761763252718
0.2840189980398391
0.5094668125444222
0.2762301530271542
1.6430956412933433
0.20812108248811906
0.9860535818365675
0.2690806604619439
0.25601763448948434
0.5496055759993465
0.42657681847194034
0.09450165587181525
0.15107653974734067
1.9052577589669173
0.673885507752529
0.1547529890033575
0.3133183754518718
0.17717919622241451
0.11152385526145368
1.3183098579586812
0.23849951561805954
0.6128537275885043
1.47491725097322
0.14646871799157685
0.05125281213064672
0.647306149209453
0.09888484334181559
0.043851242096092584
0.015972138766280806
0.029945342966977755
0.3190565595002833
0.7488440076685875
0.08563393446190189
0.6229332213348188
0.4605342776466396
0.5179513779215243
0.033586973865133644
0.9127817025195488
0.5977963439882755
0.5260452906670093
1.0708235363415104
0.3915201283406352
0.36785100507815255
1.2130388654008086
0.8551785235987586
0.7407484989871617
0.18561614900052772
0.17139930019502994
0.19780706139200893
0.7354359970892147
0.21483726013692894
0.0802701649620566
0.5335271641417453
0.6152438859766928
0.08347442953186705
0.36522075561279094
0.8015176768290471
0.49601630940043967
1.4820193662098191
0.037262264046697496
0.2214674356564258
0.6784404079404969
0.44187799324187393
0.33830580253514425
2.062347405394684
0.6590504456252705
0.025215289876450053
0.7821136084474003
0.07627463933859188
0.1686754116251107
0.5922076985775208
0.6281870409395341
0.9354088415225488
0.2816506868096199
0.040409125057314706
0.42639699613573406
0.8078061961126229
0.1322536251308694
0.5029635080227391
1.3883498892902475
0.6852787045967121
1.7119581399031982
1.595315115160763
0.386821298336401
0.49950860383429224
0.66499545697506
0.17873810119551087
0.7326109449126118
0.6084720430996108
1.0668787313154087
0.5070788824351127
0.7822743871242337
0.08154772314649446
0.9107622971989479
0.2950744208671659
0.010516006734951764
0.10111727644102346
0.3189538367395151
0.33666598546508264
0.11910136105700114
0.2077897390595045
0.5734580653460972
0.3319345685600657
1.4514768755770295
0.19726938275789663
1.1472180961053569
0.14712931133103402
1.4172960118542999
0.30712100054152813
0.19188830229452325
0.0017980291380600513
0.11943950426617155
0.3703992521730234
0.1070414250702746
0.1458214000280342
0.8275166879052999
0.2235904595663808
0.059735219249806244
0.11963724238602112
0.26428586275853105
0.17293865948950551
0.1911669750813754
1.8523789156854547
0.9608853605746172
0.9598533967708742
0.5538669671315204
0.23125337301541726
1.9398136675130273
0.7469565892734273
0.39056812357902787
0.4968494336221037
0.6092600438269055
2.202799571782585
0.45267073910353733
0.16225222354632474
0.06446582695423789
1.0287541661053028
0.37997635482273684
0.16222157218560104
0.16859956441616822
1.1992858233793569
0.022913529897960857
2.328723192826966
0.2396919147665672
0.28766096089944837
0.17873824455446882
0.14762555628738164
0.34969111417201026
1.0187777539603957
0.5114408874276869
1.5466966088878853
0.30349223329408465
0.12776185109438942
0.572399716960946
0.19499726248866467
0.6128086399583508
0.49983871188329465
0.5330475354634302
0.2566339693304486
0.8254481616066659
0.6841884010330751
0.0941729151407701
0.25219070060302934
2.0258714968471336
0.30826352016158026
0.19760592270256414
0.39963754818461644
1.8430958943631346
2.078557186003136
1.3952572832071517
0.32847924874305234
0.0888277768087898
0.4302585103676819
0.11791801923884555
0.08825355974885139
0.427840132267074
0.027382244156148063
0.34822956644631264
0.6275404296480614
0.09186872286773727
0.46566644871028684
0.1439427089686104
0.0017639876174274614
1.1552741746623532
1.654506814751301
0.4574361098396543
1.3083042978000097
0.40882910055762933
0.13436030798698348
0.12485486429425605
0.24612012201712125
0.5344482326628998
0.11761008459320248
0.4887649506544499
0.821772836729055
0.013522367847640616
1.2705503260300235
0.6889384820941559
0.5630094126473882
0.18920344062383665
0.6372270317758638
0.7840600660160095
0.7558697892759655
0.2657296636445466
0.0859660987006514
0.6645197321442422
0.11989936814085472
0.2654464199184524
0.7429426441746383
0.9944555069408965
0.28997244952311557
0.8794606246799574
0.8534711802250237
0.07458347961072465
1.1680326774026077
0.12766803274936075
0.32972334916860574
0.5996953393749371
0.6144099345623217
0.964188696814188
1.3272482030139199
0.07720241768809276
0.2228476880482082
0.1155864388553192
0.39624290369108894
0.011848490303659823
0.4181189371832065
0.28746024925585356
0.3227739944710682
0.6239099793668317
1.3474473552245654
1.037637745375076
1.1390436396128891
0.08571611514738961
0.5699160361307924
0.5888341642647539
1.0018400924540087
0.8916321651341469
1.16693895578914
0.1608103816481191
1.5621502546756754
1.6683293717173664
0.6091001086685598
0.29340272811052587
0.23664793946391166
0.4931142639946976
1.0155616733856572
2.7540429701033347
0.9307571165444712
0.11507034322403926
0.660877957296456
0.12280486264400775
1.2072467947699608
1.306884155935274
