0.7246635807959872
0.07312203806752758
0.22111730490265105
0.7926746993114975
0.1521081143395935
1.0956149809647724
1.3342693667749408
0.018091871429431205
0.2583687021271947
0.6462324549988504
0.8399686866681034
1.3070650485686248
2.26656130274918
0.08346469156540705
0.2612841964047083
0.8811749669374487
0.9155224557673471
0.5833816012826049
0.047869487326291496
0.3853714216823853
0.17170349142357863
0.392338735435472
0.20620285206679378
0.006113477023275806
2.093804379898929
1.4531516242827176
0.551018212877383
0.7706025591858299
0.6387904157704302
0.5318941962551318
0.7446566926242714
0.24755092610378254
0.40244217979897506
0.8275599866130383
0.613680666481002
0.654001264699766
0.1531302407515773
0.5653214816579839
1.1461820995920484
1.720233752133325
0.1691305271182709
1.4501123906417164
2.18421240621761
0.4629062129821187
1.6539026873953615
0.7843586234695143
0.020110156149241203
0.33997759301432584
1.339757444610295
0.4267078623952166
0.4198215666384905
0.17419978700960043
0.10854870689201211
0.40502285725199505
0.29436508557531144
0.1362158634591282
1.8191586452072843
2.4928285964583203
1.226656750069466
0.7494259444553154
0.6068370390549568
0.09248115880644711
0.06255676268691238
0.6608950012920587
0.04779852355780091
0.10362112027159857
1.966223777001789
0.33184652938648096
0.4966151007678325
0.09879699381150768
0.19663148059912505
0.18086512043985517
0.0704723937969022
0.07213224185638313
0.2314438555964897
0.20378211445065667
1.394956005498085
0.09664428657689444
0.7104116405942799
0.7986151364507089
0.8802539092771983
0.19469303916260355
0.641393428892382
0.3301450094717161
0.5094311720035265
0.11339977553117524
0.4743362756439118
0.6595062350783841
0.9180139113986526
0.3416335481807662
2.469870893184202
0.2887639145976159
0.39200581902629517
0.27681922478222104
0.7172076682674043
0.8915199101087865
1.5743629093589793
0.9645260936586518
0.2398342820525936
1.5762781147957776
0.5852674688842374
0.23208662935991303
0.7896369171437003
0.27101979472592624
0.18329098434579072
0.44411340877541167
0.43388306535829235
0.07168156990818822
1.3431729272166877
0.2624103712970299
2.2147071367770033
0.23482602364357977
0.330490757436702
0.0673491716485034
0.3094395668462024
0.31128792765705626
0.7574900897417879
0.5635431067119455
0.09845387092615743
0.20048396548001635
0.07199644820904275
0.273610438780699
0.08500759902119222
0.026740448781667713
1.588496732032879
0.4226619099699289
0.4544403038342665
0.044315060069726686
0.8802542881640057
1.2131225468809987
0.4893408759546555
0.6796615228173956
0.08974644987655166
2.6288742403538015
1.0830692103281812
0.5383062005299283
0.34038834151937875
1.6657838735926789
0.9276522287502463
0.09687898521009555
0.28045163663508194
0.629548461615693
0.017720986826325585
0.13716054487202342
1.0433377498525997
0.3695970391285167
0.17764033623228592
1.3719683740431363
0.25708829906422365
0.20547952359992555
0.4505258022046606
0.8432703322477045
0.03765242820153734
0.46457739576419743
0.6835328874066647
0.43698855659113245
1.1256041219001198
0.08375119566955065
0.32481750141900007
1.662230970460217
0.3847713638688094
0.1825041526635898
0.32363852139876226
0.2767888308532809
0.2449158613838109
0.468157241547069
0.06744652300429428
0.7944797869307458
0.7249823312310164
0.21521755549801308
0.4527350762920907
0.2852105498437246
1.785374229883069
0.9090842885845891
0.3957128056101658
0.5185920510188476
0.06557452649660443
1.1047376301420226
0.0771243228051477
0.2516776435885773
2.241172885432213
0.22357299823711224
0.3785289633502566
0.32241194036472937
0.11976054270233455
0.433876916958603
1.6347879442779611
0.41692727706771954
0.5422223474481151
0.2926642673313643
0.38283075548253
0.41717869645595795
0.5411314627272711
0.3288075513345739
0.3985519894875342
0.28626724649726365
1.0945455775402206
0.5859493568369842
1.2209736887096765
0.07017319364497639
0.10293084851225869
2.0925921640728213
0.3745555592382728
1.1405622413542724
0.5712529050011967
0.4026224732525665
0.285564321825889
1.0474687089337187
0.2568834103056723
0.5710604519187102
0.7931317082462226
0.09945027367438877
0.04395565337854562
0.409488310708376
0.5266333962170823
0.2729392326454396
0.890485317779987
0.009619391882315186
1.0023366473707787
0.1950117782233572
0.35819097838569036
0.03230408221975959
1.7572963322468882
0.08991646388827017
0.231995250880083
1.2543376973425753
0.5726324797688415
0.2708073958737093
1.1364125245028172
0.44761559205670476
0.9072899886778039
0.36257837001504123
0.16010510857292756
2.0227854133645446
1.1624746607790406
0.295823108291043
0.3600348819485772
0.6360453912293544
1.5717536475968485
1.0482712439216106
0.5928867000973032
0.23191098939638718
0.23559850283439074
2.8746522754505732
0.16339940832860936
1.1849265940052864
1.4866622724796899
0.3165759424926881
1.1284814786533948
0.4729324068621614
0.2341301364876898
0.3274588151400811
0.8505170988164127
0.562257365968791
0.09878485137200817
0.6467322671361245
0.11360478540173197
0.35427685203407683
1.919252864151505
0.42899045074638825
1.4105460005196395
0.4499639154250948
0.3078227779562248
0.2309841453318939
0.4024940029123121
0.17004814223767886
0.5431701624609312
0.9165420198312847
0.25083909789628045
1.2045620645733215
1.1763440951826591
0.7158284245912581
0.167348890981014
0.9752131567581671
0.2978329982040747
0.1423616740920803
0.5093704601046729
0.30101336086221864
0.09911084285638035
0.04508346156216517
1.434337805178847
0.4072052805916861
0.30477739520243535
1.5861191804980301
0.991488666967351
0.8291081333561994
0.8906474923248805
0.9565980617363514
0.741048086752074
0.07570211228213448
0.1639178992103307
3.480989759439802
0.10998736237762036
1.1278578452619954
1.6040302998216531
0.2080866578442035
0.2220702288525915
0.538061999534308
0.3789894290670496
0.1374034371147225
0.20547864973568922
0.008275853654302985
0.056053560645195045
0.4220773891246003
0.13406433805006368
0.15275287658444656
0.9233049484594125
0.10268449585176884
0.34778412930613356
0.23987362884840888
0.5387326473692148
0.3271070245127148
1.979893582411562
0.08606226581733827
0.1655603452663256
0.8402688033983988
0.05216716256427134
0.056811394349664195
1.1847160880905658
0.1867836192260739
0.46561522522895127
0.2555842285481759
0.9618199762879608
0.9831567467336861
0.5388922101732986
0.24203161437692625
0.4507348101642801
0.5283231161289723
0.15240725257226068
0.33762080369207353
1.1726841481923795
0.5613170752141617
0.8665444395762452
1.3831567333536516
0.6245588211440815
1.6156292261061174
0.0921752807631923
0.07490859679149682
0.2382068835259188
1.8291999673335053
0.16011061920249603
0.28767383173184446
0.3942969401927289
0.739808899075617
0.1665100342329935
0.4039279978808939
0.16806501365560686
0.7957362265346587
0.4215713819657748
0.12619564698745558
2.2165408277111447
0.2679879026146875
0.35657648016873056
0.26335225160730463
1.009945998963391
0.9650766784453051
0.20874877874037315
1.4743590851804291
0.13855624250432522
0.08929414125786844
1.0203984259335126
0.8829020168497808
0.34212756639294
1.4294715667147773
0.006981100118410928
0.21643408932497962
0.2191351547308671
0.1784097520073455
0.24234190289137914
0.4760239308617071
0.2619432987044586
0.04150253591100427
0.04369346039701687
1.0256464267490832
1.2238110129026447
0.4025522098412039
0.07185762342517027
0.31547108493153236
0.780352072029886
0.2506111372873847
0.3729266158573453
0.573864500853121
0.031504058095465894
0.4947116447819404
0.4883215997017779
0.07996547349546687
0.16671254768553107
0.09571993902032708
0.25837582050729196
0.21736764568355793
0.18249324817238693
0.14088122393507785
0.01888446154414401
1.5744147474627188
0.13683613869867328
0.5007441412728074
0.8288564104222983
2.721924051064889
0.4975353328578702
0.6568757714259776
0.16496311575705772
0.2718159930045281
0.4689157598411364
0.02476208587707141
0.10752857173597571
0.15941567820864325
0.33335758936142007
1.0455616582377367
0.41193925501637924
0.33414978902957826
0.2673725492039807
0.8423645877247544
0.14537088256015054
0.9629905128445175
0.6694329154553805
0.5138865536071245
0.29841743188323494
0.5328225011234285
0.5517791752209613
0.2620199697247512
0.2722734310874804
0.015731352102082898
0.5564716468637537
0.47390104739056815
0.2753970193567247
1.1560789439131225
0.8629392318486593
0.14728095850355044
0.7732392389939716
0.9880534632347523
1.028620416411175
0.39821548926563805
2.080543603325932
0.40361776034855984
0.5258469227216496
1.1569444910623512
0.35850036535618496
0.3424928223919153
0.47541174544188763
0.8856251309166956
1.2249206680969131
0.7221914445212102
1.7888287021917353
0.6824785167926013
2.1873538436240163
0.10072896479641823
0.26291425011496095
0.5045402955929633
0.3381385996930436
0.6129632534262172
1.1106593588237774
0.8991772793443522
1.062899383005384
1.387659392843853
0.5935125489944683
0.27872964543991746
0.11545347864925476
0.009659696748654698
0.08596788790308522
0.504026012810266
0.0373896335617548
0.1811171027102739
0.609889118893648
0.17197429771555936
0.22768170840422464
1.0903799941771728
0.051609968017162014
0.03437036524396471
0.35997770681301905
1.1193326535273809
0.28815247634647584
0.9526991711607234
1.4910236282352218
0.3688883241126037
1.3978697022533417
0.29149540234262583
0.6172750086675174
0.28477586213697587
0.5919959782319901
0.23907822612826013
1.1261032228828252
0.7475904609407659
0.2516987620521088
2.40380439757428
1.0059490603216885
0.23553693459706573
1.8357227337816366
0.1521658554950933
0.16747954798209502
0.06436970727841763
0.3668301814579161
1.0182455256375462
1.1720157897100658
0.26658143266221573
0.22747004908391386
0.21087623980425116
0.05472278221905018
0.09834670086135264
0.8321459482457352
1.0653472435114726
0.3906665374505498
2.0610730933569372
0.33057702168248915
0.4355499702186763
0.3274403343008687
0.02511614298012916
0.024734936501430844
0.5310643441522558
0.3888338682615906
0.26387323508062244
1.8594620538349045
0.25277561916485003
0.2957381433604161
0.7361358458680224
0.38731500469937685
0.08066956914693352
2.100848541136574
0.13988772681311523
0.9082720149369737
2.3954747235549307
0.49687184769757853
1.0043944343520521
0.1540842604060186
0.35775807858985725
0.0919086526801236
0.1979875745506563
0.010060981453529075
0.6510018967137321
0.15674571156648673
0.13109293253543708
0.06986206388928631
0.9914066836290891
0.11894910257656358
0.28842076646477377
0.8605189128551107
0.12244405507181286
0.10346794525547272
0.351064161116667
0.5097248093370823
0.19428272232553676
2.1630727053714947
0.08757828531040414
0.5929186744825922
0.24480510544167755
0.07432392355400673
0.011043712320243334
0.962114808109621
0.4853075722302355
0.3189010496620444
3.452013522029839
0.49647338835752897
0.23281734518124755
0.3420568431020567
0.1852777206505252
0.21985480692835224
1.8237122044299547
0.6025183958030008
0.6312222876354939
0.9385952612681001
0.1632753164325402
0.06124267229976805
2.2352385784052555
0.2917345580260797
0.41666875131410613
2.1288798366368575
0.3954063638717355
5.659065865738448
0.863856812350925
0.3646707128093624
0.0892290888408232
0.2759146923417177
0.5499325435728989
0.17177155573179778
0.3813531497407635
0.24250118337366156
0.0877997767910191
0.5043516335754951
0.12413862967097596
0.6356828421351837
1.858209546603008
0.05221927831360484
0.22857658787803103
1.197731569971107
0.06041619873114937
0.13274723335413627
1.4489421323133977
0.6100564437258656
0.11434245232196592
3.6073200859678676
0.2738874168116984
1.0089401078904607
0.328153592581589
0.8212318277250737
0.25105228742694286
1.385059603607743
0.6646739838018412
0.6225002086882856
0.5102527143890917
0.39976257839866813
0.805159835364362
0.7370636255506282
0.06941701484521286
0.444800890464547
1.3733020701958527
0.3221584247928781
2.0879354779637964
0.3549172777104658
0.5250594873423726
0.6008377081858861
0.035822117765599945
0.005880999164673908
0.9719420782453012
0.3486666153635734
0.909984614320025
0.41625077745697436
1.1746451777293747
1.3456364875065758
1.730131322734161
0.27290752296097015
0.8144085251699016
0.14866660779260057
0.37250209542698004
0.363779682497885
0.6123243188884637
0.9385687277317636
0.21202485070383384
0.0595343255182552
0.47247239643659494
0.5372509293055139
1.6871388423522249
0.4352289413117961
0.4641891150983496
0.7948801391867442
1.2450106827414245
0.5765031710413748
0.6950291890007516
1.4992174722147087
1.0846660784413917
0.11029636743199786
1.9663452440671068
0.9261382311323012
0.555054644465538
3.046720001100022
1.4145789578395067
0.20278565116847336
0.08514469406731101
0.11775447518544215
0.39963651613713336
0.16149601982557552
1.0167248598349266
0.05909957208575143
0.6158693210836826
0.5787448787439605
0.29507758039739856
2.2612894935660144
0.44768759840857825
0.3298370256429754
1.8167870687330352
0.388111305787435
0.9277599672659629
0.5087086720239061
0.5817162046003997
0.296748263447616
0.4834811552621055
0.5148833476239553
0.1595982218598318
0.2634773399769847
0.9912206911024064
0.15522616260333771
1.416982030065455
0.5200280206858318
0.7454773490487925
1.616062992455349
0.4251113578936683
0.4562421861552716
1.3960943553739666
0.12740034332665628
0.09536367484408485
0.485873894076697
0.10159308389482778
0.09191760509167758
0.6373555432069365
0.3111894608154593
1.2453345605905133
0.5132155030323313
0.4391528017130346
0.4686871478993292
0.817616676521696
0.14376114244490498
0.2826690726533128
0.195066272352982
0.649633431115226
0.6844448756031155
0.2869068006102433
0.17881831660506
0.03631223859185389
1.6149459999281892
0.3075117639631928
0.7037531915384282
1.002492697129556
1.1368147357248257
0.22263618377903338
1.991742712326079
0.4426210408323057
0.740130311701674
0.17429552425708836
1.0344991764153204
0.414043911984865
0.39399336916034966
0.5074815651590027
0.2762729881209535
0.6260842398958537
0.8567228801071326
0.5347572394637228
0.971378385035111
0.5490840550227486
0.07153012974683479
1.3768888937414774
0.35978437781881045
0.3422576510996325
1.4444663870864296
0.34536737736461004
1.0111263922809894
1.3343868966053034
0.023434716738092134
0.4377081241133069
0.35568812032314795
1.8822128970445058
2.3274814938934894
1.7477627573638377
2.546052774053958
0.35670428346937305
0.19830986480331114
0.04505563947295071
0.23067774242220332
0.0893645548416583
0.1787980732823836
0.39396563307322285
1.5137310401018669
0.593295962364233
0.6023906384189835
0.6397292366199157
0.4821863491958422
0.14401111734326497
2.1911993810111383
0.018201642609364303
0.06377769286507397
0.9720378686289187
0.40179084351833944
0.16672842160576729
0.8959751320559318
0.7623091350762958
0.4273942103549268
1.7609405798025173
1.1562311856411955
1.0111117615797123
0.483692314588245
0.9454256461595163
0.8003916482171699
0.8380823640174426
0.43838234225921136
0.19020751888525916
0.30040804970858326
0.374159568400088
0.9863225622413021
0.11557969959965508
0.1889350742525434
0.6010696643749328
0.797844413908877
0.14889358519871634
0.1367229522471237
0.11551531359189486
0.20409361184010497
0.011794799342353423
0.2949828421198413
1.2225951640253365
0.4577710700391807
0.4837747082665176
0.24839164813876138
0.2978858348303667
0.5414881568535921
1.478096590606696
1.1236145538802025
0.5691179298046763
0.1578423970171966
0.5568876351453463
0.8452077539002452
0.7514921693048421
1.07025461977714
0.49217930233442364
0.8430818395891929
0.0354959749685833
1.8312430929298291
0.1429040643657975
0.44756167739909175
1.8553313296661085
0.5628070557393426
0.41809986590751974
1.4860945568857662
0.03296788823953774
0.34202140995480323
1.9191714832981
0.13107813037339042
0.1768852785166766
0.4456564524417782
0.30148874094950495
0.15266914478105933
1.5109172217147522
0.3255651476778778
0.7560135768543025
1.703120929822452
0.03433512156657685
0.524050118916782
0.9765657099638392
0.6616745487043975
0.4221430701443555
1.1118904577289808
0.146618285749142
0.3439553231372139
0.23013459528928237
0.7831204586015795
1.4340195858153242
0.5255463946782036
1.1621574983009806
1.3753187321772022
1.5731644539507381
1.6795420786243584
0.3538708326636176
0.35339156751239853
0.5332070798100741
0.059502249975328096
0.15198490646786508
0.02780841179571952
0.3492036371400433
1.0652128168232093
0.7015631131257293
0.8527265533460467
0.8927528365165373
0.1776903527337231
0.17703516104470604
0.6539344062352725
0.1179223184755642
0.5436924989621127
1.0782949887279243
0.562884864604835
0.17280022757827423
0.3922279392130566
0.028132945035437125
0.07874197747185191
0.3044670836348973
0.2834106865964275
0.261224235765813
0.2742503317155036
0.3596225502577981
0.662659678349493
0.7468856010832099
0.4292240062418199
0.3771820736129708
2.167830660068206
0.14315765372268546
1.1237618703092376
1.4437143759279887
0.13087303819462448
1.198315678782925
1.0127583072694604
0.9067232345910106
0.20968936612258493
0.0873138640121267
0.1886127662606085
0.7723835976738314
0.9155163398069657
0.19154831921418636
0.1373939268096137
0.4742561186399423
0.38703639034850035
0.5417727907616977
0.20754032762423263
0.5707035687182663
1.330682267487427
0.46949547076418485
0.10347566490680188
0.4135934832425688
0.4492760883694822
0.20557065321285692
1.1856773481271197
1.6713384829327607
0.12940648945267627
0.25442683099192626
0.33595556566269036
0.28905816010278657
0.28005911593962285
0.465772392232574
0.18293956509552828
0.2930812621900409
1.3506011410985392
0.605619771662222
0.06792442524531722
1.517854104507832
0.12455669195254714
0.2973617141951727
0.8687405629676701
0.2072677290978264
0.23156103454088378
0.10446552447758192
1.306225601713451
0.026389094385334957
1.9091110669204723
0.2701358310992369
0.10912161825515747
0.6977366453759878
0.21817636203272048
0.08477280075568075
0.26084098443267106
0.7513080885484821
0.1272890447029062
0.2953791618177619
0.5693368424352886
0.018350330761255636
1.0187717062008947
1.4638851645684674
0.8593664450622341
0.5372836182377909
0.17935921842177727
0.248253170624418
0.43889856749299305
0.9960721228313969
0.045058056444110914
1.0261072522057928
0.49178077163311207
1.8966560435613302
3.038591720723415
0.39049896742838097
0.7236562815241241
0.7230130632688306
0.4456200543558595
0.05695181611248419
0.7135346142842761
0.3337721033423351
0.9284894899727932
0.14885912245022348
0.19744489432343368
0.011026670971810528
1.1236151583403307
0.7352440596404466
0.34466614814913116
0.36497000782667877
0.6455283483846042
0.2067480711419892
0.7126465156521958
0.6601424460330905
0.3151821217084301
1.9481756011753724
0.2736872843646085
0.45523419532311793
0.36236452816337106
0.1734819741763534
0.017349716899133154
0.821603932633618
0.5520779180894058
0.663626361506016
1.0681419161161596
0.449636794444203
1.4605482411944442
0.06252952104288341
0.20442256716507184
1.1682487252164906
0.6459487236487771
0.5880308442307223
0.20768696981543758
0.25798787566136644
0.7489509556091022
0.4501221043145565
0.7058636201837803
0.2661850055160826
0.2458002944883531
0.3722299259962219
0.5393995976949895
0.03653529675353146
0.29837164265138627
0.4096648251905414
0.6629197860348668
0.32347939738109366
0.29215589833359545
0.43953209930930176
0.8675651072437193
0.1718033246008563
0.07506005546475727
0.45205109768188556
1.4703875604034253
1.288554537667422
0.6606755199127775
0.1411584715463859
0.25395997723749697
2.0298409451665727
0.26703519686816435
1.3730218189410828
1.3193831309702886
0.6049154473951968
0.4928231058362236
0.16358119649696842
0.5158747127093394
0.2209851856629138
1.3643497611383677
0.12927937112946974
0.8098762374294018
0.7289670660637032
0.346799114929737
0.3496743027083217
0.7903199818544191
0.11448898443205659
0.014215792567300151
0.6441237301282877
0.1935985263906229
0.15018618038201612
0.24377222943601778
0.16491875000103712
0.3171604482185563
1.4365976966798448
0.47434225875077507
2.0026939679510343
0.31238394041524015
1.1120645953718808
0.029349935729407216
0.1620020176139423
1.0024242757282875
0.08193981563259613
2.5459611096037293
0.21406136948906151
0.7948640935243608
0.18888276439310972
0.05773405498887268
0.1028267588563859
0.7588968608690706
0.05053005142474921
0.4928217766902238
0.03583121109281084
1.992369936198943
1.483050319782167
0.8491629080892259
0.06297937970749289
0.022683585894170837
0.3722509399755147
0.20248087816362112
0.09609312402291573
0.6714846912233536
0.35435300230692496
1.5639647423670153
0.6026804091807527
0.4416973995716373
0.19088618296204882
0.6549177007633458
0.6427120190133787
0.7702714175514738
0.26329035383292027
0.1449305337791673
0.07148802870394864
1.7559613698244747
0.1680355449832149
0.20967131187584945
1.1770064886100475
1.345298247719858
0.47172603002742736
1.4993332294990966
0.05977763477812857
0.6421813749011918
0.5325599865176488
1.4139895364338553
0.15351920304539093
0.9441585196364928
0.3951185738994428
0.06264726921648293
0.8879656719826042
0.4237049512365003
0.6159696786840493
0.5927298086550529
0.36959310702090553
0.057484907452035966
0.5418133743996483
0.23803493372942514
0.13794702812863657
0.6387285509185069
0.0790522567992763
0.009654710242812725
0.8415734093506169
0.25545108061092164
1.0077665401824958
0.1898740039379574
0.14918301317314642
0.1672268446448427
0.6004585499309805
0.24809763296420445
0.6471542099595957
1.0106225225872285
0.3044222785221025
0.794808920214988
0.7711745742346912
2.124905342799347
0.40165876678271145
3.0510846894784294
0.16302101195049967
0.2782367195410074
0.5744666312494014
0.241437686251949
0.28830862538697677
1.6524922918290816
0.8175433429871526
0.36985743177257546
0.25941857114854483
0.22417957466018504
0.6395424899880708
0.269649254551193
0.3070384555315076
0.44809626985432505
0.13191953970239945
0.9632166979296221
0.6046550890977093
0.6931456144589986
0.20142367418774756
0.2517357818697522
0.6876188293415342
0.20402281746120804
0.878021080733837
0.19958192398587532
0.5084705825377279
0.22277685237907094
0.3650652897876526
0.3273508908388516
1.9106530359465916
1.541678597292203
0.45807586502782655
0.1420430202465445
1.6569541921882667
0.1263602879104039
0.32680951766952737
3.0441899444170133
0.44483993769518193
0.16652748198875822
1.2327129531034888
0.9030253366897582
0.18940858027818894
0.783753396183891
0.28739859845571647
0.26361369735377727
0.44055638560845406
0.012066768140102794
0.03388860848556778
0.6642536178244254
0.7476163185501699
0.25554326368974867
1.0816887143280385
0.9624851626787689
0.2667913604513614
0.7877085533765988
0.050580051599937795
0.2156676409158775
2.21005538315544
1.966411223598876
0.1316297831894298
1.473575489135192
0.3872007275868238
1.3611503115802381
0.08242973721854195
1.6997407954303674
0.6823155249115196
0.31255945214092407
0.6822017472644877
0.6236385654332007
0.8219163023446744
2.1156185655356983
0.4431439578785076
0.7641973429780535
0.2820004569854933
0.28570810397752905
1.7309323612315897
0.635078292596485
0.017314957504996963
0.12499919716638448
0.01713975674489092
0.11771074221257428
0.2699901344782067
0.030367378034941758
0.8054203315478027
0.12107194785453496
0.13610293797015438
2.141636124050203
0.7041206208727717
1.1187931210591355
0.4223259137087395
0.8091158258688849
0.2216155185000112
0.2119231945642707
1.1402296418846143
0.9158770826455934
1.5732242118296065
0.9493400600330955
0.5511513503089481
0.497744950524366
1.5905805868103342
0.669077771066557
0.5786536687810503
0.48527294913382846
0.0659382003411717
0.6693830161193507
0.31352047176235637
0.03098562316846221
0.007243539902787133
0.5240155752889829
0.38840028794339027
1.2157817800379969
1.9615106161360367
0.2684766030691726
0.3363910876596217
0.7283930781888613
3.7660211536677557
1.1938012001509475
1.2656724356563827
0.11069930656966433
0.3441062267244113
0.837945075129672
0.2467522131711431
0.265760179819881
1.5153604853663971
0.7599166160145224
0.14033916895389917
0.18173762841526153
0.1716193479823447
0.2454263933985093
0.6926335027784867
0.7631350780471152
0.07275325081771869
1.5832778971605612
0.4367579534024909
0.30406369433225744
0.19514619495875019
0.8932891801311509
0.09538652277337167
1.618524137819445
0.5198426889671915
0.01046740627561047
1.5460800300766513
0.09127853801872832
1.7254653546689358
0.3156906143645155
1.9710688516084
0.7086667285341752
1.1303624835619568
0.2856243858238087
0.08130139966667632
0.9952251147093498
0.3476749038078497
0.17176151327902936
0.20686655497236497
0.03235221407839213
0.2786788273856944
1.3071834952543253
0.0960542166153241
0.2051863788395772
2.3801418385246857
0.06587992311343323
0.26846463077599125
0.2591819479863708
0.5414079151184573
1.4589292317533478
0.8274233547833751
0.3812121848476871
1.0760920117523398
0.2469953377616182
0.7407951444221371
0.5923658345349427
0.5107801466023839
0.6177512009455507
0.2832878698832204
1.0425279539600243
0.06015005381222314
0.22576601892056947
0.09455229075932552
0.26754744008964465
0.11150902606905269
1.344063555534453
1.1926695167055774
0.4154315125616776
0.12423311147997959
0.055896686480102105
0.15574527401448954
0.29324842442469795
0.6670508407476191
0.9717329686837983
0.792021987237063
0.24167563550519827
0.2875901583523144
0.9942171420586091
0.4389453802783179
0.07905276089583606
0.18575393046439612
0.049634321687119905
0.08501930380883528
1.9005262293672933
0.1442274177163656
0.6098336650456213
1.7908056127592558
0.9997978325303868
0.9900364051882673
1.0297708213499495
0.2855819784484097
0.22225830456281837
0.34231684560198966
0.059510969049302066
0.03276740116193496
1.958750659717162
0.27218114436509044
0.248291989197319
0.8980201464202164
0.1402090781374674
0.07829167669420754
1.5311756199649647
0.013076107890895859
1.966040714600378
0.007971325750145478
0.14643846573036748
0.2143268420572593
1.5633185878684686
0.1500602839757145
0.07410543543733103
0.07799531736799399
0.2107230988774134
0.5258795466847209
0.05196433188244668
0.3920832804391594
0.6873760891450571
0.7383025747383449
1.022115639138282
0.8118141319323873
1.7797945054868896
1.5498713727092983
0.5510322749151952
0.30194365504564047
0.040501297949866316
0.028821506397041684
0.585833469466891
0.0904036765708134
0.07949361468363762
2.479880249135361
0.17230441904814328
0.7740872409629221
0.6240969321312323
0.5521556063086067
0.11828453250513395
0.5961653837566355
0.6209618679020061
0.41965301159944446
0.33758343273701774
0.5541826007397107
0.33953347322021826
0.22484148214479988
0.2081914855070004
0.06454089563953912
1.2260768723755955
0.1291310597931986
1.8372555422157106
0.8402566665606005
0.060777311887397927
1.4193334912300088
0.25417939339106493
1.4070364010032521
0.4355991283463058
0.8089448341197215
0.12855347524578234
0.12298668213649272
0.6661017088928929
0.02535432182765603
0.07200781624274571
1.4210492878282885
0.5689871680300271
0.06738504727281572
0.7539245065014538
0.6674114844258291
0.7566277755729545
1.9383231490362685
0.07077785901823397
0.14461600782873807
0.856970637983095
0.059869818397712375
0.6176723777323769
0.5537423681699405
0.06526110563433388
0.17846564845277488
0.9345169959594756
0.29840939403820615
0.06066888742185048
0.32374676023436305
0.5580142723514849
0.35826893194247894
0.1451276594302303
0.11596667049003855
0.20326489403574638
1.1842908517488182
0.8444734499332391
0.37290910897124796
1.9706820694129221
0.2855445311271551
1.9347635109084138
0.17961405113806123
0.2998715336658722
0.5931456567346508
1.47720776157746
0.4445149134982816
2.1829483565722163
0.7675975488157707
0.26693807274924625
0.22265309299902344
0.2505928372510806
0.10136489575420587
1.5714106527103695
0.2685518852150557
0.5940412234023126
0.1192444060631965
0.677765961639896
0.8190125071912163
0.23567866869959
0.14990748279011634
0.14526569101615047
0.31567100456964364
2.773786389926775
0.37778190999956335
0.6146909061843804
0.024452519137787836
1.36247260507483
1.3049871611799024
0.18639149925524331
0.17925414129550893
0.1992846109366062
0.39774603590810587
0.9373538306079486
0.015904685224189054
0.8611256245500922
0.1325875076172096
0.07836606869523993
1.0426250324283577
0.1654032601999428
0.27922376497573204
0.5237506245251641
0.5753923646418878
0.2772548381194938
1.3854525640652073
0.7534191171747084
0.6140412600778125
0.7076719894368181
0.10865973156697284
0.21180070993144795
3.4535484061556962
0.48482508714917893
0.3758622162078413
0.31078518228091384
0.04113389070058162
0.05260301759210599
0.2440100453764332
0.8944185303658291
0.2141827041866228
1.2330260309272856
0.05753458116309318
0.06598630300458228
3.1192349495902345
1.2108741315339344
1.6522236264739372
0.6277984896433342
0.06251105260686932
0.012203439693040418
0.629479615330922
1.1061272885322444
0.16481977492548255
0.5002190315810142
1.1738530053096718
0.06864656614977555
1.0214350010704147
0.9421953485962562
0.4098601209946493
0.6822445196546698
0.07996588238342012
0.0453409352390789
0.25478932343281496
2.369240865496875
0.24944151133782852
0.1156084968214148
1.1091140994383835
0.4161858534473694
0.7849454178408696
0.9874187211934126
1.3896641109531422
0.3146743464966657
0.45619663870267674
0.07670919729366646
1.2275511517406577
0.437022991116625
0.09161519997902595
0.033098056899983984
0.09194875225914784
0.6816967116918332
0.6563408990481397
0.10093746685304515
0.29011809176515235
0.521799414157066
0.09206398108698777
0.2627866146268342
1.1770381185307046
0.1182319516452508
0.2997263356475548
0.6723085955274859
0.04430848507483227
0.16211151419480688
0.32375066757058557
1.2946092091549264
0.5831103339423633
1.014432663400062
0.9647716982411669
1.56585200429482
0.3669608367116535
0.06144773852367072
0.026162890701205005
0.7757233395531817
0.9320322167715973
0.28664318669733685
0.29445818485202524
0.10620704541021508
0.1895096663428821
1.2373637735102672
0.244247618096393
0.07978304322787831
1.4353851601714318
1.7928779491518227
0.6124287153444301
0.2723448094926938
0.08487822431688476
0.019079249593466657
0.6549115693160258
0.9983299556538313
0.5024845499972338
0.32371544865975926
0.3109011669466607
0.3261461373824417
0.5144819310702333
0.8597293795543505
2.177286707030685
0.6798535650468602
0.45562632927679336
0.06438001736131956
1.249063838850782
0.03601694531814686
0.060007465573345464
1.0458149380203432
0.3224081988982214
0.2457424296625145
1.0612921001659077
0.1996493249996673
0.17581990456495455
0.23092278743646322
1.0913463122795803
0.97288995503475
0.4161515115494276
0.3709512118023972
0.6941656200413784
0.3907827514882096
0.1554024404162662
0.36191307179752863
0.4478383981627145
0.21356290142721307
0.2031098237178321
0.07180214146050454
1.4174707470674917
0.11180713641801213
1.2095821819799497
0.265507031498659
1.5987684593901004
3.2582219013497093
1.521869543528008
1.7576240462405666
1.5471827359121426
0.3647101572802987
0.1541660460972921
1.5853496714476123
0.19601256512059997
0.5891611449294409
0.6401703168651078
1.1177102702397659
0.21264879989512656
2.3513864697080495
1.826266311401108
0.3024342129764384
0.2899684219925246
0.13858294138324162
0.10408685149398222
0.6184317610951988
0.07038381856574051
0.17089610377604916
1.006404091077739
0.3994066345779386
0.18860151371458356
0.39077123012618026
0.07973793063351119
0.379099351232616
0.1997283933361924
0.041267887835075664
0.205940286944984
0.22141703081760186
0.24434279001786754
0.1581880617923425
0.4582666578606061
0.08278544655405459
0.865812076349165
0.12804675247187164
0.4268672962414437
0.054270000503199106
1.1998114068076424
0.2218665489910413
0.013379544274325595
0.26371391598916694
0.6835330750795857
0.6293581358167434
0.4450394495104774
0.3048223456883146
0.1978407755977878
1.2918922101465296
0.5503623382305272
0.8720342941004586
1.251746282423953
0.11559061038348838
0.5249831040957869
0.4347152121588828
0.8558453619278859
0.1993372291854998
1.6053888668197143
0.06467174127698697
0.3065944051511025
0.746070703112766
0.48090832228908337
0.44119247804409734
0.8760757089214768
0.7642076611296968
0.13401671526053466
0.07545561360255913
2.319922080501467
0.09697924655981233
1.09957348829294
0.3760238552525168
0.4385270968550139
0.3195194402095837
0.41121974237442915
1.0310841796754964
0.15635814906362136
0.09233998874647091
0.057463463510934835
0.1969943301621054
1.1042284365977268
0.5462717545168242
1.0245091095387517
0.11251929262350781
0.6965534190329237
0.21912810373094951
0.5062133276602612
0.6417524145263895
0.7298119263845999
0.7683235675662831
0.11874237847149367
0.3915170380825338
0.009566329494205465
0.19513073479754023
1.374141379040281
1.0572301698862885
0.39550033312576677
0.5612407073458198
2.0818574657949394
0.9830776703676999
0.4575752666599657
0.034213622033712913
0.09848346372418046
1.1242020910600663
0.293376619112066
0.44368836351978397
0.516689246228057
0.764448360180239
0.5824367220993727
0.9898675486368651
0.09104211411066424
0.27314259686924747
0.2929899522381314
0.042587272436512565
0.028195743330473554
0.27062096322967494
0.23325583740067268
0.3687530248750357
0.27391753382276496
0.07503269253687639
0.09637115458275389
0.04357633749748974
0.1768059310572698
0.6948111571878014
2.2232906657192
0.17389125771299654
0.2048244581804988
0.1946821795677355
2.317311831467788
0.35499840135847255
0.4300879215427084
1.2600825521047994
1.1958008210098385
0.8190324215671487
0.26720296925574827
0.25271083680783035
0.4504988411118602
0.12108083564503822
0.2713668755782582
0.6749060305014137
0.02480645878643785
1.0295412499275463
0.3669050318682393
0.9781830923563875
0.19370265618227042
0.40129411651345426
1.2560835591962467
0.16821849303919725
0.32954960437548797
1.140621384594442
1.2621827801887324
1.6410933395545315
0.47277905271441895
0.860840432179999
0.20832109360028755
0.02633192642854402
1.2789558879001064
0.543290743156427
0.24355934815428654
0.749484526290841
0.23479852423540848
0.01082129787753628
0.017354950861790994
0.22675502105684406
0.24473680916476082
0.020165073010006508
1.2820305331881388
0.5328346352306241
0.895291715342955
0.3701270474801116
0.2358905871303185
0.0566786923411795
0.5293988068570856
0.09564614450512005
1.266972723718904
0.9148253921107491
1.2106438292838428
0.7282334363130007
0.6487768798198031
0.29054068034275704
0.16851153892705645
3.1037517050219527
0.18423634215341936
0.43736454841279043
0.5004802877736562
0.14776504092554024
1.3968577726373133
2.0100220522358114
0.3789241616634255
0.2604559436001757
0.38310176641143395
0.27343386131890585
0.38812922547164014
0.544101136810596
0.14695564951281395
0.559338062496665
3.9106564940968456
0.02427010501496967
0.2340408979153878
0.49448863693526557
0.12872174818436719
0.17518281678484385
1.5316513949211146
0.30455461367828895
1.8835729481912844
1.6336936408645661
1.184595524961164
0.10036258512314568
1.0512864351546323
0.30110591950242066
0.24012279508567
1.8693020302376249
0.580160189361862
0.4211460828077075
1.3862350825508087
0.6368725782074852
1.521139479642951
0.3643713900486473
0.6700738716854104
0.41599695744124565
0.6530102631017087
0.6200050674421943
0.5010977253913826
1.192159871981737
0.1880746666576718
0.11858196744988246
0.6596935069470421
0.1328317115922915
0.1434168913895361
2.4591024230866276
1.06286001492204
0.003142895232647548
0.6418421069795535
0.7987783328098987
0.03405016418995266
1.06332464710112
0.07980427243183508
0.08939422369430584
1.019269290754802
0.38654259780476863
0.04421059193886967
0.13404775495076157
0.26956762591587446
0.2001952215725743
0.5527924669404216
0.11252525267492479
0.6792718009415374
1.0390899842138388
0.8361585394901805
0.024109731395305766
0.9618230213856
0.11465527824554098
0.8743443240149291
1.2174863297154195
3.3757357464018125
0.9261890798239302
0.8560418644122383
0.3662173002977738
0.4581944542158164
1.1983772471601182
0.2763910860569775
0.2975883974594949
2.4058211819657176
0.5018258188034268
0.8879745891258476
0.09108170415740323
0.1845216364368305
0.3045342391879911
0.9128446264207821
0.6970472538337259
0.16279996149856124
1.4127937426062023
0.08550929269628946
0.9516967701638513
0.7424707647257297
0.1389837778907614
0.22619214146109487
0.6376975685444962
0.14761508983559052
0.25297192262561713
1.1397118312595256
0.4303405048783512
0.5703077713823091
2.0363593075683677
0.01976129274616356
1.4441434809132907
0.9004465795160213
0.13745041008103065
0.11419802088304158
1.0944059878921528
0.3928176031354848
0.20278131981689393
1.1564211436589358
0.07820399024041294
0.0807485342892
0.6250558775740745
0.18382800446440867
0.11346086816497439
0.5851485078711984
0.531635439929836
0.2443960890711946
1.070418501921983
0.549591346109003
0.6581496484257048
0.6466328469471211
0.7052990148271276
0.0867390369142109
0.20590144990824247
0.02313042323773158
0.1264668943143514
0.21558990140179154
1.2906166996859132
0.6141907185167687
2.3705227885407107
0.041692124597583737
0.3521656845360412
0.48006443099488
0.043116216154567726
0.038866342987382
0.8030301109015965
0.04771988550690196
0.6123882483714351
0.4896284090527504
0.1145096252860471
0.053623247254850244
0.46548259812712206
0.02849741068358033
2.1729880056299224
1.396576071375698
0.3165573036167517
1.0508841850307151
0.5732018475912981
0.018975923942235653
0.26187344977095656
2.018242836866232
1.4547278038936509
0.2690745480438582
0.6534665764104564
2.9523600870546165
0.26124661975305424
0.31174534292797373
0.18850809496366375
0.03946012807217431
0.4215170179744091
0.035687348646264536
0.14153503379390742
0.28037699717907116
0.9704984689222347
1.454509603404819
0.28670709038473846
0.28962704033726405
0.3877816899305054
1.6853662897354136
0.36708784568098324
0.1357903428340751
1.6015745052734887
0.47944505484784083
1.058280728365742
0.5017825713617103
0.2534582666117235
1.2730329245401744
0.9070154616881477
0.07373461368505589
0.5619327837799482
0.8068392939792604
0.15537776752083318
0.3349312591790418
1.6772796824648981
0.7000489977400552
0.4239743763633028
0.3209889871682352
0.48600926857082505
0.4089113383691804
1.7663588482108792
0.5417983573790989
1.1777622436460828
0.9315997850890602
0.0276997475936436
0.19164263833262116
2.443190322566383
0.15975603537706343
0.14491638790986122
1.9624279330939542
0.7705936556995687
0.19744196269344239
0.18114629589612327
1.5068478931964584
0.29144482892102985
0.3149588809426693
0.6231437682254818
1.4860892247329818
0.8581986053058437
0.6906950462421223
0.8469670489954627
0.8439301386741633
0.49460374000839297
0.24347369028494045
0.5497215413141775
0.7048181168174229
0.49942120554111996
1.8055672889640675
0.40753381145913986
0.82566483015091
0.9358485164874732
0.14301447880074947
0.6158926713589076
1.5116795757419028
0.493736635203776
0.8699567689770233
1.004692656030128
0.888418648263795
0.7125239711423279
0.12020467752957723
0.07580952907092578
0.3203398608212074
0.9134383529180564
0.03619662147805615
0.04860180118188456
0.8762945490217624
0.07093469738096765
0.08435018678500798
0.5294703292017672
0.4832676260266612
0.24901030428581952
0.2317806737456185
0.5259329270230014
0.22274470235162266
0.6216475186814068
0.19866612829379568
0.10668414925618325
0.31200428435515626
0.16381104066174998
0.19528809386118132
0.5219503018535686
0.5821092764811696
0.009490695555355005
0.391718049171967
0.11002099789125186
0.6674104906760057
2.163511957736346
0.7952149089837678
0.1559196609221945
0.7115558030910243
0.02794252266214574
0.6880394243430779
0.4078367021597428
0.09975430836041814
2.0186273571466438
0.6193793025824408
0.5082027512597482
0.40114298926147035
1.4195167321793072
0.476048854839636
0.4668162356239343
0.6169441619204693
0.11128819658517754
0.2208675016811294
0.43787065899395794
0.20396616023593067
0.5472889493311118
1.5190691401326126
0.41193690650438586
0.1958213211070669
1.0853661900385831
1.4764142789274632
0.013860252105935684
0.4809255232515508
0.2984431336077365
0.27676350779480746
1.9506918600765257
0.3037356709766505
0.69448852685001
0.4186935725362249
0.0744410015204022
0.058692997705182486
0.3487714449191727
0.7046896192457331
1.1910950396681914
0.4535480692742823
0.24043920728700316
0.6322582088384039
0.8042081315656561
0.2891946202442501
0.2038282840826845
0.5953252727686751
0.17931942308116344
0.4380227216178176
2.0486190020019737
0.3710082490152419
0.24269880338047553
0.9399437401136403
0.01718291215200687
0.21575970504911868
0.6178759179022466
0.10023028969543028
0.09838314939486441
1.288740600368472
0.16667768745577566
0.4525048065999407
0.2764451071498588
0.280368810227448
0.11334515452294693
1.3985039875004932
0.42771561870020974
0.1453548075761161
0.46911663950966387
0.05457925976405712
0.03261744934992951
1.907377932824899
0.4713093915925196
0.182931068979786
1.264131877155929
0.5271742517774184
0.6729861518545486
0.3365794444280282
0.08579830743944343
0.08327597567253117
0.6861376529051841
0.2508551372371397
0.18978932630847903
0.8254951824097325
0.22235403614138244
0.42167721016568893
0.6689682981128288
1.1082047979603546
1.2471353250296984
0.6604847962388368
0.4476050936519831
0.283904791370378
1.362547396114735
0.5499433351235568
0.1279279553845919
0.4022734832020935
0.04896755127948178
0.07957722679010257
0.20063519831306909
0.5257663701817596
0.29607765930388075
3.2490687887375524
0.8975853006965258
0.7368608383945082
2.2149870281841406
0.3875615789227734
0.41791285107588677
3.4202092038776373
0.034945154489154584
0.6786064843548189
0.21748417507689755
0.8352047241955445
2.6848055501771353
0.2646899270318685
0.5297021082406385
0.6373566268407643
1.2750474231430085
0.23759259604632657
0.09279700730152382
0.332102471686378
2.883959592644964
1.44311748557312
1.2352588204770198
0.8260645722839697
0.2904587630833629
0.6881127630966162
0.061714546299667224
0.36624568431561766
0.4371870209800747
0.8010010620642518
0.09569468837616993
0.2964593022487425
0.49175763940099687
0.44387020977468267
0.9079387027230688
0.26996530215254844
0.27650207813464767
0.3043706078510423
0.30645347302563236
0.11339753889886124
0.2548649176916691
0.5163083889322282
0.1419582972284728
1.0131373662566292
0.3727032762806098
0.7499826645490107
1.5363951224109555
0.11763215199593655
0.4771280951009349
0.08254064063090884
0.13830901520387937
0.2374992748188159
1.1760923908916012
0.6803191201034229
0.6109155650141354
0.05993303410521859
1.3325607731009188
0.2983292189774703
0.8553448341514064
0.35950025795388213
0.39826426792756986
0.2580414082786692
0.17172274854172173
0.22060083485535892
0.2641584256005784
0.15948624773076983
0.0356343234894287
0.4960675249676871
0.2395818885678679
0.5189027137825921
1.0087141508594808
0.2778729727607953
0.10630680236209838
1.997150369973031
0.9107400765558417
0.5282723053179814
0.026109718904309038
1.0210280095486441
0.3683766304603989
0.9658961167312529
0.6373436948209438
0.3747367975269699
1.5617139540796756
0.5010408959274004
0.823549499883148
0.04033614622902156
0.6094581547861959
0.04739681007014367
0.7147791027070536
0.09964032250411038
0.2483126168241077
0.842385762469554
0.33306749084107684
0.844943063725134
0.06459661546539996
0.7165226291731605
0.778480482702896
0.948825506582574
2.6834662349399405
0.03810329894084222
0.35690255575094204
0.29253558588991535
0.33954687237573333
1.3110759087263473
0.2852422647926235
1.0641896345905502
0.08643388937963901
0.9904419965696026
1.6549827578918515
0.45452999807781175
0.08438126262835342
0.3368932490356951
0.16514449862378505
1.2328947198181357
0.7317489356934455
0.7119625847927494
0.11552887072626354
0.11155781735636594
0.1602162545159277
0.3555353644824266
0.18219915818040366
0.33209613811390204
0.16712236788486357
0.20881836059384074
0.5056463065207704
0.23876080579677944
0.6985869252066045
0.20190710434272643
0.4549671774527542
0.28911531110904576
0.8811745210883914
0.1672856747683479
0.2416633003449414
1.3553443875534088
0.21706879284870906
0.28906280077028546
0.406271824581331
0.9038641529065371
0.6015635606317478
0.08620255704375022
0.08992932416207365
0.1536635392950168
1.1440230067798172
0.0955863567807247
0.11063070105611181
1.1075818083336746
0.34627591806467606
0.19178745720103565
0.7587733004231321
0.07276974352757798
0.41279099304778405
1.285324359221867
0.09968492116516822
0.027124777561630047
0.3811814602261194
1.8405169714269138
0.3528879263124408
0.8735452692772522
0.05624142287048695
0.2955287180948502
1.337010722016956
0.311100630756519
0.12927134007262558
1.0365576053102203
0.042031888688969156
0.3934941590273328
0.7010383241939193
0.02187299469341555
0.14574245183368323
2.585331946915258
0.16543968718643146
0.1962768678055888
0.6216784711019744
0.09949674888188324
0.3471641990506684
0.14060263773581452
0.10519887127485099
0.060748903402938606
1.635603996898111
0.014122436828866587
0.12331548702542663
1.1866380922167465
0.44711614246531967
0.026177251406978738
0.7321456473639849
0.2518989272412925
0.08215837321903993
1.2210374599456453
1.5527144516794902
0.05325205033870731
1.2273810753999512
0.7039095753957925
0.40639935018582735
0.23820564472548023
0.7227642497000447
1.0016015310377677
2.605001114933342
0.21347709580075197
0.1097757650551507
1.831597931570179
0.6984582868414991
0.27719157491219765
0.08013706026880682
0.41916783987051154
0.09974301317447139
0.14560535331742552
0.17938007736357567
0.14490115434239143
0.8063049705732634
0.21702233847263383
0.1734906618376545
0.2800988249946218
0.1367117589052742
0.3880197407162323
1.9545413122500417
0.11220418424798571
0.059290941205765724
1.8418820251676016
0.3519609208521866
0.7958117286758106
1.254563578627649
0.02623550818551708
0.34546508078723515
0.08565563089680572
0.10576798979199903
0.22300289533305803
1.294815206685947
0.14177803048400367
0.33831694002497015
2.3947665500342703
0.36141096506729886
0.43906262956924097
0.8316754025697636
0.29884443439690794
0.17320910580865576
0.8178396953727166
0.2591651028404162
0.08174281728411219
2.4322243305250075
0.12627835131722617
1.703668363324631
0.168046716567547
0.35302917254716537
0.20297596853893465
0.31154207621177926
0.5996779079702738
0.26732087098282853
1.7765415844341725
0.14543346406158256
0.31998539043952423
0.8612982342323818
1.0853244895995602
0.3360576250490805
0.16259587255288785
1.2284190071533232
0.2442077494836787
0.10836123210249508
0.29534856362446194
2.2231820686590114
0.7771152315827603
0.11606902074585623
0.09145232629438431
0.4189214306819999
0.7625717789996378
0.9258426633035424
0.8935055417397423
0.0235564097247282
0.42723948073648976
1.3689211940239734
0.6109083896287196
0.03888743801436139
1.3062877015170833
0.343999477171318
0.28773238235280607
1.8312427899005947
1.432197818068758
0.21624112862299968
0.5824553551043721
0.18438408643360918
1.1926540382098227
1.8773515569669983
0.4126821438225712
0.22949706782202978
0.0563221980553083
1.481341042624076
0.0055812263606742855
0.5601758405754055
0.1265356872348996
0.032846390181568985
1.3987632433334358
0.178229339678983
0.20535801006762913
1.8460585661336673
1.658219289228328
3.576548175754806
0.406950381009908
0.9407703495794258
0.0639180915037618
2.3550623485759035
2.1058506623525712
0.16686336729978568
0.3146371746991852
1.13351750405559
0.5858456209474457
0.2718918045962238
0.8556410777395825
1.3084081124510871
4.369425069623309
0.2057885593409594
1.3681673317102385
0.189148949734381
0.12088423922742743
0.06005470953845098
1.5977566663281608
0.26440478221333874
0.42474301984408225
0.23070356840619843
0.515347028059873
0.4747651987561194
0.3849091832476231
1.254669416918835
1.5267167304749345
0.1538677645207016
0.7619349506810569
0.821105199276509
0.8662879402563815
0.30696925155773647
0.8028539641778757
0.7666562530473902
0.05700416608659888
0.039340192760445376
0.1950269919140675
1.1451597944190353
0.7338178001544478
1.1010201533200745
0.48200194288890547
0.49408982283354025
1.0450209059883462
0.1466663300939619
0.22575287033573224
0.9056023620928936
1.7979571841925626
0.07372727413562982
1.1692777304672735
0.7023992572086964
1.4876345317663642
0.09003621956462703
0.29897973385234744
0.031890294882149756
0.07916226284979877
0.1783305703251906
0.5019231664462376
1.0910553409360513
0.02493784560797947
0.06474160049226248
0.7311153526139899
0.41848604906939246
0.8195006044052577
0.31215576897471353
0.0971544875353673
0.2064040697753943
0.8272461123316932
0.42039049702122866
0.5258599421000153
0.4909387331578477
0.3039018261970126
0.0328074938663593
0.8664550216096367
