1.1500514542096985
0.25811290678240456
0.09571721599532156
1.599208199246022
0.05759163455120515
0.22258139651941533
1.2310385236147543
0.13561588015939882
0.3308237221018952
1.9648929118802514
0.36030210446437005
0.10916317073629783
0.41187644061575956
0.08381689742699655
0.3325178809534415
0.9450579657541376
0.04831532306485894
0.6212187902751213
0.23732244004639272
0.320683602793004
0.28887404464252603
0.41943299054827965
0.534248067765816
0.09861459856825101
0.2770021038672089
0.26890676517266465
0.4227995345621315
0.5180554295527955
0.4272651202086875
1.0177421867591236
0.7698200428924828
0.17704265470956027
0.27407746405670286
0.8445346698730077
0.4367698120988878
0.13467885421462006
0.37862576164547274
0.5260920391180098
1.7608521662862706
1.7533066944004874
0.49745889488645745
0.41685810688875224
0.7129514620112619
0.3344249882819521
0.4050002403162555
1.068508651048702
0.4420427416533281
0.23387267105804363
1.4487821629010942
0.20509660912939276
0.4563318262993548
0.8820601128154025
0.6575779482605201
1.3181407540788632
0.41479899033909734
0.02041210998802677
0.08114350185149241
0.39757094905022067
0.2605255971352631
0.749677317560394
0.40535981771322666
0.13400232306985504
0.26263704111552144
1.079057029232576
0.6773588644282205
1.0980061079154269
1.3999399180973209
0.4207665904927462
0.26370137015703776
0.4696021783294757
0.2811770125474103
0.764535749774726
1.8204987390873586
0.833108281762939
0.41562286444624313
0.3992060251181471
1.2905715060435878
0.31221270699754694
1.135597369102272
1.4941419617255243
0.14154277349630034
0.7297091476499895
0.7847842978237398
0.7549811235897544
0.5612165701865427
0.1967594583856624
0.17824494068513697
0.8425196885432333
0.2769052622509019
0.12912935450510626
1.2882231965951698
1.1338399982458411
1.199695792835675
1.0215378945134315
0.0630174809757942
0.06015079634160681
0.8460627737260187
0.5519804456548194
0.6529711348280774
0.7067049568683743
0.6430396091212154
0.4998666496755808
0.35876900916952204
0.4367527971957872
0.3536494869683859
1.2532735448470578
0.6995043597820402
0.9317483763432394
0.9394496581696213
0.1364214890004241
2.266621449485127
0.1414712951774414
0.47834219279297396
0.2314933626966598
0.017424938952498394
0.06746148332085136
0.021280076271861056
1.3827574470897612
0.3198154106884596
0.2966731959159076
0.7982298026471641
0.0558053291606795
0.09264028152879678
0.07403660040785819
0.4024211181722643
0.5936712126563426
0.5270635142684068
0.10473048222637424
0.14985631845638342
0.23869829270008722
0.71398791078331
0.6514732487961562
0.20547511587818695
0.07989574130556171
0.22838686668864303
1.0494071049358584
0.15949339683711836
0.18205165486418046
0.12954286780540486
0.5112277958518735
0.7137200966841717
1.4408444170831674
0.20966977165614017
0.123315542222474
1.2737834121960026
0.40380767918044197
0.1438032722076079
0.4999001842207781
1.4107830909935326
0.7212491682706053
0.37859065990054525
0.787577873277583
1.3896379398580332
0.1911946778060205
0.14005715329566312
0.26736282986357207
2.02614838613493
0.24817037283526322
0.09767619704285808
1.1633285554107138
0.579765799454048
0.20995320107651136
0.10727548128328532
0.5567388040866125
0.6530650901633919
0.24115578517756528
0.06350676359363892
0.8291629850620944
0.2795198556362634
0.7126884794173187
0.3759203280496446
1.0061754833509273
0.23564745187581526
0.35148422790427425
1.248863893470469
0.49365945497018787
0.6779188406957151
1.0836882853662004
0.27068858267346535
0.9284630188232188
0.5981680083989025
0.16006582902611882
1.1843203291683497
0.30959769347003846
0.14072218636721875
0.8325955887666923
0.7314751844356243
0.24619750313945696
0.6410963673646848
0.25430225202677426
0.018487716902273146
0.042229317621755996
0.12489738385824566
0.19358828113758547
0.12886182301570992
0.8887918480160668
0.3737531564821348
0.05780464804483889
0.3403396601982842
2.075594864719129
0.04494031847982537
1.4394151954225702
1.426274720697119
0.7365659371703726
0.46478067355488145
0.8402894274668609
0.917415136346232
0.8673348353172061
1.9229910290010468
0.06483334061644973
0.4208099353309023
0.3508002211793975
0.5137386896059447
0.5117552081822768
0.40601059826364516
0.8904318949560327
0.547644094113452
0.12355133624794842
0.18341611557436116
0.5376965147619661
0.573926665450083
0.8698731817747838
0.07053044589338393
0.020739339925178304
0.2610147883834423
0.41004680248783365
1.3823074996790494
0.44424292120259623
0.4140978137605819
1.3858040427202891
0.584688735113287
0.3756406153653715
0.1609249522863049
0.5174345099433422
0.8767745637038974
0.4774583852814599
0.42394574954707703
2.0290470546507473
0.44349551611709837
0.02972670421950084
0.7725734568766948
0.019882475741395348
0.22328579878475907
0.662169170308118
0.25031120503550536
0.32541468882968855
0.35277601934016467
0.3371363425284698
0.16599409097993464
1.8261573082322395
0.4233166258605336
0.8018044903281997
0.15522287198797938
0.36083862489941027
0.10512288599720969
0.36451866576165975
0.324168829064942
0.5372543045326592
0.5140923576191142
0.4830325087911451
0.2604525117220433
1.4706050409110445
0.06270943107152445
0.11393714579171879
0.36903258790961635
0.030042685871795434
0.05099407526897422
0.03305030313082668
0.62342661074702
0.64212143101418
0.4880645130914682
1.125864928591652
0.4193817747711553
1.4837035343611598
0.5089330354704376
0.2266965532345628
1.2627508135012282
0.16874177391472836
0.5918816441048519
0.4738523702693838
0.3632346245465116
0.7527857837519921
0.2517283420000021
0.11081932888455359
0.722537506613847
0.88975161676079
0.3803993559203643
0.01660581453457852
0.2850181814712903
0.015615617431228603
0.14449542310327146
0.3759039472957321
1.7172985383245398
0.6512806819613481
0.3431167569588599
0.1518613156716161
0.6620674564289484
0.46038860699412243
0.4399582185683432
0.8693065393989607
1.3138014118860502
0.018444259712576305
0.22513415532909645
2.043228107380943
0.6056426137465863
0.18776039497525304
0.8720373380586409
1.0326722387811897
0.1577627806339801
0.9656528983687528
0.18361086505229507
0.10341464634495162
1.4550388939845988
0.36817087228503637
0.19066277886985286
0.7632815563981884
0.6423849274705097
0.28456323538317213
1.2640768673720397
0.4316926411264171
0.18974389914587908
0.6374046013018194
0.20639585331017005
0.06849151472480178
0.060152135534848945
0.5219914215130987
0.39207145833780715
0.3106517811143851
0.08433755962044838
0.14697181123801825
0.21980269321162202
0.38695382175568743
0.48849882414228685
2.635090166101665
0.40542678075150734
0.190411293527545
1.1656590102324194
0.4441329476808035
0.6332184248845609
0.1485498669649784
0.06658013159581051
1.013846665518688
0.051519295032686305
0.8387486709623972
0.8266318947516866
1.5097647700333194
0.3915557548334253
1.0700576059012075
1.1732775007652254
0.14221643939622408
1.646637203506098
0.06767943763676877
0.4580356747812255
2.157139004503112
0.18450246335426737
0.015867685220136426
0.2700364992882032
0.2734313571698222
0.4776347287271514
0.03552511773856148
0.4264722586697865
0.18007143853650986
0.24418189745033683
0.3781615020151326
0.3874009701179251
0.16235059454810508
2.659832401537495
0.5302909022633505
0.16212645167245487
0.6835022369807415
0.032795152828099035
0.4370820885269224
0.643843264299831
0.018210512003212484
0.4284814176697406
0.9339381637554046
0.409119329618387
0.1751436721257793
0.257963193732489
0.46334340821843434
0.28668556074034396
0.8177941547449901
0.04189432854909812
0.16811882021827843
1.4859631050564164
0.4988223974489812
0.7950306516225231
0.43559982168134015
0.16690777856811484
0.6142695401760997
0.3222657290106706
0.910707195463879
1.3634644691021134
0.1413277627003466
0.18095765015185597
0.4134038467944506
3.8164242479070807
0.5735497402207971
0.20259698152059732
0.9438451251631645
0.657028403442881
0.03681774449968943
1.0695379855527436
0.06429405350825437
0.025300917239209415
0.4215815425276316
0.3146135031262164
0.17745221279964946
0.12089471128678683
0.015640090806915773
0.08827885878570253
0.8336007026164576
0.02284608323950937
0.2832153895870923
0.9752880458777515
0.41277838391659843
0.2820279361632952
0.5471280556681937
0.1536106583903535
0.04090687584671812
0.6821393928171962
0.810172873038092
0.21220650860630746
2.509225525043305
0.5061005145124111
0.8039418374402685
0.9357268402349106
0.29577405901942655
0.7590245185459473
0.3489094350701305
2.3118948550646183
1.349668413669646
2.048087683937809
0.0709356466672043
0.39823198607594806
0.46406076418899017
0.16633495362700002
0.36259757209434007
0.14672132819815745
0.15960389941059827
0.5411552373621199
0.22855235929153722
0.7426404372528921
0.8962615298004857
0.7015043581619144
0.054744024217111185
0.21057602181535148
0.1778040660175391
0.0756701829130757
0.10945938083481263
0.9051681170132762
1.5833593084170954
0.4897870561504018
0.8634634390036275
0.042902067528452326
0.20352594099402152
0.07306403318400953
0.1622260062577903
0.7658031112385502
1.0575070755910312
0.10904654970237157
0.254939433780965
1.2044372337987805
0.07606603661064557
1.3054199538073938
1.081967048841806
0.1863074280112203
0.3328715928950535
0.71982677278133
0.8433179866136395
0.07904866965045965
0.20831533041245454
0.17237394970541522
0.0070997741321571824
1.554248609581201
0.24614184115074023
0.3236985416538433
0.42340744318794865
0.2001495900169209
1.7678060510324798
1.5483008586853249
0.2484880598270449
0.581814008670004
1.2595153691994538
0.19961353185940037
0.512500515360206
0.5308462663126036
0.13593349305993258
0.17614244521028685
0.5862230065342962
0.13140195681341327
0.3200226450859627
0.6640444031660063
0.24695542866016518
0.27954282779460604
0.5378711863548349
1.6451783652301706
0.3551683486094305
1.8130226377794243
0.7151448579518568
0.11709019544630142
0.41038367387038177
0.10922753852146047
0.16741933961800576
0.6214851877160881
0.05934418454146606
0.034566225102455425
0.20774683546451667
0.24443007632409552
0.4799186566553015
0.6614456815034061
0.1177922736231001
0.1270397376381372
1.8631128099197118
0.5997248315303463
0.2213488131769897
0.3172516430068528
1.1742512954282789
0.14540516065179285
1.0106912533908032
0.5120795760736258
0.518672899162912
1.4609702973095047
0.5549030005737611
0.1657948009003855
0.7386042496585508
0.4017348295003432
0.5475041918970972
3.437198126599353
0.028663387887837365
0.7080143091683743
0.8973412431587189
0.4477337417372067
0.2208621844205383
0.4982522800122518
0.44993492420930614
0.7574741189042677
0.28328952553930586
0.0192058817130609
0.09253166518268527
2.276878833097567
0.24966721253385848
0.5011040582037751
0.8477521348597664
0.31174870050593423
0.046217583305049804
0.039750869992905065
1.3757553911282485
1.2703068452503896
1.4116777622940666
0.14125037959794887
0.2840240911136342
1.6426553221998856
0.15496243247792127
0.31391776559116197
1.4184734645814758
0.4235026200077429
0.35337316941859376
0.4494385935148658
0.3148052292927891
0.21410082534020247
0.39514062159919033
0.3938388257868073
0.8666394971230086
0.7797527230398476
0.2455839152998905
0.010556476460210146
0.3584151951155939
0.04334698206104602
0.25557924622250633
3.0509313989806226
0.34441044878136884
0.7922364812114797
0.5733589826263811
0.36791379995705475
0.033502871471090725
3.091957779567331
0.825262066031323
0.7360196246469872
0.20166081866129795
0.3221292675483854
0.26852971752136995
0.7960814274073078
0.5605026926773975
0.2617122462062341
1.5347072524813725
0.23729539927545473
0.5491970489247926
0.43844825231189943
0.2808246164634958
0.31893415479795884
0.33587804987977543
1.3586787437587269
0.024503641386196328
0.7486998355844968
0.13604941810397178
0.19447936539706026
1.2333057418896662
0.34763625121368813
0.17661361635148848
0.3581471772081915
0.33018178510587937
0.6241854243014083
1.3572082354399249
1.2801249691581915
0.06906738509649055
0.4270395673822413
0.012523419035464113
0.24303517557888699
0.9601953070287677
0.10259019599852012
0.3332998091681676
0.33264099239746614
0.3003556949497782
0.2674425738580258
1.029311412265175
0.1783965334119486
0.24599031733092463
0.8347418380544445
0.07954452044781603
1.0360837631040436
0.23073579762115157
1.0134119304747626
0.8014812945762945
0.42109806050866105
0.9388941584731336
0.7546999636572862
1.1436183779559677
0.5476079477835232
1.0247852408319764
0.14514580085549314
0.20474019289053236
0.30928090897214844
1.714568221931443
1.0626967427602285
0.9718408693354126
0.3420737272415751
1.0461930381382478
0.2349334576651349
1.1731355181127259
0.9196567810547469
1.4343439279021688
0.9033652695423151
0.6036998237985168
0.2687403336999102
0.3388200318634107
0.7767981190685785
1.0507095208480164
0.5193939660255792
0.8521681659807061
0.15681584468902393
1.0748901980951073
0.576751078370446
0.2691316082028751
0.8580062543815855
0.5259447867833286
0.20307363369623
0.46683311747131145
0.2764599673231075
0.28550956640130276
0.6400599657035637
0.6159364348683627
0.517832860194266
0.2809805043224305
1.132933234708101
1.471565449553116
1.4548989824568714
0.09411285470172351
0.11446310365499597
0.22596201605015798
0.34718218248140875
0.21280113140540768
0.138972950730919
0.16438751521912184
1.8983594157296428
0.8781541404281406
1.638171092002534
0.20028406702069415
2.0932432376049297
0.8283920919323428
0.5429999050450375
1.6451365108042735
0.09050979848091897
1.379029958768287
0.3433752392980659
0.11917368798457777
0.027888540357368763
1.6929314531734103
0.5032134363791463
1.5420709080800006
0.3938427007491906
0.18698363466431436
0.27539828035170727
0.5833138707657629
0.24147120854378268
0.36079771612936135
1.5298078030752904
0.7231138929056168
0.08911105138170296
0.35823012905567253
0.27886866375963626
0.34743379225953896
0.3763155787026228
0.9955777915944936
1.256896831387639
1.6308075083235414
0.3850967514885552
0.054209824984210266
1.4658279158679453
0.05793521520053009
0.040415807243101884
1.7907792300862508
0.3912817605296096
0.7884955133486059
0.7967928346053111
0.05580325256414981
1.276850284994205
1.1764929686330812
0.21335143948314683
0.3258541032299935
1.1053233158172346
0.5711705578429078
0.3244856426386424
0.10879794291390804
0.21070475749462572
0.12819706394100813
0.19214315293055267
0.0682845411711957
0.3535404668910999
0.9536845394605361
1.0796158991783735
1.8365671083432773
0.2574243955402897
0.1045264149178866
0.350353892639851
0.7262786377602528
0.2440372087565032
0.6045575371764748
1.579537331024258
0.5132778505257299
0.08545591585770146
0.7682949407167303
0.8168927574209611
0.9962950431659439
4.476784283239968
0.8686189740052629
0.8009528298418218
0.6303988298828278
2.122753829616538
1.7163367512652732
0.2771328045677084
0.24634800070627821
0.833465955669988
1.2827698900173192
0.5898796273054512
0.11179028889390911
0.8239174630363257
0.14381952970115552
0.8949180101581161
0.5671607260810118
1.0027483288683787
0.14012502041867939
0.7675953958898569
0.48323926057950384
0.05626452537784017
0.7609599893698292
0.6548508144979382
0.1637939317061598
0.48448047056461996
0.5944565633055958
0.2278062722850332
1.022040855353159
0.06522006091026776
0.3059546491962172
1.380535163727211
0.7134405316799647
0.30777754463131546
0.5821734486555546
0.28752839351888504
0.09194001306754897
0.09114599183357625
0.2898102089826792
0.3936845451009389
0.2566253911243013
0.9462401292749659
0.5318931025920646
0.3311118786169706
0.025500193499920016
0.14663316018447894
0.6593295029705427
0.11821590846033803
0.39720628289720084
0.3456891908870647
0.5968815490315125
0.3665691157762518
0.9551419407566034
0.3245407156567527
0.8795965028268274
0.17719510404849878
0.6778141012743469
0.9794451976026955
0.1951666848827042
0.06728900498725733
0.21540914239787395
0.31366130431132466
0.20627263640820478
0.33008665122392783
1.1560149859101039
0.4943036372498166
0.08952699742944949
0.37197946428180884
0.34913819840072813
0.2195031461786676
1.5107708469295016
0.07652722548297901
1.0977663821050887
0.28796382984122143
0.6162389722857728
0.35717116158750495
1.8262375812147122
0.6817235496195978
1.0933090911162842
1.0859108022649049
0.8258733960760699
0.34221826355396057
2.0288722359729445
0.2752341870458281
0.2215631942963304
0.10063387915104276
0.24962974241629576
0.08262000618607508
1.7162693697018354
0.16491733251362192
1.8023220502779804
0.2040044261338864
0.12543511485090442
0.8892637178597356
0.4795208994041748
0.07101856731247527
0.24952280422954184
1.3461633005557323
0.6327414741274116
0.17461502195087977
0.7371797432851783
0.4159670355016622
0.40407351732889857
1.2885171954224837
0.7892987101938976
0.4547413718678084
0.5199455068451293
0.520671620152099
0.6274344464845553
0.8137570364997748
0.5416001648896546
0.04900635579872612
0.9894570773006722
0.723982222617365
0.2799178623360565
1.1742235212086798
0.14351446721519986
3.358456599676466
0.6686596158325671
0.8030216578685961
0.34334660879937723
1.34369613165688
0.4641179799382797
0.6775788794628416
1.975438993933552
0.022878800084000124
0.29656744315672207
1.0937898280973521
0.2661540122814959
0.11228584198466499
1.5160237402853516
0.3107588707395217
0.7496111040558772
0.7681342363212407
0.05585176422795437
0.40557868922605805
0.355943368324426
0.22739719237366937
0.36891050738403053
0.4185029734979866
0.3884784661628086
0.384966963019197
0.4177447012744696
0.10442428716586026
0.5826734605661776
0.8814284832818808
0.4377543656581749
0.7205901796136519
0.7355774313635779
0.7103771814989513
0.32351654243823263
2.03585584905356
0.4147653712420065
0.23260114245761082
1.081620443888011
0.07680800233286939
0.7670832467828953
2.407736556484172
0.6280875117161412
0.4098686111760361
0.43040276523208587
0.13289870063333817
0.2801396849765905
0.15323337162864895
0.751552773993635
0.38278622210015906
0.1980195405109763
0.7086198393209222
0.5772570241810109
0.10249532130238057
0.5712935177997162
1.2589920521727367
0.046656608717852766
0.028611155248754704
0.5814609826862975
1.3684439471527197
0.15132007316352056
0.693493892303081
0.14590462556569012
0.2509389210704727
1.6344920831688552
0.3644378204672391
0.701598909959952
0.15262009598419943
0.5128940709223212
0.289324365386844
0.3452595731068224
0.7962150636875241
0.35710887586282175
0.9492378645499824
0.6545889015644929
0.07789350957798062
0.3763323096831612
0.8763604098945283
0.10766843853703152
0.8708631096900237
1.534172651406183
2.5823788753149928
0.5871329576554275
0.41998821796714864
0.1026187540194173
0.41236735038312594
1.763217752064159
0.4791865865663466
1.3574673747413712
0.7762280526939876
0.26284596437934393
0.8373907527045334
1.7518306085869342
0.5876790169856568
0.2838004895581014
1.1056129177866298
0.08162138665441131
0.05828221949720521
0.6337262180804333
0.6060690052766337
0.6624796701099201
0.18202329790212868
0.208290282752898
0.14404480388344537
0.45102341217561664
0.2158579625762694
1.083824206202456
0.47346311750289954
0.7902460218314362
0.9073681063897121
0.7583600716103459
1.2115017398887495
0.7838431006323037
0.796867457321746
1.411474079925205
0.4156157722307689
0.3328518672694606
0.15858138205562508
0.9725215262152382
0.7411347506983127
0.04603898516531034
0.39977525230098726
0.28522761650008366
0.3140702863336721
0.20644221863831988
0.9190449940604253
0.038155502721594924
0.8206977672627852
1.0123872323144432
0.35104861227723494
0.0722567082277051
0.18882150448086002
0.012906990311078262
0.2833157347759876
1.7636806026603358
0.06832258200670308
1.0217990474505407
0.6774249216324345
0.5007988213606361
0.413141434087628
0.4576059290347613
0.5679973677339301
1.2637875162691425
0.6424417311085177
0.6225958618275569
0.2042548163198332
2.479577786958596
0.2760703320856408
0.2531622004551621
1.5273828507524967
1.018855512711259
0.5326178657545103
0.4431105267748227
0.4051740012340833
0.3400301160880497
0.26668593563820936
0.3337033420633395
0.39476573730376785
0.31879260587354896
0.9564191600703024
0.9386662862136061
1.434425639955875
0.008411027746870128
0.22209938529624318
0.4017494043843305
0.017777472879994486
0.6263001580760803
0.20178069532235737
0.36923241468559403
0.05114526812669944
0.7944573385151974
0.3384962724227552
0.6662781548428824
1.720837615047853
0.18767976833301275
0.34644085037762856
0.6438915077261015
0.1584845602015478
0.29056633111092517
1.3594346189613489
4.275466117820555
0.03106141576903881
0.36787697607310355
0.6114273942294854
0.15608007366858986
1.0618542550677819
0.8490856671993267
2.100564892216717
0.22195964842203128
0.06661294783539544
0.8166632552330545
0.5076278857539394
0.57237416590595
0.228183247690424
1.907207359263376
0.4976342476108591
0.3659175253412448
1.201716899880711
0.4717298764065137
0.06580887491740002
0.5559982240553629
0.47595344388465716
0.12048940663727992
0.402001750769475
0.09402056070645809
0.07963805081749878
3.752748825395664
0.5265777130339045
0.682373947263187
0.38960229453538237
0.15291113228573847
0.44394740707138464
0.4687221507251503
0.2967113709278418
0.5676186791621297
0.4174342062292814
0.4668561495304345
0.17340238528328866
0.28888545902076795
0.025291068630637067
0.23215771329714827
1.1888407870955071
1.3144672523512284
1.2744677437318093
0.3523164661811376
0.15089257035369041
0.10449849589126207
1.1727711441894564
0.190806379246724
0.1035208940057712
0.36750654187649423
0.4065700480716703
0.07864715052163194
0.3847725128762758
0.13390470254797415
0.13436506428727443
1.808458535781225
0.8593261847587372
0.3269992368370901
1.5314166781141454
0.23606301381197883
0.30748557346384275
1.5886476855855396
1.9350396657592934
1.1420552235130188
0.35049886073940273
0.11253993351237199
0.0637098410006775
0.05877378924070601
0.4416927145665227
0.6508736509629782
1.3857319272367892
0.20967285296112473
0.20957723353338853
0.5480047406769852
0.037724400112748004
0.11531640559927088
1.6381062748485122
0.8701358287628576
0.8427667882489754
1.220769777165129
0.23739108943592788
0.058849040069669074
0.890935429131957
0.7928295821666614
0.45192874582924797
0.7812944007019672
0.33302907555598205
0.7038108294529916
0.4857564567950477
0.30095952268203247
0.11048907234280418
0.18213371710274084
0.7900431775539509
0.23127950334148992
0.5532774459269089
0.3202587461466289
0.6492718946202743
1.0971256431882226
0.07171055754539338
0.03400261243403024
1.2869665764063787
0.5034031063397251
1.042083459499285
1.2604754089544066
0.2580946957481542
0.08303528936267669
0.303535028522172
0.23734626418048038
0.04535643576317997
0.08368850952911915
2.1485022260154643
0.9936177933502722
0.38959010625637763
0.5270466871150554
0.05200227289450285
0.13790535296807374
0.6631913643188735
0.39281330980681733
1.6635954177514305
0.47874036406893106
0.2827056249893378
0.5161766808236032
1.1685016241082193
1.2942624043721869
0.5354894400891502
0.29202062397524925
0.5668510651061933
1.5447377073635324
0.8771369724064005
0.6556521017102636
0.6739614714298974
0.26379228675439265
0.01548008227286974
0.2038699635895015
1.407683585841736
0.8290368118711404
0.05257387752697304
0.36794761827801326
0.6029051015389157
2.7045579041060424
0.30448946241132
0.44675516482336697
0.07147259182817296
0.1563882337309075
0.4178961456166142
0.21792931990519024
0.14957806804873466
0.18422156741705853
1.318308096568325
0.05974183643716341
0.18592218713158762
0.24540782905384265
0.37191210654106993
0.5745897247321209
0.9570256432267543
0.3893430386879448
0.26651476824803527
0.1852626720175272
0.00040798378626847324
0.0017847026452008055
1.4820498803570694
0.268128501753708
2.1256356126261178
1.2532071165879406
0.8538452913593545
0.07013589267698792
2.561130319186911
0.24791900039661185
0.10519602007157589
0.24749229860917688
0.31705957771748167
0.3328291105219014
0.8298388775672646
0.347728971195005
0.5546917154186884
0.7573137776643538
0.2972981991824867
0.04038087272166388
0.07457670407080857
1.0679762039844662
1.0756015329140054
0.8220535688749784
2.0718038064327198
1.4319592783714332
3.726605696555965
0.984869538234082
0.05923695080601984
0.06936954209063988
0.5301204954769679
0.5344056557137018
0.342175724093273
0.4763492671429643
0.06273747717584485
0.4925097439215212
0.12473709239776218
0.43844330436455137
0.4701188840787978
0.4141425659526658
0.7526077948602208
0.17888890883897085
0.6129042778147293
0.30518593213710254
1.8685252687037073
0.8890202552253217
0.5284243009322127
0.38938440651134276
0.029272479004748053
0.4533800821570355
0.46178257384360216
0.5638440099652188
1.2155372582327248
1.1200930502440227
2.004134840470183
2.18246483567594
1.1281074615344737
0.8693242957453557
0.15439456376398344
0.3154549397982124
0.2782035971370619
0.19544142344611257
0.29857677863559534
0.13555694752310166
0.32386201144133797
0.25474487827383374
0.6274544649162864
0.1825656362900263
1.536201578151342
0.4892201882118663
0.2208416959258401
0.2305806249004206
1.5553810022863588
0.9300521024990706
0.3063732541227126
0.42760428076477597
0.11346615481609144
0.043298980667986785
0.11666188472430462
0.03653220496637617
0.055045861216411265
0.4979167424703034
0.6303736704233887
0.10751900009642416
0.889789148308049
1.5987112050704684
2.6802442057520217
0.6680980284231093
0.6661916108494076
0.9023967986116019
0.5407512671856102
0.5821004273702954
0.8588600991283425
0.5295323122378265
0.23820865553992626
0.23555624603673328
1.0072264017908161
0.3519082770253977
0.7661827205844148
0.7237033055670272
0.6325376172381039
0.3988985290943898
0.2996129321561318
0.4138434327463805
0.2812848822183663
0.4105064062215286
0.70008349142702
0.8217077317659676
0.16393694789345137
0.03831321780766663
0.9114251229153622
0.23731676473134003
0.25791867367854815
0.13056217588863894
0.37335085904566434
0.44146071137220133
0.6275615742325434
0.10992212631462699
0.17635121459155548
0.8866258465764981
1.715658055170714
0.4685291160330348
0.7215211779034794
0.6294007133081704
0.30056912519594503
1.1070605053964153
0.515053450608227
1.094489186637685
0.5147378831892337
1.0584928885586042
1.2415902486602997
0.23768885035143178
0.39015983376222624
1.3313199176189627
0.38775493184124865
0.466441270493594
0.04958255404075508
0.27228041844392736
1.0400309892138875
0.9918541777519775
0.6919299448091386
0.09665867713904536
0.37946221398931795
3.445345459214738
0.7119955206449621
0.7357914253000528
1.1710583517464355
0.5000457764997824
0.5597258275109909
0.12966069263538643
0.08344346236818645
0.1098648071769156
0.8136047102964673
0.5070944662200526
0.6315882464660462
0.4082318371064191
0.2652371148286262
0.5542082661614101
1.7764089384622488
0.2717869767974063
0.7305520315055202
1.0513921067615022
0.212479380725997
2.3596036182369278
3.68262517108315
1.209017168990724
0.4181674684097881
0.5603333647419276
0.31114554540517936
0.4439108688262915
0.9554432984530504
0.42236631622177573
0.344488197147473
0.17782788180024986
0.1453308641942005
0.25961670279667143
0.3215159668925719
1.5934433172823923
0.06400183433769588
0.5381484799475752
0.05151067920770866
0.16674814478187414
0.7696632552130592
0.321024295482738
0.04529658639403501
0.16090582722890856
0.09375506885403999
0.8127306378372239
0.790377896682521
0.10980408227920725
1.2110735419646173
0.4404993437290689
0.0025386271947090626
0.35714319469686684
0.759204816964535
0.40407126900782303
0.47308996031238093
0.3935136001931015
0.19333175917949746
0.024241475511429963
1.33710736709903
0.18132465564746952
0.12475838178529136
1.0809558621824982
0.33389073790977664
0.15068765371806236
0.8305344371946211
0.1351823140362623
0.2839387982373576
4.909577478996326
0.2332204591993164
1.4215445302977963
0.5834113559305631
0.16758888232632177
0.17232899725637993
0.5737768406097767
1.1652235022884379
1.0605287896423228
1.1617982902975645
0.07793027039162899
0.10777893727036864
0.38169446764525267
0.5050589291481387
0.22645160115300547
0.31418505181921796
0.09512887404648175
0.13414742852096093
0.05275308603127161
0.29299891909807535
0.7898582916525851
0.5077722954702977
0.2753473351481675
0.7323729458708833
0.4481252119106838
0.1522690063958117
0.2913500218141313
0.4256653247707472
0.33679277239280797
1.7189305567146962
0.09687801876442428
0.6244652127154897
0.0344403650839016
0.41166687940206587
0.1478524303020805
0.08127144056441006
0.7261595087790864
0.46151335096080615
0.006522655806210716
0.3006597121719717
0.0595268778089079
0.3819614375571308
2.4833565633539574
0.45668493579482816
0.18430598505755677
1.3011845084851301
0.4214375988294718
0.3193011075161984
1.4889337315424769
0.23265687658003784
0.34469838093227734
0.3983735974894196
0.05612522323156824
0.047990773162815525
0.7309935101228076
0.8429350438925759
0.14809799854060146
1.4169416179642755
0.22372341712616026
1.4124205051063883
1.7699198186748495
0.20770112937590374
0.19268202521543162
1.4277254306330989
0.17624573499200052
0.10235225947469109
2.353365829736656
0.21231209651097374
1.355017650552448
1.53524738672257
0.7005727961188455
0.7273307803435917
1.3791562226316498
0.111862085520522
0.1445560754033973
2.1538935611991605
1.8669616574510641
1.2024572125388515
1.4819694888668102
0.5966984134631711
0.4308531171703064
1.0578661097777717
0.8550637562576086
0.2573309614696263
0.5151970686516608
0.6305113441531696
0.29862052315411947
0.0679016115715984
0.3669400588516908
0.4774343652884511
1.5361811895667408
0.23341862735785995
0.7416805894011459
1.6461634626915107
3.1664925149625986
0.10818755263209387
1.9520817090837326
0.1661046689837261
0.6892598760918452
0.5767573972343943
0.06359871229510465
0.4091358955408059
1.3822309827781014
0.203567427712518
1.3324912730202476
0.40879931677365977
1.1290585462448535
0.1384509085833847
0.28218010399065063
0.8607666054317112
0.764232566974189
0.6165240567038534
0.1743530499011351
0.3158664586624123
1.280851489655275
0.3199487790952413
0.7121508548730164
0.10084226976079057
0.5121928425236473
0.026404339056507582
1.17809415689592
0.04567934044024514
0.29924046445235547
1.0870736614789802
0.22108896099360933
0.031723798723648625
5.105507545049198
0.524338625374279
0.45260638268727
0.8154291554607648
0.2200510027654099
0.09189209861871042
1.0417023710066513
0.7686135209534416
0.684889460823626
0.6484232662987159
0.0302175097503633
0.15149703106066295
1.4266216726659993
0.6004804502123041
0.24083513728814265
0.45761214054340077
0.3273337719777241
0.6250754697549264
3.2013135473099097
0.16786964627243348
0.41731260127652553
0.3023565383591394
0.09959596560465311
2.003095021068081
1.3693558538589927
0.3899442374041573
0.15665753973575736
0.6089302487654727
0.2546596384444912
0.023526840322002075
0.6877783437258571
0.05145988550809152
0.06763995943123023
0.41109083713591954
0.5614804146220609
0.5258260391150369
1.2746433073050223
0.39521544685588594
0.6792465739746193
0.12637478783429001
0.5369639487300049
0.5334933225973767
0.14675725463204717
1.2499415577104545
1.6103096044060068
0.2291526785807482
0.683492230018619
0.6274629532472833
0.486682903805347
0.02198927964070648
0.13800095052844502
1.2017638459585234
0.01940470089545088
0.18999160170460352
0.5925284093547247
1.0781534111953928
0.7781502644030089
0.04473264031063941
0.00875203143594372
0.35997562823326545
1.3374528694900756
0.15529659612900082
0.15183516364428667
0.46390880626727515
1.2941153973038646
0.622212544670618
0.9197918237486953
0.17136377808835832
0.7895105838350225
0.14533175652091065
1.6227055011147251
1.0031653993831104
0.7350118971782801
0.20869898378274598
0.6948450700909322
0.6453732596957383
0.3542165939164646
0.18693120269892308
0.8693484794505457
0.13535008532882314
1.0785052150209697
0.46031601659929583
0.19493396437962915
0.28216876449108835
0.9068044053726079
1.3990112533036176
0.865086021870758
0.5782816783295646
0.24306427053080742
0.4959284642731597
0.6085307488464639
0.0911977399633434
0.8549330838607407
0.6045164033362109
1.3962949166647582
1.0766971798962348
0.6616838925716299
0.3523358481142655
0.02185989469944419
0.6203318421662628
0.06435153177530555
0.32144316095371717
1.0544323581444628
0.23123074059056234
0.6451181078667635
0.951337992515083
0.3533090012462533
0.23569586099723536
0.9801294927272812
0.30378099851383894
0.42189541278723214
1.5142919330886553
1.0137753849403306
1.1796250451540498
0.4738830094954166
0.32167059673038484
0.07934317209481229
1.1376752476576055
0.1664479861668274
0.04231748613786318
1.9563473488956509
0.4065494515922217
0.3369022141053752
2.282286729439242
0.0822921204636991
1.025087112606874
0.9002474546150863
0.3466208225368111
0.8128984562493051
0.7244706801034475
0.3111917113157577
0.9890071207174378
0.7312455569090961
0.20324278248395375
0.7692117526507103
1.718295396136703
0.2742066892609699
0.05615086224806759
2.467070412703514
0.8544242981160546
0.9723699343584987
0.8096929246676604
0.22590435811390291
1.2977587954004406
0.05478712310711556
0.4563864682719516
0.10390511045684045
0.6656675071151891
0.09876407805618191
0.005052678481406163
1.6014041524456608
0.20626897216906082
0.4437628035978987
0.321824628503519
0.04115375569843839
0.2953683243447142
0.22292307615313633
0.44654092464749245
0.07653066672266695
0.29213670230699146
1.1039723150082317
0.8819342968374684
0.7093705840169303
0.28589031590952924
0.30280068540851673
0.9470101758157764
1.0270435277816685
0.9895873311268965
2.1904797888155025
0.9715087078400665
0.11570700669349793
0.6419753768841391
0.05008103041992307
0.5059041272208253
0.2830995584790574
2.032275907821932
0.056379093833857176
0.15780120193090932
0.8336559665910113
0.6111008194972094
2.3755733096191793
0.9912528906006645
0.1273941156986185
1.2855994936656405
0.03865501409626358
0.06784173076678102
0.6856209748072853
0.02588310362533489
0.15577379180417167
0.48638998219192064
0.7655936384568064
0.5769242589102427
0.11869801798358988
0.2855561418030079
0.08975324436205159
0.8523097886707529
0.6034108574948082
0.3209142523585442
0.00802816964408955
0.3062184152198035
0.06819965099238098
0.6155401067924132
0.07002930999366437
1.1564164663328995
0.2066288255398944
0.32973431935134906
0.8460827167029236
0.10745944052689081
1.4756757318985647
0.790106944033161
0.8130629173912323
0.4144911910495296
0.11726582097463482
0.6795600882091729
0.7910705420058142
1.3365359969871022
0.3329715209111246
0.3131376940557394
0.22620370244911372
1.7866247979782974
0.40867767946734945
0.5133398541285236
0.5391350600407402
0.5152718185395183
0.09684013463137207
0.05747339520582687
0.8340558008944414
0.05623001916044364
0.8364238356843766
0.042925237522196756
0.7805576343312455
0.02885918869072761
0.007230697876609481
0.004287267985287288
0.600310685275704
0.2010319102292481
0.24639226957974159
0.11798222414870702
0.04124475491117966
1.6920150487669618
1.3378429158290084
0.26003420878981953
0.009654261671082026
0.3645753316550105
0.44390799630518085
0.07815750716598963
1.6271172669268459
0.7475787170765754
0.22940900429318356
0.15152710248782952
1.1291271816884136
1.2563833566134885
0.16012741390206672
0.44790483267546966
0.03570651107498626
2.1553844979182344
0.7497030883338447
0.1261391752561489
0.24738376641039894
0.3455432006304473
0.1532722330898537
0.427856191010913
0.272934889429369
0.16214014252619766
1.1314060731125477
0.18251457553473824
0.13459990639885008
1.8902853360971887
0.8354842051562824
1.3175215262119744
0.19398653898263013
0.2599081560137448
0.1785497332027707
1.0553111150694157
1.023924634362364
0.6593155047901601
0.3113086174311669
0.38163076976514293
0.2989290667003382
1.2388351650619698
0.3521179276835998
0.15275768991591765
0.32146946061761844
0.2321787302935663
0.04197676052770708
1.6000726513297983
1.4471268042057353
0.09292694752853645
0.644666684849528
0.044130035951113575
0.09232772751749814
1.064578000520326
1.559733121559096
0.21414625594570547
0.029286696468519495
0.8638342251674632
0.7019882431253208
0.5011036525988316
0.8134560549414418
0.44651236669573285
0.9758006178384638
0.26501109835340647
0.5551131216127849
0.3796329734623297
0.013387703114011204
0.2385428068690918
0.3272058322080327
2.833025360228186
0.6085428588110091
2.085581144323123
0.29057363964541516
0.08556844257842852
1.2081058350754397
0.7260155841345005
0.8098938922498442
0.39920650917732164
0.2635442942848895
0.05991247397780164
0.3127834616936742
0.3958410064832049
0.38972967888986243
1.5685964466395044
0.023293107360919715
0.08434791050019916
0.6702821078392847
0.10270819798792015
0.39575820842711296
3.598558615663454
0.32653621123629273
0.47541295511401843
0.41811718185734087
0.0829849628710604
0.14317978031066805
0.33565806598156595
0.40044183795409044
0.7556948123068896
1.3986080381687676
2.1019171690624003
0.3420805796919942
1.3420582757040302
0.646669234576542
0.7282577047758249
1.0028891930510473
0.47696101986587985
0.7706040422128895
0.25642320863575874
0.09412842116087099
1.363740339020138
1.1005406733139669
0.362441606349532
0.169015585560689
1.188469126135959
0.590370543816627
0.5456939744679609
1.1651703032894143
0.3260867155378805
0.20231468054535612
1.2442657968708284
0.5919705697025535
0.5069326988185974
0.5475270858667973
1.0424153773939202
0.15081905643411658
0.47002817054495016
1.064089448000026
0.2117374993247309
1.358146150887855
0.015434157881228561
0.9725935631931231
0.1617972034801846
0.560912915901513
0.28826402673635465
0.6591886219633584
0.09909854098719734
0.3070747457393132
0.36518341136464766
0.4060570085326406
0.16629908293543497
0.9584176633840634
0.08171825411703855
0.026863250120626188
1.1671849034563069
0.24436163211970688
0.15398533737852732
1.3323705739167715
0.06780493111119348
0.7202442901458568
1.5744468848161
0.06725785601469991
0.2350546103362716
0.33428723791623866
1.0245399261540928
0.5515849724165407
0.36935197826018307
0.046036586630160546
0.024023228893309503
0.8267130839031019
0.3184602894277843
0.08358673924026337
0.5173615609381313
0.14506798677871705
0.13321268709308587
1.4933961786058867
0.8784292587170788
0.7633051524395144
0.5581140673694318
0.2686065522458893
0.7988823853433918
0.8008203378471783
0.4080235021670319
0.576015203201609
2.351964962551317
0.0646287703026437
0.23656813333255405
1.083646460042275
0.41649290775066816
0.880463669301203
0.3137470329727715
0.3748305401647291
0.2544860780526033
0.36441847453086235
0.6278805600738531
0.04564857090683351
1.5403628349566294
0.21188113039384718
0.7607581811835993
0.8658342250923684
1.7813921631476082
1.3826177447328545
0.4713938744910301
0.31273484033539956
0.08348581969048914
0.6508309205680642
0.1801486107084444
0.13778547571138403
0.06991553692886818
0.09435095088822416
0.3948370841734215
0.19155441287192077
0.5425375540617925
0.25088981041054065
0.3363666313764997
0.5487637691940219
0.7013122961096961
1.042353357589195
0.044766520697686954
0.11027420155760513
1.9676125274217362
0.03532403791956927
0.036910776051515395
1.8450750344393012
0.020902591613717703
0.08469870973335648
1.1654730219471865
0.9011857428608409
0.3752261013772737
0.7567090655578914
0.4651215476422028
0.38911339948560764
0.23344502138281759
0.15167353750825685
0.1733355855755324
0.6824397214491257
0.6851271499065928
0.7046308146131901
1.0353860091309286
0.5116975485293848
0.16745000673971536
0.6197807362797301
0.6878125130774423
0.016419722778274193
0.7368305863955537
0.19485156708059787
0.9399957229103818
1.384532055544816
0.3217527395874118
1.034301554356691
1.1669620257210924
0.2608501380246444
0.3520340665773284
1.0427653045565213
0.42347462630619975
0.06236195598402822
0.6042977643494151
2.0461151765070436
0.23927196112970836
2.0955455197262847
0.5900979763188894
0.3857579415438768
0.8538977690967315
1.0698783562150243
0.9105072385718151
0.7152215235422175
0.20754525938472085
0.18187972835479974
0.19083560249662138
0.25795487779386767
0.013977443086297245
1.8502175038813509
0.06802393943959557
0.8043563877365342
1.1074034109213229
1.096742729668517
0.2060418905538794
0.48514381068697177
0.048814459748430294
0.06962294947080391
0.8557662819466215
1.6766967099976828
0.2329993332405537
0.5406730066611248
0.25271346652710763
0.4232313460565432
1.02033623768441
0.14149144399996208
0.18326561215301226
0.10735572112168658
0.1925290942840035
0.31179366033303085
0.23696630624043435
0.3344202773285251
0.11279622305055856
2.104801661739972
0.30277884128998694
1.1657607321025687
0.5598686509860783
0.046003268311769416
0.1366253088672251
0.9638699380955666
0.04471780866489572
0.39184609828789185
1.038106479654823
0.8762050371935024
0.9197397631472433
1.720668925054935
0.7897304929003646
0.5618812061657795
1.2251131224792884
0.2562578814802573
0.8721607501308105
0.3149921154075963
2.1604887701883615
1.9198742437260354
0.2394431410257905
0.19678736376555506
0.40106033703346256
2.776951994162349
0.6622271873527804
0.775177818718584
0.8300524087792802
0.9416652756678835
0.5819499548376301
0.10764933666275289
1.3266424739293627
2.2393524173197834
0.9827600474111825
0.2061334946968907
0.25977840007562436
0.08159066539591023
0.28132634088162034
0.1691030507814412
1.2634022671340368
0.6373569547734654
0.5327346065692347
0.1323797952823025
0.5300579384630918
0.2270180577662186
0.2507218828203446
1.5294108358372431
0.44081267830360477
1.8917828185444427
0.37362277825340295
0.22694270381644965
0.18218955252177932
0.7049779327682435
0.047227810732579624
0.2646657671912141
1.0434514344913386
0.05856429013102468
1.239720830932807
0.0739863151621282
0.2366244131504286
0.08908407909556734
0.47128435159188803
0.018455983562308487
0.6073267450937776
0.051750185375112286
0.12263813622177534
0.9417132937298691
0.2128892528711497
0.6132311606101504
0.3375738950260832
0.9238717096409451
0.3336743765096128
1.214853029956093
0.24974958034226133
0.41332519679172897
0.39578199210926074
0.545925216468003
0.7786643583960984
0.7577128440384598
0.046560809551740655
0.1077532728387775
0.1966254963502781
0.01747024133709483
0.030658920249754487
0.3449708784954564
0.22762804609057508
0.0662761665757444
0.2491033744129249
0.13807760379368222
0.141567803834854
0.43445119462266746
0.8144230260504514
1.305059446157769
0.6720473783837273
0.7993970411799555
0.915859182223497
0.4930978876407355
0.7452515577121662
0.8292618431733505
0.05784624176909417
0.14081646899949637
0.05726717670984206
1.462211475315794
0.8050597992973123
0.04688504056288338
0.5099542706056888
0.16940633203482666
1.1441705251084844
0.6391663840723101
0.6092825518594965
0.5835922598128958
0.4994590675870311
0.5232688898001917
0.39804310449243413
0.4780461098945565
0.06363604658391785
0.12985007093459927
1.043864615247772
0.16015860746117633
0.6515455589853312
1.1348318680649312
0.9222063413497988
0.08154838201273014
1.0874059945016998
0.42817226933709585
0.15882850468742538
0.18124682664561775
0.02750892968916437
1.349775301440675
0.439289372925678
0.5469064506913902
0.6968804214003049
1.25132947304167
1.6918796688591857
0.17312715971107231
0.07731333748931957
0.03966141745982764
0.5984227311818188
0.5502128580005659
1.0360337228863987
1.2279837999761698
1.8756246230543572
1.3858960791291206
0.12326870632122448
2.5592351322266973
0.08673944192925077
0.08234278950693288
1.093942355785911
0.32508873742353184
1.0238983457539192
0.11262899859281593
0.6089254653945706
0.20629234801035917
0.9650771949619027
1.0033331400417678
0.2852581428606147
1.2922871635167656
0.12144830893874135
0.3732155912617396
1.2751488191947824
0.808330249154795
0.2540584861749087
0.3251558774948561
0.2729085431147974
0.5511918149736019
0.8643847928934257
0.13096432853453513
0.6370662795913847
1.181098086696637
0.29337148435151383
1.0073810551449622
0.8060869743741981
0.8520881848787165
0.4548452753926549
0.4086777994799787
0.09451032453987261
0.07014157514978372
0.4110051453347765
0.09730153159015484
0.14015137507579292
0.3491046480917322
1.9819915942829085
0.12832994462141575
0.6293917564815535
0.05083573589368761
0.028439934589136663
0.7240487284123767
0.25866540174145425
0.2378428285481484
0.25459378207535105
0.7832823743513021
0.5301647447565866
1.1633920508760716
0.8279719118284
0.29950411229129875
0.05234192396902008
0.42602824333297146
2.1141890916679493
0.5472250966398483
0.33294097168998366
0.2602158314382997
0.7833075516661903
0.8509332642718649
0.0899328958156141
0.5872116557001
0.11934629351039484
0.46624196200574664
0.9453019473620308
0.4384446372775658
0.07547307127104308
0.14320120648104787
0.13755267832659562
0.1016780364439938
1.2861847483978988
0.19524855036413158
0.5972834977537433
0.6029443139555174
0.05595308497384045
0.4270214263751811
0.8200844954639854
0.16478767483986412
2.5085362915979963
0.31254387627525787
0.2163005568950935
0.15762248515648225
0.38455797375518447
0.8379138469963874
0.2716760159604276
0.143198682524652
0.39932591173837734
1.8854442162926757
1.890737706996889
0.12145830947774051
0.24345545111450953
2.085350349564975
0.06673992185074304
1.052027407262124
0.041033541277364846
0.9947160760476829
1.7380325844895461
1.650771620422256
0.6768178524011658
1.5062877819310572
0.430016176498746
0.2826676060430476
2.1405353254319266
1.2326610866662022
0.08650294444647709
0.4754860688921354
0.9950181730473499
0.9416475991191096
0.007536520465400668
1.884320859487307
0.675436422616635
0.10578592751437992
1.2248753613191823
0.46141097765483774
0.2496236502263679
0.3041214171744572
0.8759650400571058
0.6284534775337771
1.0977596271491046
0.048925284332434246
0.09521016487009909
0.596017272248581
0.6294208417739063
1.4136316386977605
0.14375105320401294
0.5896060782275379
0.08279994943385398
0.9460782013761582
0.15809648020192169
0.14605882993184546
0.4357855821133919
0.3339547974118971
0.7177810817477771
0.476546781235798
0.3631181787498401
0.2752104722551323
0.1334863102243856
0.15025171373892915
0.7221123415623414
0.6803660239762882
1.0501180805035506
0.6223920872926273
2.521503789517452
1.380551454134118
0.21376741390707732
0.3093172769312212
1.634002683024907
0.4010651602649444
0.11815169121290489
1.0484577185186452
1.1700149517038674
0.843746237166471
0.42669410407623254
1.7682965415025944
0.5174591130762511
0.1262068393844188
0.23455358685984548
0.6504489149761974
0.47148320826086926
0.12552384386428816
0.22547847668534485
0.06211510784161813
0.053065858103786154
0.5194922465811118
0.04179873532583336
0.12613463842251263
0.5704741372743021
0.16737199212195533
0.36227557676468003
0.6417457054435705
0.10177479360629398
0.14758786361813955
1.2316953432646531
1.041295195434746
0.6715661945373166
0.208375250665869
0.23096946104814886
0.08208960275840602
0.20470995161533195
0.26720542907182465
0.08436714761281515
0.6944078981936006
0.8319421932664918
1.7781722304232632
0.5462846140853392
0.16481959476704522
0.2873448621222653
0.5385428977031674
1.3871799971684156
0.4103122758169011
0.21402455748246138
0.021420387282980905
0.09262745526469723
0.8208538583818412
0.15478950309750225
0.358260802448682
0.8582203762583644
0.22974653926536925
0.23396790709614268
0.2513794331112492
0.9365189869478485
0.07011556935433527
0.3907579331619916
0.47746332227483784
0.1559174997507218
2.8151203985334807
0.5527465089231847
1.2659788525515598
0.2905091277230367
0.2657673786610421
0.815978130863084
0.5710065668845118
0.20435581429998598
0.8500927760032155
0.3565539647028189
0.40186113250743444
0.2482083940761176
0.3591020412631216
0.3051414455495219
0.10073247587371058
1.757899516305795
1.3903965421016948
0.6112402639729152
0.5892817446764722
0.07836150656478522
0.5341074623526961
1.5049172519728842
0.27235171210615106
0.5467009393708504
0.6653934212967764
0.22850537756327235
0.1195421971673006
0.2778844179693793
0.5342380730513407
0.3911610500474117
0.41715312409832433
0.3863723975757316
0.33937350437318203
0.6964832504116455
0.5280188433611674
0.9103932968712877
0.5908801949141664
0.2788217910651498
0.6442680828052748
0.2951511961490032
1.8600856449797736
0.055926916307942505
0.13770043722643138
1.8237761900288652
0.5017752355231119
0.9824199725733123
0.467376972065458
0.12899910232468187
1.302409490075951
0.14770039979229166
1.3065147252172589
0.17300309920708376
0.16911153211684082
0.050026979330066966
0.6886340513904046
1.0478836431037226
0.10222472053383251
1.4523482959470202
0.5781906359784476
0.8531873840848212
0.3957113544380059
0.04224007027453561
0.1830363109294759
1.6517659379135043
0.0889178270800651
0.3349721753231608
0.30495410794900357
0.2747795109962963
0.1207690812302022
0.3509845675988643
3.2955823523373033
0.055394345445558116
0.2890437369349963
