0.1557371782610708
0.5959553807087006
0.6408953371995741
0.2917920871339994
0.9645085177046279
0.916533721075428
0.20353257587779844
0.1874950024873757
1.4720669814616734
1.2739497517415486
1.4456579873337476
0.6888514612328821
0.6217259207427193
0.5461501728178985
0.34559910837172647
0.5354369806645559
0.23384748905110267
0.3488551920906341
0.926542129020559
0.22508604955758166
0.3691249853649985
0.9289729467688711
0.686057483362751
0.08547763681215835
1.1360630043275899
0.2667942255248833
0.26638721332061316
1.1763925311893837
0.33143908634441593
0.7668207610523712
0.398226661881224
0.43026999710253466
1.4170615427110849
0.9069199786695535
0.37083052183358123
0.6176063680298127
0.802870617353151
1.2701485581166652
0.6047635697510712
0.546230545463097
0.29354045881275087
0.2984843512296525
0.33021940398289984
1.4103847179841462
0.26333448955136407
0.41828108467727804
0.29826670354077484
0.5816217532639989
0.32021356076643553
0.11786805808146032
0.19425643609844284
0.8904646300443279
0.23163910925975117
0.7257018127513799
0.23704428221875756
0.3510380514747521
0.732856401808566
2.624248060881379
0.08370049967350375
0.07272060589127054
0.3304639934060589
1.6349775530652946
2.2962699450242625
0.26461813806959517
0.5982090680703808
0.11576075910823437
0.21389315424182362
0.27615600262080164
1.004304095871608
0.7507878336118012
0.6853708452362937
0.5572338628006557
0.5976219134725899
0.5453189511760166
0.021100482478030976
0.8742060271328062
0.006121115492887505
0.5397467946148774
0.6121133515217544
0.8237637555857246
0.9380845140690992
0.24118755186323532
0.09110073457865618
0.186380903626901
0.5610421046684634
0.16168616909084094
0.1553230200300561
1.2422504526600076
0.41285927316722454
0.332181016425937
0.289730437080968
0.6932268052911313
0.050513353234523904
0.38435046870328177
0.16077784992677688
0.3181332266073223
0.18880810605205445
0.4944581158257681
0.20044455142569967
0.5190599416112415
0.19105109575760265
0.42169271751255133
0.39114692655683697
0.1920248747399078
2.960869803991754
0.15110819715996884
0.6355468157119716
0.2813534976195923
0.11617371289529323
0.345435566365487
0.17839716802932282
0.6144023569944639
0.4469910244968494
0.053554615412771116
0.7397976681453728
0.29570893933664555
0.13487773076596526
0.6954163142110991
0.126855185945832
0.33035054318151913
0.08468057235716149
0.4785012099564246
1.1571431952220237
0.3808544997792725
0.6102341972953842
0.27438702113788416
0.3874955386280513
1.2706213498791874
1.1654460513536948
2.4398984420387184
0.1682477270562864
0.294831080245855
0.236388904832502
0.2190705794986024
0.5719969239360607
0.4907915947408257
0.3672357611533963
0.355915443373866
1.20360566737325
0.22075889427838938
0.5673058858032196
1.4170300991253533
0.21688933602970886
0.46110697383065
0.4757536059468272
0.05962616317012001
0.4860121192739551
0.5294377332821295
0.3591414077461345
0.5903968400095351
0.8762904419341331
0.6461656134734638
1.8811818505468543
0.4881020587550001
0.33833451849533164
0.3403142130580742
0.1606967638449334
0.6246962596896487
0.4391378436765075
0.5861389791507343
0.03392819778834895
0.9898952530099882
2.5705793115302766
0.39944420711300904
0.9593982773703045
2.2985151742660905
0.18383068885312562
1.4427681884332662
0.2860443239360388
1.7507322817136974
0.5170063759994884
0.15747660312706563
0.11983868722190266
0.18484411383375934
0.15156767513282848
0.9760795539878341
2.3901884367119046
0.2662938904518776
0.521456543708041
0.1625846694766473
0.1907219424244225
1.6281652625906624
0.3708707265901879
1.16099487800773
1.197295417371875
0.3369448822726204
0.9938904898288649
0.10913149965660056
0.03503289907135199
1.3450158259287535
0.06581286272584615
0.17291346780658054
0.6657199057997581
0.5227572569715746
0.41413023243805897
1.8189882202267622
0.2816908273503792
0.7705289271179699
0.6176918567877706
0.7879909913596965
0.6889863774445657
1.0843589350454246
0.6226635548061253
0.9601511882547693
0.20754324874163596
0.8176175342976204
0.052435734169996355
1.5663554466402037
0.017632444582513986
0.2044289531642722
1.394067092122145
0.021080853353147088
0.03505874767260408
0.16861121922950448
0.5483076590740408
0.12892725059765334
0.28963736423885983
0.012595871591489149
0.021906177801930597
0.854929038482202
0.3601996084039941
0.11599510885969355
0.24485301220523492
0.1762082746666973
2.0974712598442107
0.4686616698055159
0.4362959592797439
0.2933689506949307
0.055275917408283415
0.12824102721781067
0.5824925999237622
0.021612974113222334
0.033962388176419486
0.0216840330414077
0.7220296489582538
0.3143109066864301
0.30290144541656994
0.2610167045882921
0.015254056093367519
0.0090970064194058
2.71543726055869
0.0754718912264838
1.2912681311740328
0.9815953632113746
0.6555503910973921
0.40505789471613846
2.8486809885123905
0.3389175654558581
0.11304973477616566
1.8046752506205703
0.15526360785074345
0.22119802532000024
0.46586921095641115
1.3858187601309708
1.0929127451408076
2.697345365300262
0.5233932691445304
0.5098962645179169
0.16149097703927928
0.013094381825621657
0.013635824673129635
0.30009054112271283
1.011830732029255
2.299535589658066
0.35276782276792584
0.6340580332006148
0.12655520161238182
0.7900832006228603
0.6419920614149621
0.33799641596503915
0.7575421679217968
1.1278690433682537
1.277033651944087
0.8384458746441654
0.8456928428579166
0.4020267518112709
1.189488653697002
0.5988100910005499
0.1160484443130346
0.24385269603535428
0.929842568025292
2.8675010056499337
0.9471428025359249
1.3743339311008222
0.1470472215559133
1.0751759416391788
0.6994356519377459
0.2812597159713716
2.1124856811486925
0.027329983902324485
0.7867187540230384
0.743005925303441
0.06160477105456133
0.7628679052066332
0.555540092578428
1.99845279474323
0.5431101267685052
2.4675716253745685
0.29407084168006276
0.3805349795673637
1.5623240530781597
0.4254443501075751
3.498237111330699
1.346531492789006
0.5765351347501838
0.07317918866577534
0.959026705429877
0.12513147955181994
0.20150225894907656
0.6526881493609106
1.7674423330438276
0.05865875376217551
0.18403591852413528
0.0075891892283666655
0.767395806269357
1.793458479333447
0.012670922202328409
0.2574909318026358
2.2497191568886894
0.6410586319207777
0.09988929651828221
1.804956300980697
1.7231349353954175
0.11358769798382172
0.5722051739660483
0.729247094542035
0.2640786809594563
1.0179728621051949
0.29344242344184635
0.1957956606096465
0.5722463307852824
0.28676236931799065
0.10249570418799242
0.24388012249360783
1.4357564728905066
0.07738408007921108
0.3182987642015262
0.4451224283752329
1.3167145677809535
0.03342827392733835
0.49936010444039275
0.2237543640483385
0.4536648908687185
0.3142711876198295
1.0585993076969626
0.37005214578936524
0.394206260740465
0.24252615650167686
2.4252771562103552
0.4336800662610094
0.409893426347376
0.2025980578377381
0.1065597749556799
0.01612917168488527
4.148983546771861
0.4537966915725452
1.3918652633915995
0.7119454204457698
1.0327488493875474
0.15446507842970844
0.9338999190835328
0.16818115228990768
0.07131094200092247
0.5126218614494643
0.3391984063122653
0.4211913861113248
0.2562370892180623
0.7799947209691893
0.07124165018961333
1.4161602963564845
0.3249451662742901
1.2609702514272956
0.07756725652023165
0.41890925233123544
0.6469420172297963
1.073617115550917
0.057698946105632566
0.26441297611411313
2.2628995443149695
0.45853469697946986
0.15888492806221874
0.5989926876171602
0.08334078208317
0.2051699128395931
0.7154488280937125
0.01080948322814025
0.05506637405781383
0.9770752148596746
0.12020752497388786
0.8729643079724138
0.36712389506785675
0.0319864315961469
0.6698598851268821
2.891230386233982
1.1230659324999865
0.8868031341135569
0.448008614111024
0.5576579660618857
0.14856723179947925
1.4225099859355663
0.8776158944344861
0.39912101405174816
0.2324159870895672
0.9161604209763734
0.8155515942090874
0.039673578436829324
0.6250810466950272
0.8034508662433124
0.14366223347656032
0.34526750948114016
1.5056244259041334
1.5465694494300606
0.1478559113385776
0.3124280281943185
0.22348090455958491
0.7206659634919065
0.36662252261734796
1.2179670201681096
0.1839808127073597
0.16791009336711107
0.6593055878204308
0.44200227379084867
0.40376175027258304
0.25359526401409127
1.592103489474044
0.06439174745965895
1.598830792752726
0.07793816783772188
0.6035457848514763
0.11854210557370744
0.1226465815954181
0.34508611673255496
0.6325287643849046
0.10052481519303323
0.25156214962694334
1.0942111612101642
1.043453641704401
0.2950136025268695
0.6469061731623381
0.15663722715216596
1.2948954055708106
2.6872930573390468
0.16498114443932257
0.656218390145851
0.5111636676119717
1.0481110618268206
0.21022314392101102
0.45946740798657804
0.48800150421054966
0.0674519155716188
0.2846470432071266
0.030543768892713322
0.24379799626362864
1.0767371051061834
0.43132809546222556
0.07752877994499813
0.24548443622689972
0.21218274642766496
0.29458764987018393
0.8304211928938733
0.0862804476681782
0.07831378680373062
1.9295306026406083
0.1846047835258304
0.3633289220968822
0.36901418918537315
1.6026141368876443
0.3733996748566426
0.9746447524418937
0.6620345092306529
3.0188366822122283
1.2575655817450084
0.8443143447651215
0.11716260055104316
1.0072955598883122
0.0218243785724295
0.5397873577847642
0.4465824501886885
1.1028008604268589
0.21197081108194737
1.9421331369956707
0.14598391119285603
2.3120604570389296
0.5090881858548846
0.2324180120491639
0.21104544356644894
0.6874572383151936
0.6355522254575291
1.4901305947816106
0.6390775215178328
0.3251538389737422
0.673389688853458
0.30200336882165346
0.16966165611229794
0.1776576882514023
1.6083037760237509
0.15132015130885484
0.25788923835238087
0.21055351313144577
0.011902429377450877
0.21203464828892393
1.300481006185058
0.6640794398598587
0.8538920623836808
0.2584294920405337
0.17559012473804292
0.4771991130493355
0.3318723374453798
0.0954379639813246
1.5695757336850416
1.38588826879225
0.22786801961831454
0.06992641300641847
0.4998558606937469
0.8486834399516907
0.26613910245229977
0.26609191119631204
0.13676416565507224
0.10356894319945367
1.2022186067934193
0.1034627221074851
0.372278245762739
3.3646246730117815
0.25241211301948446
0.4348927489602275
1.0551926936878275
0.07879976480912113
0.735260970422756
0.6865210469588132
0.6289447651386496
0.039860563337300724
1.540437040999313
1.788462303635817
0.23046385522468776
1.9622066423200302
1.7693537332465448
0.6727986293224332
1.3969784170475736
0.3743701135697039
0.7736050064814178
3.1030915290529646
0.7122150066225689
0.2551032136391003
2.443013548696613
0.34730420352097663
0.06854868662985801
0.5099703744209548
0.009210924726550515
0.6105885359382768
0.7064766179582103
0.024773010805239127
0.5413152235811295
0.41037910944205497
0.5914870194651716
0.7454786946468188
0.17996382268375402
0.15700774786591754
0.7443971890783366
0.5873901705592828
0.7746644648991211
1.3942103275109616
0.6912308986531054
0.9524668428066025
1.8708418780152756
0.0950688166045647
0.47609417704773105
0.1656746990220864
0.13760427917763043
0.08921796105244144
0.02881917985486668
0.38535871081235096
0.15984506705217966
0.035689952149813284
0.35521031224891136
0.3753327783387076
0.15991355075575134
0.3222002990401193
0.5177782276077375
0.5681372401587466
1.3318320908760821
0.32766143634095923
0.12709786729764055
0.8263696440043683
0.08570410649258173
0.9041170965476335
2.9507568685511902
0.6575536704270254
0.30584444956489865
0.3750376072105007
1.1317531119158049
1.0129429732483792
0.12762000375181262
0.2311694697462902
0.17844923501660095
1.5108965835698829
0.16917828801655937
0.0023362983178847356
0.32159841148982876
0.2559943507878121
1.3890367729736763
0.6385778235005141
0.051620055082567624
0.4290080954518315
0.8299667721697497
0.4112978386397719
0.8375789210092995
1.6250328095553779
0.2048207204807713
0.9099487505097298
0.14382689783180155
0.1672850529235717
0.3495154546056984
0.5565541435555106
0.419327711092137
0.9735599134817493
1.6888293191400807
0.4314348097769017
0.8734055262446183
1.8198221797992074
1.2080428040819662
2.2649667875453963
0.6095794682894884
0.3202457367120144
0.6669903348332732
0.3643070590143066
0.19779304199324105
0.8062487815529447
1.4892390818869286
1.429202469592738
0.058507246623441485
0.4638191686862065
0.38295108667251015
0.11836516241108853
1.7643407704562413
0.11335536547164823
0.2525167051250923
0.49320497296685173
0.03448380070562959
0.15531559770831843
0.020465609559939354
0.17741041349641132
0.0004401418683189366
2.5873623550984033
0.2899344722510604
0.7421068389146931
0.47296141863685065
0.29894221085932077
0.14133872028599173
0.9552737481844125
1.2624797055570567
0.7835284021825499
0.46304392378455583
0.12584019920318607
0.3849883218114364
0.3173024642375119
0.8733686710803251
0.4207294571204824
0.5020984005513932
0.4926541466627889
0.6916425722423558
0.03859875354483439
0.10381073320659183
0.20417072668165967
0.25001089670856114
0.016471791354382176
0.31080028564134005
0.3324734795824857
1.1046276928324361
0.9655958314255096
0.809593125873957
0.22974094014210822
0.44436143236411124
0.4033221809526586
0.4491756097340298
0.20639277082377
0.6198623869953767
0.04177321715844665
2.449015563328566
0.05755411536793744
0.8295772532134116
1.188453367251555
1.3438086394430329
0.39670792262256327
0.25832532602818575
0.8916144503285909
0.25466510323380465
1.409794450376002
0.6020372768184996
0.1012922252990322
0.07664808640206665
1.142586279701675
0.5215395615120003
0.5979617700085397
0.9170523935584897
0.49426459542428575
1.5561735910045775
1.8070504035621904
0.12879946016699909
0.5119484586057003
1.0923921858551235
1.5290260688369397
0.25419958352114896
0.48382830819981454
0.15052011102779775
0.1315611003638394
1.6920992947785662
0.6563202870683771
0.4823937883773669
1.7544460369448833
0.87720797866618
0.3153906512955246
0.4951971169891198
0.9104845847390461
1.105894954516516
3.7731840468289386
0.3665211901285473
1.1115829232366712
1.325854583242598
1.032806115120337
0.5576952509408244
0.08217229091215897
0.35744402532498154
0.12849780817100537
0.6875912385891517
1.1985650117236784
0.6662083000688143
0.7395401201279941
0.10991934159986683
0.47055491586174153
0.34508751772459684
0.17161589641263295
1.7146468633092005
0.9566607042805177
0.1529312574715627
0.22550234283073292
1.892957614153742
0.2095914877670778
0.25795260068621517
0.2772117854130905
0.8142073940425031
0.42704410171722
1.027854625400541
0.19949638148986004
1.0256274417548767
1.251645700948516
0.33221274414003055
1.3591283943990007
0.06155822889687133
0.03219803352328031
0.36112760477531386
1.1844423945087827
0.5742312958966705
0.24510777816841675
0.446679922489222
0.4311224908067754
1.0989675739053846
0.32268308407933494
1.4627281780350907
0.3205499619359994
1.1262921034465736
0.42120522933620985
0.5074473864087884
0.8791526833485571
0.2485348568779907
0.16414204099435636
1.4448862951168195
0.0737431586319692
0.223638612687395
0.3784113660537928
0.40421502892955474
0.6344927391282025
1.5669344069380085
0.43234608256880896
0.6070737619858483
1.2270114148612061
0.37936956734790583
0.6924951821487557
0.4966312903411801
0.4541843356985758
0.10890022555006298
0.24106285209712888
0.35316338168830336
0.4795627259233089
0.4405942426694017
0.4083529291927624
1.7916773050263897
0.7944219840411298
0.05182792222050959
0.051485773825299126
0.21248533608969133
0.4008373633044496
0.06157568144194583
0.2125498203594032
0.7061870567869903
0.4335943337210799
1.3476387559207488
0.5826531901579044
0.31035209090295046
0.5039027175479486
0.4503917596116469
1.150490041057875
0.7654133563020922
1.3303241743338856
2.237046696761699
0.9806350366015957
0.055919591229088635
1.1148157264827387
2.0510281949346787
1.2844915018079426
0.3485291097956365
0.8201910773920978
0.1300161656573355
0.8007180939508284
0.04649113924006217
0.537726145576443
0.32959249585455547
0.1568217966483023
0.13061109042615648
0.3195829717650125
0.9888809452377912
0.5562986602148832
0.5707845372114115
0.3999675440845543
0.2166372501307999
0.37389205425743566
2.119417326630551
0.17690029874996469
0.7263318414018352
0.333031266149052
1.1152928533571256
0.4107923699749389
0.7387995923100367
0.43469504022918315
0.042275336531894366
0.2929396752882681
0.17064208332924952
0.9137641204053074
0.9683783904057921
0.09395921959524905
0.4111933195298113
0.38082366166096576
0.01908225594729099
0.14818704642115785
0.5617190445457577
0.8904289561514386
0.6065555050611183
0.17116040364662166
0.0881003440644098
0.009401492748014077
1.8670352858473074
0.15584350858195828
0.09802531817770546
1.2156315253096266
0.1052683698323604
0.35721751661109286
0.1612526063609846
0.8191149854987094
0.27994325343197896
0.1907862730060502
0.24826466265699612
0.5125708418078975
0.5231984551740496
0.0178735858624257
0.03238189600630209
0.5975372508111443
0.4637939483140455
0.38138634505503916
0.504367758620609
0.5462270438972793
0.07103048271025937
0.9613256444200102
0.5618557315904354
0.5748660094181031
2.5099056022413473
0.9296103137674689
0.4411681566124245
0.9097182537305262
0.9126171133216981
0.05998398631882883
1.42054089371144
0.4091862537002411
0.9055297898604088
0.2640877630093827
0.17879808659712618
0.05692997781946958
0.4136811134335388
0.40476666288967933
0.39934133171995145
0.9907911721778241
0.08322541414323928
0.30215530322778383
1.9624587571738132
0.3453673004630747
0.273402292516166
2.3443858741491472
0.07711139908002156
0.12918587806017498
0.04386493789883113
0.28523987688953056
0.3754921508691066
0.151726376612784
0.11673142186875167
0.10169698254263584
1.7071137468352349
0.511993835264375
0.5323204103312138
0.7382002747739318
0.09165435858276802
1.065816035675585
2.5570501487555353
0.43542735015552037
0.6606515374095164
0.5287053382296629
0.48720189250535295
0.40753353565178874
1.1045990689399594
0.12790116169795263
0.3100440589683226
0.12224345070380385
0.45852567189053445
0.3444611772732404
0.5767152971161763
0.30461649664648754
0.5485851531392512
0.6344408354072436
0.06871290493255625
0.10017802514932748
1.3637840871171012
0.28182509713320986
0.5985674976133452
0.29128254256481706
0.2014201949707737
0.20339000125174334
0.9489356734644407
0.1802519771944412
0.12353239560284068
0.03192992488715259
1.8950729673236302
0.41735609077555397
2.070171243284279
2.2906139316366136
0.1050391087740433
0.5264270045008947
0.17461939817074215
0.1258629133754151
0.16737234978553084
2.1982932287429597
0.41451077510457146
1.4887316143758802
0.30526358494717076
1.4322225432189193
0.6252251356592178
0.14020937946095408
0.06319170195984233
0.05477251206303994
0.1635760565033943
1.1501975200230232
0.3675543873702345
0.32873862103085166
0.19225913282597054
0.2947974769812983
0.058068239602523955
0.02998658764627938
0.4630670484384912
1.6838187829670213
1.0683614497676284
0.40529260849967874
0.3173207243981328
1.5307074053664331
1.1269152442306403
0.1335499848564217
0.33998872611203074
0.11238827075624219
0.7184567839165634
0.650353170691451
0.43466548784210624
1.3381373490084714
0.9613238860938772
0.6813886652090496
0.21716568053837598
0.4381574910599253
0.19993786999985502
0.3623910544677775
1.0464565826540646
0.5625370384123196
0.46162786592719945
0.6148617967042384
0.9278258056602807
0.08631098745203082
0.0361128341197897
0.5294412470099544
1.0195510235593765
7.198131427882641
0.3936380692947383
1.1938160135115259
0.31770431276724176
0.0239242126361786
0.26024225973738924
0.24111135676758724
0.7413956993313202
0.019868042112059833
0.6188918411881212
0.43443899928121116
0.10826753025391576
0.22134813072839962
1.635105934705035
0.008383032845239035
0.5972707342516586
1.1455315014093028
1.9977329690168284
0.13348223396904996
0.2655435729793789
0.03736429318924395
0.2666924664943011
0.8543817590035776
0.7757643072623216
0.25970369311287533
0.4026472637982685
0.20324764513502938
0.3011672245131388
0.8399076680540595
0.42518167638751003
0.20992006843435226
3.2672110811511352
0.48583769859086406
0.10905336200902638
0.02251433432674386
2.275208719354804
1.2007308276866524
0.8557960891737085
0.39824152469444396
0.010386519843597895
0.24887126459132428
0.03376703766570902
0.11149659339732432
1.3114335489791624
0.35595247140968794
0.5161473882108446
0.5382371348401169
0.4340651863115168
0.7471994422802568
0.6875102617620344
0.21391202901313405
2.21973758312568
0.6764806410591401
0.5714199892882501
0.32912641094026324
0.21863253553973636
0.11000290156804682
1.3411604657448166
1.6172227563145438
0.0964823547954342
1.1200396399065329
0.5193962944752545
0.5506303214118885
0.8481745143736846
0.8984474787556486
0.2563687409182573
0.6142175142834649
1.2582160472415498
0.4752219491470733
0.04325218522753591
0.04514320523293346
0.042151317021398786
0.14526124585137715
1.123971850399336
0.5395308038570095
0.9865362646513142
1.1500116919488208
0.17357933000001935
0.652258251919388
1.055138968020248
0.814291470264247
0.8643267893057991
1.023876191931958
0.0818581260953686
0.2130302681098024
0.024260574052435025
0.46117981501453514
0.5210681116686334
2.6850926366049235
0.2135294468585517
0.18157263532178178
0.5669765964338304
0.026893961536911804
1.1995388784378973
0.49376702725097044
1.1312774216090693
0.8123592433357851
0.9150215265891213
0.15047374106573536
0.5151220360753607
0.5127315753562777
2.670604726071771
0.4456746543591268
0.20232297448990016
0.6065995218187957
0.34316203406936835
0.1189637900367379
0.2091607462278519
0.30404886321579194
1.5582312404843564
0.32820683626732794
0.3337800975171275
1.8743676057437477
0.48927913478830815
0.12576054501014586
0.21730417642583635
0.40633294512071
0.09253072186399823
0.5480832736060313
0.7277777667044609
0.10666232715345862
0.006135572856624554
0.05523783128770685
0.2569155981754844
0.9847676440036492
0.14781308304965368
0.4818232093603855
0.10119833726476425
0.024951110814778337
0.17360894393232076
0.37361024140507754
0.2560607076421501
0.1017729328454335
0.435593210493697
0.2014508943142984
0.07757529175979501
0.8590932630082764
0.12663356524342365
0.150688294102127
1.323639471302007
0.13814775180767502
0.10530781112205642
2.772816249809818
1.6494095128510122
0.07394423751750036
1.5481629608158052
0.19253085199475925
0.2606780100297425
0.15221962832061253
0.33679344405117956
0.07545994156057828
0.6209535519282192
0.06861699319281246
0.46507420402262045
2.124044744106399
0.1737465219849476
0.10691973967673683
0.5563184751203736
0.5278771148110543
0.3232549747860716
0.7732130549358887
0.07934591740181787
0.08683438994670828
0.0648137234852738
0.0924791647907539
0.39505439747815263
0.2778315114929632
0.32285378914623386
0.4969748039596982
0.3630868504608651
0.9859646073938639
0.12329904899528558
1.4221164074869102
0.32420038646332683
0.0207790836738608
1.6289239247838185
0.1480089637794477
0.6419750684117873
0.5957412927475151
0.3853739900530994
0.3499498103197385
1.2316540425934532
1.4100192040832935
0.18818725110754872
1.2353103782186798
0.08320189676220426
0.37990923924996073
0.5803462229364534
2.1127861845140457
0.4500335116002091
2.2232957475110355
0.575065908598445
0.46685878683492404
1.0917324624682838
0.2536051073079118
0.23346829475391345
0.9219475487996784
0.920946443265891
1.5522248856472172
0.865015300309771
0.28079323569151615
0.363261672474607
0.28628731686224856
0.06872379592830392
0.08988304236695527
0.8223241843755934
0.4393871462152914
0.1591439483481069
0.08065329342703445
0.5076145884130524
2.6692672780912168
0.5756812302694452
2.10094089807133
1.07617273943161
0.9814080663467253
0.2445886465373907
0.229791263215464
1.2228518990086006
0.15294630736375964
0.09599177749240669
0.015186662783351724
0.7411361696388973
0.19598412781771146
1.0612928869177531
0.05301436739819554
0.45417891593667614
0.6162158832052668
0.32101956268094106
2.1932617262596437
0.1930901058938015
0.177284483559454
1.9609596435858838
0.6901400080306198
0.5358350839443221
0.302047435591114
1.1440200792120045
0.09209920938942036
0.03309823865821819
0.04861107754789122
1.4480793192925205
0.3797168344958689
0.18999418373484844
0.8358958152922599
0.6090191462127772
0.4256795488997004
0.6483150920263122
0.5342057189475046
1.1192809941490625
0.1841041045485721
0.4104002237831292
1.1248513701500624
0.6721271750307606
0.14533069043253705
0.6481135792720019
1.0046934629903579
0.02156547752432256
0.3158485495531446
0.078680443612428
0.24315465325730584
0.8150871175772774
0.4823387520558835
1.0148460946740572
1.0009610286553279
0.2810616211491628
0.5961881574350212
1.543794911788801
0.5165175653548058
1.200054678291561
1.1473435353438242
0.44843191691328016
0.45981399286353153
1.6426785236596162
0.7346982563499961
1.4490412690569752
0.5710560991846614
0.3672225965031204
0.7667426345216078
0.24725032250632675
0.12397523016512126
0.35123882723950434
0.4585093974684653
0.41226902999107673
0.23761368574363456
1.0170576320009206
0.22280761703396906
0.7134160628403556
0.06017944147810937
0.4155857298621356
0.0683614566550614
1.160646439926415
0.3091270200993893
0.5554123262777959
0.429567910504595
0.5724205644013096
0.1385197355537032
2.7097922758465023
0.28969341449384745
0.10716145080553864
1.4539719524604466
0.38403086925992974
2.809605668079923
0.13568154694641463
0.6937480265166787
0.03041711058752483
0.4228898730885218
0.09023003907322749
0.8798798073566997
0.6415475010099467
0.5226824630153721
0.3792452772796289
0.5748512726194691
0.04133992739325598
0.5891911050190686
1.842488231722246
1.9255673064225125
1.4364432329171903
0.5793591589786325
0.7121802657639137
2.1226510638777087
0.7572708805616247
0.12055263699120557
1.0548374869747883
0.3360546369461983
1.1883104425804685
0.23479773664088302
1.352000364185095
0.26600015717316716
0.18113937425406704
2.036838891076791
0.36625805955565327
0.2084867686194454
0.12933539729629343
0.24991786113819944
0.5925895752581247
3.0467223651020263
0.1224617353105491
0.5620169471921528
0.6815739463940069
0.23792920121573913
0.24618557627440077
0.9345842280737804
2.089031075164948
0.11378354346631991
0.581551683117356
0.09878305519650261
0.37717350672960664
1.2294507369019256
0.40483218037564295
0.3583805796112883
0.6279356709553453
0.09723983005727978
0.0266645972204718
0.8917869634951693
0.2864787637858888
0.09858863869233826
0.7373057875364571
1.3186623686263972
0.2818520713322026
2.123730793704628
0.22649387024363646
0.39965765676915294
0.20059246015627577
0.1358292461182087
0.19656653993786763
0.2835971553273629
0.25806338015833624
0.018892718289284217
0.6029595618067862
0.06441711830716702
0.33445167596087816
0.048523146475284905
0.842060130749617
1.2468209778131185
1.2322629883837795
1.0445189103862302
0.18428468367212184
0.9218564111582022
1.899099562207541
0.590881898778582
1.015670268502673
0.01606440352665581
0.2594428501526263
0.615838794474623
0.6137199024368156
0.59763493990386
1.2001600370247225
0.289758814422204
0.6140217280655431
0.31459332561344455
0.08880953851895916
0.4727780484248966
0.5009860552737619
1.6031909592006508
0.4098195017252197
0.2661919042489607
0.6792949271507986
0.6105299322089167
0.9278639329922574
1.4456720831497072
0.7285332044739583
2.0093164421268974
0.39758026870806235
0.12646437851212333
0.3815347304584352
0.000732779719924498
1.036930574693379
1.5358691367566342
0.4240035104564213
1.8067566475619505
0.8635391668035854
0.3118612642636997
0.5487682883916001
0.8604477190932781
0.2686312511991582
0.007795897930407253
0.10873770407585553
0.03870553814552717
0.3704446703492209
0.7564913643532645
1.3672373883163955
0.04296059019880485
0.7985634461087011
0.14645773120358016
0.257305572768921
0.887440840300434
0.22238434308382485
0.3614771643038482
3.7265755487912235
1.081310368120931
0.417764054874201
0.4230728899151066
0.5719404667472533
0.3380465207662173
0.4398587188354607
0.18146661540803471
0.048275091885736796
0.3849163413388643
0.2638518237759201
0.8488217590784591
0.9338991317032674
0.06850887506704598
0.0901916644587928
0.8250692980707894
0.8972453459095023
1.009485264531287
0.3279380783867337
0.9656609272115347
0.547434932280541
0.47008181005491434
0.051359777632883845
2.1772274164850796
0.48070232709912314
0.0816299430412254
0.6602441457178115
0.8222315280375394
0.013012003163645003
0.6281983882302662
0.7253324505771382
0.0738170096381202
0.4107766174989084
0.45699898256485744
0.28277701862745225
0.10681907011150209
0.5900672065456783
0.508581232105249
0.34922488207103525
0.34887617533086934
0.5070769567268272
0.11563692513573248
1.142193615408583
0.18076096208778605
0.524365195424182
0.3965937435460292
0.6832852097901562
0.1512717192519664
0.8091298403301067
0.6803838253891824
0.3918313661068086
0.5395178839031615
1.958557958918556
0.4710916029129715
0.4939772652541578
0.8807637348211814
0.4965421797266051
1.358998684362079
0.05686674692545021
0.10261268395083745
0.5927435805604891
0.23075343993187003
0.14267231420288776
0.8513714655649975
0.2060050595258862
0.09775882754692838
0.790825331556919
0.281059394166308
0.032288710068887366
1.3042392307227966
0.36281348747415393
0.15934826493790455
0.35783134513034953
0.13258306859837396
0.0913012349820124
0.10491422224559899
0.28182419919712126
0.3571831764598244
0.20380141522930686
0.10211093467939657
0.10001647627657338
0.29977488811725095
0.09048894062669807
0.2390292542526193
0.224070780689412
0.1065314172870539
0.2533352325110066
0.3449918629980977
0.05309908447851794
0.21153535613985444
0.4494708385284063
0.08751449114748006
0.23321475122260368
1.6453809240994406
0.6119669708861892
1.523972244650883
0.7135023465580455
0.08306085710325435
0.1047571810101176
1.250829057048163
0.48641854633071285
0.06335246745037858
0.18780577727050604
0.9477992915300957
1.1978490040093492
0.5105789341917778
1.297670335917591
0.8878173880043214
0.510511664986657
0.32963197055969906
0.2244979054613097
0.014681137589221379
0.3224081337255201
0.05877487174230092
0.9435102885821586
0.4184991106829286
0.34784551992402896
0.9455778730623517
0.37923410904446064
0.1380031291868872
0.9880219426610933
0.34457320932947244
0.10338792970824465
0.5999403019256585
0.13856359723286044
1.332172155976077
0.21063764758220235
0.31661202128678984
1.358339732931016
1.1382523712377746
0.40007272200539207
0.5840934386034384
0.7077449970202924
1.53257889328637
0.20009954557897155
1.4625083608110394
0.18811466293272758
0.39082759301914943
0.3689596857675733
0.8385210649232218
0.18644433600137347
1.0379293247176964
0.12373982153066043
0.6066976758033482
0.7960881568712048
0.0783581110346363
0.0856404634982108
0.06983274750371836
1.0102407536245746
1.6626230462613214
1.3505981081716278
0.33129045108113164
0.735057144422354
0.4747408296557083
0.9558450400856409
0.6593841064357405
2.317953481581278
0.13905923987787802
0.8044916698133695
0.2731149976606228
0.3576685945157966
0.7410367197374526
1.882287697819745
0.48394884438979613
0.5885434031655611
0.7748459673057418
0.3005370839037225
0.8858748066822656
0.6884063304642537
0.0016769096460237014
0.06879812476982984
0.23880460189937483
0.024529051407897563
0.3171160099649401
0.704419041304041
0.22854323593384152
0.28250319899988063
0.5251566934997487
0.6631037177851555
0.23966177887442644
0.19094360219234555
0.4765731487421994
0.8641826248148813
0.16198327113697275
0.14625518120296088
0.0971926601202022
0.44737913351533104
0.3280175612605375
0.1778461704505426
2.3196327621927546
0.7434259275313074
0.10529363295881702
1.4761158922928383
1.5690861743338749
0.8324672579725566
0.15868093077275816
0.015604550143485328
0.610249298826783
0.59854414157819
0.5362655723471047
0.5752121419909029
0.6508308774706755
0.2720416561626314
0.34348299522566134
0.18586322170906386
0.20370775579594066
0.15353549734055386
0.18294307896261866
0.08567389969942886
0.5894621210268222
0.2826956052903066
0.3856950584067693
0.10925798815312421
0.7748962591992596
0.06428820417533376
0.2800830788328757
0.7370714796157237
0.6299951458417085
0.6392929434869536
0.7216688936388131
0.790433922302186
0.8267260695338262
0.5604906766211134
0.2699739464327261
0.19753739248260999
0.6212039466660662
0.3508424636871835
0.16842354809966814
0.39943192754456985
0.4818597333934412
0.07576524197870158
0.7154848146605283
0.2396780279865047
0.03755195179577608
0.8265406561216866
0.0602705767771463
0.1459829069406081
1.0312986711260934
0.11914859234721081
0.9103348278662462
0.1325282411506358
1.0243963468616921
0.40465051449438544
2.0885294257581983
0.8920695039263026
0.1508618496958381
1.567689133055695
0.27930424928092984
0.2579868635026331
0.12199188266592417
1.0463473495340359
1.8085678205320506
2.014115192185896
0.6195799046400968
0.2995936892938725
0.8740992295310963
0.48205313932178817
0.40420597499397687
0.5643360761666782
0.22849403281989386
1.0204275049976914
1.6607787669236354
0.33929154178415244
0.33794059701846607
1.2157523991134016
0.15572753828442526
0.4868963141898126
0.6675748728193038
1.8458387550948867
0.2930287234810495
0.7941613936974002
0.2104656464065746
0.029527548111755408
0.935328670169098
0.17344138953738264
0.6030768114742707
0.09878673535550819
0.01782901319887404
0.024791955864271936
0.9646301130601448
0.08802319608051958
0.660995190908407
1.5829552312958668
0.2601854108678503
1.1815389874978497
0.11430221900259134
0.1715835492251632
0.17049726076257884
0.1995877539142313
0.36054586331511945
0.9538284706930116
0.37442740887342274
0.09756907923762285
0.06881243190750257
0.449244561437278
0.46366043902098947
0.48193756100724555
0.06409335245541085
0.7923047552095507
0.36747863168256345
0.16043132580444125
0.14808868981063203
0.21669865439267808
3.6075295805447847
0.06701297435219594
0.31838171039100616
0.49378251238220283
0.02557132634810038
0.053557677717205356
0.30034880741110276
0.9142736266212869
0.2573625853956415
0.4861179632810614
0.9840746729878094
0.9033802409868879
0.23233594265303428
0.2416870097553154
0.5507710733744381
0.17004599365119286
0.3531370170134866
0.7105277622708369
0.20379671015593853
0.42604640726667387
0.09653599148310976
0.8708131316443543
0.6054676783442088
1.4207166746120692
0.7576054444169872
0.3541072202596224
0.10949757665251311
1.0902550201167411
0.34629990210901473
0.023180776537586694
0.2960458648153126
0.22763314952495833
0.5179614140883524
0.04524576782017312
0.29069542559118455
0.0347956639307179
0.8916508367343892
0.30962501476458815
0.6788085856384646
0.7382361896444262
0.17625146199023028
0.7217287949020846
0.8476805802762281
0.2249361031855965
0.6344538730065061
1.2141534078035783
0.33499815267258903
0.23833616860200116
0.9541469704646534
0.466307341282397
0.1269981160057714
0.7928934146661596
0.3857177403799503
0.345210574995873
0.16052889589017016
0.1977296971355107
1.4228200413490564
0.2280843274364593
0.20509309028812983
1.1856428532552103
0.2618801741753762
0.15867938482491
0.020633791526734644
0.6940941316846635
0.23921288327605703
0.8104627662843347
0.12421805333338908
0.05171120000068637
0.045957365674611735
1.9113182189360303
0.28246985578031875
0.04146850423354984
3.827249909694059
0.3821264274577038
0.13143122852602163
0.41825501348509575
2.0759203311664907
0.13191825246231806
0.8390577645119527
0.8287489711619425
0.41734209200517547
0.6432467103650019
0.16902211315827106
0.8123658105324849
0.42721914125501803
0.24398234501713217
0.7555738607349414
1.1370653172368277
1.418940000511726
0.19461893923148404
0.23884169636643976
0.08983204933605249
0.05029873185649146
0.5848656962399517
0.4453227236669389
0.23103861947213866
0.3003984784507138
0.06911968391225126
0.3940924663738772
0.6446164636580959
1.9799916634695367
0.268124188289234
1.474323212159737
1.0829168570237433
0.25379979894488225
1.4367756155084046
0.23154259845286623
0.22004507360063036
0.7681841800142125
0.11349082569889792
0.33794069898075
0.780572503322601
1.7890820867672432
0.7264105897088625
0.4800158412106388
0.18376315380175556
0.2570970031841281
0.6992887904615324
0.05154771032089206
0.1885612404079833
0.6640591743700218
0.052667689844669775
0.630815782951654
1.0346398525635796
0.09753295084016175
1.4249520264657731
0.8103253882317566
1.1928260347835653
0.3335305863683493
1.076040639806353
2.4581278539753884
0.5199121915332354
1.3966675553897197
0.1031660369190047
1.4500136718777816
0.38228750046770776
0.050981890441767166
0.051862767477000894
0.6223805647327497
1.0838122761912639
0.5771833010360786
0.22015238811709956
0.24316417827433456
0.10877105243271099
0.770876304685553
0.38549858053544556
0.41602970828236746
0.24962637109689736
0.14394887625337577
0.11608011000406539
0.408985172079733
0.07819057621056898
0.08585274691685117
0.5652422692384088
0.741161950106955
0.56140498890521
0.19663909462820897
0.42182292254845927
0.15634935219224377
0.9000033767290447
0.09762892114039215
0.18920153505041673
0.24741651170723025
0.3193699288164045
0.15154900022707088
0.3341104485565916
0.7897282344769004
0.8536078337370298
1.2501866820713425
0.39727500908583707
1.7327955362607348
1.298002654871769
1.8081472139636947
0.12178757650259972
0.33254142631419475
0.38347111246422794
0.23583621737454755
0.4028930380990334
0.11615320827529971
0.8047153887143077
0.7307646429871462
0.3362225457864707
0.24269008280734244
0.2065084414472203
0.0406365032276303
0.9495178338247241
0.8318176215041024
1.3675376114163935
0.7166821525154475
0.5366712247454178
0.22537458915055594
0.4548155709474702
0.6430162103698545
0.11812214901256435
0.3838022295070471
0.566641430004378
1.045472104221329
0.21986724100967187
0.25860872629828874
0.6184139182715942
0.18353755657691037
0.467306831666614
0.5164930925243191
0.45602004850029587
0.5180448290884551
0.06570734625702013
0.7214338412409737
1.0417314078893745
0.4455292318879698
0.2059269185898176
1.1227882607982387
0.9563521033081557
0.824548372614218
0.7716395116203303
0.48967300115519025
0.3393726146358033
0.5866141911381679
0.058530966177622844
0.057774770403459734
0.20142541700067484
0.38481724557089103
0.02473388118079056
1.0294106623555916
1.6216926710501287
0.45661798725368197
1.7217579008611676
0.10681850791626443
0.2617970683054249
0.2707090655683719
0.1682867839438808
0.6829918208965908
2.618798267011797
0.12969211917098114
0.29731989783606766
0.6507460280827925
0.3098888122599152
0.13213100005202758
0.30784570596250593
0.42162890001532094
0.2085611354140079
0.8317084428069144
0.22672082797816948
0.10508522437099999
0.2966052431220381
0.45986454878868654
1.21757982897742
1.223696159066136
0.4109207053046333
0.12594705008867646
0.6946440745946979
1.0055642449462736
0.672890722222797
1.5456014275654766
0.22233835262713114
0.8180737096998209
1.1187071271612912
0.35282974096337066
0.0775707457102691
1.073047470723383
0.13907806300912848
0.1793234115294797
0.8755582226124647
0.4273943386392395
0.4039304338488034
1.3435434454303423
0.1717492010340565
0.3639771154767315
0.24046864714316785
0.055794080169890264
0.13184268328009185
2.5361415272404573
0.03145943499096404
0.15239749943951683
0.3609174191522118
0.6600893085644886
0.06946012975078004
1.3271302938538578
0.09601828498053858
0.23701757659911712
0.5500120686263335
0.5137228865511643
0.5334833867648126
0.34135589394323174
0.1020123635547767
0.12983271607213728
0.2476930472176788
1.1620216186401857
1.6402105359584032
2.376033898247303
0.4028868778838457
1.0257647492382709
0.21328009838015918
0.24135098791619616
0.07772850555134435
0.8579612842117917
0.534030211524315
1.0008211336159556
0.7173626160253475
0.8906435384063783
0.36447477159027364
1.3093869333362587
0.638110048029396
0.16242109170982139
1.4458668718424232
0.34270007186104756
0.2027627301493445
1.5558714048889029
0.1723943416005387
0.048493566875893096
0.21765208140363446
0.15560726382359324
0.15026306432201803
0.6619249819397004
0.47614426903718443
0.11634975492954201
0.012547488746874917
0.026163296381973275
0.04547218792226581
2.0661306237450443
0.49411556809648655
0.05477420596709745
0.3450742779824621
0.025164258124139513
0.18748201214756618
1.803019754704234
0.7843417510823768
0.12388503023785233
0.3500117457561029
0.13730693693755075
0.2220624144448081
0.2030345490543584
0.5488891453750512
0.42900340660969444
1.253959106034882
1.3305420087084137
2.1156755096482573
0.2866599302138818
0.033975251024879125
0.20935710771671018
2.081778552450703
0.1856190084735797
0.16006438370713577
0.2007793140712036
0.07982030018298843
0.14063054329181396
0.29748444328249746
0.1299609547755859
0.16593970435944275
0.15972210099517847
0.2500188739222335
0.10510852062512999
0.21040828659651303
0.5224773480204973
0.4135255788015892
0.10682843778341129
1.0810741375986934
0.6680024185813491
0.887749691730313
0.5880473192380393
0.16529503081200245
0.18431451239607444
0.668968307451509
0.11955959853050838
0.16840041025778138
0.9607780383226922
1.029971440402449
0.3864051613039059
0.896166443540313
0.22700906494599404
0.33443630027007165
0.18029962145131337
0.051890722419585186
0.5571855707643149
0.29518949469617334
0.039706845890993124
1.4639300387112255
0.4703457409123129
0.33078060123158826
0.39077563397244897
2.8722564845917327
0.38017279249214225
0.48402245566568364
0.29311144944001455
0.08485449630589124
0.748751224276124
1.0307258665504346
0.2957510689305249
0.3196160277346445
0.4072196148333887
0.27791550396148346
1.851152449734556
0.6640045027209629
0.9003509367577687
0.27971447276043393
0.04882293982188963
0.11119543996748608
0.3120816826797285
0.6256083855127348
0.36765497490363547
0.5751217665805491
0.11243376606012168
0.6259657112359376
2.1059255528299246
0.6640562183649573
0.7033735182819943
1.0157012412688227
0.09664327334586864
0.018071394504931913
2.8401572442637906
0.016441070806346235
0.2352594641033339
1.8681472443097509
0.4893103883707927
0.7386283885020504
0.6277099110982539
0.49862184188674613
0.2380053366297997
0.99053426781997
0.1304042151239917
0.5322828644966808
0.7382705689115101
0.34136982984374226
2.3159977466487947
1.608687405366955
0.4408191661623643
0.1773299790438767
0.19265012351482322
0.4238211143121962
0.6719543291397322
0.8227232297238742
0.6246897131822714
0.029024998189541292
1.2082995979339601
0.18262019357498874
0.1331180941216972
0.7831643113423007
0.17142401014626435
0.15195438949961257
0.138946589614598
0.039721583894881084
0.1762268161730285
1.3027744966316561
0.10281574256308175
0.08932668639258788
2.1193481639891085
0.7471143035640345
0.035132808314392534
0.4689553555113319
0.4885126452298408
0.40218497724313074
1.2595844774383487
0.1491136393769434
0.6618041753062889
0.21575539772215893
0.22332192230970466
1.4505978590081867
2.2684121513793176
0.3335600832184235
0.02411441641417945
1.0099167273439127
0.3915882017495122
0.6210619574055704
0.9172471734115051
0.7634278475874231
0.056453593158900056
0.41348878169774933
1.7614877738395514
1.7629235023107137
0.13141174400314884
0.715309561151182
0.15503962010913822
0.4926219881634393
1.298513102179954
0.08826988139240652
2.0080230313361596
0.4271551096921113
0.41161136049813823
0.3676849845457748
0.5341644825842852
0.27967473157801226
0.27446241150424117
0.4952077324766009
0.4043506322838193
1.026235137270919
0.033179703881751337
0.750014973714182
0.47081937890931813
0.7491859801439869
0.0807948050014883
0.1120389683940454
0.054589354179464394
0.23687555371710126
0.3679192798008779
0.07633887611406577
0.18784051211982178
1.0589458743772624
0.414206122272988
0.28118507262438486
0.6288618601952451
0.2468321721690945
0.151626794120883
0.3954290894163142
0.27389630866189635
0.1645333135658529
0.7395032462320651
0.0876307646129548
0.11572945631882692
1.3942607593379786
1.3761402927764774
0.7050677651040045
0.5052767782001001
0.26059760842898466
0.07188227151185216
0.42451643861280014
0.41825662468808195
0.19737724859079364
0.5893866954329772
0.08295822753279719
0.2603862461678665
1.7946562584275005
0.07654581951873678
0.4169174024330745
0.4310282650779853
0.07963587304704223
0.01692935749784474
2.3690038046532997
0.8391496574438797
0.08863512649577197
0.4338708052026638
0.6886656266078695
0.3780473689928643
3.492573214947739
0.14169283111482087
1.810849511368932
0.2915293269966674
0.2379955560629342
0.5395660354316876
1.261830825340383
0.4430210125578456
1.6078441430534662
1.6310716442315387
0.4101155291156175
0.3918247741634127
0.3309239108918092
0.18787171040188352
0.4340918435287855
0.02861570225942688
0.13953117230378012
1.4725014126845357
0.4454297992470322
0.9461856690524427
0.09704179112182808
0.9201779334365577
0.17176694028385472
0.3411963370391646
0.6268684296697316
0.0255078077649593
0.241690459014934
0.9998902912039065
0.3093456402650666
0.9752440717923998
0.282439995132064
0.05807930721674619
0.02395579396181919
1.0648934749724066
0.12936804067309973
0.2367231327935679
1.1029543956525392
0.3668208954252388
0.38704686003339334
0.1528273639291696
1.1596386903547706
0.5806848160630992
0.9988800250640218
0.10495760812125156
1.6348239299960166
0.25118402111132143
0.22121790782053674
0.18596774029550134
0.42715804617058944
0.018458129864156302
0.22049685369086264
0.03963290292625031
0.04594926254878985
0.17904010146868646
0.28449402324508827
0.20429759284243645
0.8950851062005798
0.2923134474395742
0.4651859348274491
0.2975872345845105
0.32274363067168355
0.4595093270754891
1.7907909384499352
1.2943172180653064
0.22563706960765637
0.6388118453961869
0.41282403964423914
0.36796167079342046
0.38923578519441077
0.5350931823975468
1.2172549996653899
0.3774748887510845
0.4450742453802411
0.0041781359385593304
0.2003249645215331
0.47694793497078813
0.7327512448912038
2.527683350597701
0.15685522613968775
0.1847055751792614
1.0988740070491083
0.7394684207222333
0.8621205827655923
0.5517085661817325
0.09667183279096207
1.6310913141533265
0.7932460828133332
1.655529952778296
0.13610933630366093
0.2912723335395095
1.070839956313581
0.769838258817155
1.118313575675588
0.5090958394829179
0.05080319272249592
0.5109517208253487
0.4473573739824509
1.32334862541012
0.00904795097117611
1.4562687661186107
0.30385726631281734
2.0826830045046254
0.6607637516329834
0.050109970451879475
0.160971764723765
0.367839432722889
1.0639359217936322
0.6390195954755052
0.6158731818484317
0.4530324563453843
0.7195594975661972
1.0470279260268054
0.20611485793847872
0.41309776028991757
0.49337999616522404
0.20273932571539546
0.15889901947915996
0.2856080488199193
1.1853666029800165
0.1970817587349037
0.7050934954874968
1.028446884179512
1.1572543413884193
0.34225876415687834
0.7225076965268706
0.5755159911781103
0.759798858416744
0.23066399597580056
0.42110762017962045
0.2183260507369592
0.2730298774764853
0.4713575261289287
0.32169215384166544
0.19737996867591942
0.27047845269973586
0.473080903046327
0.634367922500411
0.07959244446117975
0.5637048090538601
1.1960483526511505
0.5978540829503192
2.252014745475071
0.6066462016484553
0.24124816175532907
1.2831569410541364
1.0408181503753478
0.21949924997626474
1.1365336867597426
0.37012107733370936
0.16252211211685583
0.7404412592876389
0.8117601972212423
0.12584073625925546
0.9435624139715042
1.1374739973206314
0.6126184331131471
1.590843100291698
0.08677384351373958
0.018432950247292218
1.952974407441619
1.288085327460367
1.2709562048529237
0.31332866689573263
0.7267438251059959
0.5727923829855207
0.6374736020345513
0.54410974410986
1.93356224717566
0.33231101160249815
0.22812721137381245
0.963042027764188
0.08204729747127645
0.029755476400544024
0.23993395048009084
0.11199770968136857
0.5228582410943472
0.4664296704966438
0.1727031934904047
0.8465387129176962
1.261585442392198
0.40330020012425005
0.3944660060504468
0.9595068563867013
1.2428861983184647
0.18500425407694437
1.447634452955929
1.0623507446007612
0.20560865301389952
1.3564629925082836
0.890790313187117
0.01734440779064131
0.40068031916910624
0.6800078186714971
0.405702697735732
0.3276330580717573
0.5105767371146767
0.463893140694218
0.2724681680577267
0.023625986721174122
0.43770063119820646
0.02236466965398396
0.7782360664371688
0.03947283770664685
0.18898939942708717
0.09383302553167003
0.02828758522037915
0.24567635981929706
0.3610620209091021
0.7521717921808133
0.8526203735626768
0.4474238622214188
2.444709274753639
1.9759242223953857
0.924443221983544
0.16297292700111896
0.36490729756346263
1.0761961670547777
0.6244605725768265
0.06841321549514325
1.1298070829368139
2.039873320628698
0.29149413468039703
0.16570072104869762
