0.9210444616875482
0.6816641568053499
0.37079720762767177
0.9395516105392046
1.1684861142634824
0.9403280989701249
1.7780910192077497
0.9490073936068751
0.4397951317676368
1.134183260215949
0.8888243405297271
0.13263058105684272
0.30670389065685205
0.5099503885636525
0.3015115098526182
0.5879833975359248
0.18457047398049223
0.8530003066508428
0.3405937750139194
0.2659482864115307
1.1709690590348683
1.1613069867964119
0.05504417772358794
0.030373972770407064
1.4460558307565778
0.0938392422413488
0.12381774811222791
0.9731924914146124
0.0797748499437676
0.7505170348900404
0.1836473136889244
0.6733927067055491
1.1633788931724638
0.15274709303312625
0.09602490041418962
0.17441387649100717
1.3858795742060233
1.7878928066802418
0.35962113976783944
0.6587441898138895
1.2421017962792087
0.8782919499909574
0.2797286796703755
2.5788642409041587
0.12777862064941514
1.0449604828668237
0.8046789160994514
0.21091911781427472
0.49928552898712225
0.05747321611392333
0.856861227820134
1.275817967018424
0.8642153763700489
0.9042273430578145
0.13976979746088342
0.34993271653833313
0.5075287232304552
1.549338738427253
0.6448396811936082
0.24099567921253
0.41064647851168756
1.0908645336707217
1.089174371369948
0.323068224904385
0.11737885760802376
0.10738434641390594
0.7642339835561089
0.6877302393261641
0.9583044127192012
1.7657784130570242
0.6072596715315174
0.046717403316727926
0.05673591519813089
0.07536860645652727
0.10148497732454662
1.2751598586848027
0.18748989601908103
0.15557328460306527
0.6414881190854078
0.25160822423067425
0.2349428470397488
0.4015398371133432
1.524074748661538
0.7865472105633193
0.8591656483129678
0.3685940032858058
0.32268589215744925
0.09850076131172349
0.14920642394244946
0.0538379429102018
0.5062589814662469
0.33687467487231526
0.0763846075839676
0.7552233121344156
0.4894787681585726
0.33427651069782754
0.19561285760219024
0.4156570493433082
0.8129611270386968
1.1894404026866248
0.1847560876247863
1.0009406665645562
2.661736753201649
0.35036281663672036
0.37040536248766015
0.48487158958663046
0.045991599691187234
0.26462419962482603
2.228284462538173
0.9563886020871643
0.4005246383359591
0.6051341054737204
0.8797931114561242
0.4314655834411137
0.7783672965408518
0.38017153540342735
0.3221496296319739
0.034107530185405355
0.5377534285992593
0.22759396502344498
2.1893599219814446
0.656221560566786
0.7338227278172386
0.3871284211463384
0.01913846769389946
0.8036168506149084
0.6873682576746746
0.3444962360219947
0.6032646410283702
0.4937148008915471
0.08632349128584428
0.03881945456944822
0.3268494817452171
0.6013085295685984
0.25576239176831295
1.647443986763678
0.5798255084793068
0.7673273076574153
0.1717562715837509
0.0604665140590903
0.04227032727212382
0.3809188607573612
0.1598213421494239
0.7580045228410787
0.5406518835030041
0.570054591752286
0.16915289153651167
0.16717380311671245
0.1053512598536303
0.0071677826205707755
0.9911341134525727
0.3795784557791176
0.5362148375506395
1.3448856126015276
0.6444653954411595
0.10166808551671734
1.0335329283787025
0.7641385322510419
0.024408220686261348
2.9089432946908818
0.573318260182486
0.6455270064186687
0.5976991918500291
0.06976132781103776
0.08463150700443606
0.16945108695248168
0.8313348286472413
0.0768217408724204
0.7408405844494059
0.3348599771870896
0.1430340832515784
0.9176054107964654
0.6854140969957869
0.8656632758070526
1.1286439482589221
2.2367324307932575
0.24788998667642725
0.5620146480977021
0.021760922798812917
0.3890323708791271
1.8579922937344422
0.0032666218035252398
0.3267632820711028
0.6365796951983613
0.04077566867547689
0.3637781460057672
1.051172460950196
0.36027272476651606
0.08470414807686777
0.8564444847458164
0.1785909872496445
0.5286947741256283
0.19544727238529433
0.14993611984964705
0.2201799694301407
0.16934401886018757
0.24802119540281092
0.16762652881531245
0.17753067485730323
0.10163079739931108
0.6319490490051208
1.1393555027127968
0.5649570204291724
0.6684223240385111
0.7309257769031529
0.05284102781953174
0.03422070650143703
1.687758383947259
0.0912424619892538
3.956556371339549
0.06690491095235
0.004932580763543731
0.0017439203573920707
1.1835966426106435
0.5042697307361702
0.6125757814808116
0.02262606756038499
0.5432205913148085
0.1689312405410132
0.9579023654712746
0.08616292871949116
0.21237123732286764
0.17293892256171906
0.04965333879452678
0.09670680137490982
0.8425880364438579
0.8709019505143558
0.6425663130187165
1.5154255871908697
0.2933174764687995
1.15853787220343
0.07685294944739057
0.06524226359668282
0.30433796432034727
0.6189384069355054
1.135760009631939
0.13008858722240496
1.7501882380625995
0.4346004395996596
0.11160161045098364
2.53708041822634
0.5013031415465982
0.4203104182254007
0.5818223985809777
0.705763578378736
0.23733605977472913
0.7050679045844969
0.9343549697619968
0.2303018199492507
1.167495382479722
0.6736976050914976
0.8725654690710445
0.32797609422878987
0.15688586976618357
0.3063406489516254
1.4277152542737448
0.13443103935216585
0.45707292121756743
2.668488353129106
1.0242319294280826
0.06239371747290006
3.187298111958324
0.43720520812641106
0.12107549477279543
1.3282787800211984
0.7938904940843922
0.3332305992783914
0.4346223930038648
1.0786291544988362
0.17527642434996543
0.06327762116379622
0.5697602710568321
0.8709923908695696
0.012777693817853873
0.5554842577816071
0.8117755756249074
0.6493568346952336
0.6930886653277225
0.7459895487284796
0.195576877916777
0.05004981327127117
0.5803636579128263
0.7498843224550774
0.4236552744832657
0.5507345464115977
0.8254853089487162
0.08677624194094793
0.29858392626885677
0.33688790413753095
0.19441885763896163
0.06409985616688321
0.3958706848310574
0.9107951947785387
0.04023507873833727
2.270536781161919
0.092966402088345
0.18930564958023335
1.472713778446219
0.7458820247256932
0.23029304418479554
0.7472326018444734
1.157909178379396
0.09867010632162325
1.3406812865374018
0.38813896052167896
0.48492330420378904
1.60108329137369
0.5628074168788718
0.2636202578894335
1.4490152624921988
0.13129939566686497
0.15737559961749809
1.5517547041433746
0.4324584915215453
1.1278310241592604
0.7214477316641404
1.7550902349214428
0.1771014736380889
0.7213984031276038
0.6852679831690975
0.8020699957763396
0.11559181977459053
0.3146248893112897
0.21202414946715706
1.849121568042753
0.8678758417987064
0.36918900027815216
1.0724303530000505
0.3417118951551858
0.12467570748251192
0.6283814419739735
0.0307120800017558
0.09441663682656258
0.14776298592337944
0.5465240946165207
0.3931572708799026
0.009707026253584279
0.40708091361819704
0.5044889890659393
1.3279721074302413
0.22171477630264658
0.2539204911145893
0.4282419544702933
0.3322987410420095
0.26213807131536304
0.8490078072277841
0.5241411139337054
0.31030446813620305
2.2540468841074666
0.2514767365147966
0.8164365798784702
0.5778801633347401
1.5762407065159458
0.6728777183643393
0.04894525830468322
0.11787357330930866
0.18877309729705435
1.1105578968767993
0.2414069904052681
0.33896262432157853
0.42428585527297136
0.14326826150713642
0.10490084463869428
0.8364011983269037
0.05637319102730371
0.4937186988602624
0.7474746900146237
0.21601088626450451
1.8455904891262023
1.5480283298456246
0.21048643887117696
0.2212015525736576
1.0144269705619466
1.3977818761810221
0.08080239256327768
0.28272685041588397
0.028878942344967608
1.0270172551801915
0.46365886896177033
0.08171413482337833
0.07365306296365139
0.1234988021901922
0.029623673193192018
0.1610488398951324
0.9336976678602108
0.27574778059205673
0.02603504195810459
1.3248032051020753
0.3063272762818725
0.021191199394218978
1.2774585750614902
0.703850196146184
0.48547686694105474
0.398194156190945
0.37462866064273653
0.20745184882284265
0.5376083595390746
0.574107458054183
0.27519804410698107
2.1458013849911537
0.24414565731910007
0.15254578929881368
0.6789769596030235
0.9977496769333059
0.16472850124960742
0.055377834826862586
0.17788390808760354
0.2518733986099296
0.31340478688974355
0.7560784087443594
1.0279256361941624
1.4296848800958657
1.1670818364023605
0.12665534645011964
0.27598463027821624
0.20891793855060678
1.7756613929757834
0.6786305449167673
2.5476939206947877
0.34934859482000047
0.1774323458765835
1.027886475637431
1.260040478586401
1.2849878193127173
0.030661542497803028
2.9558343185031313
0.797325723945066
0.280657499404565
0.5845770454845248
0.41884082810987344
0.17423182731380982
0.4117758260728884
0.5174843978107712
0.4095730127338513
0.5756653008378533
0.9475482806969389
0.8853527669359788
0.4648717825209942
1.342622745066519
0.4892600632309151
0.2839553959453742
0.6817177519743931
0.3192636306165436
0.05822798279741214
0.4275463050390751
0.5239165099229535
0.1621296025444966
3.5983017028164
0.6715563574055512
0.08621041279810625
0.4391070006637588
0.09423432189023662
0.318244485874163
0.39427640721252477
0.1654865334859361
0.14675569350475956
1.0929395885557804
0.8257528347217937
0.18553240569077634
1.446268669856592
0.1649933433100826
0.08973036104008601
0.744312308926622
0.5919097550652045
0.7057278690991082
2.4853182299956567
1.0540277505966376
0.76648642453398
1.2710720656695973
0.11068357573210968
0.07036542628208871
0.5634740086292673
0.21252569473234506
1.1717315544370486
0.5361019804018395
0.03132226947679123
0.45596911929135986
1.3976472925299426
0.23675843276031971
0.08201787541132322
1.3762847819733757
0.2130470158634754
1.3747260944297228
0.41944572510759803
0.037547477952180316
0.7488953705728256
0.40908879516198726
0.17171320070987298
0.2570931719942636
0.11512810074197675
0.35934339120571424
0.23768178565936804
0.9773760068395293
1.1059290399015034
0.06916301885625054
1.0945673556906494
0.14601101831358115
0.12748912600275158
0.8811475206736374
0.26775126409230626
0.0618716069810881
1.8991387781722444
0.7874125769504464
0.435483458635457
0.22172792252647808
0.03331970585677115
0.2009816034940554
1.2916709596307643
0.21810209246812365
0.8825957215039371
0.525834084935398
0.04369496836702455
0.07560562883882636
2.5418880245742095
0.6132894259079474
2.0270346090551676
1.106518023346603
0.9050360101815705
1.562629548594329
0.18583959036201633
0.265835835037758
0.1340889908062865
1.1466226674624196
2.231852756003701
0.9026586470053114
1.2386218904892163
0.1321135927877365
0.17866784931614854
0.39374193727686796
0.030791850198495282
0.07881483326910924
0.6568491302938302
0.7242051104581072
0.8292570596410641
0.11318501832946486
0.2236623729908488
0.32006161445724884
0.9712004154779368
0.7682905113111238
0.023613634121739144
0.042921861856450846
0.12393480266616175
1.3884924165695154
0.33343234278183387
0.025572849460264092
0.24111589013924004
0.7228738062063477
0.3196364454894348
0.022207363003622988
0.09099302625523308
0.22275166152227374
0.24618706937507095
1.2594360767548054
0.45019146275663996
0.3186202205719658
0.4179650245602352
0.4592815469681186
0.22276225365130822
0.12568347813097794
1.0159210061340052
0.46496620129649563
0.18871127802640636
0.2437147825842706
0.02610764357203441
0.5495537456016508
0.26444337313359234
0.31779703630019607
0.31809610338257965
0.10449359565982107
0.24916274170070282
0.25934572058350847
0.6610084566350339
0.09711510766877429
1.956185271348098
0.4197470651166567
1.3389357511372555
0.08095128908041994
0.3851692742535557
0.26858045056760904
0.2777930371762315
0.9136438482855573
0.9529593805520609
0.39427009627506804
0.42110343423714236
0.874476789102353
1.2182046140669733
0.10559198187821862
0.032509242325274676
0.48813127667218453
0.20852304844620081
0.23826184082153282
0.2306435409389769
0.15412788139313216
0.16188246330184416
0.629424029379887
0.12091955301865033
0.09899865220715273
0.4795024217642454
1.2322142479656695
1.3918824354742552
0.09456226192599033
0.48091698547551426
0.5443958764406388
0.656094256695433
0.09121311789590693
0.5875899844522131
0.4791954197141475
0.35793465112513445
0.5185587417415592
1.8100422060759935
0.06382877915367183
0.8593176855876746
2.041734868971257
0.21200877426411235
0.0759158627994696
0.5759239006230719
1.1337487992736908
0.16171071642361307
1.2595775280083579
0.1869707230653401
0.13711972567446176
0.31116475393058546
0.4089487979991979
0.1444502136358468
0.8880597424735346
0.3438585070495861
0.5207364137780115
0.27832972266788475
0.1584716993117594
0.04281741071659612
1.1779696447042327
0.0005881313168298416
0.1654607477403248
0.39485271046857634
0.7863390161714287
0.6882862060355469
0.1271292841246441
0.003980804789621158
0.0481694724856356
0.06727237599559499
0.03164865758873069
0.5473650846192242
1.6880699274927682
0.16584878862750407
0.23645248845432268
1.2053300353778889
0.05130485534327634
0.23136887893667363
0.40906174978293286
0.8752552194415889
1.5323757618906515
0.8057182534813853
1.398132925483428
0.19430511168233724
1.0977555659968152
0.196558219924805
0.03952504516204595
2.298164455286453
0.5748359909773715
0.08676347754203384
0.4510315969656277
0.3467366834604514
0.3369288069157735
0.3357008499474672
0.23120436856217794
0.22040968267700525
0.08771368555345838
0.04341767117485261
0.033355416224557635
0.07573339646663704
0.13560202208659297
0.22730245979018562
0.4047915259186138
0.2566100988712268
0.2883014502724131
1.079265383251524
0.9500508032409719
0.1607738283643112
0.12218400072791183
0.08199238214259066
0.04199631622472915
0.28267429520719467
0.304659451891752
0.2027862234413657
0.687301822337188
0.27826904598469376
0.031167105365082833
1.2109135393472195
0.2312119303747852
0.052522900779334816
0.0016900175108531942
0.1053517098091858
0.016636176706734333
1.4297013217988297
0.1709311124495398
0.5757002082219704
0.6571445690299837
0.1806771127421659
0.42046391907753605
1.536861608945326
0.5329713866186824
0.7298471248746234
0.12772753439476314
0.25750286537996037
0.6090679219784474
0.6888499022053557
0.061475390597881825
0.2554468937762266
0.7608279499622291
0.5711300452316075
0.05753130754976885
0.011167699690983985
0.14884227322126445
0.5769144783516063
0.8288152386353174
0.323557678265778
0.5118601482805273
0.05481628749258661
0.06154822874333172
0.9095117814900656
0.5849774947108342
1.3540493115312509
3.0001281290275665
1.000699178909811
0.5550475083428915
0.053452277423785687
0.7883442326105919
0.051847519783087874
0.12626663487992926
0.6152877638654002
0.1742843871784948
0.07199553898728207
0.8767564100936902
0.49042373954516527
0.11003920303542858
1.234615874338024
0.11838577424368002
0.11652571252169328
1.6438430668736235
0.6003343682995936
0.3506548251233232
0.22484470390037586
0.4693996140509477
0.1056975822236393
0.2900920001121135
0.042591189436286536
0.14538828126740339
0.22686870535820866
0.5218743615736287
0.2995838295090776
1.2302066147326702
0.09643262079487684
0.8937733136391107
0.26697777381993537
0.33831493878117347
0.05259202898559617
1.1122618163636617
0.3952514451585952
0.03940596357027525
0.06172916208700364
0.025889367277248807
0.11590303514603953
1.0203636511442127
0.043494379247034934
0.42274203954835726
0.8333142136135153
0.050043404592299466
0.17066958267887075
1.1825283437722298
0.14446245250993275
0.44526940842586016
0.3717274922204011
0.2295997162418331
0.30655678667070346
0.6462849066723001
0.32364139278189435
0.10149047363344627
0.6335046055891674
0.44617602440132703
0.5804924859447136
1.2270778202074692
1.0592764662380016
0.8755509205516053
0.137386628778709
0.5887810581819861
0.8277434539485815
1.0074965827957547
0.03434729039735877
0.021319678633661555
1.5711237416691208
0.029682851315231434
0.15940911576519398
0.03147440873679438
0.05978664879745467
0.4140112039348068
0.471550954630698
1.0969119142180432
0.22687164668339077
1.260246971361393
0.4057078442212263
0.28112699564262555
0.18117079146849632
0.6897823539030868
0.3839003012428616
0.2691290659567071
0.15053961948374153
0.6600675369331902
0.22135121580297923
0.10775538366128938
1.111731931956023
1.0602464746698386
0.40420624084709467
0.583280622633279
0.08773253263534304
0.2198905422431097
0.4203591818716863
0.14218476451965667
0.029852947024959522
0.2683791337871727
0.3715716581365629
0.6003459286643598
0.3513479582114862
0.4184109047967393
0.11776423747253593
0.35578899534193514
0.41869082539811825
0.48109947976521256
0.28052522293656323
0.15696955499502346
1.0950178055721238
0.34463634365584395
1.6987043203475412
0.36389327726487686
0.06873982907652389
0.25815100025378573
0.006888649502689573
0.07362530378453462
0.5550211223981014
0.4771449138492304
0.24673305295849837
1.4314424359284006
0.9205481084302424
0.35643823985575523
1.2026650906786176
0.5551592170400853
0.04651396009798895
0.5298136618483318
1.1303333150319919
0.4242912195596592
2.5599405059787244
0.26386807903361187
1.1823790426540892
0.4670388423006659
0.4515394637153341
0.1724163105889327
1.6364504215216684
0.3688808090250745
0.45281299210439907
1.6080753889992796
0.5578831668053136
0.1958977443873257
2.308763797655473
1.4234926327954733
0.9683619358401775
1.2092401080757824
0.9337529226533647
0.04699871704084868
1.5858535865869108
0.5084076961943672
0.12672555773657138
0.7658119186404477
0.19937549746542121
0.45551830285910927
0.41196507276505284
0.3000601737526615
0.08030287610576158
1.8036329400417779
0.017819724086079725
0.5735899500244543
0.22723342059240356
0.14671980900201018
0.8361988304353464
0.08335343546083332
0.4707237977628193
0.44647753069401375
1.9602919297179613
0.46906224719852224
0.5347379472563204
0.15583919613628802
0.19543895990086887
0.08384463748192988
0.775807406078565
0.5634993862052258
0.09822066348644022
0.8125194293336407
0.25908578848096575
0.6783875486678846
1.3593830774393396
0.12859224147439327
0.038568623634534276
0.2341355629975677
0.20740240341912877
0.17440668569891035
1.8157309075104944
0.08669656582194653
0.30626691442916393
0.16223664106442973
1.8465612272102225
0.3869390046895514
0.6860832899379743
0.8368580485652055
0.44522309551905703
0.4492533189652514
0.06623488910762196
0.3251515640131842
2.283240240304815
0.305581324758669
0.40297466679450966
1.6179966381341322
0.26533037547467286
0.5015539679483101
0.04707290040176304
0.8994702197209419
0.8356659213976962
2.227173036248086
0.5025208216784915
2.2424249045326112
0.4528141181059733
0.11891504521108416
0.17385042427111994
0.6562513796080385
0.8186171183020536
0.39959659478058085
0.1620871582137343
1.0156341569552494
0.12212480193536353
0.11063990289613371
0.27751350711516737
1.2772637499939026
1.0739200959112025
0.0699143752864797
0.28145664958730404
2.568473593324171
0.450904307503314
0.2956247430842796
0.28785881666066315
0.3875908211946198
0.2951324304383489
0.32514530435141936
0.6499138687596046
0.7960205397710123
0.7362109566446607
0.13643387939711107
0.11472542409401236
1.5905085412184305
0.36028319633299394
0.6209636938155856
1.934872738726416
0.20481346753695612
0.3774347419697602
0.2990367285294149
1.0411987777209724
0.04126082166576582
1.9517204690339183
0.5265719175736127
0.21047285825122042
0.923043132279023
0.23679842947412758
0.8160911900464882
1.250234285640079
0.35780812381637983
0.20532367978251725
0.9786242883621945
0.9418672544238732
0.19656275645059787
0.2219104764515932
1.453172309351611
0.7467579239407727
0.6682644228528941
0.48889788449993504
0.08058184640720674
1.1272649239459855
0.28232072588143703
0.4898246343588458
0.4925571895617412
0.22467160831987226
0.22284820848311115
0.028268051967204517
0.05667636387939749
0.9886981600710933
0.500586083257681
1.2443117757605828
0.2530380071057128
0.3111714635676835
0.4384584946914005
0.3457813757891105
1.1406539329740766
0.16617300435131946
1.339749123751297
3.369037242636314
0.20545158306790104
0.1443247336538478
0.3678283659759057
0.33007900704135773
0.10135928217112558
0.9260360175708541
0.2698176880804609
0.14354916302484835
0.6383080689416539
0.701367373610688
1.124044223782172
0.21889031300393094
1.6477317919836079
1.1563908125290543
0.03231229263302435
0.682813238453031
0.2170863310796246
0.3497314970710661
0.2618261493626326
0.14516146477748842
1.3953137830145532
0.028693677522558036
0.25702560699602256
1.959424016516163
0.7406120542453661
1.503586376875749
2.380635563395581
0.23720736716899135
0.6230826342626058
1.4157152794621448
0.1927157584592664
0.15203806692482916
0.25885521107506304
0.13762668561937177
0.33972161505881726
2.159686167897202
0.4035025669616415
0.13122664994563174
0.2973742380251034
0.02243830359518463
0.09598263986342756
2.178252162137428
0.6864623683360648
0.30163291934077935
3.1561480783543923
0.12031816248629507
0.3519406386577167
0.5848546839083346
1.1125051932559884
0.7466510857667827
2.258182436686513
0.10597221014559585
0.12986095607420847
0.6294521371325682
0.10652707396345153
0.24103199135219638
0.36576296270497416
0.10617270638832407
0.11649201603267845
0.43189583718347696
0.8753166164625807
0.6004947184555393
0.7429354822391288
0.06962797050079061
1.0751665952212361
1.1391327447631874
0.5956817334567642
0.772037727290723
0.809668578861769
0.8759154231005392
0.4735900078936727
0.08119687844408086
0.8695399956941948
0.7481410742061658
3.0729106205863106
0.2512442636009884
1.578562151557686
0.9453534366366269
1.5239376466248982
0.6050364674696777
0.09839439226276223
0.5048330307118006
0.5828104950624174
0.6614438046159332
0.7744550657019194
0.30610993283821786
0.26298735368392717
0.017070754450124438
0.4984044314393575
0.11342286281327615
0.1753150521159986
0.14025811512289638
0.6111938622885642
0.06588488848340042
2.114422448893066
0.8759004364302154
0.6894912190062851
0.8726351331553243
0.47132421002903013
0.4403361439065496
0.6434614095907096
1.0575173922572685
0.1490554674583962
0.08819103850997949
0.37298890551991937
0.3091108469067154
0.11903054899064622
0.29510551591326173
0.9358332218692451
0.09643430674965772
0.9115904272187476
0.6040178791132756
1.37579411118195
0.04520438330122533
0.9508666912373921
1.4670923511041956
0.16009798672328895
0.7405596837617535
0.7777640718904876
0.267294878893255
0.09947778016109583
0.06306864480509418
0.4010154340934041
0.08113228814483175
0.19459487620745822
0.6165410355327523
1.3773160629595511
2.402100305620304
0.6902670813677734
0.18504636090457208
0.21125608921623235
0.23261030751878775
0.042511524686402645
0.0561828224381372
1.894646483410689
0.5708695984778894
0.2382584072769308
1.0040280628965996
0.06306306568719426
0.34720277971001456
0.2742830012621182
0.4441921644211569
0.16941833011956586
0.13734344719811742
0.10358071047757095
0.6309286289714797
0.6039668979407502
0.10754287242668166
0.05989029677738598
1.5703354798482994
0.8294705279768824
0.2763080116660781
0.7678895642590077
0.06704826582565103
0.09361083192674205
2.534536584907097
0.22680208793189738
0.26699241461811946
0.061854843558325115
0.26458475355381716
0.008780434753534835
1.3777284997572132
0.24727808302622664
0.19150659182387084
0.5782793353679355
0.9253756047888978
1.5645723917533074
0.8463363052855747
0.09066516428697866
0.6574838123039546
0.645245866877172
0.10852723313354022
0.4260580815835426
0.3148671125424457
0.12554992125890144
0.35033872728027954
0.22134031216141142
3.267704781159499
0.10704528526618619
0.844689730673471
0.9660291415964715
0.6356745141199569
0.883532986319576
0.24555489163611025
0.16214443660258876
0.8294144603736483
1.1957209900596386
0.7358744883266931
1.2582546922885534
0.054855061599705136
0.06169739199317239
1.0109797988187164
0.24884966987363152
0.33245110942186373
0.6455981723039615
0.4411672683470997
0.7739885409005169
1.0176179045482303
0.24016935039127857
0.27278309623389635
3.7244580513442274
0.33757246894079784
0.09008343017330513
0.13212269731682685
0.017181889665530373
0.38542301502045057
0.9515317881834432
0.7056322244920609
0.3851775100330712
0.17730830669670192
0.4831727171321476
0.4370746078136878
0.03809950460103007
2.8823926910313244
0.5049277334237791
1.1404330811004577
0.2309385887009116
0.2891778887821508
1.2767284043968314
0.12721335927108715
0.2881867828597042
1.2253191979736533
0.10163203890153792
0.21086513061871723
0.1370254557241927
0.09597137014602014
0.4103939219414722
0.7079264165918829
0.5814273812668557
1.4787073121205667
0.29273627994791196
0.7702855205402467
0.13324370612341865
1.1287449317795097
0.31992772500955974
0.06734367271502852
0.4489055229732154
0.5607394725966395
0.8447278952029174
0.5326908288199299
0.47755989732741816
1.413109818907196
0.976996392290764
0.39155617469466647
0.1168340801228095
0.9508719821872894
0.3027898692763745
0.5629694015980953
1.3069307135681396
1.0783947014614839
1.2207055907051474
2.916947790169721
0.8055449910430025
0.6342023931670441
0.39393665078363405
0.0420077171829833
0.045015167588682015
0.4510240170302006
0.0806158485786265
0.01845990743375244
1.829983896884218
0.47075718175503883
0.4880809681822712
0.20065291330722082
0.8098778938495493
0.01366714560440126
0.37074032903264104
0.14245543421804446
0.3499195469712126
0.6020406046890231
0.15222114389163904
0.3137677391279151
0.720984620877252
0.6768855481502757
0.38193301291118414
0.8663133317914845
0.749703515542862
0.10195479895372782
0.1601058994260678
0.5937678012621868
0.6618324946871345
0.47790623484860395
0.36543082168146523
0.09428503101228226
0.7487833411629984
0.5977024520059795
0.010204841707923474
0.5842833542050504
0.09779953650027867
0.800555599422951
1.183281910584791
0.28441439626009446
0.5964862783587577
0.45958589203886063
0.5494420117042671
0.43395802833562064
0.3445542144653933
0.7471956353498643
0.09352976914162654
1.6442751941565577
0.4324273421531001
0.6189635755409014
0.29603534095579437
0.14742280394842355
0.8070762695930426
0.5741788322001772
0.6451799677155083
0.7945211897899703
1.0559928287705544
0.760315081697843
0.3208616371249834
1.2306948484794817
0.4705557113017244
0.38630542532947687
1.138567633698767
0.14867847597637712
0.20187743723935508
1.4633415762472772
0.061467590408818544
0.12377506306262313
0.8166941719785216
0.4021175144849044
0.02731103082615672
0.5167606630310598
0.570043539149433
0.4923558287532806
3.5071496344395467
0.20249374886976532
0.3295869234847862
1.3579331003412958
0.40884062025982604
0.35410397148560246
1.0350792809215494
0.13307937800284433
2.2674527385432177
0.8290263562688948
0.25506450471250497
0.19252176827070247
0.991678813268759
0.19713339944517153
0.5773331432523664
1.2797094003297589
1.2602554515840187
0.25942721822875076
0.5140078614913414
0.27259872417182873
0.6729932608517105
0.9130661690572255
0.4212926720076262
0.042756322210498764
0.03549689825165522
0.015494541770927668
0.4613295527899046
0.023820033991453767
0.5096319765180373
0.5929442782006819
0.07889901482985341
1.947893872597763
0.05254413987814037
1.0579075801571494
0.2266348850084387
0.543176391703061
0.6351305848000347
0.7081875298630796
1.376844526929456
0.6373437165615882
0.19643511169513195
0.16021823449753494
0.7750352494451108
0.19224349337729446
0.20933218752821386
0.3922977466497443
0.09967139175569273
0.3618582808060591
1.1308784195544097
0.8644689503947927
0.4448021979813989
0.27017975215839374
0.20120683038227827
0.019455731151809683
2.0781169926442637
0.6678446318645189
1.0755608644483718
0.7525490662441353
0.06797221106426507
0.004700417333611177
0.16686122750525342
0.007369492504446331
0.018464480894637647
0.5170330150557901
0.45763378269811245
0.6208702258555066
0.7858465268304031
0.3736707868139641
3.4850269006475907
0.918951265595353
0.26271507301012204
0.2936784290337934
0.6718592546483543
0.06719262738634572
1.3165917454715765
0.18647484529808855
0.13192447129328044
0.16857302301959082
1.89787237389155
2.8949557876182026
0.13047996913847007
0.19887748639872402
0.1017609152634195
0.17881147674004913
0.9321876556642318
0.07688158183038882
0.2570064349623675
0.9767345735521649
0.009005503591068635
0.3489282299502165
0.971856019794744
0.6359270677404311
2.637885609886104
0.6764037943286714
0.34752385015475185
0.2951009940856951
1.7370689666010009
0.31216467083110727
1.1076997505554262
0.1340009522890154
0.3410740766764837
0.7091463936063663
1.0991559058067963
0.03443957579369855
0.7741136070571294
0.07391316001561449
0.4040805567397085
0.5481431418040218
0.31704382126923975
0.01168937266055903
0.028696256636412516
0.16632948009638904
0.1664193638543263
0.09277341396559202
1.3584610758669662
0.613255381693181
0.5638334847547739
0.9220051956227564
0.7675893200428194
1.0848730410614933
0.40185157218675305
0.029054647755923257
0.015461020729225646
0.7235159867433227
0.23600406458769294
0.02671691235214547
0.7510316459575976
0.9847396998837639
0.265319181993612
0.20842606268894712
1.7060785236930724
0.330227435337001
0.47924835778058666
2.7225282173072123
1.2821658156016833
0.20324161192431794
2.499739852764872
0.7148308376645712
1.0533017251560475
1.5220133946457943
0.35224091465698315
1.5898842079074404
0.671390316596969
0.47128407487654606
0.7297275372910781
0.04233466681664765
0.2946820967998875
0.6751094984800496
0.2490512653180671
0.06686544640360997
2.6691637031223303
0.21005897800582007
0.16562960951817193
0.233706499227588
0.22448477944077472
0.08966522200877751
0.7669357461600002
0.3587746773016716
1.2343281495840002
0.6719564476510809
0.3008180488997326
0.019480829175393836
2.7049100136986852
0.8438369878784496
0.2100734892830367
0.3305359080592066
0.0846883784424326
0.4794608919613304
0.07390458944973842
0.40404634352399427
0.4533436162385747
1.2673841497387357
0.07421200963781957
0.11875789211937848
0.6577572932622479
0.14004421362489217
0.10935327734267514
1.1173611994814798
0.6862696532863104
1.0212407809469257
1.2286614603065718
0.02778216481681577
0.11457824170643904
0.8899625379114802
0.03355816444676828
0.9284568179781277
2.141697268622177
0.7160043256785528
3.2628071146861513
0.12944500495008351
0.058137463481841276
0.13886371278330822
0.37159434007636427
0.18339538391239704
0.24269687069284682
1.9592688132757703
0.3871833106959913
0.23484862649725188
0.1280327659302791
0.3112199792180927
0.3513088800969435
0.9734110545585958
0.8462195578532467
0.9266595950715089
0.728968351754802
0.15848801243036717
0.1837338000284275
0.1642977828865596
0.3917254484470396
0.6789971136802377
0.8355611396294156
1.3880887726389513
0.42939214642398366
0.6866710226673984
1.3131206871954553
0.4471918687506152
0.04021480371070653
0.027439504778558946
0.08495519070349897
0.6557375305316833
0.5697735610206747
0.9834714722984212
0.511314081873418
0.5704532618230839
0.1897248221382073
0.23187335765036518
0.05886095551225069
0.17470638541397002
1.6809702647970952
0.043949952038943134
0.23889947736862513
0.08077475654460213
0.2083410847221229
0.16236533066625194
0.24135171778894143
1.3498291466281522
1.2573736561753468
0.1255487579338906
0.502472834503683
0.39921502723875557
1.043660189554595
0.47636598035386424
0.8849312071792699
0.40290340860506174
0.05999660127444542
0.29878737871913946
0.2556467268343968
0.538240285500033
0.09666067769271641
0.4379467175216313
1.1895159294548234
0.7595831896644695
1.491091367741344
0.14192340599292966
0.5814248621955084
1.7691107808205797
0.12899424453775055
0.09600247357145393
0.40251238691783453
0.07425974266966771
0.3268445221126154
0.8819224841949602
0.7068431829738836
0.24631689455142294
0.24593058969331574
0.44776110007549264
0.3281183938832472
0.10286900891172723
0.04599741274381721
0.2261373164048394
0.4532675768499738
1.1766474121678125
0.08498673057749406
0.6696131184904497
0.8384043046489094
0.03934545755778971
0.30431939737413194
0.9231687056563218
0.8594805991385975
0.5880400796542907
0.8051610254461906
0.9970658677140531
0.22380097955206812
0.08155802742843152
0.006902227115360735
0.3290780575490981
0.3443231605624234
0.46766427162362234
0.21979241191528545
0.7155689460715798
0.7201513567985793
0.07864058328586142
0.9740515911834323
0.11487144292093646
1.5131812549751087
1.4167456250247028
0.7285967554284097
0.09181834510434018
0.7246890442309856
0.6522242482510597
0.11471456081977577
0.007632118434246816
0.18766397819013686
0.4885757871175598
0.6762177416392287
0.6733972978999266
0.6741755712830242
2.6754355315847183
0.27331124712834654
1.441203239910164
0.774366581484502
0.33758835309426743
0.6931600603507218
0.24955289598310207
0.06240473898193151
0.09773346513244002
0.4280510978707188
1.0777498469219138
0.4207639491314926
0.0710046771112055
0.1470324755975481
2.422391009394319
1.3655230828163358
0.37052621548831355
0.6274904621266805
0.06731836726170563
0.2056885766390655
0.314884013790059
0.1703239548079115
0.22121780395743648
1.7780134009065682
0.6749167154323056
0.4797064263808221
0.48052627225385186
0.3139858710906748
0.20981408247270497
0.02224993860806457
0.2355054145335608
0.5556749808912107
0.8814759238128064
0.8726130383941281
0.07547985772738197
0.5649657014238083
0.7009421448364266
0.3658617820274271
1.9595163752966285
0.538951569952393
0.050137976542340874
2.0827048014457348
0.13910077776264015
0.9704421790102891
0.6611833612236017
0.04374333121032094
0.15230057137739622
0.5010216264252605
0.932092253984551
1.3653516121819294
3.5164562955631045
0.18793330124618307
0.7110548160703515
2.4476177326365036
0.6249456280510176
0.11516153982833914
0.17341893288540938
0.5671127747318269
0.6720858383407156
0.6865057699284177
1.1049854499280154
0.021485707629465025
1.4595863328420262
0.34805026532397537
1.493850762085354
0.5401466158022001
0.46049179827255593
0.16206635422145407
0.7629146928478605
0.2223730736477158
0.8173556354304569
0.41179560173337243
0.6583606526577291
0.027759324454389923
0.8197846141324404
0.2523408149017554
0.6415995540265192
1.6756067473590348
1.6816323578055488
0.6514562921022695
0.15625338475259018
0.6346941819524875
0.17052414157826298
0.310043258160344
0.8655364568018751
0.2821779151034222
0.7373057245802805
0.49030204387867465
0.25954144976649024
1.0851896845679188
0.41870018954633137
0.279556692834413
1.1464206492676432
0.39468703423642704
0.5781069390198103
0.38801563895586716
1.1259245898148778
0.6661620545198815
1.080878728618647
0.6697482513802647
0.33861838391445526
0.3743899156752413
0.9440894227795122
0.4859809405327113
0.43114057123923105
0.015527217718161394
0.38594001477642587
0.021208539182693137
0.06916468702506574
0.05946915084344815
0.515049442599725
0.10018927709966624
0.1485829817474483
0.6489218428048591
1.4355942024047583
0.5641748140346999
1.5829618024238399
0.20500597189205683
1.4765433582054872
0.49715480474806517
0.662583824089673
0.5937974275881865
0.18861864126781375
0.4988926555178908
0.740114520496557
1.8943160018314806
0.02995721121706303
0.9546228454686975
1.5055495258820761
0.805149923881564
0.07866079824665766
0.7728187233786017
0.10441107929585404
0.11872308033274251
0.3683735936452424
0.7643035191920955
0.2665849080910461
0.169842991876839
0.43899648653391926
0.07541730756682309
1.2367973821972416
0.2590820233787109
0.22614853607889232
0.5970680762031936
1.0042411416908656
0.611125851385162
0.46499793336643697
0.33785755593572275
0.04939827583955819
0.6159935362839385
1.0387969992492068
0.1812338869810591
0.883973710682081
0.046655255228232814
0.4172943773231858
0.6581234457199097
0.6132496526626114
0.5831077989575322
3.4228436403100284
0.14564396868766985
0.2540670543603482
3.158962685793165
0.5222698706999779
0.19340430791092592
1.132696000414015
1.4188613803505115
0.8845659510290531
0.5957346558105691
0.18767646217762968
0.18991034744763635
0.5950453621792441
0.1004100780710449
0.3358594462591239
0.13552464784109386
0.1558701888790678
0.08555060803406928
0.725677121372074
0.2755379205806097
1.2572939348056291
0.07998384611354092
0.3715186069529125
0.24889596244567144
0.018602419155039
0.6367342385210293
0.019331443814990485
0.687739379069065
0.17139026108493302
0.058414241594397835
0.5514445199993377
0.0603713543621274
0.3074296390566607
0.5224184021259303
0.030184577577197714
0.658110614465462
1.1795525205740636
0.3337009882523872
0.07761755021460358
1.277463590456797
0.3391676297900132
0.1042078516814539
0.5092489456441892
0.09238016843629084
0.6077472807382384
0.7450374935490127
0.040145100231159546
0.9726290445068758
1.5479886176274342
0.0405407773103816
0.02933013559222762
1.6234995652129207
0.20398301353833934
0.02983905607099322
2.249405421400596
2.346545441471958
1.8562458711254257
0.2325000490484858
0.12685603394065129
0.5733343465350808
1.5859020855667982
0.4156758705197651
0.05221291344259192
0.8768721841321226
0.26933310212342476
0.04135432615566459
0.9316858977447029
0.10149471293827148
1.8032269577395763
1.716995152550703
0.640918990881745
0.3481951485000881
1.4209489330298377
0.4994477487571791
0.6356474759651101
1.4837645287350907
0.07831419009075684
0.5486498063170047
0.22698799797131958
0.09690843473326781
1.427078587839473
0.45220359968616175
1.7222589390585141
0.23576698423698023
0.8144999322290343
1.2503545968377914
0.2534560910390818
1.3080404751793069
0.5917618858613847
0.2646573406791702
0.16706685305179605
0.5715251324012567
0.29068381648714614
0.4438239808122151
2.021173042843032
0.15186190404784147
1.27713390789327
0.5443899731066365
0.3108123884330101
0.38819873795536974
0.3717912506800981
1.6446090389218622
1.4890614516020244
0.4597186530579679
0.5554590065961332
0.46562678400006713
0.28559421318021666
0.3858524781152038
0.11671193304158708
0.14868064347836565
0.1544891607646724
1.5823562060459904
0.17278360310929516
0.29174949453939947
0.42925707358918086
0.6083018040575762
1.3901262097521672
1.3098814242485337
0.4145338411101807
1.2591120763791217
0.22412740196937797
0.41492002564475167
0.16465946994234879
0.6510926132778684
0.09567764565518316
0.09537800415704915
0.36980715430050226
0.10530202927952478
0.5354753939737348
0.24810559498951745
0.05918873812274504
0.06947240455253101
1.1643938797554805
0.132451608786771
0.1378869071734819
1.5412391856555983
0.42548021453143137
0.33076394469192616
0.6753092222778827
0.0975670001133363
0.28737899736533046
5.239501925359303
0.5911776591314483
1.7632218589187274
1.2481921298228276
1.0110092439707232
0.24924356258806565
0.6501260949022707
0.20731380758124215
0.1945716985592517
0.9555244768926492
0.6233820803281672
0.19010280779704672
0.6798716382214478
0.13024056335204673
0.9687963684978517
0.4905861644127032
0.20776838106914594
1.0710567422380295
0.6530651147697514
0.12179212731871003
0.017261233048443993
0.47749115517057633
0.4208245252618182
0.16042879543470848
1.538733982628991
0.17162821163822164
0.36528252798895205
0.42659944564963087
1.1067880778671195
0.01107610298247332
2.0771993066162917
0.2690082074989318
0.2351853941465202
0.05231816277177842
0.25026208258231636
0.181969908113108
0.5561963306220641
0.17853425384260255
0.06089995756330773
1.0700992638137556
1.1705681942887423
1.9060957696094036
0.8705205069250722
0.8673531893957277
1.8671917982415414
1.065600708483966
0.17281227327854773
0.42037641347778015
1.301869192284426
0.6581821547941913
0.2381970896078723
0.04747828980014962
0.015558597452358231
0.8255397739796105
0.7078806418914384
0.30727379295440577
0.12931156034177402
0.5168497781956429
0.38839004326245535
0.16989204575735348
0.015418140704038477
0.7937269740985463
0.09997637835214633
0.7590970771311001
0.10786699353805485
0.08432474925466775
1.17110539904074
0.14873793118890782
0.3625964771470763
0.22529348099419258
0.2671890877597512
0.14107772852973718
1.7680469067544695
0.09641490130023563
0.2744268168488982
0.5074825569824436
0.09540311742901265
0.059815749929647756
1.0791937831242588
0.1941486548166272
1.1494047752197782
1.1355792226321861
0.45423407116279674
0.01864280989602957
0.4399174463160121
1.0578699031964367
0.3642194679040149
1.0067802051217871
0.1657499956217688
0.3590290897127562
1.7960958600545798
0.1869429484775519
0.6216705228502754
0.27604284026384907
0.23394102914723736
0.18142138968811639
1.1507929946653497
0.4839304762737951
0.7136823802437519
1.5286433529757633
0.16303975469872067
0.12695281339714723
1.0564239788649912
0.9934048511739693
0.29260851925600617
2.2152247556767115
0.8415602886750362
0.4509966540152222
0.7973835553796491
1.255651812159838
0.673578820223144
0.015006377119038624
0.27176213281982775
0.16986151715429254
0.8836956754481892
0.07661571434822032
0.1663848657586912
0.6344880956758898
0.46353154700157945
0.9870568137814557
0.613120199880315
0.25685424535024665
0.12108591370325732
0.23011819567138359
0.08654203204822507
0.4043041384035607
0.45558504311321313
0.8750709782926857
0.1897403134757211
0.5871517120957827
1.6685337663737858
0.4310807351787134
0.4043435314564954
2.1836486539449638
0.02636034784502193
2.354085672560656
1.8210183415727
1.294964486082491
0.6016906117934325
1.1246404135371035
0.043357710110014144
0.2561465946255985
0.05185194858140104
0.03295519821524943
1.3528090761302396
0.04051833862252387
0.2270824755595038
1.0043085283157118
1.4935667910282646
0.29479239795321766
0.617829526309541
0.2237089110341818
0.20053517311931454
0.9896878433077172
0.02139559324056648
0.7978146878441461
2.680699613208296
0.9004724054200087
0.9135685748152107
0.4481158313119616
1.3782610851737103
0.14264555050285177
1.917253222603525
0.39150307852068866
0.13102109015466293
0.29410399027274037
0.2747699765828645
0.7867785250541331
1.5186350216228925
0.26847988919672516
0.9618249470062902
0.3099368455891407
0.4692662694367018
0.18439640193232432
0.6064858344266812
0.47578121772298326
0.05648925874846937
0.24674852650938567
0.1548219922140255
0.3273337542794908
1.2126996413814517
0.12355569684821475
0.19322412792315047
1.8719578364349667
0.3850228852609469
0.06386923628789963
0.7976669215635758
0.2762443803526641
0.05366401252953276
1.3002020268553296
0.029923599434557684
0.11937753798563397
0.2477766325393042
0.04183843526957618
0.6704738633756461
0.10912369186548039
1.2951053058427662
0.31454976545224494
0.03316771039509579
1.1785009855744148
0.253609054180828
1.0219300118400574
0.0734525485128995
0.36907201047703747
0.1315945826713306
0.37993851247402155
0.06683312776214687
0.11856830553764575
0.14532520636885085
0.3062683151472945
1.2336484403322572
0.3546318707816673
0.3244631293122808
2.931455184977723
0.6652089003860044
0.4580260847872175
0.9031821074088773
0.16125122727661237
0.23562168641086098
0.6913669155844888
0.6039000042373017
0.3289640063719499
2.198043091428304
0.1806569558107581
0.2560690495311159
1.174296630553803
0.07433543619393511
0.35809635852946226
0.10277329473657154
1.2481952161881253
1.2926484538209022
3.0151779519895827
1.4212893047129431
0.22920607074236718
0.475276587781142
0.412199751373746
0.20468584374299267
1.4903361950828977
0.13908181667866865
0.6217541184659775
0.01766501089697456
0.821368698173593
0.48600404397402563
2.2027912094861075
0.7008945572901077
0.431945643247663
0.7777803902273511
0.24271809304511863
0.0816996741200322
1.028398380180627
0.7094941742574435
0.44934742298459096
0.6764031417559422
0.19839585111183025
0.012051838414088627
0.2490690468731915
0.35305068543987306
0.34616653201464653
0.09257860618606642
0.5899462418857805
0.6268513973984429
1.0066612992456843
0.0660985435169655
0.36703192724721256
1.7715114715854943
0.5416511122822405
0.02646355140120675
0.4516367507916162
0.02845480574469052
0.10603843794043812
0.7823483842992804
0.49224552780787073
0.12122518174060393
2.2136026176513224
0.33503368746091233
0.2877181055603929
0.9613248766959076
0.18967030469564983
0.352020714383519
1.3741040955111712
0.08512428717045378
0.014432747195321323
1.091547072254917
0.49626284565224343
0.0363888921631492
0.5289173263560921
0.15365779757754722
0.17037672418715968
0.19564472792345933
0.7633467306302372
0.5019282388159856
0.2022887072935393
0.04848076579645612
0.16137199031075997
1.6760277780370736
0.9657054990548275
0.06132963817991674
0.14086593443713044
0.06373012100467795
0.4753890696846014
0.6891830356239089
0.10126339137210538
0.1518988110031739
2.9098668167998016
0.05409544519931797
0.3254164105927119
0.6982267863905154
0.3552902357937613
0.07549953094122727
0.4324194608842424
0.6620035834529199
1.0005197975802835
0.4840539307779546
1.3870195804933363
0.2792196298325469
1.6419693707637655
0.23386687951013568
0.3725046648421594
0.6627646573342166
1.616294390849167
0.1262260878883756
0.5342186956227299
0.26014885994957593
0.047796640734106055
1.8874642429340833
0.06083257356869436
0.2681657898754278
0.9734356244396927
0.1823621079183607
0.1235035445448664
0.1488440962098458
0.15832427416499176
1.201436009482249
0.023092935995757766
0.15934664210056165
0.4831797401318825
1.2399947418857373
1.0180971733740527
0.8022394371726108
0.2714518929957023
0.21092771894688586
0.07333578484710691
1.8517857481867914
0.32996225906354204
1.093931496889525
0.2503864843843847
0.07570156681833173
0.10293505832016198
0.11822416561889146
0.1387106825504564
0.04522873062801029
0.5463616397006154
0.5940889853487735
0.011945502696176587
1.6467511663549748
0.2511884789932806
0.10227596563913505
0.2583077475439534
0.16427327458781182
0.06110001158281043
1.3303505520773637
0.421076273216954
0.17107517337669945
0.8880548634167059
0.2411395573315113
0.4403457585849786
0.10096999066721879
1.4487766872063474
0.01909994240717006
2.6685367714480894
1.991312558497455
0.25806716313399447
1.22213812450882
0.19767257886289358
0.1838745510695052
0.23797408655243424
0.08242455820785645
0.07439889868608131
0.38850013076474116
0.009526993359075224
0.46816458580947046
0.4823009301408494
0.33338633637988074
0.6217810629347192
0.5398990561020381
0.23445873349571078
1.8456946802639904
0.968809165968915
0.5483757323445917
0.7206036180877701
0.3895959715768834
0.37923430041430106
0.05017683083999225
0.7240957660620991
0.9006147439337269
0.26189393817851164
0.40164239621984377
0.28584730500298944
0.3420788789893335
0.8081628512589794
0.14401416194497618
1.5897653385934305
0.7732228580006408
0.28695541492300575
0.09092122843540743
1.0944277876431738
0.14128574477027303
0.04420970041401853
0.18107342258593456
0.4709445627165658
0.5431772060139517
1.0181794157206747
0.014894439013169702
0.03275952717035553
1.4504195400082749
0.287640017359394
0.113872920174587
0.7830350343514947
0.37965619315168025
0.05184883224924982
0.22906827510774244
0.3984192648462263
0.03648913811779661
1.2023565355525647
0.12304014300677604
0.48296164784383705
0.4546265472885639
0.1087556130840903
0.07345785103000069
0.3077633728685258
0.061832778208790205
0.12613868469936707
1.2330197073776712
0.3429137294677312
0.05839875661073329
0.7434339624027899
0.05693470406420864
0.14194420995677043
0.675759365522381
1.5416381403430053
0.5836101065178557
1.3323090874500492
0.12394560776790331
0.8247643989736632
0.34926264506029725
0.3290411361377226
0.37346295454128386
0.3863335893313346
0.026286301086973315
0.12392373794683037
0.6455709741547492
0.332871815173276
1.2443560497921518
1.3026946518682339
0.06343650810738656
0.3111269237339245
0.05936937836540662
0.02030630685683323
0.2493524259882778
1.2374727596957265
0.4792116828470968
0.25578862988019585
0.6580088326290277
0.08761754609012798
0.28316215443416193
1.5868198952961934
0.34978631076012584
0.21585276801693515
0.6554642754694766
0.25456756833298555
0.4434769747047148
1.5447190797940427
0.24149685788665468
0.6919054629415083
0.6794716270368829
0.7113557777526606
1.0010571648412483
0.7300168167816306
0.3606570172413296
0.43763255774219434
1.6279587057886995
0.1958449327661298
0.32164650921150767
0.30787816194162043
1.1955103004426548
1.1064456887990313
0.9131035152124144
0.3929082174462562
0.42272660100304166
2.2762573261429484
0.22460599122914363
0.9602742065288563
0.4472356210655936
1.238098979536925
0.5682546227202678
1.530944479081404
0.3785349810202924
0.554984513100384
0.997899569843959
0.9847618877744315
1.114681729223971
0.5182310724181134
0.27170993644589025
0.10373344929773924
1.797579263009988
0.8745979198989874
1.2671001560811135
1.026061688447577
0.26009907869945526
1.5316691995982163
0.5160595191633556
0.06550344622209978
0.23913225960396062
0.5068067735913838
0.015820737365810144
0.32882657140544796
1.8475829452199806
1.2171992390337865
0.45829044497145394
0.5658473820012269
0.8823426405339998
0.2155461734316636
0.7251003541519258
0.15859509563593527
0.0723679630579606
0.5359366901189461
0.055459741425108296
0.060400100723381644
0.6161409572450383
1.691445564147088
0.78524059915933
0.5851900217345719
0.023539683295050982
0.376922049996282
0.143534907970589
0.1691535950040582
0.2104002669216409
0.23071929915034367
0.44742251057458604
0.11270338822732491
1.589278361163009
0.7211878485315616
0.25015565540898516
3.0714639718661783
