0.2936482183937486
0.5454686534372182
0.11559775246796057
0.5868089923951798
0.3934187576035938
0.08977086631671324
0.7888009416580759
0.08435094666808098
1.2191851841784849
1.4785109482103798
0.5950203882593652
0.9755151316282359
1.106052665621499
0.25679877106984056
0.9919464261290889
0.3685202036854735
0.31986102856406506
0.24243000679513935
0.9038313058860445
0.3746646630808563
0.9473132260575993
0.7628794045131152
0.5156839349074743
0.33931617708016615
1.1711401378936077
0.03748385174565196
0.3749323425298546
0.45033198822712894
1.2718703733864254
1.7838604182762996
0.18781214673335353
0.32283922423860856
0.19689690002555704
1.429058609926998
0.7689942597487126
0.9629614457685297
1.4929687994597367
0.7993447834403108
0.9133062915879429
0.8583337068361189
0.049704121528343324
0.11552678669509552
0.3708875169250867
0.5259145047066848
0.8494715853145596
0.08592526532407342
0.6445483199001791
0.14825913485713105
0.42707979288685666
0.6106602960703249
0.8148761688306656
0.42159183869224703
0.4995149631922872
0.3673107518560937
0.011397785725191362
1.0861707233591318
0.3844455044857006
0.010228934373118151
0.11108238938725849
0.06377945073887478
0.2347192687079491
0.26243922338294856
0.2767911629251919
1.41604121844505
0.22245503681421339
0.8630015847357495
0.6660725315511234
0.11327431430134947
0.059149860923715054
0.8510401309775334
0.46929080234318143
0.3045429573277193
0.23586270725391406
0.2252602064176294
0.0662040176953808
0.43047250556401834
0.7132040954114106
0.10802974306123958
1.4723484585355695
0.5670054284279161
0.9448673121967452
0.35468207709625005
0.7762345742747566
0.12965620984375759
0.6306317640274636
0.22660021071873457
0.2773976402420097
0.6044495277381475
0.4971214193096666
0.9305376025063548
1.5696477530333022
0.09912400216962107
0.0898384115901946
0.7552615804772305
0.1415170665454328
0.7430394036953307
0.8477529246823661
3.9059205427177024
0.6021013865833825
1.532579571756293
0.06301435934941328
1.1797842570921364
0.72570082158614
0.06642575578786626
0.10900553793755402
0.46048510595802933
0.389765189213875
0.5036869038885913
0.9815237320277627
1.5144996200795031
0.4736257382972884
0.8832306308720006
0.40685850257591655
0.04441732268628941
0.2772783981259701
0.6869352289082169
0.3598068508227841
2.669308640004571
0.054978566261230995
0.25802395945373907
0.37380674450254137
0.1631577838609675
1.0955571763223193
2.546596538447072
0.5194431829974704
0.6302848885094234
0.2794161961918221
0.5686681324034374
2.1779920879292107
0.25968906913865053
2.127680385745614
0.13738861663427415
0.911570543665725
0.12171638783329283
0.22972685577760388
0.9963756969818466
0.5867532965170963
1.7469056835211394
0.9272523096786339
0.5613461147906584
0.5430026282075895
1.198694923070716
0.3629680815702895
0.6136225940929021
0.6550313969964473
0.02782766091722651
0.06559584540712382
0.06623368956296431
0.10343700804429545
0.07118240416349954
1.078570616419717
0.5525397170495419
0.27119522824739545
2.2820635861278067
0.5568648872239128
1.4037223362747748
0.6388727828487566
1.137389994294394
0.2902105821609463
0.6941141146627444
0.13020102976314468
0.2712858156557181
0.9116913802849888
0.10122722023341409
0.03486455381016681
0.10392945006119883
0.06467749557759028
0.048493947192172114
1.3901384397178622
0.8918114538474883
0.4285598054265005
0.197352067417246
0.5471528655131582
0.0029322355411442002
1.1863352769586537
0.9796322562284965
0.43626228420933777
0.8411031699677958
1.438834364490068
0.21693957167088374
0.5395675728659918
0.09009283842174476
0.1670825643664258
0.30777933896642
0.4685700129492544
3.0943057364569375
0.31982423010345146
1.1834140203642334
1.2661106424597606
0.662091743253628
1.0473193719614855
0.6044118335040084
1.2246463090029387
0.7411338896085474
1.3489993138435123
2.1778834054870746
0.512121933766084
1.0129352513988414
0.6388062612345312
0.1352081416628214
0.02254892520089271
2.010606761295026
0.24010521334523738
0.09496803200090198
0.827148894864931
0.11779051363224159
1.1193234235988534
0.05582445758869579
0.7494694203589536
0.07405379117387666
0.6219725089420229
1.060101372689033
0.407717015489321
0.1015742174130284
0.7365080240819648
0.5350439433348434
0.48211814804129605
0.8979795159140885
0.18833267515615215
0.33203307938890003
0.2825363453350562
0.33828308328420514
0.8879318557540743
0.4357056250362747
1.3260972268437006
0.32856604868548284
0.11621032141230259
0.024217789435321033
2.1582969621393207
0.10654921091579568
0.15820014046741507
1.037062152857787
1.5458328725320873
0.45047706004413757
0.41544425293399473
0.2491792592689985
0.34806703563029334
0.31892872424343366
0.6119780980576619
0.4052094860377666
0.7954293902727162
0.2650342468050002
0.5607175299934336
1.305523600542417
0.661030383008983
0.18834005284013874
0.8505141964247396
0.6536436314524328
0.1591840975548594
0.3916850742185504
1.3817280501752498
1.4864718957375866
0.2775114237244576
0.7708302574270034
1.2709261745230453
1.569942679828557
0.47436240335947333
0.18898757034718114
3.2917963221302
0.24594135534459735
0.2705452749290228
0.8521100188912071
0.9373061117966528
0.1920780285111118
0.48406589213987006
0.6536257200082093
0.9129589163789837
1.9106543561284182
0.9517109645792566
0.5708281481385674
1.0262593793631631
0.8886469384088156
0.5720287358313162
0.19109745293210506
0.2592075695830057
1.4641640575091104
0.05035952716923079
2.7136740560023984
1.380062421606028
1.4969170175958133
0.7929915674289332
1.0688283097230284
3.643999994720181
0.8345931127668951
2.056960312748387
0.2595470737756721
0.3587418415560434
0.23947984856142704
1.8639296894440902
0.6836246039617093
0.12397295490299187
0.2828827721363763
0.3053276336016734
0.5589641712060487
1.587766226192482
3.2795195531871255
0.5896190686053677
0.625938281963589
0.4694231786691564
0.46291397802149153
0.528211558418706
0.1318285804319835
0.2537218410839393
2.5276874370146336
0.8689916742302938
1.8392236216948035
1.2893335618747122
0.37264601008046583
0.056160242462981194
0.5077102712832419
0.49865655137284354
0.6002991441473412
0.5930980272846766
0.3126098464087406
0.32354378088818997
1.6296025359439121
0.4644499153195821
1.3009647999027087
0.517700928361764
0.09985423212912409
1.8727906870610862
1.5346570230872425
0.8877582426214843
0.43804507165689444
1.9576277552799712
0.4116707653175278
0.9429777696033157
1.4258224502544317
0.253983618434535
0.8221825571949326
1.0178081398486123
0.17870436995194566
0.20177669875285745
0.6633226125729791
0.09918989325647078
0.13307518651725217
1.1445370032465196
0.13746308028366686
0.3593354732508777
0.24717981537091369
0.8418937291748155
0.07562316673071819
0.7370314931527518
0.40447181061396736
0.07917740080188689
1.473847673921347
1.6491982390677347
0.19095906403341864
0.7047057805954141
1.1396439870181243
0.5846465394195508
0.9151302648051566
1.3280552578321707
1.3919880516144076
0.2424808750521529
0.4621932125375931
0.3167665794910879
0.6313527796356915
0.2558558763515223
0.24854883846114711
1.3991324093675523
0.043667015994648534
0.08840198938186665
1.3078653483936071
0.13437128034580376
1.8996049479812094
0.8024094765143741
1.1724787879745542
0.3796757348925347
3.819056727880134
0.032393739660196125
0.3686576450691702
1.7482956393194082
0.4976826939212615
0.22195844038175438
1.0053690680597185
1.2938311781972798
1.256305768593889
1.862685955679115
0.7896377739331556
0.8404474237662329
0.09104703572124175
2.062418803645921
0.6310478036528316
1.5244327003287497
1.1572450524180544
0.02314512104621379
1.436655944997128
0.49936424477629454
0.44686902138104884
0.7113753380462214
0.10166723722698544
0.45505151842992797
1.759633446891236
0.1491795659831891
0.09516774894222477
0.9949589042045501
0.5759608469199266
0.08916554475232824
0.48424976105128953
0.08868536467441364
0.2973373446102857
1.5261308401147176
0.023573576470249193
0.7895472656174525
0.454480348956715
0.2588544722045515
0.1369540093927668
0.4131680631906157
0.5848756330728675
0.7175466710204484
1.0021592473008551
0.6862180572839216
0.2424150797687563
0.0895771703082232
0.07369299245923906
0.0311856578318853
1.0817412139303424
0.7035108174483665
0.4548188326346396
1.0204864836806842
1.268733330764793
0.9583939503303515
0.03299570428480328
0.19093559521353742
0.1898967222092081
0.1189792828415948
0.09960153346443332
1.436472167231921
0.33989322414353845
0.05742794773075215
0.017351309843134134
0.3756249656932994
0.18225270381778882
0.3593698368920679
0.7059686562058775
0.09266143650537578
0.08220898754538092
0.4830690131681184
0.15281897227742008
0.9373070609398683
0.7158679572715224
0.8257320771677359
0.5966990482474752
0.8617875661136896
0.2176350951527605
0.7561243039686952
0.9334221653795967
0.22188112029479085
0.3734312150223043
0.25636266465972024
1.9456151874714422
0.9248762481814845
0.9739114076983
0.23183873784172515
0.5489528065058421
0.297149588261946
0.27811921955857416
0.6073510725696221
0.7397953323384964
0.09072300239995806
0.004173388522342054
0.5744287980569874
1.129809819799327
1.1320952674038456
0.33866310863815696
0.08549654167357097
0.323544613270676
1.0147151349287633
0.32069965084531077
0.29595619277047086
0.6034938591961282
0.05132642767233266
0.02818680511121488
0.37813065392582534
0.34040046399226054
0.07250599436013873
1.271509653349472
0.6848745084021953
0.1350333293881688
0.27366365730788755
0.1280326628122073
0.3367977360069833
0.8952890623329193
0.555230755912283
0.8162406547515975
0.7922401440112974
0.9695482590905321
0.44481399327843374
3.6200584927621215
0.6973979184524767
0.23620514305486834
0.6727032261433005
0.5286629635003695
1.4550639919294515
1.1239224721205812
0.28855266565219045
1.2004541316618123
1.0817963620775664
0.5652710883713651
0.15394703027039486
0.5039561482628514
0.4314331344641447
0.10978656169399761
0.632526267599519
0.31691310732350214
0.10903640282126698
0.19227677931697423
0.01556368425126351
0.03621030666303865
0.4435919622928128
0.2236161808914264
0.13178572754122772
0.0892953222232379
1.2833385665820871
0.3082861888808044
0.4561674715715387
0.5927375140402722
0.17808405985012926
1.0054261777125093
0.5512979658124095
0.7437845167433582
1.017025181764137
0.2796287694356604
0.42881094498321354
0.2782263316550796
0.11447611518499926
0.32992130444220275
2.0237132143716696
0.4471197375591218
0.3540887903627339
0.827774676992536
0.30196416176731444
0.4679475845405876
0.4235048871200294
0.13205512938881112
0.39383803289863234
1.8978831683208153
0.6177535673326026
0.8231603242992953
0.18076164735374323
0.010997574227510715
0.011141668396041957
2.3971186445217643
0.10276932760167587
0.49661453010920353
0.45997453191759363
0.2707603033900812
0.3641863820421477
3.2634963720503913
0.0654719399375609
0.24501992913995047
0.27454373439466134
0.014039606467135242
0.013200261847501268
1.4988729590670211
0.07582969833805434
0.27168257234653276
1.5768744101619259
0.2535848406537233
0.2810660905461342
0.7652867840790138
0.05968082256337986
0.046777747260800126
0.20133418828894004
0.45280458972182347
0.6498427398247097
0.08740923503561716
0.07009172687364433
0.4746591467351328
0.24782723195719228
0.12281386391798758
0.015856837717639075
0.05872293780871908
0.46629987747817464
0.243477810281192
2.8807934481973265
0.4873695069788631
0.0826471060982714
1.0617943214745964
0.29196800314595056
0.7955368661807489
1.251273472038944
0.06144584248345532
0.23637741700036433
0.561704410283447
0.0378004985337951
0.1206669508499274
0.9926312695025693
1.1460066028655274
0.26290590047710083
0.7674971699151502
0.30513198769573
0.14045800194703223
2.2115583944146677
0.6776806847365445
0.18771339254030536
0.25839224071212824
1.1025411084133352
0.9468329470713002
1.159020976567132
1.31243302096943
0.5482929698060353
0.9573516791672414
0.37814870000052153
0.30741733559199347
0.4236068294839252
0.4589643756396008
0.2133847615884126
1.0457529828862178
0.2524997158491625
0.0698986377522305
0.3069208672128895
0.3357052624387521
0.5348269223090253
0.698780405388092
0.07169051645281348
0.6536963359153708
3.9840343538869925
3.7741485855842676
0.16524985385805993
0.43834373990967057
0.335066241983706
0.9025459319863968
0.6163501297865627
1.2689421125920175
0.10071352579832359
0.48495168105818315
0.16214971211368964
1.083306104636171
0.274653771913623
0.9171720066424495
0.4623207564636285
2.5284267102391182
1.2676959749509897
0.045336462530133764
0.2823535418704053
0.5507849272444578
0.26505532663108106
1.836863445162427
0.8955382893856809
0.2998898711669271
0.557512623023981
0.19437170419573047
0.763705975063207
3.0569141580602666
0.5597501745989287
0.671768083549677
1.2532795947065543
0.26881816977183737
0.6924985148754282
0.18977114622604707
1.43861841814684
0.9762049266371666
1.0648256431094625
1.0033202879083458
0.32870842863491734
1.372297354271371
1.7434390545981162
0.8394020842400716
0.5997659459800876
0.28013920988468083
1.430538468795637
1.190463055247573
0.4319926123465792
0.09973020555383987
0.1605595292668478
0.3384438614544815
0.5180663500659869
0.028272165133041916
0.7832950880684164
0.06123983989771108
0.36022538257847897
0.1664206605130415
0.4422841897839375
0.4664411209897776
1.0692252844281376
0.5608444602404116
1.4735736807428528
0.7294520753117539
0.7113862589789929
0.3512893002339959
0.21728343928877195
0.08705508300296691
0.7740363933880484
0.022968090930851545
1.6397916697629003
0.08525804249590109
0.5541322715106781
0.5966089708100815
1.3959649833961945
0.12658853242093357
0.005599475289366856
1.1013748977027158
0.4838455139824661
0.33134194817776585
0.07731880712837808
0.44121658568004546
0.05940629204953325
1.0183918879803333
0.05231558193357128
0.8131176149913208
0.19992448492374443
0.4212629133505541
0.831696250007231
1.3405580765694207
0.01638960359384993
0.2307291892760172
1.0747344363054354
1.6786007804543037
0.36840334488571097
0.8364128284065241
0.44436285989718277
0.47610846252035033
0.8058483552024154
0.36099869585805633
0.1563789202324208
0.7316154142019586
1.4449115747410768
0.11160741613618497
0.013464875686207608
0.691927654953702
0.19445793783709361
1.8248604500060066
1.2177007451998882
0.05477800014353797
0.9280713012540368
0.9566905167803391
0.21462935352226734
0.27991177984578997
2.696165276143386
0.20618234469181212
0.20932626803194057
0.8538334176820896
0.17743803356196114
0.43544972788988995
0.39416711418901257
0.08800589817022345
0.8873250135255095
0.3097367596140619
0.647871055298603
0.36823679271214416
0.07321074811683696
0.26165393110832774
0.15370742778311813
0.4305675898438517
0.7192424919701358
1.7386345872079954
0.18723343197702796
0.4497821463925168
0.5083710534230963
0.18293287485877918
0.12678620219482256
1.790387802621336
0.7866137937429377
0.04320748320062371
0.7423069070828852
0.7199140379212691
0.32025724126553756
0.33518243510098356
0.5588820178079478
0.37741255299668935
2.0615623098713334
0.2278058060338061
0.2543575817578127
0.500943509496835
1.1241535129790634
0.2256983884883991
1.0248458882093143
0.2727346724824327
1.0373537383439024
1.2334849850545204
0.27447949153852286
0.32000783855699555
1.3054077051698045
0.20140779711166398
0.41103421931222256
1.238427520755342
0.4089326371739129
0.04413757119174909
0.14899151178300213
1.0305157589080114
0.6987270593707834
0.5359898916534098
0.02100480372615163
0.10712625691867318
0.5200980985868989
0.5769917334040862
0.4339659519281574
0.5314842228978766
0.03653974040445166
0.1980733037205144
0.781747173532061
0.4696891255406269
1.3703871907559788
0.9098694448180262
2.5244550930865466
0.26460436679873917
0.6178809561356698
0.7950529405078618
2.231252784224113
0.22893280481098133
0.1371650797765892
0.8659077015504124
2.4488934148235644
0.15137877231451877
0.29828389489402474
2.299340970759308
1.2225649114071324
0.18589541193239079
0.13123380138666774
0.7490284697545482
0.9242397122011917
0.8704076128231215
0.8404369439142162
0.13680541834639076
0.8469312836528823
0.9047513897871602
0.5969945807835615
0.19370330678013212
0.8803548171822048
0.2679959435321177
0.007234307750533392
0.3540904016208447
0.4575125974006638
1.0681223372351103
0.30494815113544005
0.15582751900843853
1.0562842631331772
0.1523383202805027
0.23700775894842935
0.5673487317201595
0.04180703424331525
0.08456632624336524
0.5047462566694899
1.8364275439849203
0.14695748668232786
0.49324227599514203
0.12365686180212987
0.1480844098542807
0.15408265604379662
0.007170532248413461
0.19010786989992018
0.15170905955586983
0.12506172924729392
0.08382866412408918
0.2607178954122859
0.410119792094294
0.1262047369063744
1.1420791150824623
0.21252369570735355
0.10427989977205966
1.1412983220933752
1.7682809010899445
0.37560800989908677
1.236641781332578
0.22553146978809185
0.6067297372784932
1.7245848129309165
1.9603193094545668
1.354497564515726
0.7923076055256202
1.2105672147952014
0.484115202615898
0.27845968146424666
0.6107107526336414
0.46533783183676336
0.4674388071952003
0.08358524984639522
0.9398784759407001
3.4286449781960933
0.25498073505184793
0.3216626504147371
0.5642860154108825
0.3529235274692038
0.010404512931975588
0.17142684430878438
0.05932000383728376
0.22979730878456148
1.4335819334760351
0.22525546904297614
0.11619263368416069
0.7927420665950778
0.019825101105825346
0.10938909030843934
0.6885808718346373
0.01541815548533162
0.0501498904888742
0.9517047564650776
0.48780854670381174
0.08590932239077584
0.42520056271521267
0.5351593022754997
0.6260034577114734
0.13722322474629384
0.15428465102132072
0.2931081467746304
3.366027457667877
0.29671369545345405
0.11707093277109709
1.4690739622471713
0.23493174122761673
0.08894872844399627
0.2771938924608061
0.10062931514548326
0.8754194626987217
0.10850357475697478
0.5942516811348659
0.07801843536645253
0.29338387966108687
0.4297112528237008
0.30292761823378156
0.030764255958261374
0.0021108631045066825
0.13472110674746038
0.7380138562802291
0.15735554882668853
0.07351787500278277
0.6056911249692423
0.8794792117691405
1.1839086922448068
1.0735274097062748
0.7740756977863742
0.8515118969412242
0.16955379457961892
0.25955167362613113
0.148553571710542
0.39700186511986785
0.4272605811266037
1.1972509749704328
1.606827408477241
0.28379358013581657
0.17642414405673032
0.23914365727807776
0.9082081300395366
0.6442011339952078
0.2053013918262231
0.04089468831980307
1.2660678396071692
1.4407124286287278
0.01320220353259135
0.08614361094977871
1.5290263282994283
0.631370380802724
0.08283138473949958
0.3516676878155348
0.10957793732634098
0.43908631603259207
0.21143575516381904
0.03882417516345311
0.02688189377189139
0.20584842421761848
3.1079893361615847
0.6741563768361444
1.1568299064310459
0.6268876263844061
0.6825163847539872
0.4244551705541701
0.42834022215213835
0.3850916427333065
0.2789641514669469
0.10195652061699347
0.05995445988890721
0.836319348460017
0.4395263218104629
0.6107605027318523
1.7092320992977814
0.1172206628389746
0.13188123833852555
1.1603720629537984
0.8021190107140096
0.02264223378951809
0.3838170395814685
1.7452064245039896
0.09400337588098927
0.8656492770964676
0.2602490799082158
0.40384665502698086
0.6561217557860942
0.028912873710997825
0.22173837516241993
0.7748877407805139
0.059992160253440285
0.2863801689629769
0.03558174229206709
0.22719193433437523
0.060149306200162615
1.2458416401628212
0.6478348152292319
0.12342414350406969
1.0291307244900378
0.5974600699316219
1.311562545742255
0.4484923666215724
0.06395162032675097
0.03455891069618812
0.6415273551904915
0.08972948884474326
0.018637044322768182
0.8743628572137517
0.8486860136549684
0.09712801446506218
0.768849983225875
0.4916400569099084
2.9797613875029407
0.8741975835475299
0.07711654159097263
0.5510907240093582
2.394762605376747
0.8437279067391072
1.1012292998908875
0.98366019640547
0.08446716551140948
0.3371750793840541
0.3752513703510738
1.8314059610471887
0.39801357627386313
0.068776246541334
2.617561889898996
0.5010240319148124
0.08586480546240509
2.7371184630949594
3.4832397650721743
0.23876148071906994
0.18033626604008998
0.6779611725099197
1.7265724315557578
0.4197371871282618
0.31309940038788636
0.39852859885975267
0.8622894293942481
0.3912580845702028
1.388788966409121
0.2729961374921891
0.3165569388408827
0.5124361503815936
0.5435678223287409
0.2385901376397101
0.9865919812882529
0.48978685350997697
0.07207272500881787
2.5578542510548328
0.3465167325359591
1.8420356254711072
1.320262961307947
0.12498746357881485
0.6552382660419608
1.3971738488615926
0.2062032132725932
0.11604067272772792
0.8460031063427446
0.8565019450063316
1.2104600671948103
0.022167583761627644
2.228440995067483
0.031763791044833664
0.9664437354308809
0.3389174098810888
1.132701018560376
1.3615267140801777
0.17508211593966652
1.0956052421700826
1.6270606143208162
0.3109396504638948
2.269677687575603
0.8594857849410661
0.6370532423254334
0.1937860481243028
0.5100462138848986
0.21829253801368192
0.7969932559983312
1.3736079522980709
0.19813707366289748
0.37625023442445277
0.9657691678594778
0.07353150023744352
0.49084944231035904
0.3604789080953304
0.29859036491996177
0.4170738443823499
2.2727847428788293
0.16611157018349207
0.5009649332556494
3.5881142548812224
0.6717540019098402
0.42068162519262836
0.1961925658175824
0.14414005216826295
0.1955014718906495
0.5079401014129502
1.6823548652218872
1.0344567022093738
1.0268229495891903
0.4553714467958471
0.022098749968916115
0.5641461585527624
0.43833525732675255
0.1812693688837247
0.6695624327326962
1.472940369232334
0.9686332689682678
1.1218338096503897
0.3499193509019979
0.2040697634918875
0.39006973728201555
1.364353930138708
0.017598569583021754
0.13240615783192122
0.11130129720586088
0.3074778588375305
0.29028254690550576
0.4376317623536591
0.3859787215113985
0.4196643513275103
0.23731918876849803
0.12059102204628726
2.5549873200721955
0.16227680109102538
0.12705305502788286
0.09058158369176182
0.10086671197631839
0.044909398473027044
0.8494280396871661
0.08679936157022194
0.486379948181653
0.2635954720783629
0.13905568668569016
0.07194625284775247
0.897262343784376
0.6232468319092391
2.7849675449494744
0.6130377929862831
0.44602510079284535
2.503573858874144
0.7467631031413802
1.2584655666284197
0.20183077705286165
2.913722664935717
0.425356398936412
0.41251825599441605
0.37554975222158754
0.7497960561183845
0.9273637786380035
2.425528176020102
0.06056869078403495
0.2576771450932536
0.5560216936261495
0.6865162365589634
0.38062898401982465
0.29481598883847887
0.34877646413991387
0.34660283015459614
0.9121863859117139
0.8441341118490902
0.08854919995580024
0.530423481490357
0.05738200078254338
0.6687625770687207
0.742879088294746
1.1504489132551592
0.023547977746151225
0.2900867591562997
0.2779498663382627
0.46436063132718225
0.9988951536744277
0.8238351090870909
0.3188110644088395
0.2716746338722709
0.2890786261018761
2.3569343128023035
0.10454859087940002
0.3948951637965619
1.304617769628848
0.07758892130424903
0.049842808803871555
0.046114740953867105
0.4249186004700598
0.396962023716673
0.25129374818439565
0.6783373349152181
0.2812713815340994
0.6401124567969885
0.2167142402583084
0.48022726983675623
0.9893672330851964
0.15333766386527337
0.3966063007732229
0.6865578063601477
0.03185424576194253
0.20542873900407227
0.1796133666785408
0.5628021943590302
0.8203355190706225
0.34180890228939076
0.7033401385652855
0.3706238064614069
0.650282612946101
1.5638397546881984
0.16969072118009496
0.11399159905153017
1.202034047958991
0.1694839457056959
0.0489409045048438
0.7410038966241885
0.7546632492600047
0.8738579890501394
0.5185500601041556
0.9772384128082192
1.018823806625051
0.8575667176844468
0.6495708182197508
0.4446892359705666
0.673173239473474
0.19823951999514527
0.46123958268011434
0.25699320800058273
0.3309573180322873
0.04243886923064348
0.1552537312246349
0.7288276374998351
0.8642760509580757
0.8438460718283681
0.6154989104786345
0.8931730333705763
1.9307944263715326
0.031213317435177867
0.9588070054393474
1.876143657612655
0.06253574687438802
0.06441241415473843
0.5874671761213752
0.09915697569129676
0.04027787524771749
0.48422076905253764
1.1692862352729698
0.35327616333028555
2.425872626707118
0.7526862125877958
0.142841313694213
0.5127889993347404
0.4487240614817716
0.23470931939993056
1.0190676361237627
0.026215410693888976
0.11194166302653188
1.0617622627037564
0.6355243967513122
0.6299651778719962
1.8027114833014402
1.0749476248315144
0.6213732314170497
0.38842017015982855
1.3660602760481353
0.577933642599006
0.9689700072211131
0.2602550675071314
0.2590278622358249
0.4616630314591838
0.16420787750635837
0.08340436134018486
0.13686826795047946
0.6937147248374113
0.2512573401466382
1.430287606057588
0.5090007579873633
0.15610759969852667
0.6766725705232675
0.33380161448636503
1.4327859030913574
0.29884526813043005
0.12282077382254646
0.028568707482134553
0.5732218914123082
0.29484100998885066
0.2586297641974401
0.7123161562531537
0.9388868065735212
0.8763701773204178
1.2981573262379782
0.4343354035004911
1.4436529345514166
0.9786812566556332
1.28870328505863
0.14959187087376702
2.114553317610124
0.41815224205957774
0.5081941580167333
1.5315054968499837
0.03438728293198711
0.11153547379004869
0.38909947755406105
0.23602830241400655
0.05632295558296781
1.8205748845118326
0.9617083297729139
0.45440866353346177
0.44704112439721555
0.4394909180933224
0.2755497696828416
0.3243071914319407
0.1288079971032876
0.08187641064203821
0.40928316000169035
0.8363815295074782
0.3269478852016547
0.6280884493105384
0.08305142433137098
0.24751446502772342
0.29311085706160506
0.035048185642959
0.26201925357969313
0.42603055964086595
0.1386251771420079
0.14996577188182497
2.148959816026704
0.3190846332602288
0.1669234331727524
0.13921279836868866
0.24181730340220897
0.23110099965625644
1.9790672583935263
0.8388767235954802
0.3106601528442584
0.4061290869659004
0.6626113492148152
0.5313813729837846
0.5458795823864592
0.25025623006622716
0.8577452276669685
0.9570576740265926
0.3232676558077403
0.8812738897209257
0.9237676486362612
0.7230995694932663
0.4976999208413423
0.3896744746221128
0.17919155123328903
0.0023027240634591636
0.6031670820815482
0.028616753879203587
0.1679547916406833
0.6321109160078244
0.040074759432202525
0.1889574080203172
2.1304751943794686
0.23725627029070376
0.3626071166254912
0.16268246358705052
0.6084033768136894
0.30297693957513044
0.6453616144365604
0.42942193382508653
0.1904009298136517
1.8838191695198017
0.5822800660447731
0.2271249541835356
0.9734399207061584
0.10839193344618951
0.2552267814676123
1.8114965360945245
1.4707497877891922
0.002859969500641514
1.6048509463866334
0.045248542793324645
0.1666199257521608
0.317246413208382
0.3226972353378298
0.2728114238748116
0.9847882552636087
0.21669639749874203
0.3438950432891449
0.5789015618499286
0.6118633366244431
0.057859639509892535
0.5996360982550829
0.17251848261459787
0.11680675950688008
2.4922490285390175
0.07834266905758183
0.4230329439195035
1.1438062705161902
0.053853759268089746
0.05702069703217563
0.15206817154316857
0.29951422508794956
0.09362651028162916
0.7966488640797741
0.01928991878850426
0.007012321591638298
1.339812154381194
0.28700365723964416
0.9218255736127858
0.23601738099881034
0.03928260734587161
0.8301772287937074
0.8756107940977534
0.2684599499771645
0.28920104623964954
0.8490009968707285
0.20897053931152457
0.22079234846689574
0.5000356355874518
0.13718213470126062
0.07923496343849322
2.0524596140765694
0.40955167685835553
0.0747161579244049
0.33929624478599174
0.018462726394809673
0.03358750703049427
0.4988801291396463
0.7370684631520495
0.1664516608004986
0.7360290535563686
0.13196332562520985
0.6973671496148686
0.5706361572462506
0.44366601302735437
0.24079406724463318
0.9752914857924225
1.3005490114960427
0.31120990726564474
1.6215175804770758
0.037718058038907605
0.18266574930174576
1.0088667824886999
0.347349986223241
0.10833654528356912
0.2663859830366074
0.1812161614269358
0.2593392764433194
0.7159880792357934
0.1343576524762104
0.029978060449996846
0.0943911679538786
0.06985031859572577
1.0108092606361638
0.14701922047281626
0.07725681960434896
0.08940224703036838
0.9346805171941757
0.20201845193897008
1.3288914144105914
0.6574369516491604
0.05591664364300553
0.20718797452689136
1.0842545125476373
0.13100436071483537
0.2122986129054355
0.14826864962039554
0.4743050444482867
0.3774740126776637
1.136726462941851
1.256253970225322
1.3640281678273924
0.514129077037308
0.13593688064818488
0.030561207724355968
0.12148355693608759
0.3551396767731986
0.12893155832014772
0.38102698782504085
0.7461689627112615
0.7055069861890151
0.3137250327428114
0.18643370930497172
0.40925449396336133
0.012902126794903055
0.44648492564103526
0.12002842802108118
0.10008021453981528
0.10713426591161714
0.2322482566471277
1.0178110541407681
0.13224217593050297
0.24509128629317575
1.0203026856932962
1.2402566528398644
0.5364682298892248
1.4614035131887766
0.27845037416618607
0.6309946476152742
0.74263774124815
0.03868659178886725
0.3520692775356716
0.4200744984116719
0.4052401656133165
0.35061800355628403
0.4868284074175701
1.1281812594684684
0.7648469779423674
0.6758100468373736
0.06262092790605134
0.49885921123276106
0.3861671161342451
0.28351527855118624
0.6641547636845303
0.4159041291728925
0.09212962804745627
0.3288731795046719
1.5065945381216337
0.1373132830974784
0.057441509600458227
0.6426919278902113
0.3561514185703471
0.3428428644873288
1.9417016474979714
0.15140873659908988
0.15133530695756722
1.6699428546010764
0.11626419026142744
0.9639444603059826
2.3492034391884777
0.6631279137854283
1.4703839513836703
2.5101876916571713
0.16235430469643186
1.776241043951961
2.3431566601142646
0.2874821894161054
0.4630758623728093
0.9317866738606113
0.03054353378401169
0.2982108015783744
1.4513138867976314
0.717541899368081
0.428326522832455
1.115019843946115
0.6483081471796639
0.25926739369810314
0.08708902893542292
0.6264478754208407
0.08895569891886006
0.829906148250657
0.05322366478183506
0.18997939296020314
0.07232494780934022
1.536001273507743
0.776825388401891
0.22225811607563806
0.5401789895178505
0.6365595937537497
1.9990274460009798
0.022183859883918022
0.06077475082871917
0.678975635168394
0.05674024362696258
0.011789989952161142
0.13501872833449396
0.41492359271530616
0.3568226297927778
0.19833939437095705
0.979934695545291
0.3145451869119391
1.0815440968534793
0.6787812678914805
0.05177744550778362
0.2931340879339728
0.269877596953093
0.2376175883330185
0.847624740553362
0.25731519452105
0.35748375995240367
1.3092991946630326
0.4992786473755648
0.23933307912623072
0.13918237738929368
0.040718139809773596
0.15395478896044007
0.9946870205715629
0.5817536833951155
1.3499166283634774
0.5979169838776085
0.21618322815821145
0.21664594658699365
0.8178780339108147
0.6005561094026729
0.07667773969267576
0.4864715331822713
1.0738244385296352
0.34690148125336767
0.7482142178634874
0.32134087282180374
1.2401397538613186
1.202762120210455
0.4892865881601286
0.1852331168035283
1.0138162186097515
0.2353401232775259
0.23390265780695263
0.8306457539452675
0.08666696380196623
0.03869459380268027
1.8033312308058262
0.13207782941017102
0.5351178954322
0.9538376908365036
0.3203595132088506
0.4276254533121591
0.6993822887439315
0.03618779435609615
0.5920371917188343
0.8345583233587333
0.24873781843700246
0.14585876291221053
0.1270767793219773
0.248043982910537
0.24466440607410986
2.067423790161676
0.052083469872095466
1.889550679762174
0.8865080578200586
0.04305529335609932
0.04697827016918527
0.2915697034448352
0.341127548303404
0.10515440462325748
0.024378651916551308
0.33971216971038676
0.025961975073288835
0.16614652525017887
0.20147543487673036
0.011867093487687596
1.069757329877242
1.1801418301667197
0.2134915379645981
0.5285292162030417
0.6770205922764351
0.3365264419328527
0.4736404628712224
0.47843454152005505
0.44884482936365916
0.23803810942354348
0.2374687657542116
0.16335980592043822
0.6333579767649853
1.3423208088467586
0.12484307861449435
0.7476132081914879
0.6026722097236875
0.2696489419835013
1.1577489161208203
0.24093074988123428
1.1351548830646105
2.418430139346907
0.39818671016200075
1.1306436901284158
0.09060791019929346
0.1510359903700077
0.12194379922759299
2.1456136320366914
0.864469776534821
0.17912820339965818
0.08773833422977295
0.26842911820024157
0.43015596128848876
0.22955449796367375
0.008331944691208197
0.01986098886100578
0.29537097919321453
0.4319917944426838
0.2586104215793605
0.9109663843648748
0.07146207504439679
0.6561709315352611
0.934240567592545
0.2857452681970186
0.8085927140526277
1.5243873179173926
0.9838876634392483
0.05506983717153398
1.4039535930813867
0.3756016409258532
0.09893375084939854
0.29069108944755984
1.9409221905915583
0.48158952124388366
0.9037228805836046
0.04821368630448753
0.480466867034798
0.3785011789512452
0.6068640950820448
1.7574755320875408
0.5684739378539085
0.636294049631831
0.1393225330624992
0.6908115086017258
0.4136282633229241
0.3296328344888229
0.24360703964755898
2.0149643996120905
0.2533286796777359
2.542737752483525
1.0657703656451822
0.3845167196855268
0.1795063703384298
0.38575365937325934
0.08322724726267207
0.26412430119509933
0.02272671331907843
0.31086759573241846
1.1833063728454003
0.7226462558083545
0.9791981221719618
0.503147974371774
1.0154142657851954
0.6490243383930232
0.06273071770987769
0.16000644714024514
0.7305091230239976
0.4395972962417114
0.742819051010543
0.7407726458673256
0.5834108319370247
0.05157276261019742
0.10852191179462352
1.3599732313837973
0.8771404171308913
0.20556777025076484
1.462903876509885
0.3581554038830901
0.6133594327718833
0.9216017584520135
0.16929834999416643
0.15477709886497854
0.3228382634167512
1.072099041930655
0.33587834077817974
0.2422054078749103
0.07388735311466293
0.2776074241988658
0.30090547925410893
0.770406112196886
0.9144534508814721
0.4885410547603375
0.42594712869485374
0.6449928898998097
0.799100370872322
0.294987514817732
0.07254701574069361
0.6778999506482368
0.8269387306956616
0.6452423061042116
0.8010344264021996
0.1667250152091541
0.6202746054999898
2.688830674455827
1.134886805039499
0.6450109797678577
0.23419951775420333
0.07060659839280302
0.6965754546495845
1.046167834917123
0.47324099276316833
0.0370681764576836
0.3221129655011356
0.4252317501951547
0.6638426998287905
0.8027452668121541
0.31351918273228324
0.04832653749901548
0.31494503456798273
0.6019318535639736
0.2602216139864388
0.7642517706500701
0.528441398777896
0.1915409450521578
0.4413431413405193
0.6518643293725565
0.12624997009738032
1.8252748631779951
1.6334047479164893
1.202642999439294
0.06932397371054758
0.2756999980932443
0.7702002138576414
0.4518163735218608
0.08641289200025219
0.33596633662365155
1.2378727612312976
0.10299592044215836
0.0767262344069135
1.8137420384094438
0.09662583616451131
0.03072521057013772
0.5430875789714407
0.12215287046038822
0.9216717220061776
1.8080452356365773
0.09949351596720055
0.34477503975098844
0.6061805770268353
0.08237151005562594
1.233200259659002
0.8424223061184497
0.9374180735532042
0.369021383040455
0.15877676172231583
0.014418173747386003
0.19207630079689042
0.5211634275902048
0.033438107502491266
0.2841617598434293
0.4954387266535121
0.30494164505559124
0.024058394276154048
0.3326818848001678
0.3053384861512477
0.11098565774028353
1.1278339576536245
0.2440555338639848
0.28479358530834203
0.9058092579282344
1.615410037228271
0.8517624002163596
1.2226915041800348
0.13393861033904306
0.04408383564372062
0.7723121369454551
0.2944537640584237
0.38431385039576665
0.6964946159614326
0.14597317575539012
0.11233610478437886
0.9500562569041008
0.48614555652228003
0.28616000442791734
0.9235596521428984
0.4971444706377008
0.3974751694189162
0.03652276375276413
0.4174498857612731
0.326084254970363
1.1128583896847057
0.20993157843100466
0.20808798741294038
0.09439817159625728
0.03581496281435234
0.10570708507756396
0.24130001195142897
0.14891695865773705
0.2819681529893361
0.5651006160216967
0.0278418294864444
0.19009200877406138
1.5997615320398415
0.6932101989039705
0.15981009372608
0.43230160594743905
0.04333501339719749
0.4498884109870681
0.7921037692928731
0.033971664816007996
0.19729415697609032
0.6044221108033401
0.05971909137241621
0.13203175978017093
1.7057047466852922
0.3388000251633018
0.07399297001136412
0.29360847553252767
0.16657470737295002
0.45331535892844266
0.5804831042485746
0.14622276048182098
0.19925275663228867
0.2073695896524057
0.882665554379067
0.9035588408454776
1.192708095857001
0.4324214417207797
0.8533973441698901
0.6869822056463609
1.3859412737773475
0.23249488607543004
0.31223426539645777
0.41361682411642864
0.46767207553722123
0.3892146131161522
0.14464173219924242
0.055933292709033196
0.659072144696646
0.13115103475950507
0.4524164321160225
0.1860656818767166
0.43570379242786367
0.22394266998284332
0.9849250902408196
0.2299277010906653
0.9195515279803865
0.23687417504333488
0.807621446449311
1.6487228870737776
0.1941231365130672
0.42406674966923397
0.13331114116301246
1.3535015038875917
0.12285827750800975
0.2831645012145519
0.11787852593072552
0.19187341285256432
0.050954050238170304
1.3978285729011521
0.2197600218135217
0.2502892469662349
1.53936110709589
0.5929834736992474
0.30103780092272286
0.5255311885110058
0.009884649010586189
0.5997006227072084
0.28085271607846224
0.05653229252277652
0.03342369370806401
0.29449444442477807
0.8157540991042475
0.4339213717906358
0.7210271934118228
0.6688690121414886
0.5783507574230726
0.5230028244759659
0.06896116567870095
0.21602340830625372
0.5724495121681827
1.6342582303914301
0.6225161925185312
0.6608161323331637
0.030418518245804552
0.06693201179862025
1.4411270791076571
0.7237797470982398
0.6729284629445962
0.44845108485650725
0.3328902968309495
0.400796006623648
1.4444461179283645
0.31029159324681593
0.0860610954345037
0.19632990095533676
0.15450432923044063
0.12625674273052453
0.37140621605964735
0.906815925527512
0.04362357654011904
0.15986591426755814
0.027276612050613172
0.10169761565731457
0.4126631351591706
0.8611486225559069
1.3269006558657723
0.3483547886502786
0.042964303506620345
0.04659667582705731
1.615802323178019
0.3106942160941014
0.5097614492001473
0.7525397974798652
0.07782985999107676
0.9746740083485542
0.061587584067348364
0.30124095659880223
0.4119272068535426
0.7082037114627175
0.3644273636813513
0.3403967411240176
0.16036643456539126
0.8291555285173682
0.491709849755396
0.6865330323894097
0.28617354135787637
0.2228506448945025
0.7670447950310048
0.5873591766349312
0.49771390438222474
0.4971976415155232
0.061502326599818094
1.0966502621678444
2.7529489823198716
0.2936926546558822
0.07275027108746439
0.20055465635129588
0.29914594406248707
0.39368285722710195
0.5185419305921103
0.2532926789562333
1.0185099676418665
0.4518205595721562
0.3431728022613776
0.23145470369459029
1.3200072996529224
0.11881877745528702
0.2081517345980494
1.5080537898582804
0.04185162924168414
0.3624487635929459
1.8343127089516942
0.1597113453762076
0.32516444212538126
0.4603886853663562
0.0809461955748908
0.43375451941738036
0.39848666940906907
0.15591157452581816
0.02274264990453687
0.6278867234446417
0.11333526965128969
0.3966115182029518
1.1307261629870067
0.3628458693734625
0.5836085957747172
1.5419599407400386
0.18746328552521113
1.1880682098548776
0.05504677108460876
0.6201489284464684
0.17446068249450133
0.7153272126869324
1.5377801043754944
0.5012536674970315
1.6405230665681505
0.20597878420186
0.23582192014898276
0.6533830543132171
0.3450620095652866
0.25608297753986586
1.6054084267250146
0.44229903631059997
0.1635481149104751
0.18572975795255126
0.2242842587826527
0.5832155782414674
1.128749037276044
0.5512986330426488
1.4452476617291112
0.21516567540876766
0.421089837515769
0.5437817781424777
0.6675445798699399
0.3741881974805866
0.12232969035238495
0.2905183737592276
0.6862513670740893
0.31641933389874016
0.3376081287863837
0.18129341668371554
1.2095910678283184
1.3412093148854185
0.587897110454845
0.13122194351052804
0.2410408041778317
0.3803152901651407
0.5200305678154025
0.7716759326519105
0.029918344040097116
1.0274345250830037
0.42280637458034376
0.650935051096788
0.47554880582789427
0.3827418658502182
0.25388231179750437
0.005696375999083893
0.7196305957344131
0.19423449969538295
0.1481466758398566
0.5448161463503333
0.09439629719480337
0.6975051143151403
0.44622345591254414
0.24771662934478045
0.7831997823874809
0.4368007926132694
0.0862261914015528
0.2504712734667216
0.4090778742670388
0.7044079137580869
0.09422705130278092
0.5902672096342977
0.6486181904167213
0.26571943411554033
0.8718407005767356
0.9066487970577088
0.38488322937187924
6.36249223342736
0.18280269533108945
0.31789736886415243
0.8736932230876799
0.21606848874301982
0.042644894241690455
1.328145158499956
1.8783779640633762
0.2357287287497613
0.8159577612809723
0.014554976976297334
0.46046974337508434
0.9534920893769554
0.38014990891837896
0.1767972017535912
0.3234689962248477
0.527842727087897
0.8506300132107241
0.106778592978476
0.026925661601854514
0.8699801247948697
1.673390259075097
0.04303466739480296
0.3715791188312488
0.1600302283570751
0.4355323901183564
0.20571332237730044
2.0471007294563313
0.31146115148615333
0.3521027720229831
0.07257809202928461
0.5923996281625957
0.32572570621160035
0.5038052398390271
0.061112863396722755
0.11677453085454018
3.227424015771868
1.777123490963601
0.2730595558142849
0.22754294599356914
1.4665072701790036
0.1622727002110122
0.3536948546287488
0.5660634084011172
0.6344292018304382
0.42240122158605553
0.8336159225742161
1.2237452104193205
0.10714711754254326
0.41893048014155937
0.2922301915740057
0.7287278291565527
0.10911946346495326
0.24596169300283563
0.21422638568492766
0.0026911479935554064
0.764923598215388
0.5493162486224279
0.16040187203518808
0.04326959197308562
0.5923331804456065
1.190718939215398
0.11797421124695878
0.7045833851303279
0.46967394108242805
0.37656096029473535
0.16257103206730988
0.014933145583534549
0.3379114730272893
0.5567197289464041
0.4359293550364384
1.593367857342917
1.4902391269263928
0.04363422100438664
0.16330472894437428
1.2435074836007984
2.155522633437309
0.5361045753993415
0.5144892588435683
0.8284569455762966
1.0040416229929594
0.20529594368911963
0.18186462455894717
0.3174336797002957
1.0269890930591374
0.08545053473613069
0.37487551259988505
1.8842634643072764
0.18052593651713655
0.30249228538094247
0.6045196182691653
0.22494065595174445
0.19964574792179193
0.5398849585152294
1.388268430440394
0.4652591106686973
1.4006827190362832
0.5243549775483629
0.2758791737090208
1.030296192719869
0.3225804183390798
0.03774656616674175
0.2617939416162275
1.131865056296341
0.42368237660866453
0.4983499623065358
0.08510978742734586
0.09825501035365061
1.7765410803376507
0.3836812103523364
1.7166151082592938
1.3476736956720896
0.23468890193854292
2.574364153634042
1.421763636556979
0.8544727205726331
1.160253790637374
0.9843863003657117
0.6603417996051921
0.08258846504449413
0.9853274631030534
0.6615533914960607
0.3033862931179
1.8803174703823267
0.10290546743883641
0.96970279023113
1.0764051196179827
0.2608635527687367
4.0054093495309635
0.6937162559269076
0.09332157662386
0.3834985204729811
0.16245739700958084
0.2022629153617275
0.1285201711453967
0.7375742816004288
0.34002427028903287
0.21975121385786714
0.6872351975854533
4.138521281779625
0.9918550156806837
0.5937874905142319
0.5010401482167881
0.2535576084964191
0.5211298699428859
0.35215024941054945
0.9837683138321022
0.04893241714415323
0.18400964453293903
0.3570966641997378
0.914317032460401
0.12104266127734324
0.011276094274528936
0.004290138345225039
0.08933782651478839
0.4378862949865943
2.290564421598148
0.1883345307727375
0.28916097956802234
1.7636303689843582
0.22497224698144846
0.2535373883836699
2.3201377035285855
0.1723186202717002
0.10252658648638521
0.3870929554736101
0.19527729222860835
0.32990246048541444
0.3437573447413417
1.4912910149102576
0.2282446827869106
0.9025103972335446
1.6189891130079346
1.7975729424764517
0.43665075670350884
0.044128322012215705
0.32355967008307707
0.8662301051479554
0.3441626644009053
0.5101490106347217
0.20863501597049713
1.7561621781936199
1.5092702044148016
1.591836790813754
0.651936591601244
0.9479422993533652
1.0799998803809154
0.1427427501760845
0.4825131312355135
0.7545245939381713
0.12218331714377897
0.18210420780304984
0.185778847686026
0.10845989401551889
0.10358508105611798
0.6609981783111333
0.08995625240193413
0.19873286640896567
1.0010665763734987
0.2791812048211845
0.6617968016535543
0.9411611979373151
0.2003117123108403
0.27989350293851273
0.6679447763696268
0.21125145947885424
0.4030631055846838
0.1614774393595424
0.022814190385120232
0.6545720168124676
0.11746633463710951
0.7452006496596381
0.3353380848518436
1.3675621968316216
0.1979967135163788
0.20294561522251817
1.449854075810545
0.18656184079105403
0.1916306200642389
3.039282619488901
0.8841261283505569
0.4580347470884105
1.2244018563748598
0.5115434898487856
0.18557444091855904
0.46306297374945504
0.029138438318861322
0.18591401328271973
1.794418557530362
0.6852387049269058
0.8112013660601235
1.0298021718808645
0.5978253831708639
0.27825077999978876
2.0148118414435556
0.40718577574047754
0.9450923506745849
0.2667871946935943
1.2919278448452445
0.0935116626593873
1.2678628138918762
0.22459178985530878
0.3252814418985734
0.21921723469689325
0.6616239745301272
1.2125764442954572
1.0486006018833194
0.47447015801532233
0.3439925633158676
0.06861096980917031
0.15700335098914767
1.7918700594792443
1.68916924305172
0.2500712502896105
0.05636126328513481
0.3487712721602665
1.095514975967713
0.3441450579238243
1.9080703558854963
0.5701525917419702
0.1382437961614987
0.8233976301113562
0.35092998460090497
0.11741543443621269
0.042672594889041265
0.03377454938975711
0.021009771222082387
0.0074374225299503145
0.7039999785949244
0.11809831637233238
0.9779750827292683
0.04210812113571952
1.5606097733741926
0.2505491015681267
0.14684308946009464
0.6448052595630757
1.378193648561896
0.16146184318956427
0.09367983823031122
0.26499452337673235
0.344069509485342
0.5469942891716391
0.47061779563675377
0.25145618204229003
0.28106978543403144
0.22842241398565155
0.5393903505657287
0.7322526856994795
0.2392431319079209
0.05135966800147213
0.35648067843988124
0.11991781781810873
0.3176157548052193
0.4007276629184368
0.9035029883617239
0.6243884908450985
0.26508110521763506
0.416343860570229
0.7495902700685747
0.1637830608989359
0.4898733756993588
0.2933147021871624
0.4171647442125794
0.8347195076436245
0.1325895055303735
0.341016520684333
2.375855193582887
1.1239992695648344
0.8643753150534117
0.41396585678915887
0.0697797904286046
0.20935477370521247
1.5949993226142478
0.1485154387525981
0.24829889194901297
0.21837347171524685
0.6634497879027861
0.3034522170430324
1.0448135133854368
0.47394101130884475
0.44067200494012776
1.2491213878394705
0.5084440067725409
0.12641261989432145
0.24204192469477184
0.5723926557891572
1.5034626954878987
0.6054884492559933
0.5933515553139027
1.0770766575371447
1.2875276054949052
0.42895282613646857
0.4650560527409741
0.9720292275185987
0.7803420415358364
0.06352611884064849
0.37074648134366966
1.6134701963353417
0.15643898081918028
1.072638013674749
0.36992206927152516
0.5612107123930925
0.7195009140032513
0.12231892438009752
1.6380417372201468
0.11896926433092296
0.1623216745978037
0.1797439813743665
1.0998382029871503
0.18336671654884318
0.09022061739286465
0.6253958213217619
1.51877291420582
1.1198654728539166
1.0300833411190176
0.5853489085115997
0.7465128399325969
0.18506459389291868
1.1510938761419016
0.1654676669294344
1.0367015600609408
0.7566397763901601
0.30988676672556986
1.4799202709892203
0.06691800224161142
2.318263985206517
1.2301712349979876
0.2810589055221385
0.4882145633364132
1.7911888097217676
0.22036775365744551
0.21968136750145265
0.8671973008536406
1.1774618721729395
1.364935924493714
0.3913923242992881
0.7073606893962169
0.35451017323597817
2.368546317790399
1.2285068840826718
0.12062310646053147
0.8708039976750402
1.8451503489640253
1.5423812882044223
1.5748399534946418
0.5528236553539175
0.388586884757501
1.1809634527983892
0.32080508437619826
1.1900852183625281
0.50552411662115
1.4697222017217257
3.5430251976478546
1.2318162976128106
