0.5443439310421334
0.08577084650472172
0.1342186812961063
0.6037235712544871
0.9400648281235021
0.9651260535490864
0.9253835617736307
0.6349190804368292
0.7779883574422182
0.4569285501642069
0.02608833556647731
0.1334080514924114
1.9916947053011806
0.2113444311392473
0.1921322384209335
0.12941610684549582
0.7157406361403142
0.1395447304661912
1.2577516200337653
0.06064341492964524
0.2686608866489444
1.5559807647674915
0.028367410432285814
0.034510726622395606
1.4416954800940034
0.05950100502344508
0.10463860929278883
0.8467672120892876
0.713532026006561
0.12426009917216205
1.4551896471210506
0.937537826055689
0.9420485647652469
0.14964236932589597
0.591151951649693
0.18624419161262298
0.4399341711502366
0.16038784624093022
0.13061405339526874
1.8147205549251961
0.11042240450951352
0.43782528170212914
0.9124817545896919
0.4915964602806934
0.14362911092020925
0.8438458370775304
0.27961605767515674
0.48753218361289663
0.9811532777308422
0.28322042223655125
0.11909067154330147
0.19619784247617392
0.048487457541128834
0.01871594874270067
0.7828208964467459
0.8864512321234133
0.06522565779744566
0.5133878930396775
0.02139158284564377
0.7961505027014393
1.3083367960623375
0.948347694606872
0.2023919444947649
0.3012254341379633
0.19920560467200066
0.19701841149776486
0.7250185112942378
1.143791944070851
0.4991067552746369
0.2268333684416143
0.5362846469510866
0.20674617269255874
0.14683759994122664
0.12945077793594653
0.7079068463730144
0.5176321792654788
0.5146976633085059
0.7758870348649664
0.40567457595695305
2.031302154132173
1.52897352074277
0.7722297625434639
0.11423675185884417
0.05195234371693898
0.373592248889688
0.5616158745942806
0.037242299866698775
1.2358758030698311
0.9391077601783139
0.5164542210470109
1.3228467002968867
1.1791188461751179
0.19829245225406272
1.32481490155506
1.447255308237199
0.171458219264489
0.34665262460325885
0.05167998747185814
0.10005043359652076
1.187097060244671
0.23485549902659594
0.19627478753156685
0.39041619090067925
0.4477616264771432
0.7603637894715962
0.07364168247516213
0.3430959324920724
0.6845603302624175
0.3522859609315467
0.003808574809110431
0.7080797069691994
0.1989432743959299
0.12412878158755353
1.212234214149298
0.5807579885005051
0.10537077223212625
0.2811395770560235
0.2095632149652089
0.3056661593241246
0.03533689178245382
0.08522581800234472
0.5042213809991871
0.08275329661547412
1.1482314343466662
0.028721395719028896
0.37778618782559487
1.0885527564772777
0.03768029560832558
0.8072914783868521
0.6257324089404322
0.18048159241018047
1.097192012121882
0.5478014197801412
0.23424286411507356
0.8676132296404332
0.2485657268837788
0.5583888648027903
0.07937348543829313
1.2815486412929356
0.10376450992283334
0.6445497657844197
0.14523179863816005
0.04974222292533141
0.03695137368256753
0.49868069405514265
0.1911805782244276
0.7480262185616874
1.4448324240251227
0.27232058974317136
0.062409980613500636
1.9522233873364092
0.8301480778863833
1.1497438412839538
2.0973357966565054
0.21885680417634956
0.3085486985006027
1.4217963298455445
0.1104512651171695
0.7868776644580329
0.2164981454925579
0.3608217185861874
0.09492600066046321
1.1344838734963099
0.9425147589329902
1.0096165418358094
0.3046380876674163
0.24666602327408396
0.08060741905532759
0.07993562644710214
0.033930438483153504
0.01997293665099206
0.2165111262936335
0.6340364726978218
1.0146746642213194
2.5496696039852615
0.19383680862420324
0.1168662799360136
0.9845622771495323
0.09696837003721695
0.7015029181994932
0.5451348664990453
0.28599582110302074
0.42236039650881607
0.19505180541071995
0.4617300625202076
0.427612668361068
0.4891303935541183
0.9103140128151566
1.6847432119588774
1.4055264332442365
0.6671833025393108
0.1653436653289468
0.6548925239527669
0.3607579396580212
0.6191657974925147
0.7177514763106664
0.91508154650901
0.27305409234654404
0.4471416731883311
0.07702229448223151
0.05745687589517629
1.293312046936022
0.8475488182474291
1.6721874213161758
1.286829244306702
0.32265469563516946
0.07228886653805908
1.3665913951242628
0.14099328413311504
0.3790529514037919
1.1582534511387323
0.11438393111049722
0.9503113911457077
0.7924856847485048
0.0884537715511787
0.056253606791155486
1.4515541323857033
1.0839097260964765
0.6060150075523718
1.34663765677979
0.018317623430588986
1.8270423005928984
0.1038929680081353
0.20079223390428216
0.7637122831804225
1.4034932900550419
0.1748220184759603
0.8158855477248017
0.5334488183332882
0.5973977832621574
0.750536934527092
0.04464842122918103
0.1336784825489559
0.4419389249919374
0.7233397080933683
0.3824435879942778
2.148924634207752
0.2809513616285988
0.2698677843965795
0.03448619021872704
1.5193619910261795
0.5454119718838215
0.8542960806402131
1.4087224086454901
0.012195344034899948
2.5922751058140032
1.6194365730268734
0.09852200295770071
0.6745851484880345
0.010352762372805187
0.2960954871228648
0.48642799526989067
0.1965686068017323
0.2194381578992649
0.4458726859983424
0.5037958497767006
0.08001270383921914
0.21088177291010915
0.1243089317959632
2.5009174608604625
0.2535385131199362
0.9761643638501173
0.3632046772410261
0.06655516919050122
0.2963752080882263
0.5953598427375583
0.008608064844453473
1.2675670830149361
0.8186166294074699
1.162039546079658
0.15493002843762213
0.051688312962861686
0.030691638786656004
0.8054452111388644
0.24390236268229273
0.2022189752034867
1.3070416528170266
0.1688183496950081
0.0782969778709967
1.1823201902413452
0.051727417389288606
0.5853554465083252
0.22150906176448182
0.017044236899905914
0.18210629338255865
0.3652334933273166
0.23385447257407324
0.15987688499015174
1.2220275436476267
1.701065673289212
0.3778966026869355
0.39900781100021143
0.34833137859181745
0.46669665300930085
1.2646011277348685
0.16562082716315082
0.142087459330072
0.9724445978569878
0.3442203426052543
0.8973880396385937
0.9394612453432418
0.05167207239557571
0.048906621526491126
0.7848224775240602
0.11853366146467853
0.10043721630145627
1.0328693696810654
0.13592743965336382
0.12391201270020138
0.3075904775497638
0.5717115345041273
0.0169116666560674
0.3462227267738796
0.0968730918011526
0.27882380440595356
0.1868689318970772
0.1496754598122828
0.13689467499885621
0.44920725226833574
0.6047180615433309
1.171932656165008
0.9857768726097451
0.925757620643006
0.09566090067952888
0.543759768167254
0.08964536942414801
0.17799155180905546
2.9482344202035544
0.10134498307430155
0.02418899049297076
0.2577241117228123
0.1914183962005611
0.06429123490568775
0.12956777024420904
0.09698500450249754
0.3487976329144761
0.954564214178469
0.0640563825280933
0.05551090872434976
0.22189280969281994
0.08195178837907623
0.9772421428171345
1.7803605770954194
0.33033604478587814
0.1274788744298565
1.0777473583185508
0.5861126632750214
0.645802980333137
0.1652389976613401
0.10387491289730752
0.17007507336663324
1.1626156329778852
0.07134736698570793
0.04744901718527663
0.3230523486173943
0.7467188083204135
0.24610607643731522
0.39909264245673043
0.7576289997524019
0.5479685275880445
0.5060029062371835
0.43572905907671927
0.06601693318839444
0.5154766111854463
0.11050526134095882
0.7201941273033656
0.7540038702019195
0.3858806404291288
1.8237663050920732
0.456723133088598
0.7181284686010923
0.6814293840569304
2.708471489126953
0.569770705192381
0.8815160212506481
0.29000237495330067
0.4304396227683432
0.5930677354290746
1.434287852379664
0.46641922618937626
0.04479736963487503
2.2488352865270107
0.21657690495895832
1.8262462255219285
0.1919490324529697
0.888980115851625
1.3435823994870697
0.5899760571733502
0.1684912154703959
0.17275636558548182
1.0804519623086508
0.4120678376543733
0.21771300674424557
0.376414461527815
1.5525456927487236
1.1270354561054317
1.5859423203233065
0.5832206764113252
1.7472426471662683
0.10414614637165878
1.1129652647650787
0.3163115842307324
0.05352609143088908
0.20914644565462706
0.23033498560186533
0.8878000351093408
0.309818003775738
0.2386632634736601
0.6149520753454563
0.3356369030779746
0.16945329656660513
0.1991040863174564
0.06547774217837646
1.5943983642561217
0.13971241687980016
0.09110781210877049
0.09962148229629447
0.8098896501624587
0.9859148250773255
0.5795403611852833
0.4442198254799301
0.32463193906878085
0.24296594505453292
0.007472976951508856
0.2649598202953471
0.11339755284468866
0.03537030122237261
0.3868213793781975
0.013354119835886703
2.6664926821884376
0.20164163007265912
0.11558065175301081
0.27552559261929027
0.10836430658586468
0.8145622343263373
0.456455599659022
0.3124080282758233
0.2578447309391955
0.8342521770255268
0.18705031172504688
0.18254223221467236
0.6267145523112602
0.15057290324068429
0.09537570636582861
0.11980967679815212
0.09974531238021113
0.6709052447998489
0.5525163217085138
0.3001818275408589
0.3492975518667405
1.7630964381956513
0.9988469714204455
1.0055196416942722
1.2022611707675395
0.04306697480571238
0.23240739647059924
1.3626108736765734
0.39246904076653333
1.565185121379234
1.7022846446648974
0.011501750889899045
0.32220383103401257
0.7645071864374943
0.20326654761019539
0.13814890294875842
0.5434946336492512
0.752358969890337
0.15066995850786083
0.9162651914617921
2.1864949956503374
0.3419922544089856
0.544683742918477
0.13055017067326985
0.7458606295101964
0.6289763103958805
0.2191776232231041
0.20358548520494418
1.7816833910252738
0.982870125112391
0.29860454157029764
1.6841875412003826
0.4871616595120494
0.09680435826205464
0.6747492312417095
0.15619223822971173
0.2726427580130317
1.5106061363253007
0.7695165064934923
0.16845039853959606
0.4100838571928462
1.7502584344762104
1.5299152313158881
1.7169665663145097
0.18569439355523182
0.16118214200617062
1.4881952023992098
0.13105121339398573
0.379417788829335
1.6372653799319712
0.4214625393494975
1.1524109243148368
0.6652416132568176
0.1764722846273597
0.12212450812413067
0.5846553148712924
0.5331538159273944
0.4186613407671879
0.8542825909359083
1.9322797471556306
0.6849942243315056
0.2529488400467481
1.5208819375717118
0.24149107377337034
0.2604762070918627
0.11942929036596242
1.2006136330207808
1.531033591748804
0.20060237455542593
0.03586785182820094
0.9764950612986081
0.07848856730108063
0.249318640404939
2.5418602132790133
0.910074941125181
0.9070482300801505
0.17510853321692216
0.07496004604992276
0.2188472853796148
0.28549986478785844
0.7901104585747086
0.1963034091977075
0.25802580337106995
0.3934603274136029
1.7650462380667757
1.3042363517661053
0.15695049586743046
0.06735130022376257
1.0808279986812694
0.3954555238840668
0.9125841800727061
1.1203423532285446
0.03686460608098061
0.3057310488535487
0.8234784096199389
1.215591017960378
0.29540016797516555
1.1282074755931644
0.07150573412126594
0.15704019602043698
1.3361294228131142
0.3475521477685653
1.7271232827939833
0.30764633324828045
1.1243070814502212
0.30115873133366267
0.18427246843430528
0.043643123043779
0.1800673015600755
1.1308842157384351
0.8427785637178132
1.6748775823976436
0.3882422009049272
0.4475031859976888
0.2580062254863595
0.3348734911621947
0.15091478286979537
0.09575822703935905
0.15105629384332286
0.29562582117677944
0.09101958182963872
0.582745173367787
0.18254325103275515
0.24113987767143702
0.9852034667737538
0.7708754735365996
1.3384744036148506
0.4029839898804813
1.2903210015483089
1.6461457343868273
0.8958261017231811
0.7020687279020206
0.13197244545849462
0.30395270255968043
0.02351447838055233
0.4362743069663379
1.1131839980782774
0.02584521164567788
0.08362457204740933
0.5470322835997933
1.2852053842658755
1.1757973109559638
1.4382185054353223
1.0438570267347904
0.7352145535186659
0.741329314889582
0.7594992217254789
0.4041399832928979
2.443603172014427
0.4673563969989789
0.28928351918301776
0.8499090491279175
0.28296968373106607
0.4930531660776487
2.1126342078974645
0.8358971385047009
0.6851061755166588
0.6101346028732139
0.6646580080937236
0.21754192124307925
3.6799524435127156
0.6023805836139046
0.06899725000675833
1.2472026671001342
0.3430254591376681
0.3280959086461235
1.5970912876030838
0.004305406135721267
0.10017566575849667
2.8085460737355357
1.3693577134484918
0.7994788859671927
3.0421329397677046
0.6012181154508707
0.3294706745647969
1.500331523076306
0.18373381563821137
0.35425198222469584
1.7221052374211703
0.4961219784635088
1.1676386363732973
0.7514089846777954
0.11380295993095188
0.7300969428086407
1.1153865536130707
0.3799616339514165
0.03236258328526223
0.0666033764563676
0.334573486576486
0.475227180205062
1.9015193433412216
1.0205265064656976
0.11463208648971275
0.8933047650892496
0.7716047434771881
0.38516961260826715
1.152734134727578
0.11323466842347599
1.5332479298882247
0.23041719182590784
0.050299673663623055
0.09629178266063637
0.24750354198439517
0.42236750626346614
0.22637417194249398
0.7404775368930678
0.3558330023953537
1.7118190380008522
0.4009338637496788
0.2675643343322698
0.05596780212773617
1.048083470012742
0.2846830476814542
0.49290106617531154
0.3145921217687613
1.2439039839625432
0.33603557574086457
1.4813511888933732
0.14031246817462517
2.214830661448851
0.5609499810910615
0.6569199223743046
0.8728730526187497
0.19211629294865143
0.04497687700452787
0.060199958222112784
3.54924930091741
0.6521466686006395
0.7964412930745112
0.6488578782427276
0.286884478784479
0.5373534243004005
0.9393399099950859
1.4984730140950153
0.8580793300048554
0.44969541752541264
0.03920980830208492
0.21780061141428433
0.2695918473632121
0.6161002383445057
0.05479841618736244
1.6907144619049246
0.5495062834324319
0.356566399764589
0.8886561937446346
0.45182366498021487
0.3781239158334411
0.9880936678404614
0.47710701105576037
1.6146616225974189
0.34125340790718384
0.07434329839576607
0.668058526163265
0.6313542271203036
0.059331610089721674
0.044588839689420054
1.657283829346839
0.8039608785719894
1.2989532526639482
0.6391333718727228
0.057753184756707175
0.19203694966081505
0.13831444502455978
0.16065085108667126
0.02417422301913142
0.23510754195945288
0.4919319293619626
0.0075215903163567
0.43346335999475594
0.19669809886789213
0.02834385673164128
0.2661382490569841
0.05463338212481125
0.20306044411029475
1.312627947650473
0.12254066401250109
0.3667224998783903
1.0545358491338528
0.08743221313219886
0.5043651508402761
1.434680010035847
0.0846227480486056
0.12754947453269247
0.7410858698891644
1.5212681330227336
0.02397855067902642
0.7392168108829948
0.44293247990514323
0.0758761348749112
0.9633895820491939
0.05323103527030288
1.3374319176749603
1.4783204647947412
0.06335350348977653
0.46170464935160355
0.7467742045162332
1.0805998361645406
0.12957983231329964
0.2617835983811107
0.1461955403350993
0.08652499202592356
0.5462448861409686
0.6369032474568547
0.5656554245508841
0.5471287113755946
0.05567160520458441
0.6650526841574865
1.0465113305314429
0.4918080731702204
0.4533618505394946
0.5212453476196027
0.10679694953056029
0.26531942787470914
0.8151138879684744
0.7987125921390006
0.19111427275078618
1.180980528696622
0.5127276275471765
0.24497374621395446
3.751511021112347
0.6025759105521099
0.15032347622398196
1.1602339292516843
0.34562781066167053
0.399873938040956
0.8926829546739582
0.25456879449338904
0.2992006167829521
0.374962362678329
0.1930122262271307
0.035930946643064114
0.6437262085457287
0.004241411642214751
0.07562275701740823
0.6664555598356111
0.07950774292634946
0.25267823822627616
0.5528972923224978
1.3136402438051167
0.061559174789980436
0.3764471799288803
0.17495310748163834
0.3087705867000402
0.42567555876771385
0.6501609425871175
0.28785969663995975
0.5807247332096076
1.3911687914234927
1.4705454056319007
1.648793328905366
0.8000158632857804
2.0956526689871984
1.059723344595723
0.6556548076024562
0.2833207906431416
0.6693626671741858
0.5170198805271295
0.29724035374691593
0.08373004249781606
1.874928322441793
0.07212121372274466
0.22946785198315559
0.23831727229454697
0.5929261823902396
2.1130642557875197
0.443478000170961
0.5966733303206582
0.5483757282507136
0.44799581369280356
0.26490593983187083
0.48121383068483436
0.07692348563934291
0.4450106018089597
0.4333585114650508
0.26385231291957756
0.07378786536048895
1.607948259194583
0.0751626586078751
2.0210755852017113
1.225490711340543
0.1005049634211345
0.12569575928081825
0.15781262125765022
0.09813932445305396
0.02362070182427638
1.8512980248526822
0.7654001485515468
0.4522571151430326
0.8759564103559404
0.24726412863946054
0.03816804175948042
0.6853301597185093
0.10447864373019014
0.2025734248797829
1.2257244775121765
0.4235545787760714
0.6144395289310502
0.2506401643571148
1.6188329864341129
0.0733697951563735
0.6651689143026331
0.24642632528041422
0.045759703169212004
1.2244222136284297
0.5068214664374613
0.4933321973055635
0.11954367167502117
0.6772136967573712
0.32031926091455043
0.7181278197079972
0.24019187340907192
0.42208224003593137
1.2436593614807174
0.9095767572060935
0.5652429486932212
0.42470770945657405
0.37682625654448065
0.23149686729070296
0.9691915731127276
0.562260896102744
0.28333573054322886
1.3889290468787447
0.3933229758429023
0.35391466705795527
2.2285272478990956
1.6411602244860548
0.8676143991929334
0.7264220005742344
0.18712125950942235
0.814421744820026
0.462770972314613
0.21723055616508316
0.35541977639832095
0.11348615896491449
0.1299298314493462
0.34629631068413025
0.26518710359133085
0.8625161561666169
0.6591297477251697
0.41686262866503315
0.4125486991287515
0.3513673073342016
0.407336349078066
0.7196060155154578
0.07924561844720354
0.7460511507968963
0.5346128360140274
0.17455900612132422
0.2522212845986539
0.17395963650088936
0.3277325100082718
0.6630193082272703
0.5695694703768195
0.3431824541196499
3.8943963260348804
0.3907159510731433
0.20560248418592283
1.8610925149995745
0.49680424820975827
1.1304726596411028
0.6099324660744797
2.1731377900585884
0.10141456054246915
0.32767000680391195
0.136327145291545
0.15856752535003127
0.4169869143682608
0.20074269463345765
0.7574604183103328
0.7541986661668297
0.650658618406432
0.1742853223080229
0.4645247342268543
0.11748710021875755
0.2142598261712289
0.9309330851725083
0.37528352500138756
0.6507618672822003
0.3239729932813816
0.5955418786751283
0.493794727395373
0.1926498518635616
0.0073369348295647735
0.038021585423326294
0.36321566738801647
0.9932577274832851
0.06258297467371576
1.7388606512507971
0.2628121866497469
0.24734944495834177
0.6004072901161394
0.1411696680706343
0.12304476963717804
0.11211926581162411
0.7838463220581954
0.5198787022971357
0.586051267369415
0.09876183936053895
0.0547147259979516
0.2961162052690164
0.03529846347068246
0.11640811304109841
1.759307887863175
0.9115215973226605
0.19688347095298994
0.3404836822401509
0.34333711324847666
0.6026577951948109
1.7172649395811457
0.16539218489203614
0.12106667785779628
2.090670941747562
0.3676895390276568
0.22491516006575824
0.5491283421861259
0.3500312613937188
0.17004091988890493
0.810704641018237
0.11950067291953465
0.04848367242681863
0.3043364804119955
1.1254350196278007
0.2252734956073942
1.7145553402549711
0.08331495874199744
0.2638721502096993
1.3994086059329045
1.0663543185924849
1.479573573874006
0.25504761483034616
0.03492174594609593
0.19862847495396718
0.42996714439357275
0.22942782791146948
0.12477757588173456
0.7508851149855542
2.0798302450072614
0.12061570564899479
1.348730751903672
0.07174221032138575
0.813865068746189
0.7255117982211563
0.07425212711547986
0.010631831848276324
0.20201234181086483
0.22852894053905048
0.4464540063236412
0.17023890697074612
0.0259129712540886
0.28342770661632494
1.1036320248265987
0.529758426171584
0.11736979534702942
0.18705048240243957
0.1883964926764854
0.4067043417755117
1.2312422387643391
0.46925037725123975
0.13359923881492328
0.9210610409979998
0.5348677224199165
0.9404044396441822
0.4502820273486741
0.18178347410999585
0.20055626373950955
0.3972335779298452
0.24573379007801016
0.1717825606390852
0.21849797513480365
0.3229493663361801
0.16585343456821863
0.6111120581522147
0.10998424003671352
0.7784629442846793
1.433072148471284
0.49324729960633173
1.2037295490895585
0.5692689095713114
2.9348734207090867
0.036664292599154616
1.3572543471618352
0.22723244035573084
0.4683024824989867
1.2624774531829828
0.3421880104625432
0.5466122871433902
0.18013961396291253
0.5983271269914616
1.490995077543767
0.8955457777671069
0.01972614439204816
0.32811762662965144
1.402735509579616
0.3477054759519198
0.07346953348925479
0.370723067395793
0.29540289239496265
0.02459002370405388
1.1633079674916544
0.5017081731283424
0.3634830567674974
0.8178145048631614
0.5419171022903756
0.6923064968793498
0.8180244058834863
0.34666486036037386
0.22160434285792582
0.634836347847358
0.19939042568583487
0.07298524353733987
0.6769148145308576
0.31847233767871547
0.6512456797301057
0.38812020486530163
0.20107868504535023
0.40028052083274807
1.6618090945421857
0.10703468418609653
0.18589699722228487
0.682089758796775
0.40175096473251765
0.8313054528014643
1.583772151043812
0.11293416970363043
0.34402889373230683
0.5811750222762906
0.45232325774670745
0.23865696370394332
1.8666753228681316
0.4458953833196974
0.04055449751333218
1.2581000095315793
0.015860507706037447
0.1695153837212858
0.5855940184114775
0.20204672502641055
1.2672406882235683
0.8288136359816173
0.4750402564058998
0.13733432712677227
1.3264862006654021
0.44531761874041836
0.08244777039587174
0.9415417260335891
0.3668182142893617
0.19048401971756254
1.176073387055202
0.049720521799123556
0.2983026171526834
0.4216769023084421
0.6139745925205248
0.2152560603510138
2.543498024735256
0.16217389196605006
0.3580770005040806
2.8891808322597905
0.39429117110741185
0.11578433443258945
1.4042827559411395
0.7694775197954741
1.038007475067894
0.8646222239171496
0.774141487836806
0.26718192758790377
0.611308087244624
0.4303084560914861
0.41576017545471444
0.1859212806133019
0.01695599978549
0.11433328645893824
1.4372223873329841
0.10402945349826952
0.25116023920978214
0.8165717362838962
0.5218218066711636
0.11165588841834506
0.7583816705715014
0.2696551132299525
0.17441712534773238
0.11557654860127267
0.29282992362955906
0.10929708925408477
1.0971394898555382
0.1542782918946379
0.1613529792731138
1.324223466852892
0.0989459913231151
0.18824014786519505
0.8515679363615155
0.23476942793545935
0.1142266075465545
0.4253175283891149
0.6680548520103418
0.3485140692290387
2.2418240653734256
0.31833779431319087
0.25535802347045733
0.610764907652127
0.6127286276782403
1.0034631175222377
1.9810132926188675
0.7805658874992705
0.8521181245410763
0.6451710160269636
0.3636813626058433
0.14948007434739738
0.543431905910113
0.030383355252001903
0.2175469384326204
0.07618293129728979
0.06465915857320391
0.01600561784659569
0.5115206015972626
0.48956977432482535
0.4205752191682835
0.4362816914194501
0.18356049652576426
1.1824821030587638
0.2288040869600011
0.691426478207109
1.1345953059435367
0.8992457597356905
0.34131096298581964
0.5206076789384905
0.061838694248245
0.4429733559941554
0.5144242504656714
2.861395655443503
0.5143837289157128
1.006258347395496
1.6715413559003596
0.44116879440551726
0.13297327881743487
1.2850405617246867
0.6275230736977758
0.488410989017355
0.7770005834713347
0.04894296671060566
0.34139568222113736
0.2607111740011529
0.19508097854777523
0.7508159142649291
0.8050780428194371
0.25448779948717787
0.10800912451282538
1.400066731907958
0.25494915294645404
0.9821830103161827
2.2596438280831754
0.16399430725889522
1.1192527616200512
0.5071833300971499
0.5658325513072187
0.15059585870451989
0.23740665342902234
1.297927465463024
1.558922180559784
0.40396913222695935
0.9209093312974507
0.02187166939278752
0.17703068226057364
0.22400139349560527
0.40077712118022024
1.0867118933245261
1.5930967551592907
0.29240231595675054
0.9071460231715224
0.3500747850774119
0.09945596803789275
1.4479019969925389
0.1502877490822429
0.4791144526301422
1.8576534274903125
0.3072948332801598
0.8040781463908764
0.7513023438350688
0.046282509732613074
1.3679340461705256
0.7228791140865127
0.06324159406184174
0.07148157507377156
0.4000881260456296
0.2393661866960813
0.06782438719707778
1.2466216986380183
1.9668340854526127
0.21548264864034647
1.0920535701079552
0.12212641437383248
0.09872513755223702
0.3225150114607781
0.0997214268206639
0.19374132259345553
1.242753816865225
0.2433141177754572
0.48003019629151134
1.7262860161375098
0.679721164621832
0.11228977775293812
0.3590629182058725
0.07964018359585824
0.2192123805008533
0.10491821132019215
2.366272910367894
1.0723248250669124
0.39588263903395526
0.2641071860295838
0.3227247714036247
0.4572469610935379
0.32292349361356204
0.06153590124876153
1.4894216220564878
0.028343397393501973
0.21172336407544132
1.849214355373698
0.20890690683148005
1.826430689113023
0.34932134520392816
0.6098357743091519
0.7061217100442541
1.6125166288840367
0.15626204670498747
0.2980288269805501
1.950282575668855
0.19781299067750158
0.4514766366510654
0.23474581815616782
0.21209025260753095
0.16690799183473357
3.306778663267517
0.5553338418692256
0.3069121718115762
0.3266791303830366
0.19574688830825182
0.9537897957291366
1.374483048823361
1.3120838381955595
0.5883317711306644
0.38670035051148827
0.22543562015615895
0.8349072306490093
0.9789666418494852
0.23905808296095496
0.46726871106255236
2.277911903346322
0.30104631960160355
0.12346257191335631
1.7266777852317572
1.7189724484858782
1.067038974051669
0.10273680373649036
0.6562154288119401
0.28744564892128155
0.5965955679758566
0.011914688514585506
0.5020732568329519
0.8953940414765846
1.5021331420892639
0.7463241305529791
0.9218443291526158
0.3265337662219933
0.923770362254699
1.1559297101151544
0.31288215034031863
0.33816763126444205
0.28311377159289347
0.2145289540244273
2.2186847621834405
0.06107488836612811
0.8272888328213203
1.476311137383276
0.4436800991807329
0.4576831541965409
0.07286954863645281
1.1306252993518298
0.3929058550233276
0.2753030203585003
0.29968604365719603
0.19435505415021895
1.6453536943923954
0.6565687145636201
0.1857374012782932
1.4593475529656064
0.3707965383170685
0.16838490207703857
0.041980864739272955
1.6830276301667666
0.5382741325354988
0.7176449300401283
2.5879927791958073
0.29393430241962204
0.42141350270123773
0.17555878965357624
0.3463788118822681
0.2248784421090795
1.2021835922969035
0.1605456228215618
0.10979295005793184
1.7812824694097662
1.6544958766615705
1.0979863518387547
0.21618705433852645
0.05281105820030396
0.024657262487757584
0.3860585857949886
0.5208973290264963
0.14369883700634772
0.8559140647417519
0.8533919261378389
0.5825973709979914
0.06835649548633285
0.3621783959417835
0.1882793149971324
1.206356959041821
0.14977422853041092
0.05324957701135342
0.5222945880866919
0.38188436217701965
0.07938942549633707
0.6297588899286453
0.04637448687409657
0.15412270571086711
1.3434798524759495
0.3004768936268443
0.19653132324410139
0.5575848662515839
0.7950200360694083
0.2499024963512858
0.3460498735319002
0.32474015518927835
0.33772330156661534
0.21975593110713237
0.13880811735711096
0.539862831841577
0.6518983779318109
0.3014306810919487
0.28093325578585254
1.917203988700276
0.6578122781634481
0.1619547720742263
0.39214297684117766
0.8052760960905664
0.2013873697780972
0.18293080670198164
0.21494044815364713
0.32330532726057304
0.04934482047361082
0.1669836358583969
1.1780372545543163
1.159538458160656
0.12069587714552046
0.9266893376717249
0.8698704476958207
0.038427795632976436
0.3749849140053401
0.761246511116183
0.08709582497643978
0.6397594857381158
0.5902183639709004
0.6777773329268131
0.1577119232783971
0.901504846766303
0.41844837987139777
0.367854235406084
1.3320849811752185
0.11414901656418418
0.09762523230268356
1.2255828873356316
0.7113373438647156
0.15173806502085557
0.7541931048943891
0.42461593364939676
0.13095377638912473
1.3034357077001146
0.14854597066709033
0.11756626437022827
0.3684644234995541
0.045687738641488194
0.46967108944197355
0.9381245413094953
1.1258933254214918
0.19222265647637723
1.15045316250754
0.21590502690836755
0.04331596386803156
0.5107042120487554
0.9891356400021745
0.8440783599951499
0.23128391975679208
0.16656934753569375
0.28966367740751464
1.0750731656007448
0.9113005969934599
0.6000134058635427
0.25066522407727543
0.05184904162058255
0.571246778732958
0.47288263884309806
0.30319616061130683
0.003997907040802877
1.506953022485868
0.45413667274373487
0.9750099160639657
1.5019108712046536
0.907299680157739
0.2213316528373039
0.45794117153590597
0.38028162202417026
0.17094743890811595
0.25372678020119643
0.021357953832399242
0.11188326655020575
1.2535692260220688
0.14718355891826254
0.3231686523068139
0.08557799391724903
0.030312137191672448
0.2998339195628056
0.3709660245704721
0.35989279340714037
0.2792785086469626
1.0391257412435129
1.80106739926037
0.06117707630762049
0.8388324226534645
0.11976585920228686
0.11903901195555114
3.6424742938277785
1.1673661785759746
1.077937330694856
0.05683680823978352
1.2465950854667063
1.2288742440232407
0.0820186826552348
0.09502857039602108
0.138337719041331
1.009794182941557
0.9055903419876495
0.520553502697137
0.670996797389612
0.10213084784847883
0.035678804752723885
0.9674728667817177
0.7304932011820171
0.8242492251263012
1.186611986553254
0.29938772366382815
0.26445339706167553
0.6064879805144644
0.3308086060443973
0.00683380819296803
0.4608705358066571
0.35567088856079915
0.3067447708443101
0.30704048544452667
0.028741843157337715
0.17388003970096336
0.8306982275746764
0.20745906663611582
2.7513607620038987
1.915926716826241
1.0421008387389321
0.5460081378190759
1.1953866311230865
0.06919893181304006
0.2685668689679673
1.9179778402785481
0.802682148359469
0.14685720313269582
0.5190340844270919
0.40486628107912126
0.019152076382695882
0.5816748498260058
0.3435757657615395
0.16354106540219104
0.40842550921904164
0.10709922200295718
0.007730277743754773
1.8134572416460326
0.24068202047946455
0.3987219108697242
0.9599715188299697
0.043164051545380874
0.19128953538615018
0.5202001925845301
0.7503573883881989
0.6271577141833922
0.06865148369719545
0.6841545175121012
0.08018065601141887
0.6711466533774177
0.5120160485006552
0.21919428828366813
0.6148621522835221
0.4220947612444886
0.4795450763434366
0.3944030189105449
0.9630968130510293
0.1429030920613759
0.6009031120587661
0.26134972243605287
0.18146127284744312
0.6715035897220083
0.521177768124462
0.40116706483962006
1.1139433403861434
0.5106421173379159
0.1823529418719121
0.46382057427546175
0.5324116811840488
0.15301798167662573
0.33234054743007074
0.23020179189747614
0.5112700393748737
0.3646485467564031
0.2526787998596247
0.5429387363376285
1.4393776715505429
2.292079161124233
1.5216381476594527
2.5388855635754197
0.22730701230422765
0.1911182543041488
0.6558878135010293
0.29125072331448865
0.21012797366669161
0.25210535640626336
0.817169882895349
0.048352086019589596
3.495808172285638
0.9711431377127838
0.2694448474348822
0.24922640534058524
0.4838639692476517
0.1003743087782732
0.7362782410451738
0.13729916189194447
0.7681297147463721
0.1358560517694709
0.178392612770945
0.31469790915339857
0.5461794096840789
0.5524930432738762
0.24938826664504699
0.32795486654273076
0.24049310620097936
0.1795322533933141
1.025847231673286
0.7540309322858237
0.6466339212606343
0.3387194747629907
0.42188770868125536
0.08177347303707619
0.28663342459523117
0.5179031151884549
1.2747161822363282
0.40920183697360263
0.11625608788987513
0.08937661178525409
0.4151912551653855
0.13446385712617293
0.4003324193813851
1.0189996440628415
0.3049095299531687
0.5516120016280499
0.3580813443708212
0.0701925857253635
0.505751325559055
3.315780284281495
0.3945303338396073
0.38938517062200106
2.0801560107344867
0.3245975411740475
0.6018153970244969
0.16748131401215022
0.35156715461689425
0.6566381275511187
0.3517092442999043
0.6611338414478964
0.6169042145051942
1.8895528861238606
1.36818229394435
1.4382088446052264
0.2927756634374067
0.4153100970345266
0.3831552819890062
1.8349518186284812
0.16575633877768214
0.5508546775347568
1.494395231274502
0.028387462088768984
1.3616613611021984
0.47841569360223735
0.006005455086829214
0.11891180874894715
0.7335321968039328
0.5779346292168238
0.2274741478226028
0.3659718159559536
0.006485450598844478
0.3716990482466017
1.1140687976523818
0.3490442314869163
0.6472954161169021
1.7986929377391692
0.28355873167269924
0.05245719087513222
1.2780805174210919
0.16389819024748734
0.11896074296133557
1.0717199167219167
0.6178457222673318
1.4283514542453346
1.5107529231718226
0.1707589959268156
0.7543998262567845
0.21895307174514292
1.2315008038001058
0.4212020268585372
1.5187162554187084
0.18637228062008798
0.7459022161937596
0.4322417455060925
0.20212079013520834
0.16888835511170225
0.3029071078836187
1.8605885841350083
0.3556673245315172
0.8804944721249013
0.04477806313103623
0.02446431547912399
0.8558135912203183
0.2426120276558528
0.17412547949952212
0.40363837471296976
0.2146271766304649
0.14207391244509465
0.6966200341973192
0.11578024401704219
0.3361580459428524
0.9582654949531103
1.372599852535811
0.7410319517411715
0.0566813795979451
0.06780808134482096
0.006481209132904107
0.5664901741184695
0.14761382108262963
0.2949900060355118
1.5105320748918523
0.07151128620034634
0.08166986125846412
0.8803107836259948
0.20046253048205523
1.529328753138946
0.7070399702299554
1.177758365265331
0.10036684445331799
1.1207370548504856
0.6481487649680094
1.3686595948242157
0.49898402424657445
0.40681800128794715
0.7559113843087089
1.5847418507937328
0.014891434834889763
0.14688677085720486
2.5892843654231705
0.07829008316858274
0.4448617514620372
0.42583731446764306
0.011109139396026379
0.13448988409348492
0.718408890515085
0.1956299496784805
0.20732853275659077
0.13565544168638904
0.7875949070410883
0.26551792506125105
0.49810057734975066
0.1262865101910071
0.9887074694779985
3.3548311494600997
0.012101584724361372
0.22348195416650524
0.22895826709521439
0.09382361681076476
0.554587628462341
0.8378702161034155
0.4844917855839854
0.45122407148067445
0.5390945813477963
0.4453405902815362
0.13740274710772024
1.5678971535670692
0.9173056773819982
1.0835376491571744
1.2873266845763967
0.5598472642330542
0.1897268249555926
0.5650480138434304
0.17211538279228988
0.11712107077129631
0.07233703065006136
2.0984940067626514
0.10857092326943314
0.5833905734060213
0.04751971619491392
0.12713258346819198
1.4361404593765752
1.207194689347049
0.21016812938346854
0.1309453139499419
0.4570512631518606
0.014446620311130113
0.7015117839463135
0.9720730120047736
0.266739614931499
0.12290319175838064
0.06080237563312268
0.3079471962769512
2.37107603098123
0.4435139048350657
1.1332586792415507
0.24902979342521117
0.23585245618805997
0.08233348403435113
0.248042517051868
0.07861694371562337
0.7468612874381376
0.670833086946924
0.1766215901836359
0.05084033015428621
0.05388945477136219
0.21529058163911408
1.1005481109941953
0.434829600959255
0.214551603558452
0.13949335803579926
1.3335567799886785
0.6851690902900996
0.22381925643780495
0.6621313200978284
0.6138015196153135
0.3862567869353791
0.4067926821954895
0.12784375121287256
0.30748106286458304
0.5100682688973569
0.04870840257844477
0.022139876827194496
1.1995856535947154
0.26271011928172416
1.0347648263157052
0.8437862263267153
0.15867432038540877
0.5144310199481109
0.8688118761082669
0.1950144021444187
0.3438271040705755
0.6337710929258457
0.716367712922984
0.07078908457250427
0.23128143361173484
0.21837785108892332
0.2666895574157849
1.1053537425990654
0.1693501278259768
0.6140738735711687
1.199482240664631
0.1374615184325534
0.34728040990059833
0.7025027064802809
0.781914290796698
0.844531877258304
0.6132765094614315
0.2057979199093985
0.011403555800560693
0.34652377977600296
0.5926975819205852
0.5575381912728443
1.5248596688012914
0.4260935331373453
0.626710488890573
0.19892064537509413
0.44302863205697357
2.001378577953958
1.2275459290270794
0.18393142920814606
1.3773603620668302
1.6483637896241337
0.005092672326433266
0.25998811780404696
0.9115417681191303
0.040658697908518136
0.6990944029397035
0.3330722310871759
1.2399117577545922
0.7407820786295982
2.7041949173025266
0.08926295057614694
0.1916048258152009
0.11035850468824841
1.2006989899456717
0.6950617019236793
0.6144772883785569
1.1324689535255743
0.6170735395415069
0.9891121690722267
0.8544375745826646
0.19133795915754373
0.13434409559059787
1.059690139945547
0.6592703181012326
0.5365425902596818
0.20270362248968576
0.09276113885083125
0.4520890132285538
0.1833625620432862
1.5417983297776345
0.9297093218931451
0.9823839629021044
0.3845982898674587
0.6940866419140841
0.1750726361579919
0.3529806469903831
0.0611641070155556
1.5911669311597665
1.8011426672647388
1.3906601615978411
0.5316652549529256
0.3563553533982285
1.1522544530402035
0.2552693243846916
0.1593084943015154
0.5971803462346554
0.4754152456759028
0.09501430105822628
1.7499455081880673
1.1587321060124056
0.5507834290895218
0.3449557476535783
0.012476773886541767
0.25831766862576844
0.1903032123527906
1.082175300068166
1.0879109203195632
0.07153345378835384
0.6401526304482278
0.021685311809497725
0.4050236027137636
0.26381737723144066
0.16285145694270034
0.7305187026248341
0.10620112060929462
0.4752589796170006
0.3723638063250014
0.13361617166381154
0.01278487012537314
1.8170739963060547
0.4728552287726091
0.03137600436335546
2.6158125649898145
1.1703343919429365
0.9182659811628289
0.07221873933701546
0.007798767765424337
0.06600461980506177
1.3405247067289485
0.058845602244984155
0.10827040189031217
0.7437283468140411
1.398287279359751
0.2089982509486144
0.9415206427608862
0.35106471802324873
0.16894282044282172
0.8058447509800222
0.1794323889386279
0.7497491065831674
0.4879988078646869
0.503802385046629
0.6570044679758553
0.31210495805684096
1.0210696642529709
0.3712969936268535
0.7268631066915385
0.1938866293905164
0.8604120376785185
0.4990033792639007
0.3921771449766156
0.33069357687657597
1.3455139476101854
2.6541172059849134
0.06999120901222476
0.9437787637743974
0.9129705227131781
0.4154081513679948
0.2058932959871734
0.4883347298189679
0.0386154644914831
0.35450434582051615
0.1165151632975484
0.22333750094777943
0.30700572206965465
0.039016355717134577
0.1566343975748837
0.2605068304834155
0.05235309571960984
0.39118454340039377
0.5866834222578703
0.018085637233889628
0.19172895113049976
1.0073332436557474
0.11630179128530775
0.08436711337177473
1.059283592112283
1.4708825819746156
0.32506979576994327
1.5852784085502236
0.10129441817986959
0.15617519655964243
0.9928914525800379
0.4550482649024042
0.9008281483452271
1.3521414856803289
0.2041660548201789
0.1247374528181156
1.597067669699696
0.39329614469614277
0.6398268002776437
0.9826647923148264
0.7620656812124135
0.10487190862122865
0.8059366362226567
0.4213251065049053
0.7704740084258499
0.4140295491923015
0.3157601440547242
0.4243744938818977
1.6824412072293817
0.09135510365063075
0.13969205790857447
0.3776337510569832
0.3720520022940883
0.4141494086624881
1.434867266564066
0.4937596341937738
0.12358189683935973
0.9259680035590457
0.1707422407961452
0.42145041191119387
0.40265837195309584
0.09590120092534421
0.2804982259614907
0.06088372285408668
0.12904352652600767
0.15826624505357967
2.4387455328448477
2.0905133801935163
0.2869612689451934
0.44598766392390365
0.06817518336358347
1.1262721380283953
0.5685397207717019
0.050577546883168775
0.18608690506436365
1.5017432317898527
0.3767437041849417
0.13856084716106418
0.4818085119256328
0.8397883600314492
0.17150571627567002
1.1110116540008217
0.1864366658837913
1.091641031418463
0.4937978706551159
0.5335498685742803
0.7929070498637083
0.7603423628548042
0.38122155960278825
0.2552433620755732
0.4175562992380052
0.5425800892071887
0.46946935290328007
0.11935854943794492
0.6149716439788943
1.8455633786267656
0.6718874143752517
0.17212895903821637
0.29314258687708766
0.37984511057293674
0.023611254441788562
0.11602431616194751
0.9906420713724676
0.48828382267523673
0.23277303828307727
1.1215714721417138
0.31998697869495113
0.27723702438960274
0.6112273105796276
0.1832064452549658
0.14799024161042024
2.1715878549161993
0.3793343554953195
0.01895239306205411
0.27885020729549903
1.7655708888706085
0.164264606059374
1.855277042085074
0.6026848088622107
0.09623448962452315
0.19354851184639155
0.006511778482182173
1.456222259395192
1.2005038366054275
0.5662939794832462
0.908010504845994
0.517786817413079
0.11863739379826581
0.19367243437996468
0.39546190849505486
0.2450850660612403
0.32026703966756265
0.7199138762753942
0.22623117532822767
0.6569436411412732
0.7206510502009813
2.165435653527863
1.950854105263622
0.27161670109174785
0.3599686257884528
0.227971568910535
0.9291590085453011
0.2550865734882137
0.10373996563711378
0.2405004862330455
0.3452562944079528
0.4959644476053272
0.6494812347704568
0.4429356673473006
1.2203776005663407
1.1003162350347873
0.17126836570195758
0.45586470604661694
0.27597569281455914
0.3236852503973412
1.8725177015607772
0.08356357481720304
0.0032026253195878976
0.0746683623139299
0.7056814875182073
0.15238806217703268
0.45291137078709565
0.5962170972163027
0.0756010584785918
1.5038038938883376
1.157928537842322
0.7505497187790051
1.085042028513918
1.0187279362870134
0.8435268417322215
0.41763352112440794
0.5300922816518445
0.1436080915581229
0.17667225175867296
0.028176884384049666
0.5715733649763515
0.9852304451870525
0.5512812793313357
0.5081976293724146
0.32118131469510025
2.7245765369192934
2.1578733633454217
0.1476518248760153
1.000527454375011
0.14989854749657278
0.19209207448359544
0.8051819445976842
0.0025569405952917475
0.07062671054242986
1.2400791146902042
0.3891668262554284
0.45787069744276004
0.15253639659089052
0.5348929706925876
0.10554275940699075
0.31618710270175415
0.2140670069991993
0.23198369748521122
2.1800561750183807
0.5221701698654626
0.3632790449668499
0.3002858303122099
0.06634683142672713
0.07937403376690197
0.253145404872374
0.03153375765701178
0.03037080970278278
0.8469086707928625
0.11863088235630755
0.6458449254881453
0.5526735350567045
0.04592569066162578
0.05873818072136889
0.4894937364036819
0.44412717137952995
0.553392076887757
1.2007681778166064
0.38446952306802623
1.673322209138883
0.16198044835785086
0.1469253826403936
0.1560993402120806
1.3675833727237388
0.14263212117940174
0.07729028505557792
0.4638025097235922
0.006950621985507591
0.01865114153566703
0.9563118649286307
0.4808317544654569
1.8736764083756194
1.5871299499283167
1.9742423094338308
0.7557804736925088
1.574889220891658
0.014341516874768773
0.019022850476391337
4.2367481357492505
1.1325786949089143
0.08344399161392593
0.03180249170448059
0.019237274604964986
0.08053596597448077
2.3379904563678395
0.9852476130904517
0.6667666109759107
1.6274213945548404
0.4621343344503046
1.9020838087981975
1.806723210500351
0.6116308953110517
1.0698965744657738
0.20233275082643332
0.5287678568305028
0.7000273187997017
0.8595774307969563
0.9217811527468885
0.4509190578730236
4.266719161577427
0.16664380636209494
0.21264452485878121
0.18407164436169482
0.2379471877608469
0.3556614204563361
1.384957562564333
0.738774633492745
1.9899894589078415
0.7660203198559525
0.39688510349716605
0.420723581797053
0.10525699558930643
0.1898709709876332
1.406968553173859
0.5382539739152713
0.19227389159702601
0.51059938994892
0.499813132160645
0.30754142066639784
0.5111248164984759
0.2121298945886473
0.29897085315260125
0.7556295404899896
1.2031283731962803
0.4932828400700956
2.5780697899074423
0.9124163073430048
0.20849017943060494
0.2661973705798199
0.7165941604613347
0.1801188923081046
0.28663617167924077
0.6263386737615068
0.16442049282890872
0.11946212024448247
0.19654103804888345
0.15531460087230226
0.1885033708180071
0.18649335458486693
0.7987599151129104
0.6742443110440546
1.6627124319748139
0.679653158690558
0.6024881510608663
0.4695532911681784
0.16740385993655446
0.13186591122802474
1.2012220942754304
0.009309649875920293
0.38166143352672993
0.3445412526749595
0.0410545826449165
0.23331985690203072
1.620416296260003
1.0207290781799108
0.5680085742539188
0.4757144989728987
0.2830939258671229
0.11197078384897532
1.9525926134775102
0.578210923333801
0.21994246622446798
0.5596100910770827
0.7234194135772939
0.5115132308964517
0.16285812507206474
0.5249001076720281
0.22218750182815228
2.013483136734588
0.047799476196830434
0.28846793696067785
0.6782552416279217
0.11516735939250534
0.706625294112285
0.8231132808107742
0.1976689367806326
0.8296321718655588
1.3731128095325806
0.16108830531001986
0.29143706682844356
0.34800288719855826
0.025706769682142395
0.4674642754041532
1.422008496339829
0.2571806134424553
0.9545346676543716
1.0427535116804068
0.05013071622841282
0.04083834434974924
2.6234578641740685
0.19923128317979188
0.371761569366502
0.42036649872846127
0.4269902067657629
0.28681886830492886
0.018924418527206152
0.31674396981806185
0.24865357495951182
0.29885410545034563
0.6513108705386949
0.2930958022426663
2.377361297802939
0.16581666220647093
0.28109025802870097
0.2723153613683665
0.28873917338674365
0.32640676853393735
0.7046968242967876
0.3573713109548682
0.28187066526238824
0.28049269784097036
0.5712217081721304
0.35316104140589316
0.6035672333067967
0.21923554611576646
0.5210131567304852
0.699559151364234
0.031982468010904964
0.13363852390266273
1.2698816405647775
0.05782710152082439
0.15695090703011821
1.7931105355882502
0.4138437176660887
0.32270232897049916
0.7144379079746034
0.2306525727514409
0.4764414761955194
0.8333985378019539
0.13206251641156083
0.01524212538531509
0.6604846946302275
0.3378036604178076
0.030680533725239573
0.2838518242794027
0.34416084036273137
0.13074649016454884
0.2578884992637454
0.23040474902497884
0.36407084865130407
1.2153025738679106
0.1825154289901279
0.08263600758066478
0.8874855412547586
0.1280035755655709
0.2323342004782825
1.1230316941998575
0.0664634080933875
0.33245741853874766
0.2914586082170756
0.3817182917107495
0.024845233242311048
1.7319419589141567
0.9540295369542466
0.9278872802804143
0.8032037061309238
0.8226266465738054
1.2004803070614176
0.17793128590368304
0.07067852563772622
0.03133005795121039
0.8792114295803184
0.16022146629636483
0.4974915698759705
0.7960210375784115
0.3439267531757305
0.11089156611508613
0.5061627759802012
1.279621596078915
1.1584198359441409
0.008157161296809387
2.28751368836187
0.26772274964563103
0.08837093710254612
0.8544312096322203
0.4348099109899679
0.43999012690774153
0.5716459656714955
0.5450559775716576
0.17543398060706655
0.22798028624003794
0.575104186684609
0.2576895061967175
0.022628696616825584
0.019313510118075437
0.4030071533892305
0.16147957607432567
0.30873013528013354
0.03621320814198356
0.2822847761526867
0.07456223936498073
0.8700578955041454
0.5573992070911592
0.10800330149620756
0.34910883650943825
0.25702125050713837
0.4491761127354746
0.9190119343990947
0.5245688806707912
0.7643889950176163
0.1733951570537512
0.8784234278151445
0.5366434326553506
0.8360261972406118
0.13096088337430847
0.13881753002221445
0.44924649764172575
1.8244672327339595
0.5761317440247173
0.433091829025477
0.4630079454021189
0.5719565807964216
1.142090942143671
0.08096895623185031
0.1889390948146239
1.277895278897366
0.12031734275480233
0.7268611176950741
0.3861104498510586
0.029178031276005687
0.6890742678167563
0.9786801776380373
0.20889009806132033
0.46878530189234197
0.6335521539294817
0.06250395896758745
0.19836791090732134
1.2159207816246584
0.5198237993956673
0.27253661142653013
1.1494348368809997
0.46739604445654387
0.7235708006945796
2.819343216529219
0.774488635865504
0.17741519805602285
1.442204442379818
1.7059578384128657
0.7552036714801363
0.019831232210641404
0.16341122362558752
0.049413288381419736
0.6560646212179931
0.19682370574495817
0.16786726023493984
0.2647011281447899
0.09678131795701499
0.08274161830488945
0.14343128965564078
0.13958963179189107
1.3880960305146997
1.2469362886205506
0.11951237876081569
0.10336672736431855
1.5643606852033778
0.5094030545633397
0.4766624414812691
0.37314658220099345
0.21478533125997526
0.1979606347463672
0.6997632195620466
0.28297881852524814
0.05287333807237159
0.8018581781776815
0.3648546032126175
0.12153155332054032
0.3874895387321011
0.4093037712741268
0.014337477516522503
0.6471370487923171
0.5295789848955574
0.28069394077050575
0.23856052409912623
0.5885548720208197
0.43308957373687246
0.1820650280328706
