0.5901565577084824
0.6718244465969246
0.7411015540631422
0.8462122746103254
0.07888199214335385
0.5608722536657104
0.5806615805316265
1.2608691317337497
0.04682232967456902
0.39757818027691816
0.4405068384528429
0.748810755586845
1.1031831992200998
0.9723171146902094
0.24785614684350668
0.9387134006556355
0.04202828928207119
0.1977157572253295
0.6571372285923153
0.4830716412581259
0.1934080912763448
0.2959871051547931
0.8923849429105641
0.9167716943501962
0.013755567041210937
0.4782404738831358
0.2503299293279742
0.6057930417084061
0.10596336296406879
0.12720528977693532
0.49540772334660194
0.30474263072695734
0.4512096726473334
0.19935431792689076
1.0726181891203628
0.8222289061223136
1.0020760901498638
0.43639178716218985
0.3811524408022832
0.3700342025432957
0.4100282371315691
0.2305121680733699
0.32972421675573693
0.056492032297139325
0.28845710361203336
0.27369597059735995
0.6797994020406096
0.218891022020842
0.26102187683662786
0.20082760680729694
0.24230187093578814
0.18846785995709506
0.14759465517509102
0.16047755919027806
0.22233835036791053
0.4812636087417642
0.8275626546892434
0.5537588697778927
0.5394611757515969
0.21896156677660825
0.15601436140107092
0.08055135634990086
0.18107357526474968
1.7948727062449523
1.9015928824866195
0.4793901248300506
0.7816590309534187
0.12013848153685183
0.7940918036648271
1.0230058510237183
0.05760615812443241
0.4730481769700883
1.422228988212709
0.230198344320183
0.4997755602138521
1.4651527007955056
0.331858305128708
0.5286128058897751
0.8953970516363878
0.08259821934522416
0.019689142129293995
0.055256865211019836
0.24779780190936382
0.09442025046347931
0.45789491490178325
0.17802997055658448
0.05877485250211763
0.5224352478562443
1.4010341451491055
0.22628278876016297
0.3040397860955196
0.14357577078950398
0.05384663290967343
0.9016691151746531
0.04037041553817069
0.21608140657922326
0.4204974647961512
0.02040553939489789
0.6446176609961368
0.12424950536505071
0.332560574867734
0.1069635003981822
0.35023895809730926
0.3363229384927688
0.7966192378331536
0.5493281010939949
0.5371906767062852
0.021012342727184004
0.46670314584269756
0.718942247070086
0.18367995466750597
0.22184072573166147
0.1219945101235816
0.7478446157931349
0.041597122624283785
0.06046771489660723
0.05800293650685095
0.41798980041505107
0.007427159119259754
0.011011798918851293
0.6828962211955121
0.03699535946280576
0.03752943715426213
0.2643388533498862
0.26987827249662544
0.394209004873931
1.0940913656440383
0.2182722148185446
2.3735974589159854
0.5013596097534042
0.37299146958953444
0.009002996217962075
0.2442391426051267
0.15599542769235436
0.0835236931896396
0.2153419179289734
0.1335053456080318
0.3956641791178176
0.127462663249104
0.7369441608298937
0.14502391290034156
1.1073081775593225
0.28968467364579165
1.1177833067473306
0.3143467658213848
0.17048700014766388
0.34076777910985157
0.6582772979738363
0.7499109772789628
0.03952440160343998
0.41919787741873754
1.0260729698202107
0.5240223684861767
0.21474522252663406
0.2896891934937851
0.3952599522752793
0.9829056794405397
0.05146757678234194
0.4205665846910666
0.5796820946765017
0.22117354361610847
0.6822851397284614
0.40572229848046976
0.5939195825105564
0.3800113839199782
0.08787618094478965
0.15098205699987768
0.12498537234742017
0.0806223161538981
1.0577988950690322
0.28969557207909385
0.7390915210558704
0.505476269699817
0.09449788458541536
0.7145377990680739
0.06918959311553538
0.19521389688369428
0.6137868954226702
0.10715716496133032
0.0910992861392248
1.3320516919228036
0.41062702674750795
0.08257304861986481
0.2127242365976152
0.26596971026637983
0.5205120469268901
0.12581361807603114
0.21640348599491346
0.2493914795543964
0.26569721440351446
0.3767799555373205
0.29646730865196474
0.648591796939519
0.563217573079779
0.5740061953539902
0.23238973231696938
0.5816618412694151
0.1753281372737402
0.9883091724099476
0.0783247788570594
0.07938257877784957
0.3657593439260814
0.3855816329395497
0.2568588493529278
0.06150741573546323
0.18235590906156962
0.01022579403606787
2.172363294222633
0.1777317056198166
0.07701361568082907
0.7274764891377777
0.2518673057228163
0.05901766025015877
0.03921626246368957
0.002192202856753382
0.005845968169813332
0.5477946379117824
0.6357065201684224
0.1449285737253032
0.19968544587820347
0.25422075538313466
0.05833357869412338
0.47582095804311497
0.11014048721770921
0.05995993100040534
0.37971974478817383
0.10476037462610151
0.11753813780331542
0.48215347944075415
0.0384433078779679
0.26635888027707844
0.8500945793797345
0.06614382513738873
0.08989110813023184
0.20610513099036595
0.054103050559971534
0.32014877649444995
0.18742898122976015
0.2046770350756589
0.1940823348862612
0.10594291689913324
0.34260082752904736
0.8891172447582483
1.1567205927158906
0.534874432158208
0.5812635856704411
0.27434288374839405
0.5775754317246058
0.22056817076124888
0.644485841902573
0.7122368818117353
0.045589408631961426
0.018550920571380188
0.12463749328325795
0.05820790675559216
0.3619063857925846
0.07930472698982467
0.11882286701801607
0.03685552581527762
0.18434338633907077
0.21093790369069845
0.5912135990759325
0.2710900774109093
0.34327271746858107
0.865863603406894
0.1794683094623738
0.08845443940037687
0.5513751563768235
0.045773448048797925
0.5286669349496345
1.688965429215894
0.1328262906483084
0.19120679908623125
0.452719508658033
0.3385474113838306
0.16804829564040144
1.3068062885876603
0.30075004092224206
0.13265254215232783
0.5334017676261308
0.787950509308688
0.04361973717203059
0.5043179486236531
0.24942134023228438
0.3625140515879713
0.042964773814340704
1.1676727262144535
0.7458409931092644
0.3377065420439473
0.0913282404678183
0.5340182456134771
0.31571510341508136
0.06963074981126119
1.030018884320199
0.5622118623536757
0.024372724638496754
0.041970076486128306
0.918517670220334
0.7259056260017989
0.6418059403032622
0.6829205703516378
0.028868020882914378
0.28665468520970305
0.8929682568311191
0.07974074077159644
0.04008195508904073
0.30228171191769493
0.29567619833407843
0.31872825751065254
0.45501844683243703
0.054804622658704595
0.16425469020973446
0.8790077911137759
0.32373326537987923
0.04299146302644875
0.0718322696820532
0.08704921018089531
0.2119861419365076
0.34283954040299774
0.45830594346929965
0.3105289617218479
0.3281270868438175
0.4807359505877328
0.4837127143665769
0.13357875070897698
0.10365948812406542
0.07896943042097389
0.9590321696819539
0.06351872146697857
1.370815656126495
0.08804377912355729
0.404839165258266
0.4004648576007334
0.29430365863764946
0.08924602507219453
0.15255566745817845
0.9067934749144402
0.17877277200621675
0.4275971333228853
1.5725380615517641
0.2938661043889973
0.00858094769958628
0.25042242363329
0.32343377844339966
0.22447335310764907
0.7718404525665149
0.8913982703934273
0.3474103041076627
0.30505807653291206
0.22725660856363816
0.2458676105698976
0.8249452080289659
0.019069221451500824
0.13458408996815308
1.124836491559066
0.17793630983156783
0.18863876553271208
0.8190467687156021
0.01522435164914011
0.10175011228526921
0.5875581516655413
0.5960165295210668
0.7757449814375303
0.05079486622962981
1.6508159429352451
0.1654612958103296
0.2538597573713153
0.02078327071437733
0.2751833949051971
0.3607694478387927
0.06442613410782538
0.5899594108586451
0.5507486845745694
0.5542048735023744
0.26862064180931666
0.8839330597337614
0.045048467398256256
0.1431691705655558
0.49057458474135435
1.3543006613964252
0.1582219932271347
0.27299035752617884
0.04161297956907007
0.5692506151242543
0.10414927810769908
0.20184002424512348
0.5503430863224347
1.6510916262292061
0.6339491795469724
0.2715966287057302
0.5865805956885315
0.08697982929631978
0.1787520099357259
0.9470174424952889
0.07822068956730414
0.4084303992209397
0.5109363123557512
0.32617281062989045
0.4471486052111622
1.526564789958917
0.3520713657588506
0.15316386414025396
0.387199741529181
0.3641096357014475
0.27973508081119364
1.651423738636246
0.42425808795522385
0.18560782506814422
0.9867578855632257
0.08922155391552634
0.18206807154112528
1.301641074805745
1.0528108916995358
0.3130004329855628
0.25507534713760044
0.09143641840407467
0.05132794520942545
1.1524217701654322
0.10511714641758316
0.06128890841570805
0.45514961052054187
0.685376451006002
0.5843144561589638
0.3546648264968959
0.003844245298422434
0.013762721132899657
1.225935810143597
0.180757676706863
0.5870792121101224
1.555969719566095
0.1792011493350609
0.2845755889556347
0.38890674951648635
0.5200634589461096
0.08058074463629751
0.7654547912657594
0.6707068607859008
0.1466868390489024
0.7553726355254194
0.20040152394000774
0.1039088955542969
0.33131689721386326
0.6534294299802207
0.27912132238706255
0.28039367498392137
0.18304958890028097
0.404464160873139
0.19476603417080332
0.31700477189210297
0.0727576102621258
0.5398962891150856
0.2062904517424951
0.1419443276382455
0.8944131984958373
1.0437609637484946
0.8337429261941409
0.609948651101989
0.5151204560816522
0.7022000696972129
0.9177540985038636
0.2057965832294696
0.3629376446562106
0.06833178214239934
0.5467507202657452
0.25217944060223707
0.2103605062141275
0.8685211794683343
0.41532297362693854
0.816596580821319
0.16580446849677938
0.2082617580609667
0.6557672255577827
0.0908750177199879
0.12023589548390964
0.20727264537353526
0.03995027391591346
0.14344316376185456
0.5018387547592401
0.34578174348142504
0.5979554544516688
1.1898324688979611
0.6099685232939662
0.129258370684951
0.5865490777322073
1.0445094532122121
0.20960899510660494
1.3728663328031019
0.14623811266741485
0.1556638967680559
0.7651834742741138
0.10053134602253729
0.2985060521689351
0.5468915447331703
0.10180603425217631
0.06217819739850576
0.7438033923701285
0.4458882464506349
0.1878560871943558
0.4399326475731775
0.5655968812886457
0.028824138486861176
0.919487488325407
0.16376003975894562
0.19904713407158656
0.7788125108141403
0.05052516947758016
0.0445318969531001
0.585004007744799
0.3414671064753093
0.13074608242451563
0.6114856581965097
0.7436150158513114
0.1090869625156042
0.5185590771878409
1.9661362429962645
0.12433480007617001
0.06952457105361783
0.00806270595226571
0.5690478267585513
0.3760251347879858
0.41384182058897306
0.09574511727970239
0.3725149623725183
0.15901469926970802
0.5688146828955473
0.5059164283266517
0.0686963933625217
0.1630729286961047
0.9404024312138436
0.6640667580518157
0.4458052742674422
1.2762759990384123
1.3418255007809472
0.3538468973078177
0.2938282983089545
0.04047202910707256
0.11072684026797099
0.1656410556867565
0.6483986108054225
0.10987842911814225
1.1759772964880513
0.3243231783614255
0.5818346504795642
1.769365466187301
1.0731685933029675
1.2027281049125311
0.19487880509332586
0.43283649723416345
1.3524514020307528
0.3817276858540373
0.14349437876713492
0.15819959563943278
0.6766903459915431
0.09161766828136325
0.45923293865830744
0.35546844543744294
0.10513885788087175
0.7447601165797096
0.8971256293656872
0.03778050481293278
0.04922764628473296
0.5809913356635836
0.20313343985294643
0.10235714737805637
0.23752027106247076
0.09041255181389443
0.1069510403049373
0.020224645453971905
0.0659562304147846
0.1010152942070277
1.5476600017176794
0.6637602326138194
0.10004851302059137
0.21654173255426176
0.823065710493228
0.043404094953785104
1.3616752635004736
0.6797233452616755
0.4805441224233472
0.4450200562500349
0.38993803800111193
0.6640818865997241
0.5854870988627794
0.35384499459370683
0.25338051261190525
1.2013156707682284
0.3945581191197618
0.6555436068228103
0.4230899170642117
0.08291628859047755
0.17017678596290783
1.0903003219329925
0.4603980285810114
0.049928436102236705
0.4833413152069067
0.11057537975349427
0.04274166474987675
0.2980065553111483
0.31058918658164214
1.2061793677632062
0.3904723286784827
0.04789227173689494
0.03411930065684164
1.3189493916397863
0.2761728436048742
0.3078433924381698
0.3513860262197375
0.11722951286296751
0.06111020338795088
0.3188000040239726
0.8851532009465516
0.5267375400844768
0.11870322563194996
0.7584862529226992
0.4018431903009317
0.19892236570404032
0.39393401274876266
0.15406159494138133
0.18244724609629218
0.48558735319585855
0.00193124491208318
0.12965568698022897
0.14603270537929852
0.0441751805306607
0.21722092137019702
0.1727837344619718
0.4187609783909698
0.6820549367451657
0.2704677100273642
0.566172128574945
0.8099157465570956
0.942385690523448
0.9499366254944456
0.5568025973580257
0.12876128063272557
0.0585990522877669
1.628229454531505
0.5891165442443608
0.3535670632645273
0.6636643888416633
0.011510703951165087
0.38187573520485607
0.20050904083779725
0.33102926275859523
0.283794460576919
0.3808399313574549
0.5655824309918023
0.7151667549510503
1.4544492049822637
0.08399776952371783
0.09025470010433796
0.8436367827330692
0.0558368970129507
0.4816505024232464
0.7762385295506774
0.20505596607832646
0.5074098114729225
1.7745272227609774
0.08173513963284014
0.32907730635313504
0.32407204383832783
0.4502832406164765
0.22281809136860395
0.9418019422242929
0.6415768409643938
0.46660265339706364
0.20412701144015402
0.6976362253580869
0.32872820678130055
0.19971170765829752
0.8199277698141577
0.23720138708118546
1.9915363560418182
0.32604552741267584
0.22535616510263368
0.42314166812973036
0.3405110838332867
0.2062891473093891
0.9076936218552346
0.24486321996180357
0.3091208838292879
0.49542146466402487
0.8248572612134084
0.9689554436328545
0.5230988238004263
0.34494042459657065
0.08439881523867554
0.412455438717904
0.8049842751658712
0.37586154439159936
0.8148466876141733
0.34607333033359194
0.7398228891304526
0.1976393295618757
0.015463260384753374
0.02964577945707926
0.30307601385580807
0.30208958190301344
0.40570701889992383
0.5413617845865731
0.07904863345619172
0.04141899262581807
1.079805477803784
0.09814651062389768
0.2547000649029315
1.388353146268079
0.6145048779505837
0.08154585041318183
0.08270837939950028
0.10786208913527216
0.0943503003447856
0.4370317563177862
0.3871518258883307
0.40480722345019166
0.24563104219702162
0.49491460539185494
0.18026141437761733
0.7405536733369106
0.8156977449888694
0.43559944271645873
0.39340020652057317
0.10061423470624199
0.08172768176294254
0.10752058533207323
0.037462111349609355
0.8575337753601571
0.22875129225898874
0.13212834163756343
0.1642520508408488
0.17547190355476716
0.06267746088063351
0.042279865653198544
0.0632217060569484
0.1039601044843851
0.36258182253682875
0.44541847748247804
0.4183814685384964
0.23828191796781728
1.1807866331734174
0.02620211924881511
0.14991337951994504
0.725593248825866
0.06732939777011904
0.1672624886650959
0.33096246557331693
0.7820988032569973
0.08229936353991296
0.4511793617188858
0.10814419880630387
0.28437193020846663
0.4900234671534219
0.046194646370717234
0.009251620621521026
0.5571850456686164
0.36054837807061035
0.06440642232814904
1.4476507022576803
0.05530369555169591
0.7070113032373291
0.3453198228704085
0.48446263562250225
0.7033305721937465
1.7595562250389212
0.4064115857078276
0.4305770718338604
0.17852564005446656
0.1500282257870489
0.04242319215026214
0.7574726517233649
0.15280660607277388
0.3596309128128955
0.06904938570427832
0.11014055516755844
0.17102865970199502
0.35430470380000817
0.29597100470291543
0.22794866404906233
0.3815131937134859
0.3582987457838377
0.35086078253323766
0.4792047296911261
0.2745597191578528
0.2129942244777048
1.428260885721044
0.2634891681621407
0.5523343587153527
0.15914139490486776
0.027212174793099772
0.6135387847964385
1.8771946146847132
0.28039790835262735
0.19700760866360836
0.26722107505710263
0.10623272095934706
0.09332797334293391
1.4532098728574918
0.06667896660007198
1.8210630499792244
0.7726783916652469
0.04994006600520342
0.10551332144256743
0.1875896081919229
0.37438121465715046
0.24699864713722114
2.010770972407817
0.10062298981136948
0.1298120912639158
0.20071621186618407
0.2444711060314804
0.15751852942041442
0.4228459256487107
0.29802982342651113
0.47202141431904976
1.780843105045101
0.48229400736149686
0.03766291962451812
0.1957298701530518
0.08205848987557378
0.027093339392775903
0.24389062029074954
0.9186299761192069
0.8658886796252756
0.1747059894368502
0.016523053618390297
0.08803721155882037
1.9768119823014871
0.03411790964033796
0.20884522694991647
0.1625149616052229
0.3007591114681606
0.16172869824800243
1.710019055147246
0.4708368171968275
0.17512303608883867
1.5073676019151614
0.38786523619482227
0.22397956755443185
0.2772697086171064
0.050656807231494044
0.0957729107780201
1.4368499170554117
0.12331095061933664
0.13385667684465066
0.2605236479050194
0.2937185158220869
0.07502167146807079
0.615712445335125
0.026487009327757927
0.057564522269635376
0.16085511114327616
0.40322598689209
0.2389268242114015
1.1406163647014937
0.22611473554832523
0.35298277735616035
1.087122730431389
0.0905646355915493
0.38129889268520684
0.5857731049939863
0.47466426798689
0.29781481499805257
2.526687297888252
0.656602399011087
0.24760761719782381
0.23209954808389685
0.2137961283966625
0.11020459448221398
0.49193381885919135
0.09671043178478558
0.02212629527708101
0.14053084557847142
0.5268028825339571
0.8868334447196314
0.38666366114464795
0.19427899855763006
0.0712418818033474
1.7093881374600983
0.20398733032932734
0.19390278043889417
1.4259476869887702
0.10286004362573811
0.16775927827598427
0.7935855536341473
0.7984481624726176
0.9521003775481082
1.626207944509978
0.4434141649807116
0.20454459530430555
1.2312708147320517
0.10586387986643549
1.1891133142775023
1.0786003129841961
0.4428198795161356
0.6739109603969534
1.1884870817549478
1.4421351674877851
0.23611282603287034
0.7584268294108952
0.21904252765181148
0.5585169719065982
1.3499168934200603
0.13112026197835697
0.20058814785527793
0.5700076407922762
0.2801829776926628
0.03343009346184368
0.88306390418271
0.21175184347138493
0.05444922387067638
0.5810654468988777
0.5802280877465359
0.350223023768863
0.11772962250514954
0.7093625943428719
0.39918714559476576
1.0129408868250014
1.009569022539933
0.37293368588004583
0.49422817087901216
0.8568637191296432
0.9478637915603949
0.7071095142025069
0.3937510611249721
0.4765556525782247
0.4100580674262218
0.3263800198911985
0.08509738564743284
0.24996583882782622
0.03757543298236944
0.16920476549697666
0.04170500493257335
0.02070846483669156
0.0049721200659991
0.22166228383520917
0.17789701941286362
0.6696024744705208
0.8034148684280755
0.08843421899151704
0.1620791847200311
0.38229552451175836
0.3764343762969129
0.6804178936666894
0.7706603612901118
0.06553930139374656
0.015707706206325413
0.5996448835688025
0.39459498993640235
0.16672954227315637
1.8190627717203411
0.7004733391396281
0.424658106216212
0.226086051119122
0.9070376574184802
0.5125686766918703
0.2859176667752772
0.014974813788387309
0.17693264551537602
0.08856074928551515
0.37048272617183337
0.2281165108266619
1.7209722939333945
0.48545388191182476
0.17701387011643713
0.4785888835018667
0.025081513089046662
0.1497704468212385
0.7890463674051732
0.07981711588093308
0.37574167206158815
0.3234959668814007
0.040459889042867216
0.2197863813458121
0.9351144951427588
0.35099707364152866
0.11426607698681855
0.5915838939909523
0.16864751561486502
0.6381919183166852
1.038501899828721
0.3769880268138368
0.18475651042129942
0.7507782734482162
0.4706585845772683
0.19547384439962917
0.213215893357284
0.451929426671807
0.2922251369841217
0.18742193650305977
0.06767511888005036
0.03656198002275265
0.6942033055834711
0.17926699337259522
0.1024421099735775
0.2218127283213921
0.20118398509248692
0.18616364501993363
0.1523847694589555
0.0836488065946508
0.17543306711558965
0.9279957532959175
0.8555088186436867
0.4512879356247056
0.1792501119133904
0.05301704804785256
0.03029403041652389
0.3495641081792718
0.2699857276594125
0.024452912100053154
0.05608460883588201
0.1984662634900919
0.24769340764922948
0.017325486043650012
0.43255129610819354
0.3260650043427624
0.4861087724463182
0.19406295472591026
0.20361287553648497
0.3813450950043506
0.03941778845336869
0.08680759503691177
0.5337944940248869
0.9215906347978085
0.7965788524421515
0.6618751892628517
0.6022147845312575
0.3816409320115301
0.3876591504602521
0.28567963963778864
0.6967788438918192
0.12730966986923675
0.050239551136751895
0.004161014168704278
0.04795751819428622
0.008193154826510883
0.04298960843343214
0.41682599352309685
0.07724298252208832
0.49506186888381903
0.837470254818376
1.9520334252946863
0.04281021829426503
2.445232977462801
0.3672641137426045
0.3035981733800367
1.1068128095065906
0.061969535119417996
0.28351124491581176
1.1483396723251709
0.4657105462116237
0.1755281553606253
0.7383538435433573
0.13908588193287524
0.027715427045536742
0.22391074671338754
0.1260996232537263
0.09938184086930506
0.17571435023753484
0.22096370430503826
0.4782829507853607
0.6130488113873542
0.3710244242081007
0.02689279759941872
0.2140823570110457
0.046166021350939945
0.3206451665335489
0.2893928625149074
0.4717505861905808
0.18164790231481487
0.470432806888273
0.24311900571093026
0.10992558590475049
0.8594054119057541
0.08280750688153944
0.01868227568009042
1.3414247763426623
0.4875350944811033
0.03565816537732909
0.13036736286483108
0.41303969980504474
0.0476864354545953
0.393231977764652
0.23747743623498374
0.4344217109641579
0.18406596401300251
0.23465129888171293
0.03913578855268527
0.9274590999269187
0.8156600983826673
0.47695791267722676
0.8621675724716577
0.27236906792440085
0.108283123527272
0.24594602619355174
0.5569183975691254
0.41339593597300534
0.7132452906622939
0.11080623517786618
0.36935356646978523
0.3383069692271805
0.25813936125553477
0.6843208719212551
0.77589804800786
0.08211716705460705
0.14354858287668945
0.217559534892893
1.2737999678056542
0.4143087249699958
0.01591878177973865
0.24479022316143642
0.8532506276012595
0.11308674726890705
0.2246678877894461
0.09358105842055305
1.9163235209259117
0.036650800613766195
0.3094226027484351
0.5581604710182702
0.37165521066718893
0.1945042501320476
0.737397747772913
0.9980744951332807
1.0525466606273737
0.3808805384342782
0.19055714716799996
0.10327944128192017
0.3675236652195318
0.3250878013480439
0.6647665397564247
0.3271763427452874
0.02524928748747213
0.20594899275768208
0.8172220318149994
0.3365531073785675
0.182661561807995
1.9653884112698212
0.005316899639947935
0.4953621545293465
1.3351179426272806
0.9228524360485447
0.5129998102123742
0.02178257053733114
0.05833428291716696
0.4637339493050616
0.5415579101330017
0.08248664178011435
0.49687753058259465
1.1036685561719626
0.05878316063573799
0.11796800162085098
0.033255360365226375
0.3239309468389604
0.23195800150565726
0.763825105266512
0.06376489136724031
0.14247795341678007
0.8052764312337225
1.2890030992584447
0.197036999130608
1.5269729717662728
0.8165167197652579
1.1292510915588179
0.3552338760083525
0.1824507440798693
0.12202274875067468
1.2832689815715348
0.24798353803528933
0.4125877316105109
1.1008775851707706
0.21196012411041462
0.36797800094943056
0.783102559847799
1.0786858666867307
0.5144158613578348
0.5894129772954834
0.14913170642111964
0.19867620828672242
0.3333294539062385
0.16284543297207477
0.10318850741535955
0.08081264323342398
0.11926790214688478
0.18191332042668668
0.772362104617212
0.024368954027067583
0.41618040769572684
0.8072853106337236
1.795883156654018
0.0576303246374974
0.6501752982727431
0.09266254187006187
1.1505196610741626
0.7085687260889632
0.05481822591038103
0.07743343110764159
0.3108029126251276
0.025066251059035285
0.3161063789708524
1.9323653231730877
0.44518441860209756
0.29365950938521346
0.7422630657039039
0.023980285717806426
0.422519669521859
0.3064937765758417
0.6720263048268228
0.5160723108491548
1.1005348309040677
0.36354812975650963
0.2970265964515657
0.05654406249737424
0.008472640467139745
0.014097657241716743
0.02142793933778895
0.13063449741977087
0.1570184034749869
1.7017972633672633
0.2914552362967621
0.38991304143037964
0.8964152455463588
0.0709034630180503
0.026408362488017086
0.5937799926632502
1.1245801370194004
0.4790911835986284
0.16521980347815637
0.5136173927123885
0.33801514810943567
0.4890177893126784
0.2340530161331799
0.20970460179597464
0.5321430106282357
0.16287649413102875
0.7725266437034146
0.1282460743005995
0.4397063384564336
0.7961688577956553
0.7485037261242633
0.44177584005016474
0.41329673286082447
0.2917182824303344
0.5502204387175348
0.44357925430069656
0.11715739738502519
0.7290288644769081
1.2649559926118457
0.9341656443196508
0.06165526207309242
0.08811521151311572
0.7749610647608005
0.15632478571899053
0.14501362404375573
0.22226425920289988
0.1918225444797943
0.3038649724374757
0.1661393170900342
0.11778311717945203
0.3803187773650113
0.6456464478337972
0.20514809357684122
0.7712272270166926
0.2888613658488413
0.12846132380293962
0.40733389420859084
1.4735490598856524
0.2604721396077028
0.5792705647189399
0.49112406451134816
0.026563949842233182
0.12728474291206265
1.4711080372334362
0.1000857661417507
0.24555697646189623
0.3065796413733153
0.05125047266944428
0.15969867855689326
0.28958110270609777
0.10762466429910904
0.1013793303950334
0.7873529789053619
0.0697802356364078
0.15385722109492309
0.9961115313728849
0.8720092579332278
0.9541027715269985
0.5246090858136828
0.10990391513470098
0.050460840756523226
0.2202798586867559
1.4542056233992604
0.552113171233955
1.107835432142528
0.023514881305350795
0.5297628013498598
0.06193962405773178
0.863097447255088
0.2429258336945557
0.6511102182522078
0.15341993445532548
1.1781770354354915
4.18192005448596
1.0506762536066454
0.4877300040536032
0.6606677443311199
0.06187619794672436
0.12565145567205416
1.018431315440521
0.993842467090605
0.30954639144772833
0.2935021290101563
0.02479941452863422
0.3301744848288547
0.962050157816249
0.01589918584838246
0.4142795995449315
0.969855060044276
0.06168742520749262
0.4074637289198885
0.4481288477102355
1.37953615915449
0.053704545136230235
1.5144130264440592
0.09313204429681884
0.1008797913893043
1.9211372464730785
0.3793808849430726
0.32199548013051627
0.22324939525257395
0.7986413434025078
0.5037762559823591
0.7236804679998503
0.3164821470119035
0.42418469807392695
2.2193087182684437
0.4523502206875243
0.06274702363654751
0.3569452163433481
0.10801416642003635
0.09221331997460035
0.45576931523768277
0.4736828174075719
0.11269188011789745
0.5402428736433432
0.09879153647615563
0.49087931781768485
0.2743053412026745
0.13490837954525833
0.26172604389170423
0.024132661499288183
0.11990512924809264
0.09923780804570098
0.7624467732558836
0.12928908060413546
0.1659729272264227
0.8353833969868694
0.5199102997286987
0.9628280928744696
0.6378661763957387
0.3122735756675385
0.03907136964186409
0.5529802337351583
0.2548472052874777
1.1386913699908463
0.423333653680942
0.055523000995412596
1.6256613614881092
0.3557745762057718
0.19360617070528294
0.10040990294696509
1.1365071299535197
0.2157018004468092
1.1817340676829606
0.27825410957592994
0.12600503501463772
0.4895114249489676
3.2381856206460746
0.25238870321074003
1.3367378357881299
0.19326141895844495
0.45366198501229094
0.12887873877297887
0.2539813981742673
0.09992703689341031
0.07739950107887257
1.5521981815745929
0.657261427095633
0.1391562089320862
0.05461857609244398
0.11563341755594948
0.0291034357927169
0.16407737434743255
0.8204417303591645
0.022496479227723812
0.2479717308245674
0.2986863812478463
1.2201300354369764
0.4519790330768931
0.23566453003315369
0.17713197222722024
1.7010919767708212
0.29568942395406217
0.1033804908753578
0.27549552821646534
0.14343469852090018
0.2579441031552672
0.9250228194436213
0.3759115963145837
0.4954175498633568
1.2403969938246784
0.2629623137204904
1.0558180790553235
0.5110021743406995
0.25804104053675775
0.37863473011462523
1.393392964037526
1.0817029115699743
0.3490934778492167
0.018328199904564864
0.05977338777379291
0.13690689482524493
1.399807260704446
0.7093183667355384
0.5207738065071457
0.9609838107035582
0.09759362257709675
0.19754469147633327
0.49272236416473136
0.03983648159403323
0.019533775745115476
0.49957666747982415
0.08115254192521501
0.8939499476167393
1.3990506474282893
0.6554016529643949
0.06755406314608599
1.5931837577257388
0.4647215206008328
0.47373236150989356
1.4977575425834164
0.007976548064717617
0.097540050387858
0.6811216961516833
0.1495717065942794
0.05554718856283192
0.7446455011883403
0.2341358965940743
0.138072680617675
0.23382548127906244
0.08854610599270324
0.56905437516212
0.1333639825274212
0.184548204777873
0.20960726196289697
0.41437065421136
0.06094628724107296
0.20761220827668
0.32670517076982697
0.02465993005296236
0.1442702117161714
2.3574067038541173
0.09446002590401742
0.03893150884361946
0.5189454577055934
0.41676812572433447
0.0048964185880853136
0.10432205223215991
0.24808799388331812
1.0706291625946074
0.3114169742880861
0.3998298452025655
0.14338525657422566
0.21256790454659286
0.3175182265801232
0.671569845465701
0.3725454658516861
0.30887797830949576
0.15873616061188212
0.15246156362424557
0.5349154118261001
0.12630517463246663
0.24170778368370663
0.3117226602555772
0.3771812192165939
0.06305756984195514
0.7443730092473781
1.2369947627894744
0.6504232242278096
1.0009485182749325
0.11659341356371378
0.7264244432898695
0.2798686033522976
0.06539524407768622
1.1376843410666215
0.5903764351697471
0.20122670978116242
0.09113660980151153
0.554483623845836
0.7519673822823456
0.4213330303567526
0.033199095257062945
0.8815656950526437
0.5596767006035408
0.1369774108633369
0.5427545508658196
1.608570817105419
0.6424497079314331
0.17577156768895305
0.1628107247699447
0.6105097686489434
0.12953274868905343
0.35737492921268693
0.03949665255322191
0.00304386469272144
0.5625199348544958
1.0992103675782448
0.10260079754940546
1.5420692621580396
0.7873482459027515
0.31516685619974816
0.7718028666987122
0.07062245043056989
0.07576045313672816
1.6123688828528475
0.08036435174588177
0.09990713930622688
0.7307192026237459
0.527464808838164
0.45477018919850265
0.09137877101111089
0.2065741102680056
0.3089956711223977
0.36142290140973754
0.018116622513019886
0.17652276199930933
0.6498924449727924
0.35458025427078643
2.4688392452733914
0.98719667228998
0.20796764442218732
0.034565863480143885
0.37087652473532134
0.3452843177094247
0.09195359381077635
0.12472447954767127
0.03875253284665603
0.018248942972698468
0.33764467301210493
0.22441132435360436
0.03465834144258649
0.5905503270048768
0.6902900737549045
0.3096164207695203
0.5379791978617499
0.683699201584083
0.5009959232428005
0.32532475902021035
0.5470527302821363
0.22257966109489563
0.5836288607300334
0.17811158442156677
0.9974837474805229
0.6143225545186929
0.6825920704421167
0.5385477758118138
0.016746405541721295
0.09906951846625436
0.19799159425897958
0.2873762334854094
0.5692969647014945
0.02596455363421701
0.1307622128173904
0.5185154180313075
0.15565943718478428
0.4424992951818952
0.5573568331639475
0.5305128580402437
0.26562962663663675
0.5040622248371531
0.1496206480022664
0.7875770452560525
0.08606383267146452
0.2196435632528995
1.1948139806681906
0.004377273512013615
0.2098741841751628
0.8849864264123352
0.29117847409645925
0.030657667760710775
0.04586578398483772
0.04260331281294943
0.53356880092343
0.04943625222566816
0.2698127045218469
0.20695136937122846
1.4951887890374784
0.21281660017616505
0.34162444426384675
1.2462075788775508
0.5351749593309456
0.27857583642223854
0.646900816225617
0.0651952847410593
0.07176618601794527
2.701802348850332
0.05031651760523651
0.47143460022771067
2.4036525031677853
0.017130360598962356
0.17362156226402461
1.3352446239029012
0.2690447715300764
0.31657659618818473
1.2079855520101845
0.17078579423335102
0.32502235978067495
0.41965041525416236
0.016218443078071056
0.1154518584668237
0.26025583071654435
0.49029260263955443
0.18449056551880713
0.6382590006356801
0.48744796640975124
0.32310566885903624
0.8649973863597636
0.039701195302727726
0.10855758690211326
0.3488469805769252
0.03486529859461535
0.29503613385804267
0.09221431700076695
0.09925215611883974
0.4536755180005823
1.4477743518808863
0.15250768659285083
0.0919572574008255
0.1492097729257794
0.0865465441186357
0.06227779557162813
0.44137924585469945
0.7710558766637869
0.37795941653603865
1.0345343035349204
0.21137290200790973
0.1444404891272746
0.9010967902329423
0.5376600869462541
0.7845432898078326
0.19793467282015284
0.030614774702626652
0.4733127568185128
0.3544227090576055
0.06515888513986327
0.7103581812408799
0.01625790661358314
0.28996413177202096
0.15949986277695832
0.29603394340989553
0.40684077901737425
0.08756270323635273
0.22351533283278802
0.4520896578056779
0.7662435505720374
0.9172752175067599
0.36472701039973887
1.8589567258392146
0.06628246424835392
0.36434120026568984
0.8767898575822318
1.5064183511443046
0.41146715995711175
0.056377022575296705
0.17750187448280869
0.009452603446806174
0.30896949590786976
0.29541910555981
0.9498698743334552
0.09081457803454702
1.7198787111413403
0.061311696444565494
0.30074549304940024
0.22448901429107665
0.41041470599172974
0.04675779079677257
0.32935387659421983
0.26081935675713785
0.3189711637571663
0.9360593480489451
0.18208139352268723
0.26823259607669525
0.37560866693624007
0.7422347098475839
0.28926310081644196
0.027697518018510985
0.42266274835339473
0.17468498176478023
1.656392562707082
0.6372837206121986
0.24606264602545194
0.6250953674793479
0.08788645555901811
0.05975464810039993
0.48892383748859713
0.09933069444175995
0.3671430975455977
1.2225059617048528
0.7281475970058334
0.5654735864746507
0.3973499045939001
0.11484818011010488
0.09755522198168191
1.709758255816297
0.3957945692698535
0.34056108014175374
0.8615715106608652
0.08935874762243216
0.013448355867829439
0.10929430657699035
0.29687191191212253
0.31863523049259534
1.4549236944203838
0.39115415085826083
0.007876455522946798
0.17464209565014543
0.310008164791543
0.1761781937224885
0.09754170685580729
0.2173806692312002
0.6351045488392685
0.4322083927640342
0.2984629892573451
0.5204914432814313
0.40511350759274767
0.12570999114364428
0.08608701386333115
0.3608333801385303
0.03999844787489429
0.08284102736209314
0.8942258935175439
0.3991407737672341
0.43181951233679683
0.33171142517030433
0.02512194023553573
0.1173925962600013
1.1291311666929624
0.005361123045736351
0.14625828911778707
0.2710559714110055
0.18359451525902387
0.2039664713330907
0.43094841053470967
0.1302022489594914
0.004618794466983634
1.4635583494532671
0.5443897240810679
0.4160111150803994
2.157237220300893
1.4149797698524285
0.7516447730637897
1.120804847037129
0.4788680881363808
0.24209527597734556
0.45476529993371
0.5251720601194931
0.14763909681760384
0.07538650873007564
0.12670570182244115
0.38945848043864284
1.424034355380978
0.04246003085960664
0.09007867464855417
0.10185264223568381
0.2394111461349381
0.3803122622062394
0.36932068326867395
0.25487936969638714
0.16142417215863922
0.5667766838257128
0.21474912233500154
0.5270691699302689
0.458134738481013
0.10300164198573053
0.587210451335398
0.14581386111888356
0.08795328021567354
0.0214723048633603
0.6365951966411597
0.0016576389985587844
0.11018582981348758
0.31326009147314443
0.2939070080432748
0.48288485403854353
0.04627723745897476
0.3808267737969931
0.6767866138275793
0.4321373069775361
0.40398549395298067
0.16656554773500756
0.5699400034345427
0.12433094383052858
0.07985984630394469
0.5920340754767479
0.1779298371707309
0.11758209935493019
0.7225300327062465
0.20068977126199536
1.1510196934258239
1.743638117899952
0.3811393990362392
0.47290713260219996
0.6883673273916732
0.2582712143145835
0.3475626454828434
0.19740049950172547
0.2900700332510747
0.07633920057428971
0.5117649873962204
0.6737424377567383
1.2567544493014675
1.8606829324949417
0.31646316199490115
0.23911055126509148
0.72818880618662
0.04857013024760044
0.04537508926993667
0.7124959108484484
0.20827144749322474
0.10179364463766893
0.33225322273225255
1.1455459077989398
0.14185255329501387
1.02763024625347
0.20993878450334533
0.07202978511387204
0.08950923493735803
0.4716311531952859
0.18552320285688798
0.09098813173247454
0.15875838613604282
0.05500797251529213
1.344736046712277
0.6236711426855583
0.06425604723483529
0.1946730121325091
0.18283845107363308
0.050287870467199514
1.0796593562408914
0.05729181125931396
0.038019105153442305
0.1660310629844401
0.37183985649053136
0.24035583267930696
1.1805474301130514
0.3134524329762952
0.03439789605634752
1.5771814396862964
0.09722266192648053
0.20493755399710142
1.097648362218051
0.24138198265242708
0.9275137130295312
0.5802891890668597
0.6928534781159547
0.04974322169720686
0.9819050435443324
0.17181579234495536
0.12978947923643794
0.19036675233411102
0.07943359038555299
0.2589213068450611
0.015335577098893157
0.13175560634407882
0.4008362930996057
0.8352068224597755
0.19614935816058898
0.20925708813294366
0.6549160134185117
0.1772924074360845
0.7507608993864924
0.4056678156148346
0.7334682338317852
0.4399783749048755
0.13299867812276917
0.19878993096172826
0.09707623961941832
0.6365265768584245
1.2459488731443442
0.1580836594713708
0.029526531261357715
0.013732105020760745
0.5935039032925615
0.03298191246923867
0.516195184340449
0.43622172203115106
0.8356736423163961
0.8328955848707388
0.29560881284867946
0.5525600344372021
0.44804577088954817
0.23680348007971588
0.20334043528940765
0.4391678023888663
0.02395850402292454
0.2499917197791751
0.05224992121044865
0.0920417439623118
1.5362741823271013
0.30046527309671583
0.40721411579595657
0.19753807892689323
0.20554088311645854
0.11661924119864797
0.20267100338332128
0.9032516305502627
1.151662403098898
0.6232091924176254
0.06326862602998481
0.03621912571793864
0.20022414303634162
0.24181535028827283
0.18983361132134735
0.9695589935324597
0.01167923221980621
0.19479259469540344
0.397435803034987
0.06368835597217155
0.13557105036362752
1.089416532629405
0.08214389701421977
0.0777688449562919
1.5164787295011268
0.3865602747647139
0.025773598535343178
0.9234585162936145
0.1582728405810578
0.8574206932095597
0.8487965289606407
0.5709675956161823
0.1103799073522978
1.2144972625960258
0.6113458065366162
0.24336555915996755
1.7875620103154743
0.3815391838230463
0.30471557267340205
2.1953220870331114
0.39088143202763
0.8147862366246436
0.5644489542430653
0.7744196799500304
0.711156647613745
0.5230080874009891
0.8754326957566764
0.17292981894901507
0.19590449455845518
0.06387348977337129
0.09043825989910942
0.4015138985738516
0.0917594703142465
0.4575179962220645
0.3149486667878616
0.4488603732502329
0.09833469375791042
0.5634786844483285
0.25971299395088376
0.4591078751700279
0.7028782093409328
0.8055891479431325
0.1150648525884471
0.2598078004350588
0.12088885092457245
0.021080564064791016
0.3590775321935622
0.0034182023458071593
0.06251877123507325
0.40307930861862856
1.122896151312724
0.2721440860471011
0.06770135816004105
0.7045075030327376
0.07532979907672828
1.0732389894354952
0.01231954296546554
0.23729758030244402
0.5526699021754975
0.2802228709178554
0.23836661173219154
0.142908078554536
0.4250913813239154
0.11743981143073144
1.0524443344167516
0.0801343684085861
0.4038586771463424
0.5508891798741015
0.22551535093700395
0.014240425779707752
0.9960900041515708
0.6723846967619117
0.2945290076533853
1.303713631730079
0.07837813035611199
0.20640759312465676
1.0721840834683538
0.9082462791259877
0.09526866611054098
0.4836580615519969
0.5970507941240272
0.28823770561751505
0.4304487581331895
0.0007213158728209738
0.0901409082412126
0.10877106770334227
0.019085947080155992
0.136608870206439
1.7132843239419122
0.37772435877766825
0.16055689257529338
0.6866226903962439
0.31831253971749746
1.1232220896483702
0.3444597763166962
1.5215526996633366
0.047732742393694925
2.0877806222433373
0.14576003152932945
0.0532852920309481
1.4521647150235104
0.15594022538661595
0.05925925391193219
0.12117494382490115
0.06600457368036725
0.07123708062028682
1.1562334666952245
0.6827036704796072
1.1105115547407822
0.7369223440805696
0.45165032197146415
0.5064095106657027
1.450637433612323
0.7983301969973915
0.025785878360617537
0.19892118878669998
0.05824059601362888
1.3233401582185602
0.15263215521637602
0.8732523473149725
0.21427524444935422
1.325208297426377
0.1258900284498606
0.14410310265226858
1.5667119694383609
0.25537464074105315
0.022049124773948017
0.12233413927869356
1.7367661400233125
0.8556207650750347
1.3509731684381099
0.19334138760571948
0.2477229630741104
0.7547527220180044
0.052783784483481644
0.07694428094358856
2.403341845339698
0.20287513290347176
0.06552522509353706
0.2751110631465413
0.307874898732259
0.18567903613025802
0.6794700347940262
0.1200512908742484
0.5250681125594048
0.0050793570921589285
0.8203185254572525
0.12594408289290007
0.24056405016022922
0.24316044559672037
0.48120344490039496
0.2902392753787458
0.02375833727264167
0.5570088072484854
1.9801537041263944
0.037701426790001734
0.5295678329136935
0.3931928966765567
0.00471554515354064
1.0139987319937613
0.21353895075654616
0.9068299981496799
0.38673143771458
0.06367271218262188
0.02745592549741442
0.25193332270253804
0.32135044899884435
0.02998953575523086
0.08175122497534323
0.5899115008193234
0.07074593699268689
0.6446533658423749
0.4785142560914854
0.33480087010848814
0.0778769216561196
0.2815640890561336
0.04746554157312649
0.029938893749647675
0.891613358258527
1.0685852613546276
0.14203239756229363
0.0838869549525322
0.17454063336557768
0.6816787709968177
0.04590037597959554
0.7105396257472699
0.3826031334688555
0.3736534848684789
0.06640781504480285
0.2756396651411671
0.2962645917855373
0.4217825813462742
0.11474110087721931
0.885702810996725
0.1203376724472473
0.08052303730579724
0.6529349348904834
0.09410440050702945
0.13867155056658856
0.34758542375535484
0.43346520633216357
0.5557421389524098
0.863366375539358
0.04057558913713086
0.1790065316356624
0.7747008053926383
0.2436633893711727
0.2515870302237671
1.61832565855398
0.3577098873626404
0.2395746786159958
0.3323452320087153
0.0805274141933582
0.052968367756081554
0.48727460762649927
0.24229961519629303
0.41270546506413797
0.23444744819192137
0.15386176601777657
0.1725876004842016
0.20926330032556348
0.008741153339815694
0.32020077224058247
0.17592716040946582
0.09580859087705566
0.09319374724164352
1.3521661259203284
0.3479977652579996
0.07469077694352133
0.24937254545552362
0.19346113266656143
0.6046655807388435
0.8189537200539326
0.6379640117736675
0.5309739976028163
0.1296294871078087
0.0834600936786324
0.21286114621072433
0.8513331399166133
0.14693502839680359
0.030534368442281513
2.6622531111959833
0.06604876564860875
0.1231020091614861
1.0722391423323818
0.14058537695149062
0.11533294798154863
0.3554540262844949
0.2945957524734059
0.3248645351013191
0.19361114140362823
0.3883074422012144
0.7271977659982477
1.6436453343236146
0.45177534051002793
0.11623742156170165
0.5021304235214972
0.21248133123138227
1.586880485605023
0.09537716008476099
0.06336405316167436
0.16380782035353464
0.6896247649621696
0.32523772749795216
0.1734272434991175
0.07661009450968548
0.29715262728406994
0.02382343645931304
1.0440622210283454
1.0856677862128972
0.14770572013069477
0.9084666313126551
0.06891677650954735
0.2528345457817768
1.9729137064213849
0.20227835681969986
0.1386905567263692
0.42532369654956104
0.8641551392126583
0.5639251942487803
0.745542883702326
0.1917788515404572
0.11910018921543034
0.7427523521951727
0.7962464033619455
0.07843578977649324
0.6224735459985639
0.5576602508512648
0.2855658203797911
0.9885734767679377
0.032811367067071696
0.2922461155311803
0.4011164275862489
0.32419193930874224
0.00726520615511402
1.0027957289604925
0.7004838281520395
0.17258935320906746
1.1204598044908614
0.02547738969965161
0.15275637199379258
1.9634181587071788
0.2264477659493455
0.019503795710446862
0.41240242472894684
0.017080576700437076
0.2881359542307397
0.7223853964661068
0.22375620544034772
0.3115454426236606
0.3344097493794368
0.21362174463478506
0.1719484976750543
0.18012525882927166
0.7193274109272083
0.44923898122150924
1.0328371453604093
0.03660335580878366
0.39563687822999327
0.6480576200757175
0.7996303543145146
0.5581337069466534
0.5367596003427372
0.8365752645115094
2.1335969125347636
1.2378500489130446
0.08052425110771373
0.06937332987291053
0.6031988110431854
0.6772384988788093
0.03535016115913676
0.09941438838733492
0.15586979328047093
0.3155507424599769
0.6536660671624251
0.11460363272928896
0.20166190532104675
0.85985946987309
0.06160310856679202
1.2660004887589922
0.7854949722143035
1.1716395694992934
1.5325501064589455
0.06020224319825484
0.11705886162720278
1.2724431752269498
0.8739195480258215
0.3249255872564699
0.15432153054635855
0.6915998544855145
0.5724952647436011
0.041567042212737916
0.25115529878470916
0.18990499563131077
0.3182693146767582
0.7894306399352342
1.329247187920731
0.33493246065341015
0.36467489825083693
0.02861851572138222
0.4313819348373066
0.4635944650763646
0.16656202662768294
0.25200963755194433
1.4694293728260632
0.3519429978852932
0.31711824770684555
0.053644432801067295
0.34260882041327156
0.4591962715426849
0.6206584240548102
0.28300962148071984
0.2228774554167337
0.15910484977751493
0.19891501016678653
0.36719214212253204
0.6265295498148402
0.023660510468574546
0.01914347756625614
0.5187674223087576
0.1835630300807645
0.16586399199700647
0.5410789137184712
1.1636142001968508
0.454500715506198
0.983609899074307
1.6369328071548894
0.4967797328448561
0.6581504170596276
0.40975890676798893
0.5690307057425558
1.2684405310200437
0.27596480766803205
0.42859829771946845
0.5957415742456378
0.16740078284096302
0.012942998570436754
0.9185153773325595
0.13322888165388588
0.017063060729672258
0.34992483946012737
0.28547674773396187
0.3091532701324034
0.5531555249904547
0.3247381598249719
0.3816608407393866
0.017702214395347724
0.11557418709548312
0.13545052245359473
0.9197207984306629
0.4913356021201628
0.057088615694003655
0.2849992103040163
0.05040824595218279
0.009639355760591993
1.3089256688083042
0.3670923942047555
0.10899357111986095
1.7069570749481786
0.0721458921769353
0.16861891188463926
1.2311057149873812
0.247634582668917
0.9277408816915085
0.30450305591776544
0.022598601575154576
0.562036092175783
0.35149198284957
0.024685080438303048
0.0808063512675891
1.9346379915712835
0.3870610748270226
0.10727113647566122
0.411242191379984
0.6815444897319095
0.72863569887935
0.7439659068349018
1.0984213799157991
0.07320483261640533
2.753841422211021
0.8287822822484796
0.05764462310679634
0.026086290409120378
0.0483731993062548
0.04657928708350652
0.18994301358989057
0.07652201876312582
0.1334591204083138
0.985125660467113
0.07570195819714774
0.7051067338558247
0.569737089774561
0.5983354681352242
0.9057633740976724
2.0046009133016858
1.2642603332274478
1.0482366460587498
1.5591638240715893
0.21287184218598673
0.9043612456358749
0.25907866747802266
0.22255942499402537
0.2849332301523858
0.2606842623067598
0.3496797854647105
0.05310712478047242
0.9884806694724972
0.5724009026794272
0.8274904243473609
0.5033051096301917
0.021118223165727885
0.05225870607614356
0.3328992541722582
0.09967887198708827
0.05868298764351416
1.2487827626326244
0.42233693211629675
0.4464352898331462
0.44927040583850886
0.20199706953810678
0.07777197153875869
0.04978466589761921
0.1904336520124606
0.250189976171865
0.43058478878449763
0.15051541785870706
0.1635791784946707
1.3953625361738518
0.6534884146909619
0.24552597620470912
0.9404919242353046
0.270106863970008
0.762866306101253
0.3634015545574275
0.2694430594121367
0.27317926579839347
0.4664535010417474
0.4197936507965516
0.2309978524706541
0.12328355521116015
0.6092110426836662
1.0610321758253445
0.5835738773316537
0.7785724059457751
0.07762257273369766
0.89217084548586
0.2408769775833313
0.21456712387784188
0.6644131738435878
0.359485761838217
0.04259324041287745
0.6768486188869738
0.11724618287077454
1.2095186316987576
1.0348686339349744
0.16032021158786258
0.2086593327318167
0.9881784550095126
0.18518579043802663
0.3715546031003261
0.7899158987673327
0.23331386085394126
0.4627889821379701
1.1875266910064992
0.5274011894503806
0.6778925547182759
2.1870836491183065
1.126514505536095
0.30266312457682976
0.37888765891053916
0.1542233757032638
0.1865513528723447
0.05757903338029662
0.21860879803124358
0.08606807002608961
0.9190646312650469
0.2595452825470163
0.5038044332597134
0.44242908726108177
0.278163442741036
0.3580915094337011
0.36531257270917766
0.3463448456636897
0.04246083159003396
0.17432636598182466
0.18324054838302467
0.5989327558151976
0.15634439587482835
0.0649291386071366
0.06956535635666847
0.6055149940154649
