0.9392276708040714
0.24988258209411118
0.27055051540060504
0.9080495738245518
0.36610875222853195
0.0512009190950524
1.111339303745807
0.14338922737447013
1.477982103424572
0.46393544841570694
0.07350324253566676
0.8004339995984558
0.4529032072779737
0.9057024520492389
0.2955982250305812
1.0246663023759
0.7229067153605622
0.4786413604665772
0.8925987049672067
0.059479376760721486
1.0378852716734164
0.6396003318731772
0.7110783700405396
0.1146254067963686
0.7920413577536126
0.6965194348223026
0.5079743037622061
1.1355491141567604
0.24967243841654346
0.42857170081439294
0.7789266183133102
0.0910549494557518
0.19196232595609988
0.29664223902751874
0.5464190647670196
0.22730947662890613
1.0859716816860248
0.20270717152313064
0.022337296726606032
0.9181090502590225
0.03992113722975419
0.2091505173527486
1.5200962140601282
0.09883019265561428
0.06574197042042156
0.970689527997641
0.04220536519823279
0.15043853312382405
1.1795379889699802
0.022971613334536702
0.17196676000924868
1.243195897575766
0.17090953089956923
0.4029944083500993
1.1091746213607927
0.042629434581134266
0.05523045799619938
1.643239331860114
0.31056581038443265
0.6073121620448318
1.7960085208358563
0.06333054396561269
0.20132400496732208
0.33153521267423974
0.089037531989645
0.0034458102838145804
0.6166061930629995
0.9066997039041389
0.9223989378479357
1.826413671720952
0.2536914911906981
0.5584942819844071
0.3744709282652062
1.6822912120821485
0.3156077798457902
0.20148681416319114
0.3056095280066565
0.3571072918789654
1.239782270937183
0.05631866439150491
0.1112390195869773
0.30800014529823466
1.114681056896191
1.3440142565311413
0.8087312743331303
0.05784794141052493
0.6303019213932971
0.8241789495678803
0.5117546827884267
0.19494595595862554
0.4055577709002329
0.34938985314675863
1.0614380886682138
0.543157392430093
0.28311243050390883
0.3710645231997332
0.05177589043704943
0.027897140413240346
0.014936030107372409
0.7362427024553994
0.423973030361768
0.31657096572547294
1.7693147547359407
0.4648736040064498
0.2168700274942264
0.5825249804025264
0.03527916441810871
0.13966746153573736
2.6091659804708556
0.045298391951113195
0.3374204086772359
0.4165917537499208
0.4326829700334936
0.6457913525000749
1.9721916650325313
0.24625032187473309
0.1242516877080411
1.1144101372355901
0.03048192267930493
0.7827137812415803
1.0253169595056815
0.7079728863705597
1.4786766108575335
1.2517000638531888
0.13326725326547062
0.5916596560334275
0.17189642672692956
0.11537723803859189
0.12519823947027284
0.44619477195758356
0.7490977348239884
0.058370129162725264
0.7215168895720347
0.09872682651946417
0.08866833376705621
1.6918618077066894
1.6383564338581187
0.09844823728150114
0.4195813470194414
0.0976413638190387
0.08497262028992368
0.9575791316393389
0.4156291939178195
0.02841150856152782
2.12587561827111
0.7927736026968824
1.2029595934655914
1.428146669450194
0.23549547031687207
0.05955472225036424
1.5170787623598745
0.4044040458140897
0.4088405704158521
0.06663445338558517
0.18482533591630657
0.12691186015321715
1.7372374701813504
0.46619514351998015
0.15696512729226514
0.9578040235177123
0.6026884068363052
0.790437115823255
0.915170729879269
0.54812948582228
0.12482312652134005
0.10537388316990888
0.06960419050401943
0.21143102036670514
1.5050089610570605
2.4586725142759844
1.1365940981287113
3.6037217655561617
1.3735909700280449
0.3247141511242717
0.8343899725760425
0.8090295997310499
0.41537585196720456
0.25747538904696404
0.03712469211078895
0.010849372489328322
0.8938476094894983
0.6580380222300539
0.2634097970772523
0.633910390920251
0.44857035836325504
0.14253281384213454
0.17497671667908793
0.14590330255560435
0.3628457302030672
2.007517723455607
0.1367751496816516
0.4258692515899269
0.1928475853675083
0.08400229844588158
1.0650178506851025
0.9546070909962178
0.36155266537741404
0.30724965225555484
0.23506202890344055
0.3782575991100095
0.5278164941932435
0.9147899954322555
0.006003819913491287
0.27675313267300694
0.267590149650219
0.41845652800305544
0.4007850903922676
0.7652770647493101
0.30706595476325943
0.4551151299012891
2.168971722663575
0.12830161712917382
0.7176175707456434
0.8751225852630802
0.22352424406889265
1.0280564895447644
0.17191194999915022
0.15788215154020052
0.0511954632333463
0.06374738664264856
0.16742352411170192
0.22054509974225145
0.9964096119317507
0.14480104715425873
0.6156738668083606
0.3674652190877512
1.2948303890508195
0.5817946388099497
1.7729875546307725
0.17172135033013317
0.30319867848638477
0.2535319997939913
0.12167120913349878
0.08688304587705113
0.8013104304148436
0.16514501931060374
0.0941951358997149
0.9402398568976891
0.12288394756555847
0.08377164112672887
0.16436188723391845
0.19109125243281927
0.12469839397238075
0.5179716825225198
0.26850562912292175
0.7967833725437552
1.4213979362037297
0.15069422056314538
1.113620936919147
1.036747794394159
0.035193591590955
0.09850766576691726
1.4609156757976658
0.11284273150363515
1.1107125966539337
0.40236569885615653
0.1765253467236192
0.22302834640297983
0.3356569111288659
0.317535635670011
0.36590434776737973
2.2438373429538196
0.08275904121059384
0.3089562385828589
4.048898611311077
0.4402948355909268
0.13320473328497145
0.17574579523737816
0.03520919903512014
0.05858651043365657
0.6524086057418884
0.23782409066871138
0.2691726493272996
1.1237192032282477
0.27697921667152686
0.7886225188596998
0.3094348257081474
0.6927864562040587
1.0576752974021273
0.5854262545706642
0.28070898484640866
0.5211926049632712
0.15160387694816677
0.08530873144524302
0.1735534869578981
0.2872821414235514
0.1599909486001727
0.5039728700688846
2.749127587521557
0.1444841898577244
0.08469096101373011
0.7814158834427937
0.38173307626379943
0.6023598876576094
0.6128321623382863
0.36243984135323976
3.833387526169428
0.6609158233472274
0.23196976666749775
0.038551590344414556
0.18227083206017097
0.4752463932122752
0.6449073942101593
0.6755775403491652
0.6371422351680334
0.9910455765963534
5.685750407478871
0.4659346994929053
1.1534787628316507
1.1716763688244611
0.3425211649484121
0.1776911422781138
1.8490671308336029
0.3526369987453598
0.32374623119898266
0.20203417462730305
0.4082823074359498
0.5585580549632556
0.5649140536267602
0.7288990985952404
1.123221161961491
0.2200248508716095
0.1604727611862834
0.15988424561084158
1.0585016113389967
0.852685528965703
1.0412636219071496
0.6744922781689394
0.9818572663531134
0.30581763527364936
2.0827270627323755
0.16989522337650145
0.030134794686248533
0.45499559692950886
0.09560186966024266
0.009127985847301243
0.28334410930167675
0.22791123143502967
0.17379980746387028
0.25193894401119066
0.420067133574985
0.5578719334012948
0.586437057161192
0.3456252549245327
0.5905893450135472
0.2403536100167594
1.0352284855323406
0.2907635762531018
0.16015994941094971
0.35987560583535755
0.16932218540163652
0.7459965229439658
0.4558169049967754
0.26777962896771057
2.0365297324129337
0.1337135549890821
1.5119647118840673
0.17402110424251546
0.19992151913596498
0.3268783196882541
1.113355227177106
0.4102664541088639
0.1482523401469322
1.1430977345962436
0.04179986327683582
0.025220421562715825
0.7170327851684125
0.015387421061658848
0.13181077913662098
1.1507607595652631
0.4912107843995173
0.23217293901443312
0.4255769151869885
0.13073455967310768
0.13994196651976018
1.7868675184002394
0.21024807111349256
0.003928536160929939
3.0015970334571733
1.1469176099036436
0.09805297107843507
0.7170590022318635
0.664274302696314
0.10624902112408163
1.0865370193230044
0.6312673034345879
0.8255061444970022
1.716668346462875
1.0114044304075287
0.03528098632616193
1.3547361953554484
0.3047859736103666
0.32714082123537447
0.02217730223196623
0.04755415273072588
0.21414102798271784
0.49109214786725297
0.08695489431009921
0.07075220240985393
1.0223299793798648
0.5014733635512968
0.2899753071013999
0.061612834151381225
0.18211858747319035
0.08039337959237855
1.3422432545167937
0.043219463963139214
0.06296267946519618
0.2672776734661963
0.0065148417001407635
0.02473461556873977
0.6908968277784593
0.6416961901148198
0.3711069644712298
0.9360266778114779
1.0407469165509171
0.04257275723631808
1.2269327388076643
0.32445652084509363
0.14265612833476526
0.09686559841879577
0.19418454236544416
1.6695359218606796
0.36568712294349376
0.03380552091855542
0.7311389111805765
0.6990008839363443
0.42207022804971767
0.9549013155556357
1.065071239788028
0.011573584449957297
0.9474306173774731
0.12181372339702634
0.5898513726123953
0.7119871424723131
1.131932136092096
0.07250901466682655
0.4213268812209098
0.9968294965856631
0.10097479058088284
1.5005924514983149
0.5700491281336576
0.4545703313651896
0.26623476107900834
0.30199099755096265
1.1968399743541647
0.05319921265785868
0.45105467480033223
1.029946705472305
0.2333356097647863
0.5821741623408014
0.05766262507103313
0.01228202126537936
0.5531696138467208
0.1683573095719633
0.1248624697511468
0.27367373010241236
0.46243738903486614
0.02708427775914049
0.15404055424678367
0.3605851013337475
0.13095340272444617
0.4996437381113753
1.283591116784013
0.24525058572604172
0.7544046254053556
0.8365590939193602
0.24819741373025572
0.8866298352829468
1.1111272228364957
0.4662054392247766
0.0067758627979016784
0.33450505406256004
1.2509004300114674
1.1189615504770132
0.11785686938456341
0.15331483006084598
1.5314524274752437
0.07169484210979184
0.4042783199454596
0.05026143701866919
0.07574577174860748
0.15604070531299055
0.5727834486172985
0.20653205856018364
0.22233516629539196
0.877668439144216
1.2184076477548287
0.2833842536814725
0.5017475071398072
0.1310028901147671
0.4252547026813069
1.1416421113288184
0.1131018740982982
0.6221155326211377
0.9258893996323365
0.17579893308540426
0.2854194049074913
3.4418544400927362
0.11552349434759167
1.4817131063397568
1.220145972864972
0.25321319415081
1.0196488360362805
0.062250709056295817
0.47063420080590923
0.7964595100820978
1.28371349253698
0.9926712505736516
0.3284575057843945
0.43061836749488264
0.23885551539130628
1.1457166246826327
3.678023551913684
1.4184221525790617
1.2924430097639863
0.6597014026758908
0.13096787639573204
0.1793034343741526
0.4308463041338289
0.36166670415029656
0.05664482561708425
0.20551334704986327
0.10582446501711662
0.5121602231337903
0.7553246052523455
0.329227444618781
0.46357039356097984
0.8892483277211306
0.11013794444200652
0.7870945607440095
1.3171009215372613
1.507553217258831
2.164032588816658
1.3673700758455412
0.12684613052980814
0.4989752878474503
0.5702188569111102
0.043789390212856306
0.019355072856899955
0.5738647124017068
0.18223058776113402
0.046224200156255967
1.0778530209247277
0.3521175071661246
0.16326116508989733
0.6328771580006107
0.3509797742549805
0.07355693930494821
0.5989016956157244
0.34171039575416584
0.34727807536930216
1.003389012566821
0.275141860287331
0.13708677415095002
0.560891508885084
0.023480303968921923
0.12040937719376692
1.8879961938357752
1.0956072905602299
0.5641472940676437
1.3606199800610532
0.24562751945066835
0.25625144944179556
0.6852646154378792
0.426677211186429
0.19123697537749093
0.5154583132589513
0.6072627425311513
0.3058258471716591
0.6019801516241378
0.23344813204295178
0.5002035591691742
0.1601614065868896
0.025897955227133368
0.16224579164856723
0.06600712194187483
0.40742829640490463
0.33833044394210243
0.3917272440283606
0.7851117520960574
2.3980064782150325
0.8912305134762097
0.12620349434545994
0.08875675604906653
0.08566206239273001
0.6062169017987665
0.2270755787887705
1.6076710371218357
0.22020885999211745
0.1296847508031148
0.08353776548951837
0.05636163401676795
0.19754595030198416
0.3744735767969569
0.4151977499462068
0.44300857945653677
1.0168486742720257
0.7970153443452687
0.29251209895462266
1.0341056537006106
0.25265717680510075
0.38917626105040115
2.0070096153383634
0.09628824120300113
0.2358712239267783
1.2544035985612023
0.20265575846428338
0.3970024297603376
0.9041478162573218
0.37985533187341597
0.16774036918806665
0.39773202728776885
0.31224221500246274
0.2694136314689514
0.3076623314911497
0.38094577540998803
0.3833321950983642
0.36137892734820726
0.1522797539463094
0.18628601270087264
0.40088106955610986
0.2911695722176528
0.06491696369692626
0.43820066431077637
0.00536579550850029
0.0030887145413505636
0.6187033641587795
0.6003538935780143
0.25676020963208107
0.87628524732347
0.07862743974099978
1.7912751450566617
0.5517566007194451
0.9235892028026028
0.8197610463187675
0.4279548242119246
0.1056461681477999
0.22375913858464042
0.0956222373636988
0.6553703327899073
0.4342666962153454
3.6282455089903207
0.59045459950721
0.37131455931398405
0.653321254565896
0.3451815265563638
0.6301935771957103
0.14182993675364747
0.08968028132140353
0.047790073850991426
0.9325025875149714
0.8994562397791197
0.553821004529361
0.0986636337847314
0.570412188974029
0.47990075847165187
0.5445772714168444
0.06510235899901488
0.678736519620909
0.2594758333343337
0.17584951882800517
0.11030241741220878
1.0775853394471206
0.7502824488312653
1.1363202745933503
1.3280080618232533
0.09789159669766466
0.4498651339454859
0.4972323226486325
1.1160134834014663
0.14470124392762296
0.6552905539862712
0.27581221280618834
0.3937669581768988
0.6747908452281055
0.012801566128995792
0.1193212076848016
0.4520597232892836
0.5509360485332864
0.05023837483910596
1.0673520162422887
0.08093221411408075
0.5618871124069286
0.1691287974455461
0.312153192605223
0.24348292037771385
1.8060026389831585
0.7189115338114204
0.34770119853445725
0.44875841444454373
0.0821801328053308
0.439847159259423
0.41606877715018215
1.362461891507684
0.12543614966609068
0.3464853375452962
1.5479155093505903
0.4688630857350648
0.7477556720296525
0.43578634260743954
1.0015129270548677
0.9694524929475384
0.1687813958723826
0.3696150785965012
0.5827148791312644
0.461078101688026
0.2047461762756908
2.5231095732060616
0.33579831049376363
0.02412820664601665
0.16418334998751546
0.33801730457956847
0.11937697416556879
0.458473044313831
0.5977311783802252
0.12408311661823501
1.1145327626951778
0.1095549071595854
0.015767781866999644
1.4025874700463024
0.4329663462893217
0.9639851453281784
0.2722139999768212
0.8957379309913711
0.38511690308912944
1.4923832708851417
0.7412978621782846
0.7344357390875186
0.010365997504359273
0.4939484766453555
0.6958600742717604
0.2666594228653743
0.03953839295304495
0.40336566761880877
1.014932500194104
0.214353503340293
0.11539661262179104
1.8207535338095397
0.28120602902435765
0.38435798408248173
1.1293173073470273
1.2476210861030061
0.0599751608287918
0.8014118467545696
0.6710558842230857
0.14911610466967462
1.4529325760118108
0.01152407213811517
0.012906815249311317
3.4987445828423307
0.05001147142787621
0.503052006036256
0.28520094614266106
1.3263359710371552
0.511918491168736
0.6804229966134012
0.5302829671876268
0.5776337338387804
2.6834233471271682
0.13894188900915713
0.29873347912757353
0.12403577101594826
0.11055166957864596
0.1254638308935229
0.059790615508369234
0.3654799878914678
0.26268878456533956
0.27260636193804694
1.1800714246585617
0.963267496508287
0.14839001758957346
1.014357568982377
0.21946200243506814
4.67310254447788
0.3850142439728785
0.2675573152888854
0.5211324681262673
0.1480400055283138
0.25957711202951433
1.8445334588196398
0.004077173638938663
1.2669695232079565
0.4652763852263586
0.01278346576343057
0.10340695940511745
0.7092354971903788
0.04666572403424055
1.0724365942842233
0.6045643331631658
0.07930358585522028
0.10978583791583627
0.46584337554120514
0.08565108591459547
0.17164610740451375
0.716264257596146
0.9403319099289668
1.2044466862592726
0.2553836154792688
1.2182879323161988
1.6090194857988727
0.3093869150468401
0.7468411544390722
0.6726737804130679
1.0423913245894652
0.5147391366661672
0.2817026721524971
1.074051691169889
0.15611277467262702
0.03668416250834255
3.3429872796511315
0.1527822855003246
0.20961717008052558
2.094543798984714
0.6945368715559744
1.9480055472809104
1.4341020696250741
0.3523395011668949
0.4082074366184637
0.05557533477174925
0.5381040004820199
0.021912427531533576
0.8789610284232234
0.21624668791041934
0.6124499825106334
0.27506839370026975
0.04163598683411852
0.3043142298043399
0.29133816356327014
0.03580340108846972
0.2900593211565333
3.4406204367970554
0.3506433977871505
0.17022727883679545
0.48387378377955836
0.7033475062721611
0.6230861447570181
0.2814626141789409
1.3383512344409487
0.9379690930884613
0.25495385526408915
0.06999218053737746
0.54167303093308
0.20778367849970242
0.05277590116246313
0.8545550047005576
0.1268645178666431
0.23095974424369423
0.250216758441801
0.6835210685257745
0.3437485930548087
0.3600606366226168
0.4778717885052388
0.3072709426678108
0.09576998437660135
0.05578568557064043
0.8041779732589485
0.49240401291237956
0.10569892245591504
1.2824580961248457
0.6153455504445696
1.9265758473078416
0.28434344239303333
0.4879021867638357
0.5015333194407201
0.11407126871440708
0.7625225249127187
1.4470994922346294
0.8543195687815228
0.23703800832765584
3.09268058102133
0.6643631038015474
0.34038612504415305
0.17870615069070372
0.09341105221183416
0.5888308025469794
0.2600532381900084
0.06213411986318195
0.14383990393758564
0.6977856834913817
0.05254213851829487
0.3875150459969116
0.15377558539666175
0.5371044059415577
0.05572443930161255
0.5547917328436855
0.11204593889029299
0.6133319481044217
0.6397817495381093
0.29826059987283354
0.7060603833234126
2.593734987447259
0.49910260888177777
0.13823443593850965
1.9535501844605805
1.2118544353907428
0.09676256190454456
0.2470528611354552
1.0672765348343374
0.34153185020337273
0.25427099985472146
0.6278144259578688
0.3218431159223138
1.7842326721863668
0.4100047636569228
0.9198578925587196
1.9753955687285258
1.5418159400943416
1.0710683525912776
1.4599626493505469
0.36528024106242085
0.1206176311214551
0.7270068449436423
0.4135306560640818
0.5031062359678578
0.6061546510985695
0.20729315986378713
0.07770775834932495
0.5645871328716787
0.43001832956156033
0.27787210030386167
0.8828794653869375
0.03134744419785828
0.07447334210061891
0.36474531119200027
0.7384175233629682
0.5099448603152087
1.0012365657571611
0.1876945603481727
0.31364054378600364
0.2636865896437228
0.10440470155019173
0.17050483763326393
0.3295284058220339
0.02325676081337534
0.7547205985668246
1.2643323969258917
0.04108421424803138
0.1555700581961688
0.34954644443148947
0.48999151039265426
1.5350037259288585
1.4859583715495772
0.09723015841814008
0.2159265057166081
1.901380224769921
0.019184653965298306
1.069251897568054
2.131481749999472
1.619431680549881
0.1704437186085901
0.6406272221937148
0.24055373957093762
0.5081092655541949
0.7451223571634328
0.26560217984456735
1.8186699853683421
0.30617973886613
0.18267476706524363
0.9103812375836238
0.5761049547571881
0.7402049529107676
0.22325767301273383
0.8454789675772975
0.7021808867884243
0.3794711881676371
1.5946743957534548
1.5521531817898861
0.8345426704997155
0.42770357122152003
0.13376436489050997
0.444259540786522
0.8514861571306506
0.19831188934449442
0.20150368319753162
0.5989563181972151
0.8317397969322862
1.2380557654347533
1.0497657506709108
0.04172204344685425
0.1855381394100885
0.27029910943532875
2.1176646886080324
1.281265311082956
1.758706572529712
0.4885407138867843
0.2708046143101908
0.799778200962556
0.2998212298523956
0.10855708659631666
0.571178889758048
1.7203250688324243
0.9299129980803545
2.051716082623012
0.05290689385065976
0.19781791027015325
0.5076277050660972
0.053303552758786024
0.05902731945632965
0.3014141475035568
0.9267282024123049
0.31985590983686074
0.3723359989037178
1.0385461748971732
0.7894004428699374
0.3349697259123475
0.15757891220676185
0.07496573056616049
0.6062575436259422
0.5331020368259468
0.7602084715832521
0.18551518617913262
1.2369762805029831
0.6789066154684894
0.32397779748673206
0.154001431037608
0.011345067736694296
0.3720155450313933
0.6172841071207077
0.5009871489834886
2.4933762893732303
0.19666441056605088
0.32268453939661906
0.25849358944034534
0.35641854310961085
0.9523729327902163
0.3875220472383799
1.2882565810471858
0.11125673638549514
0.28906040001778244
0.14120207218815617
0.22377793748205774
0.02802848251030458
0.12874674284919038
0.023776053563499013
0.20614738389781517
0.03429438460532244
0.0311272415314277
0.2616816207339509
0.22376897218962272
0.045224643065475974
0.31253633413119203
1.35135411876502
0.7953592407108518
0.920060098916469
0.23782115577806184
0.05966464045622333
0.1165179440533645
0.01754600857412276
0.2876937506484281
1.3683472528994673
0.46808140180128155
0.39915302400103775
0.12837624668239705
0.017966857229559922
0.005023226595467158
1.0224153840577563
0.3603091114234184
1.1838950574841265
0.6443212782599225
0.6774506206125491
0.29424535320582385
0.033388836533493615
0.23268633094505956
0.08312896584630985
1.3085118980964927
0.05574534097467442
0.0767032797999049
1.4891984983753512
0.19574083261298206
0.1400473279059365
1.67486333522244
0.02222906613183666
0.39385258400366097
1.2127093233244275
0.25869556613350325
0.38444211577352666
0.4319575294869416
0.8921035035659703
0.9203339211374838
0.5248761943206658
1.6696708250784473
0.3937823038882014
1.131318050297398
0.16302995269028422
1.9062470720000266
1.8971553282646743
0.16896321776263104
0.7607064780011705
2.4803712426560653
0.16356717016993952
1.1319707285794582
0.8228643729061754
0.23567730783902396
1.1876871253386179
0.764341858946909
0.23196424401024876
0.04878036260516537
1.9536198444909227
0.23488824687123755
0.03385098380005232
0.22165201704984866
1.1961550589175258
0.1481028024083883
1.1426963253624334
0.3160019298151242
1.0401058604425077
0.6220060162204776
0.8299834224460749
0.828430073845521
2.3192982367283257
0.2773357363107923
0.08254335140313689
0.07135038639010545
0.08481080525540288
0.07520133188929748
0.4691259890461822
0.9401082999137736
0.10502646369191375
1.0393426167026825
0.5491176954373169
0.22624988982827773
1.62783766913983
0.4590344492563134
0.7294988174439917
0.9306101451823146
0.3687583488999311
0.13995087624075028
0.5207969018274267
0.24162611676468915
2.7381489086768735
1.7714136343254372
0.14264728680185734
0.2684583648558358
0.760919145551516
1.4681757276114014
0.21376118780222098
0.8115155158469459
0.614235416877803
0.01892842392588993
1.3789656221365683
0.1434980389414917
0.4238329356926995
0.5547409503593159
1.770738726137592
0.07329505190089398
4.810376909904087
0.5049948210069691
3.4725837089266185
1.6761843363551783
0.7581852142610294
0.925207390731794
2.402632489940074
0.3114499595329455
0.47601799407562567
1.3392027346807427
0.34671370880630165
0.23916865801023277
1.7526514103798323
0.49158494599590635
0.377149955481521
2.0030311125113758
0.07388863122494439
0.35461894068667466
0.40973775466095724
0.9430169422498664
0.17657273878266397
0.8221447770778255
0.32625450141965756
0.13888479248212346
0.3288530643345317
1.219766376188638
0.08117393073511771
1.7641777419422038
1.5299215106268305
0.18937438181493027
0.020421402613498375
0.12424023258218789
0.785681958633726
3.7267359715511543
1.5649968565606098
0.009290307831186027
0.1626053232996242
0.18592321219336602
0.4293140846405177
0.10018487075562624
0.2750973917078215
0.5395488368777697
1.320888275338773
0.36630561569103953
0.17832919498860017
0.6640510149729187
0.007196552323545748
0.010494733465760906
0.06546811592827108
0.32245981827048453
0.2155246258860072
0.5132428305651211
0.24349519923179522
0.35207850172816
0.6189871521905759
0.34234733564614966
0.09506223733653353
0.9196253976705183
0.32612200730233093
0.4279581639791926
0.7165553615196504
0.27868271347479767
0.13938453353354982
0.3337711968556229
1.113981757885961
0.19543440065506051
0.2805589778738716
1.316823729179922
1.1604096845323424
1.3254027267882722
0.21122330094304842
0.22507682662684328
0.7247913075510093
0.2070705701063775
0.05641413655441311
0.2706980460109022
0.07284401457566059
0.5068610735204839
0.6604484466047326
0.6382041159914158
0.7556475750196952
0.6043812277733176
0.5234939112430709
0.2032549709009044
0.6344614961569962
0.01171394247271123
0.22802179965140396
1.0856507381696294
0.25128181903043284
0.304663567243669
0.7524830737296839
0.14939365123982173
1.3508351066796287
0.18824325510221968
0.9126614981394987
0.40784710289241394
1.0277999708952732
0.2980141734647187
1.1071961948997726
0.13058621441562193
0.22431976702356127
0.08365889350069039
0.3456171258118682
0.1508631900051755
0.010860297199044956
0.8425023945569377
0.37200691628054683
0.16295537460369758
1.8691443666576055
0.22841804676441654
1.016522680677797
0.26146372811971097
0.2584700812008864
0.14470033013309913
0.3841852465081867
0.9229414814061365
1.0449833634189016
0.4863713586624622
0.09074444826205168
0.19956631838512906
0.6140866161893215
0.27650319783498173
0.5304722745904671
0.5262094228630428
0.6642671942923082
0.2714934118014383
0.234349145168182
0.08713427302949071
0.21794390503448127
2.3380817058194836
0.08255749641434053
1.1224338227694728
1.962736741323873
1.3064037432282334
1.1062279361870406
1.4622901450460193
0.9314798998108559
0.7773300375361809
0.009920955420692523
0.15847515526978476
0.8100438533447296
0.6034088541079212
0.5935139689813099
0.8901654042302356
0.4750500632827405
0.20612003934902137
0.07186239061643541
0.5149162693279825
0.10688487530353898
0.22659439516807736
1.6730045253107022
0.6035295260232648
0.26578388209627224
0.7111785291842778
0.09781156172723281
0.17472810092933752
0.42200433910633767
0.598879332049585
0.3361234530262344
0.4461607438498031
0.2428987871694311
0.01597524789221277
0.39445892239057806
0.0845598992769328
0.4241586045833178
1.3373573543316801
0.06086351339885096
0.09654052370303223
0.6318972065221486
0.7052683342752337
0.4109655220133712
1.1031100940250353
0.06873360357388632
0.09944592660724523
0.8213137352451535
0.11558509523167285
0.669764574934151
0.5430168028962308
0.6313142961334921
0.3635260888047842
1.3716048407604786
0.08632503349267749
0.21817150203572505
1.930514298896624
0.15879015493641552
0.09603471871875265
0.07932584263737597
0.03946752810417908
0.47260960310061684
3.5123607017291705
0.0003518332097145381
0.3093460267470161
1.65116372428753
0.1404440056194418
0.10044373406367364
0.2617905337188874
2.1417813689448075
1.1630437580344755
0.8180223234542373
0.4537796144914194
0.393716292476544
0.17026006209606695
0.19204178777406444
1.1009877179341734
2.135860897228734
0.5289370682600814
0.37229872973828354
0.10010445086146272
0.11356291491347452
1.0626415239881872
1.9634445600345016
0.1363345485891947
0.03279116732059536
0.5256918383351108
0.5808358648491004
0.7079673910822276
0.8389359105107921
0.5758070992455586
0.43755598453177547
2.3063021980186336
0.3707146985890062
0.5430683543479142
0.7070751890452861
0.5314134850720724
0.27304597516319373
2.1530010794758825
0.709809920161025
0.022599765970507838
1.2927871864680447
0.40031985376409296
0.018592999452741347
1.219458445043042
0.12179699960180898
0.19541892460801955
0.351124090057699
1.1445638487844754
0.017404077716718848
0.10161686244650545
0.11318535150575565
0.2558088953621213
0.6675103123506053
0.12231702885320585
0.11755847455690092
0.15933630473928498
0.700173882928188
0.035489712669378476
1.118508007374173
0.37382814186493957
0.6284689948113248
0.5213936398735107
0.009201629179940655
0.5906632818809208
1.7416400419029068
0.26758467385555273
0.3246166968944812
0.30381581271921654
0.16816375560271185
0.06616529876716797
1.040649979713507
0.7487252937180834
0.23952896630657114
0.549924574988529
0.18668107445228144
0.8267311345384333
0.9486382792900341
1.535796058109651
0.4786866832451305
0.08818533138649882
0.21897809137403323
0.11171632591080248
1.0664884596627715
0.40222597789291004
0.23756642698679545
0.46084177064376514
0.12803054786090892
0.36698861710016584
0.6000168899072891
0.012860964457206987
0.6049332298694485
0.4963296036241986
0.1330282883795344
0.05825326177880487
1.321509017466162
1.2996894384407678
0.3810312477185817
0.6402252214632336
0.18280215967531496
0.0384790561319978
0.8535494168830318
0.6837049165751732
0.789542988030395
0.07831371187777225
0.6485836542726086
0.2816771317926561
1.5199548119742083
0.059475503546747355
0.16632319990879998
0.8052444016946236
0.6008924995216363
0.2282033881121782
0.039836653589912854
0.3541631779269155
0.5684027208200914
0.3662120822895391
1.2406037045128893
0.8833960467384191
1.0120472476041023
0.08739498386506318
0.11229821641348457
0.5971564634846984
0.0825701980667736
0.2750192699887308
0.9018162822122894
0.3843783907844847
1.2393660294338094
0.40755140317102534
0.02933536398459114
0.08216234677357542
0.8655377332987925
0.31804561720466545
1.602555819490943
0.40888040018949373
0.4380620516557644
1.1768601219699124
1.5549051847971065
0.8139588888194218
0.11961035692924674
1.7627533511654134
0.41173388784704446
0.08187622762179508
3.9444724600786203
0.34960732982059206
0.34970817418779565
0.36914142062007016
0.3048010804634825
0.9299300139607474
0.8871143157278316
0.5686021865055431
0.34988650221830875
1.0260612828182225
0.254717407303298
0.1435876195342215
1.6087084054133745
0.049179824739371145
0.04426882211906612
0.4561454127704614
1.0818175753444643
0.9076273828607686
2.6394758924680684
0.4571616357554998
0.15197424507884413
2.0792288142555857
0.10774140773480768
0.429507866799316
0.8837841032587335
0.6801777032879998
0.05799065604834796
0.8064668752391091
0.6273127836672977
1.5251030163491386
0.20357966601220964
0.09584570455852626
0.06919877112419938
0.6850861969167703
1.737806135333142
0.07804017045657731
0.29502108003466965
0.09823136202667951
0.6173728171756433
0.05503642061825633
0.01715657480458341
0.13760550254704226
0.5505475449023965
0.47568501506137867
0.3363567386195367
0.5099198423919675
0.8092755512476835
0.019480794549517837
0.9793207314416699
0.47112584627138593
0.13224901373899958
0.21791454813260533
0.06724015393044028
0.9711275760422703
0.11029197283051317
0.2651075445349643
0.2663700211738952
0.6652247540978564
0.28134293864709475
0.5542682658388501
0.49746581173214943
1.1297363048137574
1.2293031813430542
0.37193728992734576
0.2585447020986349
0.3399682090625294
0.19995331067450536
0.4744957943223861
0.570921769866848
1.46272190680274
0.5900075380312023
0.27250465946954094
0.11726256018772775
0.144636176459828
0.10057558178897348
0.4395823414217767
0.37942176433690955
0.3614084621439291
0.9122861215757743
0.17004155414653357
0.20421927169158507
0.8092125656016905
0.2348937498127292
0.37550284141304907
0.4133184499139353
0.008259313829509105
0.08652830458977923
0.49286143782676656
0.3165200771162141
0.27598412823915264
0.6160426067727167
0.14225320868976798
0.581607128415427
0.1588743253483832
0.24349677116632523
0.5956297018623051
1.3530952989042335
0.3393342253966067
0.9250029466290897
0.9825431107182553
0.08940982830466483
0.45542717389562637
1.018035354047116
0.2698582043357224
0.33484465613831915
0.9928694449380885
0.09026844131606918
0.0748475683342171
1.786340488908902
0.12937716159460572
0.8925194563136741
1.1632666094900534
0.7015778869671738
0.7019615811410558
1.2663513271283842
0.2664766954573097
0.004619645481658842
0.5586576333748446
1.525723052294251
0.8667083879662794
2.657286957688724
0.3175010974447822
0.19187078415461176
0.4452696822573169
0.3570050257518769
0.23486385903928017
1.6247576298348956
0.10973216644662948
0.3662029081707136
1.3269184542018742
0.14141486661558836
0.1308139310016338
1.4591142163532858
0.22509857066345065
0.184636685968434
1.1703375114860404
0.08634192228356041
0.37220740940459796
0.7453581439245244
0.2381939316718352
0.38524649979944436
0.6732872901505413
0.04786022172805758
0.20590981467074446
1.737293879111274
0.07817204169834134
0.39392920994456965
0.2551502026723418
0.10832310832150573
1.7728141983636703
0.2959688807775478
0.38361634248686444
1.6046269031836031
0.04534805624672199
0.03644685896083459
0.20365379854980897
3.535009715656616
0.09931735396096852
0.2959120964337864
0.7982398583115774
0.7270613225520721
0.24766251365096598
2.164334377523812
1.008246775553581
1.9335537114170154
0.3285173942070194
0.3346452533197753
0.1351490388863897
0.24245363627447472
0.4208770035492589
0.31435442261844404
0.5581954575248854
0.3450253470421973
0.40251346498295043
1.6877934468709042
0.32355102160472526
0.2882424369399561
0.20312499774796117
0.06865956104998573
0.04757636388810615
0.3697162661492671
0.7700543892573227
0.44210901440305306
0.6408463919492704
0.26332200523655425
0.30849700131956875
0.7579393693397898
0.3066225134730278
0.17508400154148093
0.24941879065070333
1.4179639962987358
0.6483614273975251
0.43809671757908125
0.2145764394392552
0.15021391530468858
1.132728674456934
0.6808332492874469
0.9480197286457972
0.9422767395753833
0.7345758145743077
1.9201645330912154
2.0449821729132682
0.030898322840832847
0.028829226726120347
0.5625017176538886
0.1890704223595655
0.42718983915782033
0.15669597061260218
1.0850936175117245
0.191731949171398
0.11921515597212755
0.6848011918877895
0.5461789804945145
1.2798233204926774
0.15017456859724904
1.880854193424845
0.3012260373986811
0.8011710684310724
0.5337153273814088
1.2694961463838468
0.6144465013773399
0.4448902858359334
1.8375680989451237
0.4383564535587274
0.460542448176419
1.3678609909063568
0.8906456031116012
0.9761414441817132
1.908478175118724
0.29762383884404625
0.4855451785759698
1.408709263170203
0.8927808239752375
0.9787650640356407
1.2897320118429931
1.5376878420018427
0.13413024663806403
2.214772585247243
0.25566565392749907
0.36358379097128823
0.43074314091104565
2.5038972268623425
0.2824857647748482
0.8855503131881648
0.45817355400516663
0.8083319606357003
0.7583926440232176
0.16139303313755002
0.21215925941831787
0.042047402988247225
0.04634758173713751
1.3082657534520004
0.28883477384159884
0.5756426678556438
0.2842833709915178
0.09061967976540292
0.16341076086746206
0.22897263216313865
0.3867373420468365
0.49558041544600917
0.6218211139255728
0.5735395101473467
0.10008273069747094
0.16829507515825357
0.8139095794645042
0.6698492888691296
0.6553694467977451
0.3966313460000815
0.999668878136817
0.9774968518324696
2.719433441849014
0.4916649524754214
2.68105994543201
1.483013979529758
0.7759636931657338
1.293355438875813
0.12187040452763366
0.15014215259837266
0.25308357747783833
0.3739293918248657
0.099127660722515
0.0889684824836408
0.6821754356831016
0.23171799219655415
0.8429757587234447
1.5324785173575162
0.05044486834493123
0.107906235993491
0.3348956181211332
0.33562804601963586
0.6356519806676726
0.01357384878525722
0.30572555271489227
0.08958732157437307
1.103398160329014
0.20714880166095406
0.4005209618324116
1.6997814182481126
0.5502553184018961
0.6099348511248146
0.8744852356260476
1.0789497144641205
0.04749693484674301
1.77893025730299
0.6566952476635507
0.027093643371252505
1.1043485870380318
0.29274244356334117
0.09002693937907913
0.482889644449398
0.24193590147497648
0.09359782288843589
1.0942713353098341
0.3236188697454215
0.6855088210658051
0.705630032416449
0.4607434231753736
0.7349142468891806
1.998349368903494
0.09186399862773381
0.06851362587358971
1.1584151929531403
0.7521535636875035
0.39345653396143354
0.27441346639437275
0.0798292390109178
1.5948903691815823
0.8775438324637177
0.4488659503750813
0.3252273454904056
1.827981791390343
1.0743761517830734
0.015143166330376698
0.7652926340197744
0.3971910921148255
0.2159575969771862
0.5347808353151945
1.380480559288388
0.27844102699436313
1.045491062327454
0.5914377479145351
0.07891591896382572
0.26605072020251846
0.9593678835727201
1.0922247577166235
0.17663534875398776
0.7049178450241129
0.7200942935913938
0.3962210747667153
0.3485996528140468
0.2652619850082326
1.830055648733715
1.0652034100813477
1.2361413983705312
0.6717223399528048
0.9191961905558306
0.3332066723184998
0.20302023123312746
0.6211959759374325
0.38353428515636245
0.22957231989718424
1.9350532558387414
1.1050437353124358
0.2514648875360668
0.32577596902411593
0.9358608890132177
0.38645607403282356
0.05120876147314488
0.13819274167419254
0.4212651054163473
0.21937972838804398
0.13641500408837715
0.16670054047196442
0.6847722378551153
0.23029470264999496
1.8124567506802738
0.12565325612898037
0.0649728558618819
0.9302482119742902
0.45759967730402756
0.7807340970624678
0.32895145440909235
0.2626703759953405
0.14997633274216995
0.2505315861474775
1.2434694333171872
0.1944288671298036
1.5323450490632073
2.835062760102327
0.44771129078135674
0.2822240467064129
0.3747378894753489
0.01995466889293233
0.5293146528157875
0.10371139842255103
0.1622345519021624
0.4498329588683168
0.49482642906022006
0.08149903968379964
1.682815412023825
0.3879664289746506
0.5661862956054496
1.0132549264324437
0.4089426722475802
0.12528317018450988
0.3939075865779583
0.25036523308396114
0.31009101379268206
1.2116317844191293
1.3162459805430318
0.42260333237556785
0.5093631534460213
0.4390925287744371
0.6462634985284836
0.7693506895611569
0.3444543668242871
0.21985881882390412
0.28003404973667556
1.256969172263112
0.11515054308738885
0.2518911826038626
0.2032407952777129
0.10136764638142919
1.8414912777327017
0.05561609142642041
0.5302899466830534
0.1095625890149737
0.41035630107473126
0.41877847432948606
0.5487472878281499
0.14402305442807994
0.19473421023765367
0.39336743433360505
0.8623320330726149
0.09535860384808834
0.6246228288611652
0.2795253618347695
0.35308361428864443
1.8562330203693362
0.11314491404426143
0.3820396769959268
0.33490977096645613
0.06544521983375005
1.2187909366766252
1.4859393723194927
0.30983877628308104
0.2109491292455013
0.19481837086934098
0.21970367866608417
0.3583323356087025
0.4119350789903519
0.008055105105074173
0.40935778220017804
0.06555096380937739
0.13645005280601127
0.06546457155844221
1.9032508700304456
0.21242603177423522
0.11451657235358761
0.06130932892949227
1.6283059488573022
0.42486178131605934
0.6876008673915591
0.011160490941995688
0.34378072394623266
1.5625723340219515
0.2635043784634056
0.6352172917741761
0.7209809494202191
0.6026351775477129
0.1131996106137049
0.4429900793698489
0.4209054565182868
1.1343097922726992
0.431355169415956
0.19239316360102868
0.8566173150634878
0.26385602322054397
0.6349024875737058
0.7028744599118164
0.9781303392435801
0.11658583857361397
1.0319172024354968
0.6205709972348336
0.2952475785282121
0.3603385113487475
0.1719820618082555
0.7239514653071552
0.4912759043035172
0.25948276405792636
0.06455111957075851
0.020394694560570314
0.9051020243447342
0.07440407951712567
0.04626863123392513
0.7372365451128139
0.11431501393396486
0.08264611232125298
0.6984938807030892
0.031098708860772813
0.07344699999696205
1.7209657679290113
1.1061467035579304
1.022558337508978
0.7384728288729676
0.07810973796504302
0.09602740713428308
0.5611492618061222
1.0879034180851845
0.12530157768260433
0.18088565550217248
0.368494604687314
0.4926224723951666
1.9044400932111498
1.640970419458069
0.34342937235601345
0.9507555094845017
0.3378205653982515
0.3113256901531914
0.02512763628976897
0.6407098813542932
0.9914022782075518
0.6815467255262966
0.08123483387814562
0.053855361646376665
0.26398693001434703
0.2734982131292493
0.30710456030985395
0.6686081864413306
0.7869796920712019
0.3519235502639001
1.1620235243125332
0.02931968384395092
0.6797248949564877
0.39664806714373746
0.03281467356299213
0.42067802333359844
0.06601484146325495
0.4995740421517588
0.7685267921153175
0.20048868623691507
0.056694553793498345
1.4009964288598096
0.9893605361918362
0.1533138961616863
0.16375150910354272
1.6918109742548268
1.0551707307353937
0.8822265360715903
0.7313976193557106
0.9319897955025924
1.0161397580154483
0.33109911861390706
0.6223090969023989
1.2973339550254956
1.562872259128441
0.8600566572920076
0.18754931920523416
0.6755358553896577
0.6130935418755218
0.24500371887543862
0.16351634899465314
0.7018902034902852
0.07123144057184974
1.9262723813452274
0.6606392250244376
0.91601447640558
0.1804029659207789
0.1303972227567878
0.020802450650516308
0.060323582333516666
0.07335290277192491
0.05161163842630333
1.3172017198499917
1.1945179039213607
0.38028126259462736
0.7831143211365276
0.9159359455757276
0.3636504562495828
0.6774801639872319
0.18634616784918465
0.17739903207787888
0.9483576039923147
0.20876725051798892
0.20381757617793597
0.3096600504214296
0.020105829107739677
0.9517852215992666
0.9915669229343453
0.2504027495129047
0.06429306958268088
0.6749963811248871
0.1742851192454977
0.465545391416508
1.5246434317601907
0.06536800752728031
0.42070891936872395
2.1195648165419763
2.385773612888564
0.1886930649263174
0.9541591753717161
0.3627317719279356
0.102899818035105
1.0138157968873982
0.8600666828750718
0.30669344134350185
0.056637684304412274
0.4198512236792665
0.016925271078079434
0.2929781928286872
0.3085263523485182
0.0863938658584448
0.8397918460505452
1.4072711316544229
0.1851227244033567
0.29971127716099927
0.05512602675716036
0.808425096387643
0.5827081976559749
0.007613923707157022
0.16199057692526117
2.850282593269851
2.0079222473042533
1.4855918052123838
3.1424435696914994
0.285885571647163
1.4026556051488068
0.8036824179658254
0.38040695966661914
0.5059999938169034
0.09918773745799374
0.058760968521452385
0.2417025367268565
0.03875501051492399
0.26609073668381156
0.7325243637345952
0.24614467838655493
0.20404943447607055
0.2820883782007168
0.41402884437309456
0.5945868331734019
0.4433017172894125
1.1443103736444804
0.027807165369235876
0.026798714797212866
0.5522227347399313
0.40870913431610834
0.10490725239602067
0.20912794442546997
0.1982012830027495
0.3245167705235199
0.723335547584859
0.03901815635603399
0.06705822114052974
0.4053610726598484
0.13381331511051747
0.05648964384908565
0.716207934773851
0.43175478175252985
0.37452782309616894
0.5164762942284501
0.293670118069705
0.20817216168748237
0.4911279982667669
0.13937879678644502
0.12803195464681985
1.9299469879904017
0.1243568882566452
0.4755415206067189
1.036862014086947
2.6032316485427285
1.5002188260472002
0.4598137134482087
0.695366567107248
0.5241768094134207
0.18901015983626945
1.000824066424364
0.6838352033614866
0.9427999980320481
0.021513017219154957
0.10594805020530322
0.781725411217203
0.10210112565695109
0.40337568531673074
1.1350623310756311
0.3687714417228048
0.040395697622156425
0.7279524469016558
0.2940952925981828
0.13629862287215266
0.45210183551350175
1.3249192429666732
0.11377066461477915
0.947920651644075
1.1690094836552494
0.20955042338679578
0.5215173921498495
0.6367353156418568
0.7636692375276498
0.4613228478552955
0.5733791515489745
0.2416630060217564
2.0206098743553813
0.08219555203698965
0.22094958364946463
1.1372277287873265
0.20144371740954684
0.2118847720591658
0.1891529702266403
0.25847045710304356
0.6163662617932876
2.3769539435729943
0.7140816906901771
1.2122103279223682
1.3246749147607004
0.5117636549720012
0.060587948928106095
2.1152605351747904
0.028430647284971765
0.16747994413197065
0.6238155812663091
2.0735195116558662
1.0850173877053577
0.46400420816474924
0.7876690394061348
0.02518155596026888
0.05242235310265939
0.7601974261680597
0.03997443501961747
0.23524505461886092
0.15432255461900635
0.11231839281855024
0.5147668364910354
0.05606915909458723
0.17629728277875797
0.15471922077538686
0.8428538818489714
1.0614939755129889
1.2028602084758144
0.11961679015538138
0.062336981199127464
0.08852322021720682
0.4059277811619548
0.11229798169436021
2.1835917215637917
0.4051074106075363
0.4533796139365385
0.43574716960791043
0.016065421792995083
0.06380128383656727
1.3084283189737627
0.6752025326183039
1.5026826348977464
3.053345733783647
0.6409162181006474
0.09658534010506187
0.3272723515282429
0.06046636198986154
0.03101314431917276
0.659827002035424
0.15271899957172363
0.11619539387334937
0.2659003507269499
0.31904724023213926
0.26565765421586224
0.7642359892732857
0.1830029239724903
0.5763462686403881
0.4719831734852605
0.5239112777230148
0.2382620438452027
1.5917669961644523
0.6594847743374614
0.7857079449768792
1.6296481025758043
0.8451587280779665
0.792697469871721
4.541617404832229
0.48036764290538386
0.7702207723434895
0.5958289154371957
0.699718293234877
0.03656841273081271
0.897461548142996
0.31963417992960114
1.5246570024017885
0.17935516310922353
0.38091747224932926
0.1130543233579723
0.5584321897096253
0.3335028015259404
0.24285729010677257
0.1732170281157741
0.052760132719266564
0.07726557912158485
1.0764058003815897
0.2736472261389735
0.1502294289548225
0.5053677531178482
0.7317622330884502
0.6636516169966091
0.2911720646349619
0.3210487601307163
0.27999356157152794
2.2777723816009474
0.1467937296289363
0.6335127712664128
0.4454725648428948
0.6475953710270027
0.8481019099219117
0.8802724595556392
0.0482686480584971
0.16682751375283425
1.1192038748209214
0.23276543947601616
0.39590634790014784
0.2048125949660816
0.5494587236592878
0.35080549830292945
0.2110859850904018
0.2601767924624757
0.2586708945069234
1.4136284636886882
0.09030357244011604
0.15725704250962547
0.14959148310161444
0.3445450468544559
0.1297014029216326
0.05495053270252829
0.04990159515864156
0.017516594729754278
0.46594268892355634
0.37816771471708904
0.7455890167747328
0.11771568052379423
1.4158321306980979
0.4358337007662626
0.9202781560553241
0.8776558877130286
0.5592673223469714
1.1447463986021724
0.7582688748097944
0.5232181919378955
0.569599000666762
0.7230164983031147
0.19388614326774353
0.3135408225840388
0.4857738660514877
0.6109749221051416
0.3355128919726725
0.2597127274231477
0.492905897535645
1.836127529998529
0.7290464759014912
0.20506565203397223
0.08102091887620319
0.8033131743511204
0.05982314062380477
0.3461064505353814
0.31417485387121935
0.6880303220326931
0.5078645820123474
0.055468242616332965
0.15193459495609896
0.4347894798672793
0.2876712330902554
0.0549917480842656
1.0478012804851506
0.02748045298550071
0.13195337995474873
0.583920150459627
0.5309114289452521
0.12528642032488016
0.6020650421066627
0.09142767271196893
0.1346672768927199
0.7241134529348228
0.03671344274519237
0.11631044191574443
1.4968245318036186
0.1489687409761116
0.27715675634045966
1.127146197186171
0.513194348071552
1.358002404929462
1.0135645293420639
0.7441021836179742
0.580677114172351
0.8152235132349231
0.5712600952663943
1.2143967499124557
1.32393219565591
0.05083170089548528
0.3599484432577431
0.7449105240409437
0.11779532765162011
0.9571706750332482
0.4189325341095039
0.08585208725474648
0.3085167298271124
0.11496773181622552
0.37347398399291315
1.4188128557191648
0.7923433461251024
0.04778280877119581
0.12740019822016344
1.1900297891067668
0.19034426796902965
0.6499356422185051
1.1606026602405148
0.3188972766286893
0.5339364067633561
0.4204566664131235
0.6816755472230847
0.5463185349235425
0.5594985985978306
0.4843301956829329
0.13471628239048403
0.23878690608700973
2.1495047766076296
0.27693023829719937
0.5663703146666527
0.38617286754617414
0.7373684516955112
0.42903442396757063
0.0616380735349035
0.019136584740494823
0.737710800057758
0.7027056387252332
0.9225495746730922
1.604309605670954
0.33383825748343965
0.37168866466960976
0.20997155574340046
0.02520607036653213
0.350030228401661
0.4156524053877342
0.07998062741489213
0.35327928026521943
1.6519709486149605
0.7189607142361918
0.9171873274348812
0.21313348710719565
0.38673049480573224
0.10874084518629573
0.07707839824978087
0.19795856942684475
0.072620277289137
0.7140795138761451
0.09835312439497906
0.109404778160535
1.522202340088372
0.0356517186784258
0.09574343484960403
1.921063819669753
0.3089933892230985
0.5329771652505173
0.22825057370052515
0.6073809965523604
0.14433817040663827
1.6903472029045328
0.06528215661825104
0.12961913759974475
0.7364407615986852
0.9574530112120124
0.6046451958130111
0.5370613164972822
0.04678079175924447
0.39721602586024163
0.6917337796647588
0.3971157912346882
1.038598839765889
1.0356294579460104
0.17951062569925047
0.2694806442346076
0.28411570199362446
0.3958566200886274
0.23710234150688175
0.016411855179368523
0.4166802469247468
1.428600213392565
0.6055244446042402
0.06459469870954443
0.7590202632070336
1.5598446456663966
0.48888256571611377
0.22336043694489752
0.5383206364045706
0.1118800847338829
0.12050967167387938
0.4106080069906867
0.4973494455763626
0.8434448350286462
0.9025280045048524
2.5046083469695026
0.18035414265565372
2.1664265228950197
1.2118050557624591
0.3110821284116899
0.19788338711064873
