3.350448724239083
0.6354136057110537
0.2035517015167904
2.2495247626730266
0.10161860101818702
0.5782227334166947
0.3791735932054209
0.07475285735275942
0.4905929165188255
1.7081615303373456
0.17123587049997505
0.798794094382
0.022814093759383584
0.1656568533128572
0.18723539810439996
0.10165610022501627
0.5335447186666955
0.19816105673468148
3.3744759316186936
1.5326091945196476
0.7444729725504439
0.7925179983760425
0.16169137621380342
1.3431615551355047
0.6173516400429384
0.47480054531518767
0.31162401324730554
2.928654518977581
0.2558916233812168
0.091302861791916
1.059403498324422
0.20676451743889532
0.175588314319123
2.217320953630625
0.09725629292368136
0.034840635586578995
1.0530489870109099
0.9922385830643525
0.11089977638523012
1.035470717552363
0.09611524640999448
0.4076098552339362
1.640459884990003
0.04935186674752171
0.8725041472172566
0.5219829300415435
0.9110754373952273
1.2530506765256875
0.2775696465508997
0.24537763535784574
0.39777321735157256
0.2754927376449463
0.05745923315661847
0.032967328735598496
0.4441331372092221
0.3705136955014676
0.7734228207466108
1.428074890361978
1.8162777020059433
0.20487945711350877
0.03122606055365832
0.8487301766421096
0.20274418372179318
2.1006471481969156
0.1323011042817718
0.5013797893460454
0.9113812959564823
0.35351250005293994
2.300944658017504
0.17960875794121822
0.6872246302942386
0.2310953115230654
0.912999454850628
0.555192666847424
0.3099491823790521
1.4782312428370434
0.8695872567361355
1.3847459086971652
0.7505440939970224
0.21549942309136155
0.46677176332591236
0.8981640532115138
2.0439082267542195
0.5777978006840114
1.1978127536338785
0.08541849210932229
0.146315495759856
1.2938781309597893
0.1380068442009763
0.013728911612329859
0.40836725069556506
0.34775452366962495
0.339780439243139
0.12190401098333739
0.40013735154425134
0.230655876761443
0.7238831707614132
1.0430699070964249
1.1493115616149763
0.22030451405960194
0.5229266473754696
0.5318804425424297
0.62903485605984
0.02310681170978671
0.0828494063646558
0.2342472402167906
1.6893800696798171
0.9780256725982526
0.09469055474920639
0.1495164333385424
0.6058193127576753
0.9826880562821045
0.4691003050790316
0.450435798679432
0.07755057408567637
0.592197314313375
0.5608569091257058
0.20186901872607854
1.0465932881356395
0.04778559955351991
1.4756692783164214
3.6788974509894
1.2907708904435777
0.2335583920679752
0.7961458837180789
0.7625017431323869
0.5874769697247555
0.5035355066376527
0.13321596637392508
0.39348994425302986
0.32801528174896255
0.5652959610725108
0.7749523194598192
0.796115487967222
0.13934528735103474
0.6123203524029742
0.4815102246280206
1.044911886318976
1.0958800002083955
0.8062104396365736
0.4234093461360779
1.3974475058010785
1.0731246128117398
0.7823925776597911
0.640751647647566
0.12668371756697155
2.744825385114455
0.28406390443412577
0.09668534508341314
0.039106587340066855
1.009686511744783
0.812308908945976
0.37560972464335085
1.3105565183480825
0.7332531398913797
1.2983412785350954
1.5403025835391209
0.06423643624148
0.973543256336355
0.8435513143153129
1.2264959403958426
0.7359386285325518
0.7044695501975181
0.0647672810144959
0.09755882891788988
2.8843021388358983
0.861241631407506
0.4664148025571999
0.4478411690087926
0.5645243306970904
0.028694436324751146
0.5338705214530028
0.11401332145174799
0.5858389325053609
0.526766299840476
0.01064201749850613
0.26832882473855263
0.8549984168923892
0.31898305874374905
0.6991821464890958
0.3460831199611521
0.03088407848171622
0.8543048793089212
1.654850298892117
0.20700832846224462
0.5819980630992431
1.2582976462331992
0.32190308488721714
0.5211085135978303
1.364649050112886
0.47160968306667306
0.2089230395862291
0.8527455218060017
0.42442969854682705
0.49438432452303804
0.19447459662164754
0.7677325040670936
0.4227424965599936
1.2227127079002473
0.6122238609924228
0.08693866694627035
0.718646331717263
0.44410565843073035
1.0076485293719797
1.3635453984244994
1.10328540385901
0.08696715471285926
0.9653246344643347
0.04964563450515408
0.15839216286074392
3.922783160570953
0.38318405832303903
0.06372418830215194
0.6491341999217605
0.35050966835338654
0.4679450692641955
1.116615716401726
0.46237591583090626
0.6889368360233634
0.03811092361144764
0.3116351225146917
0.24001737261571962
1.6602843185674603
0.020250761757022024
0.1388531260763429
1.389414899517059
0.20426579774077946
0.9028171802535845
0.14255365670543413
0.036431187589276694
0.29129194120634433
0.29171501676321543
0.3075464140955236
0.1578974763417741
0.4420594393201354
0.6059385623117419
0.3129421635948916
1.6622663084689766
0.6719681341421588
0.3859614431350395
1.3125875942387941
0.5219370155584042
0.1573554854816782
0.8589461287076109
0.15864705002767238
0.4171799905093631
0.39552774424457043
0.3587272011066694
0.9832073299624328
0.0913508855928438
2.4124176535999506
1.030443139909755
1.3720301080132427
0.19316401743071562
0.06847097246071458
1.0695098730510186
0.5200899902249102
0.2743059621827394
0.0264958226532049
0.012678114266713277
0.031494275335085344
1.2518182095723012
1.1160455606588728
2.328105204710834
2.742323473980941
0.01301163638843611
0.45388953944631316
1.3482714199688999
1.0993500309964277
0.4031836453666803
0.27840412234071243
0.5398363500465453
0.369074656755046
0.3860489757933928
0.38027053945072853
0.30369016547818484
0.1967219928510924
0.4718065051526706
0.17862403116829084
1.021826684962117
0.7123825636437533
0.08141697475096263
0.20215497456815573
0.3524703404856817
0.2686255908916924
0.11360690664179515
0.2941658533504917
0.353694346875799
0.9386458725441611
0.24132818463667607
0.18547585697962635
0.13879205061405395
0.05756713165551159
0.01742338492770858
0.5717127048605555
0.08724589457772901
0.2856750506149631
0.1583651807138631
0.22217773537582022
0.3211401204164615
0.607290230337963
0.2060119912858128
0.7841974440631524
0.4224473307732556
0.08906754141893179
0.507958425828545
0.40160807276485744
0.05803399893208162
0.13302466346032968
0.28900839765272046
1.0574944192748246
0.6660963123851243
0.9568373510893746
1.515909502707469
0.3808915120767432
1.0569850918744235
0.051995449042805245
0.04510954532414283
0.805106448590507
0.6666584061234538
0.09101193559713122
0.7889996396741051
0.03844952381611447
1.0431972585782143
0.4235572174078449
1.1479516410953599
0.2003876677895537
0.8376948580209834
1.2751593725017194
0.4539853883740806
1.4604785404847218
0.5151680369416416
0.45579941858619777
0.1509241011102962
0.3095604686369854
0.1366642031837062
0.2776674674117894
0.40386097342579746
0.296646652010667
0.1366621723061086
0.25535053356792486
0.5998741716333943
0.7213619330468469
1.0271318843294652
0.6054979831983808
1.1498557526676108
0.596736958113797
0.2264373732469974
1.3324808869576008
0.07248182148624187
0.9661986750659737
0.36600254093412266
0.19905768892294684
0.08867313832415004
1.0238996022034794
1.040381697551074
0.7208847600414054
2.9478784638102735
0.26991936148196
0.40663311460519824
3.3905835458857276
0.05313801911072624
1.0727123397344054
0.8337288283476618
0.3629871853267855
0.1901274041995785
0.5073891543477111
0.036162145128015646
0.26807192513923134
0.6165862966975132
0.34513037103761435
0.15570178929378287
0.6397388250505434
0.3013956766938661
0.6007248553783745
0.18228107239833644
0.0974832855847192
0.0791258269271847
0.6121246555314375
0.143575131729677
0.29213765124319835
0.7656942241685366
0.15575571720562348
0.35115325318345547
1.7735422436666681
0.6755394430781801
0.3101663956296052
0.032163650477288905
0.279916935314756
0.07974481485095357
0.6376897738674823
1.2700050679551704
0.15513198345521256
0.24091305637096505
0.6696188873579209
0.139926247801837
0.6786385632922077
1.9808547194821273
0.01702713924677333
1.6475309649006153
0.35983584202799823
0.12359638424493864
1.2705008246380802
0.37177868627781413
0.14267182856596863
0.6139312511967749
0.36463195251191316
0.20907406134796802
0.5345986807595448
0.1523671227616832
0.5314810267564618
0.5406616508780061
0.6708146215063548
0.42775382960203145
0.4922342289748741
0.521835847691831
0.06031846071107542
1.2296730660541209
0.39787066797810344
0.3601055021397222
0.3378847895034203
1.6769896712801062
0.25402477423660447
0.10285245867261224
0.014557642367602429
0.11603206981366823
0.6325237822934529
0.5977284605588872
0.23388722307158474
0.20860130113126144
0.12577809325250158
0.12474311052681036
0.5606151220764698
0.4009578804952463
0.24557660999337097
0.5554515278978275
0.972290432710033
1.8577616467695675
0.4783585507356271
0.3225439616106803
0.9562828142581599
0.5892331319762772
0.44272679412818466
1.7723178064070513
0.23556516134638242
0.12260695945171385
0.17680978055068935
0.519600685057927
0.18279763706811009
1.0098843650829818
2.191234293604221
0.32275094658031817
0.006441575526981336
0.9886880350342249
2.1714111829718856
0.7183717778875418
0.03917083068637428
0.607265862982067
0.3111756811888244
0.20529122083900656
1.432845221407365
0.06942976690295849
0.04470511560508644
0.11443554127139642
0.2282292958758443
0.0573767902652228
0.3657573097922631
0.48728156482441176
0.8072298514239131
0.6946392365487307
0.4426347225146649
1.9832298821727001
0.21367746981091093
0.03977519916841532
1.4472745374612166
0.4336000563602981
0.9932667428592569
0.4584425467167121
0.09669979268726447
0.6434387446359254
0.27161371064041145
0.19759815771172734
0.0085622232541119
0.47856327970489126
1.0600078876828853
0.2678801574767048
1.8311412071839326
0.1953898789878741
0.40992169601106926
0.6286009783093123
0.3812592486927788
0.16175773016639944
1.7060715608309842
1.0589092297681937
0.02527881303234909
1.6693869180640841
0.3009804749910598
0.31817334934844205
0.39157730340679
0.04353139973221429
0.12008915835512336
0.1963526091080368
0.6841396984719587
0.05804996407230757
1.1729673853640685
0.3249206960752824
2.428023329849749
0.6071898011231297
1.2114718640367141
0.8596263830653884
1.4553015365127215
1.0417702745895712
0.950767574034097
0.26580953331542645
0.6347469954033352
2.375669983832714
0.3291296040204702
0.6271840707185423
1.3800762283294778
0.7577083981180541
0.33133101750001887
0.28698867694879326
1.5641054580568412
0.5532426968629753
0.27968731569749383
0.20729228291629706
0.11380428051352719
0.5138886369980761
0.7364749869867872
0.27135409310554115
0.6775368569449899
0.15161448963418736
0.3594932982366735
0.536722904241431
0.5548658204462174
0.18442241042735605
0.0794019206728424
1.9755987221847056
0.847565676751399
0.992319683146832
1.7507110154057313
0.3611964640538231
0.22865553489130166
0.7564949468282575
0.32611194918242753
0.03324260773885043
0.3880540573769573
1.1389643382534178
1.0070038158107597
0.030206058001376167
0.5885558439451137
0.24041422151580236
0.6018248291026692
2.5434957200214594
0.2566538692890404
1.4290327133835
1.598001058967223
0.19609142359542417
0.3643413700213009
0.4979683067682904
0.20887198593477554
1.395237571839436
0.026249654139270637
0.3185523357234187
2.034310736320059
1.203830869860412
0.2781150052192171
0.7491612987896835
0.08012472415362529
0.29427077551388986
0.04516667847094505
0.4046003940512438
0.067646643753443
1.372804531562703
0.08134417026701676
0.4400889628293147
1.8087364830683286
0.6728575627750524
0.1873091791905698
0.6877344941178191
0.23904552988327235
0.49138924933346556
0.9847799421619855
0.04015110408188897
0.6037002118041381
1.433174012584716
0.3008645898520497
1.146654991750796
0.23300095283837488
0.3164049972405559
0.7188584208900154
0.6915584255630489
0.6104209471518116
0.09553859765657216
0.6551336951299829
0.30592844434142286
0.6010553438906933
0.08402812970145278
2.889426541679292
4.078373881645909
1.6964628096612901
0.11821252635288197
0.47641939238026504
0.18970121742751245
0.4685515182737464
0.05774011532593664
1.177942106620477
0.3417275202129658
0.7158443418144115
2.284635633656189
0.11487944988076204
0.5644033320448472
0.4171561440342052
0.14176893589744916
1.0021414229379528
0.6980741565345019
0.38151820459290287
1.7036978788346335
0.6352049505749565
0.33142493913530835
1.1055788212824282
0.7530879091336153
1.3216308360850784
0.44885708727101303
0.9412704122100637
0.9244200257462347
0.575128168834076
0.6702582321769025
0.03552203240560206
0.14548979173775167
0.3279495376441129
0.24737608901449643
0.14886526113645712
1.4166203744400678
0.3406107178807976
0.14962321744646626
0.45133519599832544
0.2765347195292517
0.05742890425734618
0.3644179544194648
0.0061979547443632545
0.04208847324809832
0.11285515934841683
0.6018527107065721
0.688350292170508
0.4143559989565171
1.027227992138289
0.13591202053775922
0.3433467810770054
0.08495242190919738
2.7624820344690773
0.5848625047558085
0.04975172753622577
0.1335207523653913
0.8139504970578565
0.3333721766696802
0.08518747312245037
0.7666774223531957
0.19118324895427397
0.028571933419205567
0.2964479671838428
0.8717259713344466
1.0994490334032958
2.335568411311578
0.09713343775030277
0.33944937498464106
0.937183169586429
0.6032849642547939
0.44246966238100555
0.34995022361992406
0.8510102759380129
0.27922996770346215
0.33740382928657664
0.04073640580434416
0.015689440854063465
1.5179993329803425
0.7482748390312954
0.5777096340968334
2.6474263780265246
0.7913230786171502
0.11731723462386752
0.30090464381729903
0.11419475519391335
0.5398964924090415
2.2433292504732187
0.16750991241323174
0.11434382838591098
0.34567610916039004
0.11843545251195275
0.09374742901097788
0.24459743602654258
0.933877133547935
0.650551031435867
0.4145547747824931
0.29149827904008024
0.5544403318981089
2.1211158756962547
0.8793291040781334
0.3944686567958626
0.21905518006281172
0.38489504956068404
0.3610188119839448
0.4102179662332513
0.2922871641074122
0.7930110929119193
0.9603000277743341
0.7137833908690936
0.02208025962549043
0.3940733353422969
0.24611031751106258
1.7149421188614855
1.1606946356817693
0.06585114401813386
0.023846523426623346
1.030379717178501
1.1304950387866848
0.5332766215680028
2.476286078582552
1.0361904131666007
0.09542207367666766
0.20963830417325063
0.12523469674769303
0.06311147478967678
0.2687619638860301
1.7313673225248813
0.7119170612534563
0.3692147851221207
0.3816880336258387
0.09274329121634618
1.3544114404218048
0.04384762256676906
0.24415106578009005
0.4804991624017991
1.1515581621894937
0.03353068102459779
0.31067801301714676
0.6633884638450626
0.8337226850013464
0.028469607751746572
0.09000526001276006
0.9844192006068677
0.2509075739660537
0.7791682350893787
1.19401118603535
1.3840557902125636
0.23992887761602466
0.3665951964094063
0.9943502581079422
0.14404352485336305
0.23976224995193654
0.7150593688213207
0.13877490928215377
0.5614583014392475
1.1943361703617268
0.16902628971964878
0.010107843067807288
1.8091976301274255
0.3330080341045241
0.31883047680835697
0.7314486446128393
0.290832106671055
0.31578644508868603
1.2006451346458538
0.976952530548702
0.3941382435906915
2.7215697658677276
0.6633419364519041
0.22689819865047675
0.21282107930003547
0.23820834548821937
0.28673141973917826
0.4696445536345047
1.0893623245364756
0.6522028393733421
0.608526640928482
0.48973917282115165
0.2507194922416042
0.8484219710836268
0.20566789447474765
0.3372897918080251
0.45578730444203
0.9589827565977874
0.5043020641336716
1.3608137847700188
0.6735607955553652
0.07988850725261121
0.4954262210543169
0.47637407890689754
0.7161974514040458
3.180036135464987
0.7079235212013779
1.5033131837807723
1.0486491463764136
0.9390940709556265
0.19914350190246885
1.0900667777724986
1.0701575088547837
0.6374771135430081
0.7719924573304137
0.5432715323900834
0.8962903042742237
0.7468007887516677
0.9390146289286536
0.6448860364251354
0.4099265066855966
1.8364150793025318
0.02387278852135229
1.1064291136151436
0.16037724239417275
0.10345207233944702
0.4864687018518547
0.21103521565940386
2.0998108029140967
0.5079990457649907
0.24925385001847436
0.30768303529148855
0.23214921517108858
0.09190684039756293
0.8290523129793511
0.43299300165087884
0.8512687416606691
0.9700442764193588
0.9814771934103925
0.5142696656482159
2.2871698656097927
1.5271520682632773
0.6646056731365327
0.38980697807546966
0.9677342889531255
0.11446050272153642
1.225878592281066
2.090073791031256
0.16758477745738887
0.2730805020533847
1.0809989206191022
0.21575412277537118
0.3649134277029257
0.38018989450499646
0.37098609043535424
0.72233764002786
0.874410399412393
0.18564573935489206
0.2651819276538458
0.5690844296368154
0.03593399504395488
0.39019419651540316
2.010442843394968
0.11692034106505886
0.7448369413113927
2.734024898072574
0.11109274010198551
0.20953903290561396
0.40687843709076954
0.09628855067842311
0.4140711067360249
1.0141573175182543
0.4435666296574001
0.21884154942766396
0.2635638815329646
0.024125431415761508
0.6023759958461764
0.11393003665356453
0.4364416114635373
0.07440759045019538
1.9623246400649212
0.28663562678216425
0.416145757623017
0.3264260234480734
0.11947698462749073
0.019359967325550183
0.0675168157498938
0.7662225435995667
1.0777022545475907
0.22368805476681305
1.5360309532019514
0.8782043328634058
0.41085384765973165
0.07329543644970316
0.20062915684649069
0.23846200034377799
0.36377516816723465
0.3999408190800092
0.6210996059204498
0.24536083751141732
0.2362898032577403
0.5681457536081104
0.025545037742816107
0.021190285801573807
0.56691052258103
0.04700933455269635
0.3545555004881042
0.5409762913854201
0.023534297127122007
0.10519346302232291
0.9375032012428693
0.07265103084936782
0.5960788627205195
0.6351573714438667
0.06094516238967889
0.3942856254911416
0.6298625072093343
0.43661242665549
0.4986021800972354
0.3398006453966649
0.026527501567132825
0.03932062965090013
0.5206841053004596
0.4851732412152154
0.06847480864088223
0.8585340208514285
0.21688706245048756
0.07271664559231539
0.21994101153234016
0.4591074557133731
1.4491336352116384
0.6718709816617958
0.32234676397731604
0.06181029761020603
2.1404022669639757
0.013524786273370483
0.3253036085828932
0.831186789213931
0.0441233184612112
0.37296481493644856
1.085732959677011
0.06997964276287076
0.41866261112613345
1.0325322154621475
0.6207775845493432
0.7032659465283847
0.41671646189385253
0.8715195723282873
0.09648030971475977
1.728082593079718
0.19600512828890881
0.2648280443916083
2.980912988836992
0.4341621769369226
0.6469345466890966
0.4150191432430097
0.7185691318071351
0.5179243828661578
2.702138711179011
0.4827863862377874
0.2740012014748357
3.4155430570308267
0.5697869233421099
0.13964392028047434
1.7322690936793883
0.17646905923223202
0.1911991251087847
2.277720312600845
0.22192329299161465
0.09694870771162055
0.06689998242815823
0.46505067708190345
0.36532441536516835
0.8689327883110818
0.08510609494704252
0.33255669797502024
0.5234657419115792
0.12344926905836566
0.28039547059777603
0.834891554949043
0.14344059215494284
0.13470700840056724
3.5061091731132565
0.9153869015313364
0.23242498844447454
1.2510574926683642
1.0021406441237344
0.589306329736119
0.1578534674513495
1.5129525712668925
1.0513116258047284
0.8453376771920365
0.7732088168231717
0.09356913811576972
1.0418238469338883
0.7429619464273581
0.45047984353242715
0.17661494722757798
0.18672725513970567
0.13382641127250744
1.2559861386562332
0.36659879941693957
1.782501987697924
0.8478985374885288
0.36760222222943445
0.2438611647948233
0.15322245675136534
0.36461215865852664
0.28878092621583423
0.3811811942589296
0.5080547765270819
0.25444262352233243
0.06916543407775597
0.8132710046028205
1.5766786625856477
0.4276778354495229
0.6041504499580103
0.1536581377810109
2.7416287486022983
0.11156683221132349
0.13580968790919035
1.1608076866169608
1.0335576525013894
0.5913946900788692
1.2332642641663738
0.08775820580687074
0.15102085883469216
0.6399714553933644
0.1695216425292376
0.11233659416874169
0.4122066243376056
0.16699017217233564
0.6042969514681863
0.6353237249904409
0.3795944778135457
0.0973467319328373
1.1877675334426154
0.4796121612453791
0.24265120425617914
1.0638562214229053
0.21965525490135787
0.44577391223745005
0.423226457786235
0.5368362849861696
0.40834911764787235
0.7458977580383733
0.5035694288471799
0.8417349345579499
0.7212371850368745
0.024351644975789104
0.024166577584583793
1.30367766921812
0.7619746359646357
0.5948693568989528
1.397807128369137
0.14342391393869544
0.5778540830174362
0.6142756750912538
0.28954028483066635
0.30643794663840807
0.2826206518335457
0.3635002843653539
0.27451994684113074
2.308727445707674
1.4644262762160363
1.800331832400587
0.4999770728274474
1.4971586128329029
0.28808903205950726
0.5152068144845037
0.15897712611850331
0.7923694747556648
1.3303327141950196
0.29813676027939856
0.7282943779071408
0.7363052933374327
0.5746319079953843
0.08129120113813293
0.2683594069556177
0.31137513915697035
0.5674433094171014
1.20801953528283
0.1428523802939808
0.44722378777252464
2.2047106541297916
0.18482593153583096
0.04810338793668891
0.23138201993493765
0.05366422815624763
0.0536172135452113
0.49992486230741184
0.6861549717291131
0.26500532627786866
0.09088505953186182
0.03973732286015716
0.4261428266282751
0.2975397595480998
0.29740717456745375
0.2298646813417295
0.6450391667894726
1.2912454484793412
1.0647728014740583
0.6984476678948679
0.3314195744257293
0.32727345731917384
0.42051413506019064
0.362159134441177
0.03800155948786148
0.39776914310706346
0.9603783356406795
0.5538800852477687
0.1372556180093083
0.1077050042227126
0.2998204264222069
1.148635645660008
0.4953318057006565
0.2885675623408994
2.165975947454347
0.0894804125269076
1.09308740317785
3.0371485166723566
0.5536252848940664
0.9569119395088861
1.262166510659748
0.22266523402218147
0.49345967577552236
0.12684041977829952
0.3538629470780716
0.29875253103315885
1.2442891960307674
0.11094226014635605
0.14431085158257273
0.8262923730536402
1.417068625131387
0.09596100921899528
0.23505213793249619
0.10436043599689698
0.08815066625948327
0.044686316000756295
1.047382240116548
0.20363460363733818
0.941767135300852
0.736724525916028
0.5638816748411363
1.3526235865800837
0.15342715805403825
0.12382524643312887
1.567303459086128
0.4415955765575774
0.195771833699421
0.4678841336636854
0.2905116455425215
0.18548877416504467
0.04442280769468223
0.009179680788617332
0.13885818987718354
0.14686248105490712
0.279249092536509
0.2915947838853476
0.45354677744724453
0.004792242160560317
0.4460903004455219
0.441691744185258
0.5541544797086926
0.19665565047289965
0.19718263212118298
0.23006081540387122
0.16857663176610815
0.2892237529672799
1.4513895511143962
0.04108450628064297
1.5369889934284187
4.159388067911999
0.5413227890281157
0.4542890817793452
0.04548335766235323
0.2008266553461623
0.44226870739763985
0.022267797047438163
0.19467264508508883
1.56763060962844
0.11046271339479183
0.5648237474443655
0.35856170677012594
0.033224292764496795
0.7650611683471663
1.4659151707201898
0.23204442113963394
0.8853914713791119
2.3445091594267757
0.1373486811011411
0.22600670499509892
2.279453715711602
0.2188500998043738
0.27488375592594705
1.4108838180032648
0.12775748701219886
0.16183100241660014
0.801378508557774
0.17671879849360195
0.5180761429962603
0.6082658928566619
0.6985199466832774
0.47068924294609765
0.06839901718499466
0.1990202883735229
0.037115305659798065
1.96728644581674
0.9070216872787824
0.49838976953887826
0.4515775196197681
0.20767264588049736
0.9772526041090923
0.07337185233107726
0.3422503713329981
0.3353746116776921
0.5466277488871518
0.13289096546595253
0.29445592574401636
1.7994237151943542
0.7317172581190592
0.5925538493941248
0.23931254576732333
1.1361429195648978
1.2039204049643095
0.0757391041079675
0.249165232640313
0.33499008889203047
0.46190412858140883
0.779472821595746
0.3346286919431362
2.966244346546341
0.08970305683043638
0.16825893084848004
0.832728292145123
0.3706340613156636
0.007265246853272659
0.6919684060211829
0.5306737244275191
0.58390198783809
0.6075642057738058
0.8289080807158103
0.4505894301402623
0.7687504547284618
0.19969050665652188
0.5159280461920568
1.3850742989295748
0.3447187374561671
0.0462532958539589
0.8256990444053254
0.11041333367601577
0.3415177509543899
0.25306025094827045
1.2417327209543356
0.16049594622793822
0.644624090276023
0.203729551557016
0.5414896979574806
0.3583814661749665
0.7332020678818594
0.7835881899402221
0.6333267132740173
0.22491469436817682
0.860075776240609
3.1295753359039775
0.13647032598385214
0.23567294729286206
0.14907363927812672
0.4116431225860855
1.3765473972568585
0.13665746284315278
0.15493491040336266
0.6183542119683129
2.1723894272570328
0.567241460937901
0.3839309597599388
0.2832465525705912
0.18447391904449117
0.506921818021951
0.1317552326223979
0.1385073955661513
0.06667857273463433
0.5137259484896394
0.27528236429783554
0.6457594917409029
0.17422211758024886
0.1732498099504803
0.0762785817300049
0.7914117366144781
0.5139183773323237
0.5837467310977615
0.5582884330560675
0.1677058105288937
0.5352369716836228
0.4027336049829079
0.2562715456233557
0.4632395800076413
0.9108649236077698
0.37459589433357104
0.39401635267687796
1.5485746348174987
0.199290925620479
0.4967775944396826
0.265011726683764
0.7294427974494856
0.5096483387007709
1.6945914468853078
1.3786718362453558
1.0943286229193172
1.5079454157370984
0.47195196363233743
0.7603896148250445
0.6027399729162313
0.045181554511349024
0.5465811686944732
0.25253183583653543
0.09705187357381599
0.10524985252713219
0.08534829763145478
0.4189268081741584
0.628520028589475
1.9548745134475531
0.4901596366194386
0.0912586777406397
0.5155690096072703
0.025528828308402356
0.2920451001890692
0.5924393888819505
0.6980911689763599
0.08753336171977016
0.31236621202336895
0.4292695614576861
0.40670111456335073
1.3158113540340528
0.08360284779488114
0.12037277819012958
0.17154298880846003
0.09949456481696757
0.14946859060533318
1.406289832298245
0.36928339939426974
0.5490973208230592
1.034611706957384
1.6641010892725385
0.14071304772746468
0.1129011514954444
0.27847015022558114
0.226724203379921
1.3866216915643292
1.4268807455927344
0.41131798642820117
0.37088351839495043
0.5996858482348372
1.0405359362209075
1.8513451418807683
0.031921638825135566
0.0398323992390232
0.4817580133822568
2.2624069334370134
0.22367059086158925
0.43549366634988046
0.09377368817034153
0.6786693002601879
1.7627733334633808
0.1328552479901527
0.17993744388958444
0.4531097217606197
0.09748349238440503
0.011030195577265386
1.046358852931181
1.267471065419821
2.2447778900085282
1.3539279674426625
0.2442771633566146
0.05740392512721186
0.8112656713372426
0.5227021379686717
0.015443988995300573
0.36326132391514576
0.5053912778273982
0.24419200888748824
2.2417738090738815
1.2618170461439697
0.3338222558017694
1.4347187666710408
1.0905637366840355
0.6481413037843128
0.07895908891002974
0.43140281634014044
0.22539863833745694
1.7820620958146987
0.45034305154708654
0.5078836103547973
0.6967365618824135
0.4849047428001492
0.29822415746158953
2.4364292475025513
0.4583709395873321
0.1552040857364295
2.4345219245474516
1.689579417843591
0.6757110590150471
1.1869348958471115
0.9868046168089405
0.17573831548860783
1.8760454049156923
0.23794378350003312
3.13128973489392
0.4925659442830225
0.19294169867903319
0.14251963183936137
0.2720017837707249
0.21709911087507489
2.059525197687006
1.1933131714211314
0.037751366713116206
0.44224289202687
0.45367159609565016
0.2067496849697484
0.08832033243135987
0.40903641830437293
0.035822433918541334
0.10857129912522202
0.4163504384613358
1.7530122805805337
0.2327976581418959
0.5574385833089532
0.5487452580779318
0.30875560216448344
0.6372008130829176
0.4333078564248889
0.058514510183813005
1.0383326116311764
0.3324218727218134
0.016901676654157118
1.491574799785238
0.658299856012025
0.3032246174202802
0.816793527667499
0.11164480730139176
1.262397868332459
0.4948138712090912
0.1122023339378162
0.023741679844344915
0.33324851167520536
0.20994259058308876
0.42061829065786616
0.3681727605449049
2.7711463246730887
0.17324917290640116
1.8859153307068122
0.6642977178376902
0.7389727990212328
0.4454981047840656
0.14866578352986431
0.15953666771961914
0.01756190639891673
0.4696848228883301
0.2706484887059271
1.3893931406867879
0.18040160734351365
0.09066049785682044
0.4258503056132193
0.456130039277091
0.030030758724400225
0.35293183852453675
0.17244006313200128
0.16237715731941796
2.206958262218722
0.24555836712021809
0.4342556111896142
0.22422280599003766
0.07501742882189327
0.3292042826869309
0.39327955915882157
0.28153618076506914
0.5360859014351446
0.48072712873875534
0.1273255857112142
0.14236520500462982
0.13377496839376601
0.1505987105819949
0.34256428940693623
1.4838145371538023
0.08762694002182458
0.8720071036616562
0.9449412825313043
0.26156869867466975
0.13959556924262492
1.670345223298093
0.2997300480976622
0.45791588543760786
0.4661433749309993
1.164859385563713
0.43928004570820217
1.5935596081868482
0.41076046468142896
0.9673225182715603
1.611060177523162
2.4230499161375842
0.5259367326372744
0.3689937484907269
0.08920248681610081
0.42939648180917
0.35078192324975993
0.05880095682806552
0.16816645687900444
1.8590524969613444
0.6898864540136975
0.05345251894894021
3.218935846385972
0.015544520663265492
0.9796671917327806
0.16266065574922994
0.22661006966128003
0.12549462740029776
0.7289208539129093
0.23750596292532902
0.27722455730698453
0.1756636880974898
0.05307761945634879
0.019061205329739185
0.7121513842487998
0.1260627969441608
0.1031976568061703
2.2649631768152747
0.11566306085439927
0.08923519582367812
0.26944069309734786
0.26895198748435656
0.39916862812180887
0.3730972015132741
0.80050165770288
0.03876692921894093
0.3780250348455364
0.13481749409777183
0.40991902555264825
0.2986756732110577
0.3040136490429776
0.3409100502913822
1.9900344317574545
0.15237413312295817
0.1320536333781874
0.322880315272539
1.9464557716399444
0.13148133821327496
1.8401456183296263
0.29795804206586873
0.12773966563436215
0.8690774279819823
2.4119616788182867
0.1901420375900173
0.8284461628285474
0.08650089581820576
0.027043224313444192
0.5215996092658489
0.08324560142032988
0.6247959926857102
0.1436220301814324
0.28522471254313
0.2695751395060592
1.339296745909793
0.5275454885547117
1.5442794388665158
1.207909423548711
0.17058233764793
0.19577143313346607
2.8007816900258393
0.4118101985830766
0.7040218445744413
0.12053821800102227
0.11812570861853768
0.08988351220593463
1.0992078041126712
0.30306299218347865
0.5821462001324065
0.9250140851853214
0.14904727914580704
0.43921988767850173
0.6736143642150707
0.7613338841002697
0.5590707427290833
0.712264555565458
0.8926106372535291
0.35448617065833055
0.7338468536026603
0.2189938031466698
0.14448404528458852
0.8321770203523876
0.8099447097373381
0.7250304163544281
0.4866939924315533
0.10995199759996396
0.09595075062845229
0.6957059446518942
1.3884792803994481
0.19755846973109792
1.0401790632484025
0.13410316767058295
0.8930662172075494
0.7970075159424969
1.0885046023869007
0.45259721293701505
0.6221120343271639
0.5213404928369292
0.18360557988528567
0.1766844486736328
0.07194291598754288
0.2257369765688074
1.2261695673403246
0.4870322254210142
1.734850179801181
0.8986553049243967
0.6318900589829709
0.15006435773071858
0.3190925486633917
0.4061254638961833
0.2796331166620463
1.0236430973080697
0.2549794592772215
0.5464862021612014
1.3760759309195527
0.3768394005628325
0.13258509271455632
0.2262223196975605
0.31494737829283864
0.19372241241959023
0.2924256825046712
0.20766384541791244
1.0192314659019455
0.0331956976495025
0.2923314008024336
0.18099314898088253
0.19217201918804996
0.4130625763226098
0.30602831611694126
1.5060357193550022
0.06811239491375154
0.28138926300468825
0.9190431035108518
0.141727592776546
0.4262159868733369
0.1566948288292739
0.28140822238491153
0.5079594133115568
0.09891334032969776
0.43239841289203834
0.6450450655862113
0.7201599121918009
0.32947737206722955
0.865312963500807
0.222769080184963
0.34419783326366027
0.3805854574080605
0.15376821005717928
1.590940012730967
1.7182051521345554
0.5675175246817546
0.217385616610137
1.282675066584765
0.7358997384648692
0.08908030751399604
1.3941282212313129
0.8998426422038847
0.36949769540048605
1.6544372773482203
1.5920350930568192
0.22044960429065003
0.440908170957595
0.08124573396482412
0.061057114270658096
0.40064439204240937
0.20201940475065835
0.1152349792995647
0.09257102748299555
1.4480222415562318
0.9065345563059035
0.5057307891758313
0.477153163648938
0.5190635373370126
0.20317528500317442
1.5266005305621397
0.13633547958421763
0.05392969301467927
0.7849951741228527
0.16157328621855377
0.6693659932778114
0.4857805097660611
0.9128579207894829
1.4123801766528425
0.9145053467620363
0.34122870414337575
0.38693094440896747
1.2719361273381065
0.11072347663282885
0.4577149130170694
0.43384040396270407
0.02415238353669845
0.4584715576043243
1.6922301380949323
0.14269954585352326
0.296430149876464
0.6043337318518684
0.0456978491258249
0.032126706641975755
0.7268324932303815
0.30683509836610423
0.36348892657818493
0.16567620318038329
0.6935676882659713
0.7868073321466763
0.47741556218960063
0.23417439631645717
0.9432359360420748
0.6172042645678788
0.6498821603036712
0.30864257707457304
0.40037268139097787
0.19071980134906374
0.09868449371341287
0.6817972197581454
0.515870175145464
0.014944607880386065
0.24512698654844287
0.021929598958504392
0.09536493552979237
0.4392464361991038
0.2468235207067797
0.04742862033877527
0.2633894776415033
1.2413240067190718
0.08428978992825993
0.09726191494386432
0.6162348024093799
0.022504053313097225
1.963135014214916
0.15700012043561812
0.44371618179894345
0.011109712199386347
1.0169516766717712
0.009099794827135585
0.2502953297861575
0.7379847489542888
1.6056868809090643
1.0661428385137137
1.453282274520259
0.6061413622343292
0.5693199422160438
0.07256795324191877
0.5136143717427023
1.317581362380642
0.7872493350625921
0.2477151751711635
0.47969658534794557
0.06751133110052952
0.2527281333367007
1.7633606484124706
0.012283652558130643
0.8592743226136333
0.32514051547393885
0.19859759259882695
0.4281969886297467
0.3271587583629097
0.19340737144879985
0.3667600732693717
0.4331862269900396
1.4555725609508092
2.8779204246005623
0.1590098037386923
0.27419168233551644
0.17933988563680367
1.8869365146827553
1.0323833139999414
0.8732381990564244
1.1950894571452229
1.1632542695224521
0.1347786297598084
1.0846417988784063
0.8527963355609086
0.4289795914134866
0.7173477149374892
0.10280761504469095
0.11176939292539723
1.0352410031028434
0.3416734758216277
0.5852640578297361
1.1239974638384016
0.8202516300587311
0.017405631485036797
0.6674800803746099
0.34597311826933597
0.139320501030507
0.47137365693586303
0.4781892983956489
0.2857974561011783
0.16883880164030646
2.656818743309304
0.03205946836969553
0.4247081337433187
0.0346747821916959
1.1659239095856548
0.2054102963880716
0.3747418552172715
0.14178252295493088
0.9282125681280399
2.0680729095280905
0.0059089084268645845
0.889014521193662
0.384134500859003
1.4546774820404713
0.1511117347689691
0.4494752290206863
0.6119062411549956
2.1877167947103793
0.26920531276515175
0.5047315498184407
1.1788384014318167
0.07361000635813947
0.056727990536025855
0.5230905111349708
0.07900887030979328
0.48309653796398444
0.6709006131008179
0.3246468677485435
0.17816426671875812
2.515154662060982
0.10154755354859163
0.8031198793254385
0.4550823142936039
0.3266005349955254
0.6275127617355346
0.14506380044840583
0.3067236366479058
0.15984147487923442
1.0075466123391765
0.6020203373801504
0.3324576297012404
0.17741268717751804
1.131571141337297
0.4931644408109434
0.9597091120027812
1.24885179162823
1.065667490247871
1.143294201671592
0.19227618647406325
0.650277620617143
0.44118292822282446
0.29396183016022204
0.13255159884197684
0.31424137944461755
0.16189564578801935
0.6099759422756398
0.27166895241514455
0.02321423254950681
0.8041008025115194
0.6198329455460866
0.25222482303273286
0.5316252142774154
0.47763401346900447
0.07746251459716992
0.062453746040112716
0.21976036066748839
0.1910836047102692
0.055308644949874114
0.6623937713828256
0.27342535526890555
0.30623791027805614
0.27393002720508836
0.17736264008176555
0.2663210057469266
0.22923376250467012
0.24983866563370832
0.7026892237303676
0.10197917329834742
0.03086599811161932
0.05472575042999623
0.16010500274692444
0.1572568942117534
1.7560229184275267
0.15981720513665848
0.06364707923144387
0.0768577496950286
0.2839144160986892
0.15747819025579443
0.05662928653237182
0.503816286735552
0.2813723081602647
0.13940348414456327
0.43487593859583806
0.10640149508032122
0.14700271343884175
0.13094188883407665
0.1176416604252019
1.0575998735463463
2.2593051335089083
0.8860841425624099
0.0543092437427966
0.3672236358045729
0.065425931726908
0.5840782560740415
0.05259009873071031
1.4207780395821477
0.08021664050986532
0.07213111170282771
0.15834392437952965
0.06821825548325618
0.3826401343166841
0.43853334117906134
0.7051121082277306
0.6761059544626489
0.4140596827009999
0.24838651337032241
0.9243202608180751
0.4387483806022485
0.2508037572934015
0.18527815024335142
1.337820844113171
1.9156731531662663
0.35462460985522376
0.22264659827717978
0.14997233756997827
0.8866862952591693
1.2797897669186078
0.23268767627797787
0.506153188614746
0.7339595529538288
0.24448657256229406
0.5735526693208016
0.14012361195551987
0.14881696451715917
0.8196656022656973
0.3800266032265083
0.4813593130356627
0.26409015554280574
0.9553898143549533
0.3254420757607322
0.35518022735922183
0.31830555675875344
0.40729457333587976
1.1029308138736114
0.08515494044940371
0.20990573844022412
1.5563919697562332
0.43676411063588827
0.39592852926837674
2.5429244776260047
0.20405028884035997
0.495039410559656
1.9744778685601099
0.2597248960612225
0.8557533978734921
0.8124692112536721
0.441561638539305
0.08098084941161615
0.24014463094925692
2.666091397546595
2.035866662324583
1.4207326027456975
0.43633349990056
0.13321437040824902
0.3196528374261356
0.06852975554257648
1.014385716898425
0.9673774807477558
0.7297056185985814
0.7677072396361238
1.1106231084462275
0.3650506916454371
1.238001012965515
0.8435391791723842
0.4385850601686003
0.13343118197824275
0.03645083693308149
0.17842344736421936
0.7010879435928216
1.0748447387074755
0.1169338768865688
0.2826122817923667
1.1122315962338183
0.06419949765853702
0.11780421365504488
1.1915496640004049
0.08144249050829598
0.5843215394023671
0.4512314397524373
1.099406454892414
1.1277879673956714
0.7048488956109529
0.4718044125395793
0.0492492609579372
0.6140586196573657
2.5220861269835004
0.30164567907886436
0.49302793102044984
0.5235539700225976
0.03968148690355247
1.5774169374264124
1.7306923947119897
0.8282184109362294
0.5500199594170918
0.1794300736747418
0.29766948328815307
0.4295915429084077
0.11028622184235704
1.5797316639438093
2.8473755357407544
1.0965598674641568
0.14746346964619825
1.168753213208435
0.21532972703147238
0.3119010772743593
0.6426031543054685
0.4795861571155472
0.2052815601561907
0.6935388490444709
0.37931434340264186
0.5713142997499111
0.7878159450255388
0.1512078502384259
0.06177566956602164
0.1767792563017454
0.05406509980380798
0.2138386498612738
0.3756561909750973
1.109295379091941
0.7637231218786756
0.2932644061864163
0.1605679655319457
0.08612526740159629
2.4246898660591856
0.16797926869767582
0.1940078595053274
3.5819432279941243
0.35538882696396384
0.2027003063294992
0.4358883253005019
0.14674899744106362
0.25668349209066654
0.1832087395436074
0.10377582080154005
0.18801681370759468
1.2555867238584288
0.0325287550439278
0.3856011161675964
0.12340377237000848
0.5123694263677381
0.3792214003826531
0.31162686204821965
0.2341421909925111
0.06672388597590592
0.13525063460742287
0.8737291452221283
0.9448399607646302
1.4597251176927055
0.36374875654477307
0.7287553213324626
0.32359307504898016
0.30483286049932995
0.5385666933246368
0.23645348255096155
1.32297783566905
0.006191435620277716
0.37155285062814103
0.9609391647971206
1.5704562006632383
0.5130935309696638
0.34183994840614806
0.10424464082281554
0.9448667881317805
1.9101143015253341
0.3380510979382923
0.8417421057470433
0.11065997519761386
0.25352613066062063
0.2701087480732206
0.028521655993891733
0.2770525375010993
2.0318365649570094
1.0060839525006209
1.2193716640014023
0.03483312061046758
0.26430625679211733
0.44766628864085994
0.05098252222513136
0.17991509454520968
0.19008906670352693
0.031779197534226165
1.2322617827324263
1.3090398855570538
0.3980928633384648
0.3245425413117541
0.45185398687635975
0.15634643018642982
0.8927360156350164
1.8830042520367551
0.8499670018313641
0.06603979531001658
0.2525602149524012
0.5557641153652556
0.22743048528037296
0.38657495684161425
0.8602714141813995
0.2202484442801611
0.6997172772987718
0.8676017137120974
0.7362401389122746
0.2579931434351993
0.8492866227050813
0.6947622166760685
0.9918161645533735
0.8669188781587589
0.3923533353917165
0.25041494576326295
0.11249336329514598
0.3115633778538939
0.8385929936703033
0.3847849236261433
1.0661416506515828
0.45146337464550307
0.4351150461179798
0.19915212557763842
0.4050558205995071
0.21369690055800783
0.3150622329144882
2.408846313607274
0.052029384798940946
1.1192456079046362
0.3285645237304622
0.18600266377844943
0.3944427072222133
0.02800067506439765
0.4582401432822132
0.21988242406807204
0.03148085618042497
0.696030410706241
0.3571195843604135
0.18043968471402538
0.8678128950759981
0.2747945499281891
0.026658751512396436
0.45929284656445285
0.40781764798628184
0.23985882994880822
1.6513011784893337
1.0411151045464107
0.9211328183706775
2.1264881274946124
0.23442972586486677
0.7220228950635234
0.8090615574639146
0.1661960652367355
0.837921554056045
1.325941774428166
0.3886872886599141
0.03874451047211566
0.5501042251013887
0.48154811020702587
0.03610138007299736
0.25861851212796844
0.2064607544914194
0.8641955185094649
1.3260604331087054
0.04286255611659045
0.33824206186476086
0.4344821976401972
0.051252079198665444
0.3638909230217717
1.4388159523267539
0.29455882257910965
0.1409601077945251
0.2999052835066995
0.6928343808479356
0.11112230527750631
0.6396410688957872
0.16085485893525323
1.1520011978996114
0.7333581262276666
0.28389708443769407
0.04683008085622336
0.6658907671583569
0.08089787241111263
0.14699766707676626
0.3226574023162015
1.4497520331916123
0.43456868757791894
1.2847347961223001
0.055675398911838044
0.6977219473637551
1.4404135696813405
0.15722054077945546
0.060844057962709655
1.4272318277112983
0.15016916534949742
0.6371129174721472
0.8414718653745256
0.8443653521162741
0.006063336584963165
0.5747434569318144
0.9011720592097824
0.28270313450040624
0.5910174869619427
0.5504552860391819
0.27268285502986206
1.387947119925773
0.19700916144911837
1.6071271178091884
0.1875998841059882
0.14822913275089525
0.16490031515508063
0.30507343540620435
0.8110134373252386
0.17061969204926444
0.4715926571861688
0.0435376807532143
0.020766816344853754
0.015623204952667844
0.8804266657683398
1.9900581983274213
0.45412446776905907
1.1623696858067811
0.25845484628628274
0.6841180510027183
0.19691674726754754
0.403876271161241
1.4611040610464734
0.21856302900665084
0.7035268784687445
0.7908310630026524
0.011986316411802119
0.5112740236553652
1.6981786341638516
0.9728088085016008
0.4747693598895893
1.2963892763059703
0.24965587463271038
0.06039948590662167
0.31234931449783765
0.39209333515241046
0.13084311818463057
0.40972468626138153
0.47642733159540346
0.3572306059594497
0.9364490717156104
0.9668014523265057
0.050851307738768885
0.30694843575344305
0.4246551383975109
0.5364999637176715
0.66547217425485
0.4922191906850734
0.3584010087238821
1.923831769585938
0.7703825559810918
0.08716746489620424
1.3133741226750373
0.670305789654033
0.6386014176463685
0.186191302627772
0.16403440717717732
0.16834825224532196
0.8667945478994347
0.32587465350214573
0.5262607918089665
0.5254764286233241
0.032798263210686816
0.13162983390967
0.6199403666493536
0.5285022060786789
0.00879601244337694
0.5153611847436387
0.1864831785965487
0.10322192123014014
0.16468531624435812
0.17159215835619282
0.11889184619264226
2.671012356248215
0.5580374173673641
1.1156068120929648
0.3115644560362328
0.7822091819811376
1.5538763591206937
1.138526929899194
0.322128440430658
1.1097210138030373
0.42156662719835025
0.5787191133798302
1.346463980728973
0.16254635675638276
0.5221307382260052
0.7821359916156153
0.42188973608421754
0.4167162685994013
0.030355476521237754
0.970893361056686
0.020358353871923158
0.9482039983264398
0.5419763288118722
0.746797563002212
0.574500086017927
1.114785755459544
0.6787146969280899
0.5145347687279506
0.1471629486823616
0.9855301416060194
1.0471088393587733
0.21124812364811144
0.8061615308826667
0.15597765250113024
0.03845474613631868
0.019348643140589934
0.014290404132345015
0.3777168794691725
0.17881048253718793
0.3364546439980168
1.0285575840124872
0.021044782855201966
0.008772460014307752
1.307406040249271
0.29178521405972363
0.9516858769068866
0.3198776808535032
0.5963105924922052
0.6390596623758781
1.06375918131054
0.05916641050369677
0.07662866789183707
0.6754141006230777
0.3025155404230508
0.09423069792610128
0.70811778766399
0.7051719767977066
0.7444391718348599
1.5610494011577922
0.11857911927168159
0.8442596366143874
1.7251581115614631
0.20608824687812008
1.1618180800187197
1.1064352276888347
0.09791147286715673
0.09022621685228129
1.1185407649082417
2.4036917679850602
0.01097135615045401
0.8441813551626924
0.05329097255260712
0.45851258733071126
1.3895972322308312
0.10511199658249415
0.14073765038285505
0.6013078385611389
1.1081177910551916
0.11067105043498446
0.20813889021857868
0.10250273033720413
0.40207276915241247
0.2624574390760081
0.7690632614807996
0.254819708912966
0.6482071820242974
0.4909560702533491
1.5557487578864448
0.38644429460795476
0.07832599783606285
0.03897938770075359
0.08748092067018341
0.17733022053810316
0.9304642935882467
0.8119681635427496
0.5703118915752806
0.39880514423210234
1.426797063606732
0.7474441980939466
0.5234265126046127
1.8646688357694603
0.6065607763295303
1.3190053273705635
0.8428530269835105
0.26538915624443943
0.6545080250221353
0.2261594527415671
0.4084690254873859
0.3878519971183558
1.5378920348475351
0.10283319720754944
0.3225040443702821
1.1869229095860465
1.203481222526367
1.3195384988114496
0.17675201342795874
0.902967187651319
0.00766145637408604
0.45985580435473605
0.43430213078248203
0.7353154285560103
0.45686412884150496
0.2606303888061294
1.1113706943214208
1.0396600079522922
1.0686897197884762
1.323939725221684
0.34834824372545575
0.21757274027362933
0.07875781510370267
2.092855512554111
0.4328269546166643
1.3819372263811494
1.8122880661638114
0.2907924706395425
0.23903929929931406
0.22798414160249036
0.4575880102113012
0.022519520042769484
0.32758450245964754
0.44026869442151834
0.5897272441841744
0.7205335076398461
0.38885074990712293
0.7844318819664023
0.3271069751595785
0.4952175781380487
0.5441526823834157
1.1919123807186065
1.072516162886789
0.49433464013817185
0.9298592764366271
0.37612173545554933
0.6590124376044569
0.2736434859403771
0.005102222472243577
0.4239658308585957
0.3256332210186372
0.27549910726493804
0.92804103686432
0.9701682205410076
1.6678493901059868
0.2102067123190979
0.45187710184491936
0.11194173140626909
0.12055197417360469
0.9286820167918556
0.04021604214955351
0.12984149446475246
1.5622589404682623
1.2373823766852954
0.12117167905718722
0.16764434563835984
0.8463798290076271
0.07070284088151228
1.5483118801274396
0.6409756656675094
0.6484240256907275
0.29623491880258385
0.1920059986835613
0.08041483783994319
0.09741507190881936
0.48443758534204384
0.9767609886862363
0.5125419382905113
0.2884425709013696
0.08933437925266145
0.7170600695967406
0.38368330762366926
0.4068963171898126
0.7766597981640458
0.5432509624978628
0.261852779088064
0.8472827811987292
0.30949135544115486
0.07557582316591864
2.7051847010329677
0.18011111874826408
0.14855185495356166
1.574681104713324
0.08431121900902402
0.1414518565106125
0.35547658715794905
0.023078861398060292
0.00866369973357458
0.8905412338149737
0.10593156550127826
0.1653439078294993
0.6523121683602408
0.10604178296586557
0.25451340570742403
1.3166893088269283
1.2595176942752266
0.15758067307934262
0.39011296674867435
0.9920082573625173
0.11275583082928019
0.10173891867422957
