1.2574075843719972
0.7982891939372576
0.16815240551057564
0.5017232636397861
2.366401753574919
1.3799288512156498
1.0040113662027237
0.2949892720880007
0.12799212298065277
3.713422893368244
0.471427310705009
0.06061571836286982
2.6168263635417106
0.1607182694734527
2.981002638703585
1.1864133124887142
0.08960011976276418
0.8673990938399672
0.04414660928283006
0.7731591502933373
0.9146284340551769
0.31169165375235713
2.669965357842846
0.040122313404214106
0.6420941336544714
0.8583246551934496
1.08448566464734
1.3174362014136567
0.49252528905206805
0.11128450225475493
0.8289126677515155
1.3059867367856894
0.17447999639369233
0.29560681733827426
0.5977935260382787
0.9119568804125356
0.148625340813276
0.16584581773454582
2.963678430106345
1.1808706090382004
0.5357776130297152
0.24743885664997012
1.9563716883247722
0.2517806286931601
0.07851916580420884
0.7101805839533587
0.7730530237203114
1.3592680083764792
1.6093148421642913
0.5659626143921306
0.36500331058899943
0.36909080087737545
0.2978871589338261
2.1802663741792085
0.6284672496317598
0.1597581774227981
0.6445221113989192
1.8012945163100897
0.27969006976768823
0.3258500104256412
2.172306665172632
0.2023626742483511
0.1971165427202471
0.37992901054827827
0.2947025125427247
0.39452140356771065
0.3450346376081902
0.3097537803394273
0.04065228249186164
0.7206435417817174
0.282950306084309
0.34001517876045634
1.1626373989973322
0.6652197086009053
1.9282719456149509
0.51722740259973
0.7679365534683928
0.3039230617983622
0.49521992627428635
0.2555136671004457
0.39341737400227983
0.5402861590572068
0.22910126781210569
0.15464416249412488
0.1430334673477116
0.36242232974871563
0.014721437509017969
0.539180534246867
0.07370012607152382
0.2862465179607687
0.2482986138175542
0.03068157518270057
0.0200995236445341
0.30258232202718083
0.9196247626173544
0.8421358052798394
2.120134943887336
0.08257580130823784
0.6857211278944397
0.6995302968017943
0.004253591268717824
0.036249264788384035
1.173978151397353
0.68963517179107
0.157181200688353
1.1746223122630746
0.11746179965328765
0.06822588314522168
0.24919829225223722
0.07494514897460673
0.07352268423859432
0.22631653856761103
0.05535537382904757
0.6863752395502337
0.8672549261169957
0.8967159769772284
0.507926184327362
0.35406258203620444
0.14439847766546937
0.2948236448347635
0.14661984606074732
0.18435492598893424
0.15132982017248273
1.0981674579125935
0.1356464605500688
0.15286966073028627
0.0981533050397463
0.5099801464096234
0.3262634149936932
1.0305184092168358
0.1814240064647779
0.22423029552391324
1.2783375749459454
0.3345107294565924
0.6489953481191638
0.570177914038677
0.07646673597370998
0.43193317075073945
0.22503599897904608
0.11336122825160505
0.3303656738241948
0.7612788075934072
0.21975054165284405
0.3528923411553818
0.6682322286851213
0.12990785037686028
0.3095521930418763
0.28632189442592065
1.0279061350727074
0.32950689576636955
0.24784250223856805
0.18035411882588062
1.5273691896173638
0.20862292907034144
0.20333378358146645
0.14295211011125536
0.05176866008153912
1.41806177779973
1.3959438899598036
0.08922593413439568
0.6318475098574434
0.11054263601032657
2.487489615610118
0.5906057585265819
0.01863108950860227
0.3419697598022023
0.8682315696196804
0.22570894541961645
0.7954355842391226
0.8894911328901299
0.48841365503382783
0.7254832193323602
0.5030356839795411
0.35171659687595036
0.25571786801999197
0.25705380002013795
1.1773051540918755
0.3419629159413099
0.040144603110340064
0.026969447644220948
0.5609683345182547
0.18129677282326556
0.10148895434944845
1.074912069361151
0.1222910731540697
0.35493294825571775
2.369389686745574
0.622747635269904
0.44865835292911016
0.1740228509497824
0.8463639512133879
1.1703579883011856
0.32675244217861965
0.12950589326209272
0.7550516204123948
0.923243905831633
0.6910945778189389
0.1357065214944857
0.7862594139869579
1.3803721269888578
0.7945657549047908
0.09322731606969074
0.7708942985549971
1.3222612243833314
1.7565018201285594
1.2921361941027136
0.4552220824555912
3.0706710910191917
0.484278183555183
0.14229481522760612
0.18690853609281258
0.1987166892338678
0.28367281192328536
1.8623023209984988
0.2954674271098637
0.5524478695819719
0.7652010664470523
1.6731290598657973
1.6208533232078248
1.0202325396186744
0.4819656925507901
0.1683158175384463
2.272349729369987
0.11315892289416671
0.5404086410739061
1.0275989477039846
0.2821647952344483
0.1775058667407397
0.2543961232143169
0.4857413664594698
0.06580357531666294
2.9076676270441837
0.20508548268237026
1.4479550578524194
0.3038666137430503
1.5633627723093686
0.5158263064336251
1.5540923063075736
0.2134714834623858
0.2830865047015875
0.20657313735097027
0.22970463686211018
0.35954207838343855
0.19607366094171585
1.1799544127759194
0.009153249092555769
0.8800933638084082
0.9103754464182074
0.49559334002036554
0.660492114027711
0.0702585752619482
0.42544593560852856
0.6335080985096375
0.13455207345852296
1.1117611708366202
0.7455833913502872
1.0929304602928693
0.8569240083453342
0.4973450132647496
0.3660978374758644
0.44539965066755727
0.20025722948397384
0.11551097308208132
1.0177100514064585
0.40204888564206737
0.5550880246011604
1.7812878932089953
0.9101252363707546
0.2011617958330442
0.5280810795018935
0.5074046374339
0.2111396839522692
0.11609961533755701
0.9964494282019458
2.3042103793843958
0.2545530146219276
0.39597238154333836
0.3589579328339405
0.8485306966119843
0.6992836177262484
0.5732902550984744
1.3494695487611437
1.1576575512449374
0.3854238467201171
0.5050736585295136
0.4533030994070916
0.4496245063969598
0.12979212999960776
1.3316490022865086
0.5564890416716877
0.5565691332324464
2.333904179527286
0.45233782366867464
0.0028814777927961555
0.936920004499357
0.19607571492193332
0.4626593264457886
1.516102528097573
0.5588841412806493
0.7144448360771258
0.891651111484936
0.8572746421047448
0.13044742396465084
0.5727478222845385
0.313869408783802
1.1934058005265802
0.5417335708045073
0.3617865308396346
0.1871630459992233
1.3001683174182919
0.12687999993805832
0.21145499628041783
0.36817552829392497
0.48787457160137315
0.01606996204901323
0.4822050680885229
0.1372071033135674
0.2943419247027369
0.26822390153663694
0.12075067197464671
0.18964237442489024
1.8172835117849386
1.5095268813534783
0.18767799090799225
0.19880170599618918
0.7920931583074334
0.46977038557131656
0.21640072056794624
0.3782014304109858
0.22175332922083574
0.1606910797963351
0.9264350077402239
0.873160487100855
0.43629844921209804
0.41437261366595485
0.6832416004637966
0.5901817639705383
0.2608008958927076
0.1382753598519028
0.4267818608154227
0.15575453132280065
0.4451006134221501
0.9422034997922839
0.409624210641573
0.7626348687086297
2.25505896385827
0.38968998583555536
0.05050324666832378
1.303255020978779
0.11178393585295254
0.277021547789652
1.6014334113001998
0.6925596485261394
1.6401875296461879
0.39849575722482905
0.39601901783999155
0.2328528021732592
1.4393999237163217
1.3084842068651816
0.0912095039380371
0.10500387742264687
0.43771337709924885
0.08288388799510342
1.5754774842133108
0.5714935822333254
0.9640346854929673
0.4444714837991766
0.4106079228794362
0.2425387201408976
0.3406369118039572
0.11389327262754846
0.548731686578859
2.5201445005241743
0.7477927567899052
0.10386762582093564
0.12188077473397688
0.08907604907111707
0.19496859939756217
0.2447706057499266
0.1762927987582136
0.03566993270971999
0.3795006048945991
0.09353418288496552
0.11106160820434857
0.6083430359263462
0.8361170591396095
0.4555340294157836
1.4587396384321425
0.676397598219682
0.3702001325681208
1.0303939708533638
0.20253629340362853
0.22367448575085594
0.24123479655960098
0.34513846593278885
0.25259932727591045
0.5062879918857847
0.07743469530999972
0.13460247343177215
2.627813254855628
0.3077099866483417
0.14382437331887094
1.5787823452538412
0.3347289659679265
0.6125988201815576
0.553743627816205
0.0557216200242751
0.07180039233571509
0.24559572569317187
1.1185654198120332
0.48594416341787583
1.1673374019572984
0.3846293015644003
1.470196078377422
1.7093867656439008
0.6791582416010685
1.7035184519365028
0.152382161248429
1.4518535742412062
0.6477062119230302
0.6285602836146885
0.09579429748518628
0.5372658989303271
0.4162426852183836
0.7498571123735811
1.0359158672673396
0.1714803212685689
0.027636573042608775
0.028955146891701977
0.64269020763983
0.9894071016123605
0.06034083341776134
1.069646849522802
0.17397189778609792
0.13575630372131342
1.017222426281496
0.4786920426084675
0.16043472480484988
1.0149584122779198
0.3405587084538013
0.15777991628220134
0.45444135452921597
0.0857471457429343
0.23784464224812904
2.1408261444573733
0.2768990449201178
0.07576209104744681
0.13874780229946115
0.6843969385680977
0.045276471131944614
0.3728973438289865
0.4851070065788319
0.29466934829611324
0.4492315420839743
0.09651430612442105
0.38453600364813356
0.7529634319232662
0.6447181408088268
0.3874092227001486
0.5038192472775688
1.1362183974946372
0.32093889322852004
0.25559371005310655
0.5046006663833242
0.8914134232538713
1.3461823419452243
0.3585768055168462
0.6268675969233682
1.136202203429842
1.1272506466977184
0.9573350110521508
1.6093298812748733
0.4893892895736822
0.019188817436320844
1.9894022251219388
0.13202389248934893
0.5438238725263752
2.4071083219055294
0.25905670672589814
0.1633054323712553
2.1657840611767463
0.4648005450170644
0.24114734440272895
1.4872542471964538
0.12654536388778695
0.25028317617742346
1.4065927859684533
0.2775908665217241
0.4239767825800888
0.5963693550221015
0.5052052297143291
0.07050467426101915
1.387541201327374
0.19953418916660834
0.16170444148149926
0.06193814339715682
0.054093373509786
1.1731466077447719
0.1031937847388641
0.28299445431963993
0.543142410953744
0.4073244103905096
0.3985553731423296
1.7495943752341425
1.237441493803278
0.04652160046935402
0.8394290021563504
0.3250489763244125
0.6239180709799421
0.43309577150628653
0.37924619149357564
0.23762135543654156
0.04474467871979755
0.49500802850431636
0.8446061412787444
0.024292357571699365
0.18776476780970625
0.32669441539954486
0.06898379467497877
0.05445003541519097
0.9879165487981914
0.27120894758686154
1.4461154739068225
0.15634844038115842
0.5265699536090431
0.9841415953342522
0.2825801143401813
0.44401188012715
1.8164826829044722
0.13074851217709246
0.3832302753854835
3.610496566733237
0.6226735793284819
0.43384458341115567
0.1414985789458594
1.3819631911534833
0.16988360709332956
0.637218422116403
0.8165269135464882
0.4849045221118394
0.07956229666700121
0.19098595882660938
0.7896305205757029
0.4568414494099722
0.8271057729884641
1.150528206844248
0.6211100329847472
0.3319589771967017
0.3557385338578702
0.9669962139035793
1.1372425171288696
0.4155718499473583
0.5092435073390257
0.05855283769547022
0.12198879198493026
0.6386034878836064
0.43400626586525987
0.9904824557803267
0.6214001308170647
0.3799652889446323
0.4930588560565239
0.24211258899999907
0.7417412741432675
3.4360824522930744
1.983982611497718
0.0360343622593059
0.5590466878401369
1.455289097284949
1.1177831441142854
0.16238139579019253
0.46910579206627845
0.49802355168202683
0.47607420690478486
0.48282996797424665
0.15325397291007548
0.05005123139997992
1.7375298170700098
0.22820969121890738
0.38956602014177155
0.34430711971248557
0.1761210980952417
0.11901394204422334
0.3090396313506679
0.1594459382916339
0.08884677518684117
1.0329268955244184
0.7947073765220741
0.36738371723820484
0.30855116506946967
0.7865570786974224
0.965313826177912
0.889392838022755
1.4996602165008748
0.533193327147826
1.536237023619066
0.1320792073282157
0.6087911641336125
1.8722529148151354
0.5351411468792093
0.2080674546780707
0.3603259688981079
0.4915883498078139
0.023264268207321536
0.3946251580878279
0.2991422184586494
0.27681837397929215
1.6349535726576883
0.15966689151109842
0.09383633919144264
0.20535429781337122
0.4127841946810664
0.3869697484589171
1.5341295635399042
0.04584650059108284
0.2812752218880659
0.4996669944159353
0.38889818988826663
0.11165503945104965
0.11570574474815927
0.5764176246965241
0.10140875345882953
0.8262062053732574
0.2222315217176671
0.0571732950101522
0.13302570281112766
0.7608644445657036
0.2709644650981004
0.11965596629831642
1.5295542413404777
0.25996132184466203
0.19151435450469928
0.3104726006346185
0.3160903617198389
0.6009284470323245
0.19352640024733506
0.11660071068880218
0.25306151146456857
0.04209992731578984
0.446339853404178
0.7542666627203787
0.5350992937048089
0.20792644506531438
1.2522563448257775
0.040389789006012485
0.38154681259569445
0.5875266789739103
0.2560768854991387
0.06993464716199907
0.22023185443042292
0.013797887481830346
0.08414050418043957
0.139547311479128
0.31294980734620165
0.6052871326935434
0.30369785131320176
0.13222259433066785
0.5576751047996847
1.4246732211776296
1.0870223514793087
1.0238249048616828
0.24225569627848437
0.13371600148577711
0.1190858873386771
0.08216366511141772
0.1722099098179253
1.1578381527283732
1.3403647997632433
0.9971979923945987
0.9549822883866051
1.5259800265946688
0.21748989882542447
0.41025612131164585
1.1330027575010195
0.182506889254186
0.09369683493587931
2.8426132107169035
0.14861786455000878
0.2954056320047796
0.40095677062406565
1.0757780920248252
0.19949686977667838
0.5735461139739796
0.4295967284460106
0.6363438132961381
1.4597757626965984
0.1420981932898227
0.6602551753289665
0.0007323504377382322
0.6803410413135702
0.09284046452641433
1.1069053387092438
0.18057321785867317
0.1619774021962822
0.6151361231608082
0.3840733576194673
0.5863612208867931
1.088565856125163
0.5651524368363109
0.1321080883779736
0.42180102870325337
0.14728528395029922
0.045883643706079634
0.47602038562242943
1.3294655705899723
1.445139203729722
0.7943650063079343
0.28402349939958454
0.3334887019407296
1.3520949470688355
0.19500816659437828
0.09783646638811451
1.9817711573154269
0.5124418797390276
0.15256471575021543
1.2691144219878283
0.4589506108140552
0.41019570692384616
0.8272065101888258
0.4749020003098995
0.2962208261981835
0.11886881864204948
1.3267610398405223
0.7655824341877037
1.8356025674926235
1.0908341984858496
0.5456024099613258
0.6550609784242829
0.49046556230047034
0.4449250075923433
0.4392276906951127
0.13332005214481157
0.40263399480611056
0.3982509917843744
0.7856408779941685
0.9695073454027269
0.10630169998789533
0.024112475527120564
0.10698071310747687
0.17123515244836485
0.20522292864706007
0.29095295823471035
0.7377161601218167
2.6820870820038825
0.4549812693013131
0.6436342291689793
0.869668417529093
0.15480005804416694
0.7396550786199774
0.16655610696574039
0.36262754629717436
1.0166138527669029
1.0042696695042352
0.26790409621292405
0.1165737580643816
0.641789954971689
0.264195472909058
1.2024195336062198
0.12231038640363978
0.2607954366710668
1.884731111479947
0.45453287630542955
0.12593482867702918
0.20194993710299422
0.2940437065370199
0.0077135279203672065
0.3339848857046782
1.0192891580334678
0.29811332565835197
1.235651281562139
0.1199662366825652
0.14276884632615586
1.1905563852520864
0.8617349379744902
2.0619982332617512
0.6701280311741715
0.08208972744120617
0.12185981794864731
0.8365338736803247
0.07811052898291854
2.6242495357890894
1.8246368576775087
0.2064845963628919
0.07249402027142668
1.320950422726475
0.07407104225772876
0.12347307159458036
1.0846643496681856
0.64740070506131
1.0071772644018842
0.7349495771243864
1.0204667788178559
0.6854025942676651
0.6068110241998113
2.2060276073834526
0.17652642439932692
1.225138574375699
1.6341928137972777
0.8395094240925641
1.1817023070283978
0.2601786081122001
0.2498713484678176
1.088883815850853
0.2516145314123211
0.35832068038574716
0.3568705654474144
0.6417741800378669
0.28887406162563317
1.4193134576607431
0.4158157985707482
0.2600382672414174
1.5649221146440566
0.1780638114433955
0.49095825481215927
0.3401775657631234
0.3027840529600198
0.09961017248109538
0.3205071913532121
0.3674811215167288
0.4637572516835042
1.0994361327800806
0.0779360377338227
0.3605966981688852
0.700075324530115
0.2308533284754139
0.20919221584524728
0.3834590457429501
0.4699616958763866
0.37438302757779035
1.7180819947639296
0.07309814116495231
0.4376538353806666
0.9017692296375707
0.20510784012554661
0.6530364754528112
0.3693418789508662
0.45101309114349564
0.15530988470376475
0.49697233585617323
0.9367289849832884
0.1916485287715191
0.5907638231920135
1.4553730594721035
2.000673238070933
1.0290943279263873
0.7146875036969442
0.2328799343326006
0.5232705152698235
0.4844411288121994
1.307600687717576
0.5838375423266613
1.2957072143839587
0.10908207112987656
1.0510601990635302
0.2727003695327261
1.2824624834074034
1.0300130022664498
0.07673918053570884
0.28450200681769156
0.5804937493178187
1.5851747722111438
0.5267032409395694
1.3818618637507132
0.16241631283235722
0.5057512824761832
0.3130202923625568
0.4078386288245442
0.5663717528588137
0.692616664697312
0.07244540347044819
1.1794232232011168
0.5203609361453572
0.383659011717408
1.1884797186119245
0.1704973831839334
0.3009074700335904
0.15936490425017819
0.4077359453729587
1.012201331880237
0.9651799121118319
0.20611613866361023
0.5641854867807053
0.2847951605516834
0.6313251362062492
0.6078563769050267
0.9317347374684388
0.5532049062785287
0.4373066844629803
0.528410421021338
0.27052503725603605
0.6737995758837038
0.15632764551492717
0.5338284451004405
0.29329838518241536
0.6941916050005906
0.2836759102258619
0.3793784000511867
0.5403412710710945
2.3418179111029183
0.5751572134969447
0.15698236309682134
0.5616244848891668
0.385026522565776
0.27199996689045214
1.2517926578862053
0.784405209203804
0.6346832893605453
0.2617805400129679
0.8514166862429939
1.029521890756252
1.2884026777199453
0.24891176758053196
0.4893245530585567
1.2875475723527787
2.6860167890628004
0.5393156963947513
1.217290653400992
0.3144916695605891
0.3182808392373975
0.35865681427701546
0.07697049701059656
0.03903393157960855
0.34592698871206046
0.9884038918682921
0.34253633201900513
0.016874800778787273
0.1765860555809821
0.45321912315338286
1.1149264257393021
0.5995539374105192
0.21505044196553585
0.23436651705924277
0.3038672011261758
0.23710296582748067
0.1454136734701378
0.0010426675439226061
0.3494059690619402
1.1032518748422675
0.24964342710356865
0.12610869904348107
0.7948554330188629
0.9907170521847503
0.2543018457038959
0.8779520189750142
0.23071795860191222
0.14950400444364995
1.5492173517655439
0.4380055461644809
0.6444366005358257
0.7434281574443711
0.6593410720674333
1.6397203412387187
0.3980162846745925
0.13778438442121513
0.22092538930620817
0.7418524056409664
1.8146056604051408
0.4321076908828398
1.4347847855575662
0.6810551700256616
0.20483087160783442
1.1732763276987999
1.0387349637714893
1.0056220057436116
0.4873876451988633
0.6369302477348497
1.3253075791807525
1.4765790618887358
1.4561909473587826
2.813896434335538
0.23480571932118183
1.2039720270829208
0.07681042833297991
0.16372628919518303
0.14929844677379234
0.7607503496414432
1.5864250652384944
0.10394667890472317
0.23484188216895974
0.3382639968906218
1.2915404545988833
0.17400477039526385
0.2587834341567282
0.8812455970384219
0.1348928669566139
1.1401471250207345
0.38655094142736174
0.13830391148598098
0.9031353734574662
1.5676151060567038
2.421731421008259
0.3823327436680551
0.8420983424240196
0.1348384646643826
1.410105974479677
0.2333491580153044
0.2139019913916479
0.518139720644934
0.061060415138774596
0.9054441737901597
1.7569725973484724
1.2303006069594
0.9172132968852126
1.8393440493244566
0.029764866347024025
0.7984469839877382
0.8691282849545477
0.8885242373664707
0.09557126504000325
0.4534885373637367
0.81734392236814
0.10829135742919321
0.719868107321352
0.09692551444564836
0.26880437732683327
2.1770023329196326
0.8660363818757585
0.6965145436031664
1.2047357093318831
0.024102778885862645
0.06773798866886908
0.340618914534415
0.3288951369607615
0.15141479463103225
1.6984759460726817
0.370713940909803
0.2912796915301269
0.5741533803931627
0.5655193365638367
0.10381747142133962
1.3911160636791517
0.11230559291600223
0.2350233161174927
0.6746224422891416
0.09963620615308716
0.18485491953875738
0.3884068673863084
0.03744141141302201
0.6055578610917777
1.8045698476019814
0.02913666926836639
0.15624693341944915
0.4981198176782494
0.8210627160639281
0.5948391169118523
1.3396362662791081
0.4825866534784571
0.5966133258226252
0.48478332170319854
0.20370577454679323
2.109496482559021
0.12760530541477771
0.008358477285232762
0.11771200570415473
0.5581845229500251
0.05553659509500449
2.10200826004264
0.4419162337721329
1.827057604443306
0.9145253100604062
0.20738393267525612
0.4335884658220012
0.07843987334584326
0.6151356165978027
1.8360483035079076
0.4507143637380047
0.08853723235827125
0.8486374804653588
0.16369792660892918
0.22790089179634768
0.28434283679126654
0.17168049838918675
0.633040868432728
0.34127965010476125
0.36385089006396876
1.3490621170678856
0.9936030776463229
0.742503941008081
0.6008488554622828
0.11416991156981803
0.0831882455732777
0.6583296335805721
0.5920212801616829
0.9126374385914808
0.008648543816588186
1.1829763043905905
1.1435914321986065
0.45786701978100186
0.16855622550978375
0.21978073081772737
0.8076236253662714
0.10044816033755063
0.09628621109208431
0.943472233417602
1.1878249589574175
0.7013753696156899
0.6747564665132246
0.08998199263996445
0.6886819310945206
3.0581744829576594
0.6533115386540785
0.9486368348134414
1.808460871454133
0.1803967955850187
0.20203052123071863
1.5850725054571007
0.09322574225977796
0.4744928566662259
0.6043289394734656
0.25281907139561216
0.29655069742640194
1.2040650200022116
0.15159564335036022
0.07743849745740752
0.858312312100972
0.5086904495045832
0.11102444774465002
0.8172301696625319
0.1181798579862475
0.20551321669983758
0.15077987781643
0.01592330901366318
0.578480463736845
0.17198174991525875
0.4227954176238903
1.5448321645482372
0.5521621126728538
0.26614030856224474
1.429607573951788
0.6646137869991008
0.2823499790976347
1.5629975307869883
0.46047086645277263
0.0971250760809581
0.024380551710029712
0.348115389881131
0.0704882962766593
0.3774521374608575
0.5020815697464263
0.21560920406213122
0.2335423153448391
0.6882899357706576
0.0730403951638037
0.07047434906419474
0.25979957433382433
0.39428065239167787
0.7185201331392695
0.7762046592558977
0.4052038029364427
0.3505578339700054
0.8765352526571872
0.11192915062930506
0.15464987885366807
0.7031381842860246
0.34445341457112183
0.11156669553223139
2.089683905070867
0.2625971617164096
2.0803733783624145
1.4559662054710438
0.7077188551026661
0.39235215531407447
0.8201784041879906
0.03376691265404348
0.1951848847225927
1.6434483829040136
0.9521076335943307
0.5361621534349437
0.6654378439475341
0.504193437474696
1.0667349126513739
0.5157757240800147
0.7143796002908005
0.693585227930326
0.27868858786970624
0.18651712581088753
0.33032012572635305
2.0630320893304783
0.4710685924784725
0.7840645336826697
2.2002055694093157
0.6356570347458559
0.2195394934688516
0.1659525539979351
0.1390063662065944
0.04476121054064809
0.280192648123183
0.837111672236565
1.2525252472396224
3.0965866411626126
0.39939800373299444
0.09122115500656164
0.693275292287286
0.31987786835956167
0.28485176720043826
1.44544270924015
0.3978056847673531
0.29345586160904946
1.532325970639696
0.04696719865660521
0.8448959925686464
0.1691204135001129
0.23746115037489057
0.7268621066262887
0.7501311949228231
0.9835779889336135
1.068885525157396
1.0218466210291186
0.14719833085069828
0.03822155515225155
2.314919913330813
0.1405218739428442
0.0963239064408302
0.03778599230112925
0.49672891920908685
0.7418352445013556
0.23852542993389153
0.046341075316436886
0.32651962592068884
0.4740343252545704
0.7505428767486022
0.8869675993433834
1.480069275336297
1.299953013445319
0.3644583471665662
0.6439109189645577
0.019566410739669172
0.056052018349720976
1.8903827772858028
0.48867875825522417
0.0810980616490634
0.42059918165900906
0.01092360541056814
0.3317327426618491
0.636696330518716
0.03177558646375045
0.13239125741951305
1.5659778165943525
0.10703433592376671
0.25256670972608947
0.7678093317040774
0.9556547713506995
0.6985888313490597
0.5919576958433063
0.017332546348191893
0.13251660968601003
0.25755367052001593
0.21327607770371146
0.4526956925509672
0.703759301964093
0.03267942740239029
0.7080132544511022
0.5321366708116434
0.19597728930910857
0.08041648753360868
0.4487329051365786
0.8257661984192499
1.141652252853139
1.318363839298998
1.661112684538018
0.5756633401101204
0.8269727720226704
1.5256128842591734
0.8518094431514514
0.47681975773504126
0.7689455482421322
0.2566950445199234
0.9914739318457152
0.20096335004856347
0.456874076058828
0.5199784336531698
0.05642069167642582
0.08842915595198082
0.028862597940231674
0.4760675827333279
0.05438362168245533
2.5750976310104363
0.355422043935346
0.15247838405870331
0.40344383888836366
0.6602049402944535
0.041793819233372116
0.1369236785804912
0.551926610262411
0.034058022532718765
1.9690144010386685
0.26646701015308344
0.22981867951273596
0.4793238961798616
0.25890064855353395
0.15193579420090167
0.6724873327638483
0.2828503156489206
0.6041572191337817
0.560979892311356
0.22782389227090263
0.227411837021931
0.6171950734444143
0.22113275686655176
0.5225106507991213
0.1434144986076181
0.24728996890907115
0.19832327007752468
1.064365249347931
1.6374365804335544
0.2969147384786151
1.6977173891614976
0.20559458066398817
0.1389448763625739
2.335664577969004
0.8901790085333212
0.008051923377855395
0.6401400002055843
0.5798825213957846
0.9558516705838082
1.2077909297045692
0.8928776235568121
0.3980132092750542
0.5035484190194311
0.19962892237134633
1.6213762274623051
2.470168824779348
0.4577117108346672
1.3564929509585963
0.6207997914142847
0.06147510089686431
1.1823642157578869
0.5429006574246052
1.1345733118035262
0.252562891666665
0.353640951841869
0.1799845359830773
0.2707575359764185
1.7284231866809487
0.10790985931941444
0.3638267435198895
0.5508968391811386
0.09332118604545891
0.5028948071198815
0.7375992719669832
0.4644965178627934
0.1679925089944594
1.78344282348555
0.8243788849143767
0.08618726494013709
0.44067927071352697
0.16694444913999543
0.15928732838796733
0.5467247905016183
0.015629847073344836
0.049666827912204385
0.08635106042617642
0.9089864015729703
0.43097638603067306
1.460623353623626
0.40920319498397545
0.173047185074058
0.5284633099313433
0.317830578040722
0.6795968004063235
1.119517288121311
0.14954012935721814
0.22851376011652935
0.6880088400042597
0.7875863101040959
0.17959484485994048
0.3454109852506452
0.5370813644660482
0.07469442529743871
0.884464747536268
0.6124922814926094
0.7760202307935264
1.0498357382504477
0.005656643076772579
0.9070299661056943
0.7736915988768899
1.7211052699662288
1.2794696846818059
0.20303030631667215
0.427821417195581
0.5778256344509375
0.743045928051251
0.9133681134602482
0.6320153852174744
1.347741854378002
0.06763826692465949
0.34837819098294
0.16841404342919622
0.8854594679389685
0.815061282332996
0.3008636515133342
0.14515934176668513
0.09873872009876818
0.18128272969539969
0.1435747835829213
0.014615010645384407
0.11643176987987083
0.2769269192103494
0.45221759093338576
1.548287111047543
1.1016340758862226
0.4065381090707794
0.6608704877406649
0.4636556140405723
0.20935666398225583
0.5238918218255404
0.9322002467520704
1.5694135106372018
1.4933640527971919
0.014944322417669931
0.19656979044236594
0.20252466547054127
1.1445980150227852
1.7112625193227449
0.3210611922683737
0.09730490468995173
0.25417555309496753
0.417806513814128
0.18546603659664834
0.0681976583054973
0.17279294308595883
0.10452983096714671
0.019168703389547365
0.43274021010109576
0.5780780798786022
0.15499404423174387
1.4475158746927768
0.046899173535789256
0.285615862644845
0.12732917197261345
0.11696430743240849
0.06929254291189924
0.15781568291141163
0.03386132177618163
0.06406631137362886
0.84239283788765
0.5433022342296886
0.26588267214188743
0.9924429159887596
0.9327012159006836
0.3496562955793302
0.9264032227704908
0.5563991289399269
0.7837677893876308
2.340044185899834
0.6510827941316478
0.31434255682924195
0.42057401801206096
0.33285088995221057
1.3896718877948766
0.8905582257572463
0.3742314364677319
0.33154809577057326
2.2772452730231136
0.2648724432564081
0.9282463725269294
1.1363295804152067
0.44995944983800373
0.21385215375327998
0.5020784506444073
0.15655626292904837
0.4698692869745546
0.4767463315923036
0.1010169464926149
0.31084369765575365
0.5779069073254975
0.1380341258121346
0.14635280143770982
1.443597671543781
1.1573526802788516
1.018269021263925
0.23681385533465196
0.24540598748046416
0.33353744537471003
0.39225110239223776
0.11732487699137874
0.1250046213973488
3.105937770822217
0.6846428608951918
1.1199651787853144
0.8605916415544046
1.088539216741325
0.6928416492493313
1.1934161328027615
0.7996062111059581
1.0797849997737592
1.5494776226536777
0.023882160434269713
0.022252191766594178
0.2633579838776516
0.05383822514607143
1.5103081020981488
0.903279318099315
0.23148777814720742
0.49618431042983246
2.494618742126712
0.565825416963897
0.9929475366867557
0.07722484924599246
1.3650863362942216
1.0572925180687156
0.5251089141004833
0.6437098075015153
0.2454256878563552
1.1897010945916864
0.2893041021156975
0.18996512731542867
0.2539069358397822
0.10704827155947015
0.06719488330112253
0.6679892142113252
0.9254239390816802
0.1068061328432906
1.0345652061250847
0.20713224445115563
0.5523619289535524
0.2901112917516147
0.11247312336584178
0.6586589602529465
0.3021482626641348
0.4799740489145026
0.0926009409138645
3.232716193275127
0.2313519545075929
0.7031568909300828
4.9736321305716364
0.23002281961174098
2.407834077419284
0.15216886179457118
0.006205907505758039
0.02958317766951742
1.0071548060789859
0.1743933176811859
1.5764320807650711
1.8992684964825985
0.9594681194275588
0.3580172305080921
1.2591154984731097
0.48148681387898407
0.025646431961417252
0.1277300726407915
1.6836515705852932
2.046628414331649
0.5611902268561285
0.4595987834716697
0.0018596075256913673
0.3745880400495844
0.057465729340198
0.0650750514615736
1.010445152729899
1.1591070123763334
1.0552701028760205
0.3548038626031825
1.4152794433157798
0.4466307942282295
0.41865697097609
0.0832688125294907
0.3331671549345875
0.3538640231210824
0.6761319771026574
0.7422297640657236
1.1830480559075307
0.05319791947918169
0.542799242712979
2.0413798647506094
0.5723326606065355
0.2560696719785773
1.554005810606099
0.14802179707409796
0.33481493757698017
0.43031604507781757
0.06567209852341944
0.23016179247744806
1.830725950623994
0.18675268280607346
0.42645665424649437
0.1438962128057965
0.08564763407668448
0.4379729774799382
1.6356769895346692
0.2842418661241837
0.1509699224235341
0.6375731033926256
1.4586043316937622
0.7544748736016648
0.8830293256374449
0.6812265044680843
0.3546374408221846
0.08291997986637434
0.05697842806740299
0.4182319262185398
0.003816335746220869
0.016370216466589267
0.032371633032678676
0.217170151776335
0.02623005119864514
0.6330294134759081
1.2300907428350085
1.2932780560559618
0.506358930191079
0.27279894383125175
0.606740630739997
0.702883954740371
1.2201285623055054
0.6563623103074662
0.26341894955572054
1.3183209766009152
0.2122123240432243
0.7602951439543153
0.6196902608390811
1.2439394701561988
0.34314924536970726
1.248250437845549
0.43585735161907546
0.24197523955920194
0.5885460808863322
0.6413173161765074
0.06586463583434261
1.8201692456019352
0.33857514968227714
0.12418147656268559
0.4917743487607014
0.041172450268301394
0.04915139801710724
0.018325394291214697
0.17635730853221554
0.22529752804529435
0.79417115519609
1.1036415879123462
0.9526242543000693
0.6450245620738918
0.19653803980599752
0.04594906306619825
1.4233426966435416
0.18587221684337285
0.38364058298930764
0.4495305037350663
0.2573835109089573
0.01681244556681803
1.3843744177108535
0.23635549713974455
0.29532323966069784
0.19141255231708693
1.3645912979757442
0.0898358830702595
0.11481211597384242
1.0455764937658312
0.1379621322081314
0.9018048681388406
0.29474213243422764
0.5693973220505363
1.0180019448395554
0.15257455336329764
0.8318887766011552
0.917688014103652
0.12965783178815216
0.10535771193908403
0.8477956123158262
0.061444313852700334
0.0851804291769255
0.8692556599712163
0.06756415936319476
0.19092681947211884
0.18282999355034335
0.5154410198722311
0.2008644751603779
1.0427936883863556
0.5608009135759789
0.5599704557117017
0.3639842408452512
0.04250127407977225
0.4756793143185862
1.3974036777218517
0.19673905736701053
0.3433577526275227
0.390167921989072
1.22818729184554
1.0553719825379915
0.08120557073415026
0.2971515009706963
0.42682629426740254
0.6600410900218142
0.08368603558725403
0.3919542995272631
0.06660040153801285
0.24802702654469913
0.17308173442951177
0.28369860019293425
1.291502727027694
0.09533609038610284
0.6436915466219543
1.8156789416223336
0.2820380259225929
0.5376904930364679
0.05855442239040336
0.05368731052235944
0.18606106388092922
0.282345584287876
0.29964926773023554
0.8532651208179763
0.4760712670955919
1.2462824403291415
0.6477908966795811
0.13313247278431745
0.18408006830483667
2.352410636515834
0.3256274475493969
0.1539107650567428
0.5265242439865866
1.0584885678249307
0.5067848497421276
1.9770586290128194
1.7215892887435125
0.09555268942150977
0.1546014442802714
0.09876135394456861
0.9595597366632953
0.7888486958592393
0.16806982076396512
0.33270581246479747
1.0956589425988699
2.9204737022507206
0.5912907711572511
0.01446226143269758
0.561775075774095
0.15710020250110973
1.025531281460749
0.2706582365942522
0.15824158005072106
0.3899611165002192
0.08475126449767546
0.013851432402537929
1.4627411045766059
0.6346723459761902
0.03296713157846289
0.5164643193947605
0.5756389794751429
0.6629987032021302
1.523094244385422
0.19544023547164946
0.7196910957866536
0.45917202116903344
0.10750484632913299
0.040355646627281166
0.7276251336857114
0.3125337322235934
2.8276391072517773
0.16235292548232072
0.47929969977603587
0.5440461862696893
1.1614515667184373
0.651991003360101
0.9320480667392242
0.3218199859165551
0.4064830905674188
0.3845360599142612
1.2528033783528563
0.08187673915238483
0.10391163963225432
0.8406502941344975
1.064860076671476
0.6723164336292919
0.04092036764620212
0.24179135307369082
0.681362545152377
0.7193760480231929
0.029373705990952424
0.03900573230142303
1.2356440668914401
0.3711186292930864
0.7134625969916022
0.11404148889443497
0.008156925031121654
1.1711686410574595
0.6864811336852868
0.28113853536491223
0.597142538385145
1.6551713718874141
0.8789957036725263
0.2590451870262391
0.23584675292930363
0.9704915216049977
0.20368147085058652
0.0629356089044662
0.12480556597118064
0.020130145717531942
1.8937340630146953
0.6017157062948113
0.10759984163704243
1.1570625044758043
0.08983496880316051
0.9716788271094801
1.065095479768758
0.20895120143780566
0.3929579312305852
0.16332136695874777
0.8724477663675325
1.527363669846252
0.2537179442762848
0.9464510137384718
0.7388366303953816
0.4898549319705896
0.8290176866100876
0.7169262945411943
0.5096839833678325
0.9130718151639431
0.42600801189030074
1.426884984618839
0.03731485137618236
0.06296018934416461
0.5464275895862529
0.47329660713254446
0.3184873471199458
0.7330989275962021
0.44735626298181064
1.4590204285248718
2.2386869590793443
0.5985624686619158
0.12905861258440876
0.30039116902584506
1.1343036369036803
1.527864504474373
0.4241913445914429
2.0521101497940957
2.1080322865081733
1.835380531507434
0.22639749052370467
0.07367454184377245
1.348651599848403
0.40912836970405253
0.01643494863417706
2.4198096182982782
0.09954836448764383
0.4577344855718632
0.6491662333526595
0.4277148246734275
0.27512258063699074
0.5163885088848152
0.17563513828213362
0.3556120701526552
0.30455796949040514
0.1851000862098296
0.43546074024636994
1.7621868890382442
0.8484475960203736
0.256692206757182
0.13087911761732432
1.5641861814108553
0.20587338081938408
0.3932517893411853
1.016835415661016
0.4299818055028414
0.25509566354955465
2.335729754056446
0.04135831819191271
0.597136957940046
0.7202523500929514
0.6465518498019748
0.6302378747543618
2.042096549294815
0.5182755841448289
0.4488076958207933
1.3042839167397537
0.18638707096493295
3.763274730603348
0.25550557580682626
0.2627801773839608
0.47938458312981924
0.05147841658287318
0.32797652822821083
1.0634961006800772
0.08163188859115954
0.2615309926618108
0.8792352411529292
1.0015998207961336
0.7472674282900117
0.10078236652661404
1.8920662700769078
1.434920096500077
0.1105382506829376
1.4963150924315485
2.300239128177838
1.2946749874546508
0.2701006856599838
0.2387532031527054
2.0346015868437424
0.9842713908594136
0.9229178737603078
0.8531166522163733
0.24024093787884307
0.6392570447698779
1.3919411166588436
0.09266681111007997
1.7035262349765867
0.7404737327601787
0.00640008225750001
0.046901596393147636
0.9156772589264196
0.18213897604113197
0.2549451321203728
0.9711799403434387
0.05758761911470367
0.28370221222273717
0.519014995923722
0.11683011470766327
0.5654201790985263
0.6012511420156271
0.7407120139140219
0.3199133474068119
0.36561562326338204
0.28349961018116626
0.23058675568354192
2.55227704863713
0.32356216897761597
0.6448363143412982
2.702528907435315
0.4348901112629856
0.6202233461483323
1.3176079102989693
0.1695039907512998
0.47507944966882204
2.2544701660445337
1.4941460077946558
0.785322786024079
0.3171432293206451
1.1476658366816848
0.365645468298226
1.0857864931214198
0.8012234246210167
1.2503552747566775
0.8907888284560253
0.6732197086019681
0.6371295125141287
0.3859021480492811
0.04198787554242952
0.542184459132418
0.12011671081775575
0.08416939235550211
0.0670190150375534
0.37134636258651266
2.8865278737275952
1.2177012825684197
6.282204837466933
0.698300231601435
0.27939001223042514
0.5801963387230684
0.5120532157642325
0.4655722325281544
0.82432574593292
0.7167838663712831
0.019722120699491773
0.41934952402434683
0.08886549363520793
0.017743263771073475
0.40410449721803526
0.5448144687439536
0.6149476785070057
1.5634395658080358
0.2285849017131021
0.208215925135238
0.5967537331622306
0.10603847374746969
0.2518709828405146
1.3656287611076283
0.07476355920978056
0.40959525792859997
0.3611826694871095
0.04990902394870417
0.8064411490880643
0.8059575101271147
0.20018997519418028
0.027442389663293636
0.4710694611567953
0.21050940275261135
0.7587925744034572
0.3966820950665419
0.6313762355355235
0.2862809049898733
1.817458019026267
0.3030130772492162
1.3085450613499168
0.1303869893249653
0.8015343917197795
0.635686577803719
2.080672004262503
0.3899914393428741
0.08942420696434454
0.9393989899820567
2.493364621613758
0.8600875702057458
0.08261328890822223
0.12987337388130127
0.1827789709516995
0.8503365226500809
0.4158440138440018
0.10110901555065463
0.09963842333548342
0.054779977820863995
0.14718459913915444
0.1990454030964696
0.43341533799671944
0.49683191690043704
0.6225936947743064
0.09295956936521592
0.4416329741136437
1.6810759015658383
0.3945910900007704
0.23181090017791037
1.552384472751446
0.1609221261827894
0.9224966919748597
0.19683206754268276
0.09113826909167429
3.638634844532718
0.6354785507517209
0.08653352971210689
0.26484176821122124
2.0209212253551727
1.0367355695089724
0.3729835850187965
0.20973484724459251
0.3594627198175375
0.42547211840063276
0.40967156078374417
0.7024703369378457
0.03364411292809629
1.072974343588426
0.43458411622892557
0.16268344044156122
0.32602726539000815
0.03451072901749836
0.190593997020759
0.8832298615225654
0.08579905372208183
0.9738496809175464
0.21389366666461004
0.03064077658636523
0.036563209619339475
0.6965361882608462
0.8504887286378655
0.39257601355084887
0.3548914813715611
0.44799612841616643
0.34152886445486846
0.4840185234230121
0.5211646955519075
0.34321822181346023
1.4092520153929629
0.06198183199465578
0.1416599702678339
0.3052536944533323
0.2202017021920909
0.32287426446937995
1.5178723538275476
0.9817574451527874
1.2907625774099634
0.5439953083962286
1.158040222373845
0.7189878446352389
2.3320089403061828
0.4206312393774267
0.14029019592944597
0.26055325610194974
0.8630267341517585
0.8677065056809286
0.13016006368845914
0.972244258190068
1.7962720337703286
1.2904383062132485
0.07073645904064446
0.276839065943839
0.04061887994416129
0.23837782023476475
0.0027866252968791715
0.9596890602734788
0.1408985973316534
0.40447435648834584
0.7956656997775204
0.31426449474157275
0.0421003445597857
1.229611737515757
0.2561055521776303
0.1914059899697885
0.8131670115607814
0.22799995912664908
0.14568019231247187
0.2755568498674762
0.10112068960157207
0.6387980462134301
0.6007463903462925
0.21433873106436022
0.10726589621842893
1.96426257706655
1.1852215273717062
0.20113437952216015
1.6710232731565309
1.805732394021498
0.5528976053459493
2.9003487881621224
0.5333286612752233
0.30777802803394805
0.6692071319362413
0.7347413157942453
0.5795935493654304
0.8987781146989525
0.4675464172416443
0.08603989607535698
1.149652822225516
1.4336594700728662
0.5749615190914549
0.12482750417039484
0.08687609907834884
0.07996334042898948
0.670413867371017
0.05477570636977151
0.0459594458488138
1.8281925303278852
0.5295011007866977
0.18788868374894346
0.792668684815079
0.7343790450901061
1.992557269292595
0.23334574180403153
0.14744908981726967
0.6989775465795184
0.28417495433746626
0.5744570701781199
0.43117300838353534
0.544105284720588
0.18500464243757808
0.3389642837600156
1.2347186976223428
0.23496145560400145
0.5574352050951508
0.5356809793353529
0.21738257814725404
0.23781906772738554
1.5038154895511395
1.4019879480153898
0.8085699653776712
0.01034891517694725
0.007650761687504159
0.3106378935258504
0.6749886708709665
0.504827893122234
0.6194709788996058
0.2173936099430641
0.6257590395595076
0.623980536333321
0.23345612980501967
0.18702482737562479
0.564103621536484
0.2731737530646884
0.7089006009626696
0.5836349574828074
0.6698095663318759
0.040571530190045814
0.06315563886666264
1.2949863764791398
0.2058082253018728
0.029934044827047913
0.22761406140537174
0.21207430813726408
0.18810194558715987
1.748032881352157
0.06743465655664352
0.056045023234927806
0.748911728484835
0.16230139210599634
0.3420583868573774
1.40124459348767
0.03540620133560478
0.9800804632740864
0.532309417766165
0.056051833010679945
0.2251779075959178
0.26310055963087475
0.021616469813487617
0.01463365604048014
0.5294998939841846
0.25739770731582085
0.5306684581853393
0.7877401525346872
0.4053303135400795
0.657224601701731
1.4851724739469088
0.2547059044903392
0.31976517314817154
0.19744627416236182
0.5239398657908291
0.22332739142391264
1.1211661734358584
0.08502506707001277
0.11892146189044268
0.5688522184135674
0.3519167932967973
0.3411629641652575
1.5025725491423898
0.090382177576376
0.18359669306301893
0.39505194000030336
0.9156848026537652
0.3131987957263086
0.8632072001534733
0.631507274473468
0.209443285400531
2.681963769048233
0.25365977905179393
0.4475945851245711
0.9221935191311529
0.012232883017150146
0.07979989774043424
0.7156317047951045
0.1970764365738339
0.7052341413544682
1.3634547192153261
0.04819555970880424
0.13208074451140941
0.5376933498547294
0.3674391563164817
0.7472585423965039
0.2513483981690893
1.1151038767952417
0.29233446889274095
0.24913408873763615
0.5785976569204094
0.14245286816888275
0.5420474070634874
0.208585184964493
0.2687477914100503
1.6311925353831314
0.14715205106421236
0.026525461478494303
0.9684721900902329
0.49575131909230424
0.748275369887005
0.04090673453388732
0.00716704017089509
0.02166305227315908
1.667976280522779
0.39951590769061507
0.510987550275263
1.3937676731399662
0.18578410970833428
0.16598154148146202
1.0523975859660348
0.9709824543973997
0.13574962230608068
1.0580543034967498
0.46508522411444386
0.004471151550450974
0.2543414477738037
0.13431530990740478
0.11928191398955082
0.14479948405448742
0.7491668362559784
0.6073675145775241
0.7109957965056464
0.020385223295088274
0.31627921166145945
0.7470525919873302
0.03737014363421523
0.11959126026258013
0.3427994009742027
0.05491142347695128
0.9868067630063468
0.005311330772265851
0.18375204764161973
0.558039478814555
1.4744855528562086
1.6081705404156932
0.03654399281696138
0.5144967294497226
0.3939973029646412
0.12356518001633598
0.6274082779565388
1.3482223087262457
0.5798655674129038
2.1678148337059215
0.01756842511583868
0.5664671862966145
0.1256107054379801
0.399928326534015
0.05952525185466627
0.03495367692626352
0.010500056060347292
0.49224227565265605
0.9753888308903749
0.6967981226994033
0.5753788303577421
0.2571319209735582
0.6855759969121406
0.1375458749568887
0.9259317102870945
0.4235040793888366
0.05614968933497316
1.5117179739841224
0.003924550117365779
0.44445556040515366
1.1257844088522118
0.42981074443812406
1.0168855540788388
0.5421881025759507
0.09071030930095117
1.1218717665965399
0.08339379924092266
0.03619743622707921
0.02818679117810661
1.4140965534244185
0.07463901158752637
0.4052371846668157
0.3832266197616239
0.5893893651102741
2.2783943670893243
0.12059030510192063
0.06005333927032361
0.22622793226429913
0.12042146772754622
0.03759398213923007
0.6647435300934036
0.641412389981768
1.1232488015700886
0.14612768364530393
0.11447882603514323
0.030607929718409487
0.013001009766531972
1.8987822004174573
0.1027377352672018
0.27882055860857574
1.0134485672015845
0.6106662551163339
0.7054554658925065
1.9000335411906497
0.10725704226620475
0.2533925725915752
1.0565096250822306
1.1989842762865017
0.053999000833091074
1.1199428235837687
0.5762102068100854
0.257156179465929
0.45315534376896816
0.9045134979037402
0.10570949909478773
0.28230349244955044
0.050230915917301895
1.0737596708595252
0.494882711777297
0.108579818494937
0.08872829621261005
0.5880570720475247
0.5713639936235244
0.12249792901908445
0.9688926969647437
0.1658989352367443
0.30858791990324436
0.720398354326096
0.23949269943792156
0.02494284876595716
0.4877903490955929
1.9995418150035449
0.1504494585847882
0.0975734972109452
0.22401484514055547
0.06712340601126866
0.13816052410528218
0.4039662855621264
0.9583994275614041
1.5826640957819145
0.2967903685927315
0.18042549935708016
0.243845114966923
0.10856134401657028
1.103113067235952
0.40047958362616615
0.9214407329832706
1.3918830585794015
0.592048670680206
0.15668957238091166
0.025613379698711424
1.4856124203272103
0.4443553654305324
0.30779439815750176
0.5037646815281764
0.6040727914944214
0.3189494897397735
0.3297157385331585
0.06945672561768271
0.6942539996925684
1.994956252407551
0.10483357335046903
0.5010225223437742
1.4013504210525558
1.2301336515168901
0.21083066527898622
1.1001591589901754
0.3135678237719096
0.28077899270057183
1.2418663065137385
0.09961890191166015
0.22540348372522453
1.032182553486851
1.4724133167656963
1.3081386046294265
0.8302503789705754
0.10100123173328603
0.06210930666862252
0.8600125276483149
0.7493012911595279
0.7826251361399773
0.8217938205609835
0.11805855018311326
0.8577100881649837
1.402478527627972
0.18268501249495994
1.0527454268659244
0.9246141874678726
0.22424447867971614
0.0920982290762891
0.344337676986838
0.8075407318198756
0.250945845780111
2.315173020230947
0.2960386850552737
0.39497244761909733
1.1036229372518847
0.18170281987490106
0.7156617768466831
0.5918636246843151
0.05326853148336066
0.03635256166890184
0.11571956632659385
0.35918067600088777
0.1899687119359331
1.0981159154410192
0.5329980401181029
0.30858403590665456
0.8360188530501922
0.33631781169316727
0.7675763387686101
0.33991606244706857
0.07745548670575278
0.2530789638221766
1.2736548459713632
0.3813829252981262
0.9045155191779528
0.33671306001456364
0.12472790363570005
1.3204015424757911
0.3833965171288854
0.11945453105494783
0.001344394141180705
0.9167806090128894
1.0533182301326884
0.165247841828821
0.9662137042212311
0.46305690866775684
0.3819596762867101
0.34146671056965416
1.9865048033060464
0.6454208078978672
3.6936220830467326
0.4746722226953057
0.5669346543607645
1.7766457313600095
0.025437996745934544
0.6497400450452862
0.9754609581168995
1.028340186232315
1.327034583356375
1.6062700924007243
0.21226984631209528
1.2180279054997978
0.698042489372704
0.6397787730155987
0.2734408859368662
0.53829448017198
