0.7332602306024845
0.18724989269371753
0.21046728834466671
0.8425884037431949
0.9878429795431581
0.7075230558698156
0.8135808227985608
0.2086063022765916
0.2934511377640435
1.0545499204135087
0.3334138602949064
0.5085337462279788
0.551314677705872
0.3174842218273462
0.881838327196232
0.5023684428974675
0.420811505312938
1.2064957095470894
1.3231026328027324
0.48035691272335573
0.08705464608770037
1.4767889219572177
0.4041240733999872
0.42445401749329575
0.5390775852383968
0.529612383150979
0.13709512915027167
0.19825949366712867
0.9649303358154714
0.3844325627206317
0.2790143520466459
0.928209084596632
0.7275527587992486
0.7595869657338238
0.14729305112442853
1.464539627397231
1.6156004928647378
0.8569492903591385
0.30366521492812837
0.7960913376585887
0.6870550457379178
0.7802545083457988
0.15394827682640788
0.32435693313283376
0.32471596831837085
0.5776711675861357
0.598662858881981
0.03174926382877366
0.8257247018874808
0.2687397262047607
0.9890416792550154
0.9342420505243907
0.030387770226921188
0.34065481174366574
0.8746034478025607
0.3693551686266452
0.49880549790328527
0.5144382509864028
0.2245786657102791
0.3026805523906139
1.1558609022330963
0.40262116392090236
0.20369596910263268
0.25132595924669465
0.035987066157430816
0.38728241452567425
0.5246392772423929
0.08300191616393003
0.27692494339069157
0.9411797134569795
0.1349577315739424
0.34711734777028314
0.3539029647384806
0.343648908748594
0.17717841589546401
1.0269243278286952
1.2634521389301179
0.29234321639813454
1.166899834096294
0.18586552579206234
0.04206307672679217
1.5458737768340332
0.35883631659957843
0.14296669184459132
0.5599978211126945
0.2968799101717806
0.15752328449975983
0.9502155343598827
0.07414084032250101
0.185138381114632
0.8894966259362028
0.3771652193157715
0.5757659417965381
0.3034555539457311
0.012571709170420366
0.032785649306588956
3.348203045639452
0.0869469250131118
0.6119040729805819
0.9534911892976314
0.16179934620672204
0.42809733385317844
0.7898481365870252
0.49291499005719913
0.5276459358553792
0.07967839191867573
0.11280189859056916
0.06323562101532655
0.13664350877635129
0.05824013033607699
0.4463607730582697
0.57885455636919
0.43972486444260483
0.8998067520085056
1.9355522227175321
0.07229133785038883
0.4898476651021423
1.1189479305970105
0.3299152815307213
0.3634837487957546
0.9189116796747446
0.2438906986434527
0.4994348934931852
1.787224779791419
0.7378771275925449
0.8864084390547391
1.185966876744242
1.2497645334105023
1.3911431105289724
2.561741396592987
0.34318524203385764
0.09845753617742156
0.2648308468584383
0.23056471881352486
0.09397253457571617
0.39876904860103385
0.19987682281494495
0.762493786270002
0.6978475679009606
1.6451166250281666
0.4437321976864176
1.4210788571642994
0.06439672694494669
0.24930418672296742
0.1641117423185645
0.06310634949067699
0.2567647679628561
0.26724145550725525
0.0734487233026802
0.26167267421291135
1.7826026890868667
0.197936458457642
0.06923792545582368
1.0225307641377466
0.2560070723811711
0.19528318385411125
0.699560874574539
0.18662935769558375
0.13834240482024848
0.7822912229586858
0.8891224263458084
0.09667047953250718
1.4595232299946803
1.3865151236413307
0.7931507158615289
0.9911694894795128
0.21580988350431904
0.13934067127857602
1.3076422475699732
0.4823307382488226
1.287966280621943
0.2689546908120003
0.03979552222592491
0.44266191384380627
0.5903521914868517
1.706942199265709
0.11696727322896935
0.9169651891199235
0.04647785515919794
0.15002403118315738
0.7163004809022077
0.1606314014615206
0.08125024615927338
1.1927865031721752
0.017910213177350514
2.581940515899464
0.8322397684140659
0.5434491810166654
1.2226915145148676
0.35728199563696306
0.765473438339255
0.12440439932056753
0.627726880459498
0.1946231352834417
0.36456954826879184
2.966565285214137
0.0744439222552076
0.5821545061425211
0.5631338101265241
0.644821029942315
0.06192071606293359
0.0043643606241194665
0.025193920962090693
0.05056127086956941
2.3952295888683146
0.7706805053049592
0.5612836186886908
0.13962375842576585
0.145280082817249
0.270257098501429
0.20221141489062636
0.5975477502394743
0.6510020872381233
0.8569481667169402
0.35320417571946655
1.9822038450900252
2.2839626741320096
0.7677950804877951
0.14883678880372017
0.47090665543846744
0.06119439206342932
0.7564008760403912
0.3847496962153885
0.47405037610486583
0.3668466933000395
0.891322284165552
0.6196989629826216
0.1663876313924529
0.5096979951019204
0.0925323501621466
0.013527244871405998
0.603084121257914
0.07528661063283895
0.13314646024536766
0.39653510779307166
0.5318793487201698
1.2285168485238234
0.869810797526537
0.16922286910321216
1.2048123355506903
0.4851439819099362
0.19894258380479402
0.31954918843794905
1.308183162809227
0.2220793614637396
0.5937353470559336
0.7566734676462797
0.12639356372331714
0.46231013081957795
0.4970707795173432
0.4226190376859756
0.21856825111592146
0.14432101087803084
0.07104246605615971
0.4891390265071293
2.1515366073502613
0.07784644572508453
0.38117490060827297
0.9314347128078746
0.1515186767725745
0.023374070034552705
0.09489372970008186
0.7381358594715877
0.11892341028502829
0.23786541045402382
0.24414703705347443
0.26961207655710856
1.4687730056679658
0.19497612577647702
2.428083337571114
0.6213607325676218
0.7116930107613897
0.13071738982387626
1.816873586578672
0.0072300566316629376
0.06714073140250157
0.39651576786324033
0.05475259086827787
0.288671055447738
0.07919696053410598
0.10278206788408088
0.06669305652012723
1.2407339335406176
0.5701486839974579
0.051237716763753396
0.48428026401618934
0.12336988131103203
1.3954625337956619
1.7868814598094807
0.7111846726063663
0.09654791428579355
0.8308269235586458
1.6638465571865155
0.05467053510685228
0.5210131063268664
0.08190831904605514
0.07214572691603333
0.8682372406804416
0.04371635607022104
0.33766460020436845
1.2193113986289061
0.10611239664818281
0.993148705917128
0.1854175192307596
0.6478576799192417
0.28942401158080183
0.6370579981175531
0.16290362778447887
0.17785330560631973
0.9315816281860749
0.02385831532564126
0.38820510601240726
1.4358073237243771
0.16917793141849347
0.09763113081800497
0.6762008985230984
0.30740813783780335
0.2915787004927118
0.981258157542109
0.4568125291049453
0.3868552258615074
0.4621505745508859
0.0682875290904845
0.06457356701371374
0.5409242832094334
0.729977718129752
0.22028646679501496
0.7073267905668955
0.2830823353367208
0.07607645256691985
1.0667599232271074
0.1700491578431275
0.1538461383033053
0.8877209675665795
1.553872773508223
0.07467043840696348
0.4853947684664724
2.2656392688249123
0.3004551730045981
0.492847884360992
0.1350055339812535
1.1860179857551418
0.7726694839196704
2.107549974759015
0.06835594690869465
1.0442226918683564
0.15167574735449824
0.3453815124997909
0.6473022424584076
0.5815560484147733
0.11621610831281776
1.0912717077601854
0.5177594114474019
0.13118735623946973
1.0698420758923828
0.29232522869638916
0.5529644152988794
0.5690488723125885
0.6757776311040096
0.7279321953648501
1.2909657264464984
0.5594002392121864
0.8011523985157699
0.08442172131519152
1.5833355415096895
0.0773892155323779
1.0953727564392821
0.11622274264530527
0.1822104807146154
0.5245341482761126
0.6897966266398713
0.03036121441080511
0.884167699628547
0.1720901599596479
0.07277900422710386
0.6540251979500337
1.4310607282231473
0.051531693787839186
1.9557572220049506
0.1953901003077891
0.026161076436897794
0.5402096339523483
0.22225477806419558
0.11886544863731086
0.7339869402447461
0.06410538622647614
0.2289364426797208
0.15599756552712343
0.35636176226612065
1.312978142369241
0.34229190235900664
0.22159532540176838
0.38852057078213154
0.3658378707604571
0.12570244069717124
0.08482323885851528
0.3998376662245273
0.032301315627879496
0.38602568266405
0.7467163572783505
0.2022122126910181
0.41535163870006364
1.0995021071919548
0.6130400288960416
0.2751294901344513
0.26257948437720396
0.07128029792985384
0.2594312013935317
1.416811934524834
0.692440047121836
0.12207063391031898
0.5528625247798906
1.0742215423869357
0.10072312247484361
0.5824880411633927
0.11016484107848155
0.4867097162412729
0.7688967808558453
0.2853258822383453
0.2816291660967685
1.9056593583551698
0.22074268239943967
0.280901072837856
1.3087063507673562
0.8978314505741245
0.33484796542559864
0.23133678273649225
0.12196917338930173
0.8649548143250204
0.4456159957893419
0.010482697103941976
0.22203326890774244
0.034708517261324824
0.1429195644691877
1.0839313161805424
2.7022469675908423
2.807453448142614
0.42328442370006236
0.5244872883432307
0.08926555168107816
0.1963217092291619
0.4858004666326033
1.2862978598104449
1.1488347214460586
0.48096088514462876
0.7879100820681508
0.4200245970692338
0.10118316546907241
0.48632712272686685
0.5056541284137519
0.16989551159399477
0.1712184541926914
0.27576690807903037
2.0345150186114704
0.5089691244637962
0.46374181088906613
0.43976328620468436
0.73661713227639
1.3155387068257764
0.3220079062778129
1.0802309249793118
0.07018309057077246
1.81719541820493
0.15206908709106204
0.5389872060303597
0.38490130369826997
1.0619074477995867
0.8775500182340501
1.666039517735488
0.3293423688674078
0.07631047539166438
0.6545516973651199
0.9932728156806743
2.7851336741048107
3.6315593034932148
0.9175893518488754
0.17493846221589654
0.04000400595336943
0.3611475877661779
0.2672912139960948
0.26244284537517215
0.21015269926065716
0.05364370813897081
0.7024248328514121
0.5364895458091783
0.8844892239154798
0.009566305131709672
0.11237924273883795
0.016598056612833745
0.18978128255819732
0.9049472466743027
0.4215734977158855
0.30100973689289806
0.2514522793605727
0.1236152513451545
0.17220279240246236
0.7668812609887944
0.11351608497680929
1.951629686523018
0.3418315633884641
1.181586986157671
0.25809847300564476
1.5054568562233355
1.737144588723082
0.8480229993606064
0.01281686792120907
0.06603460457657509
2.1310783565196147
0.2633257431080963
0.1383686810902326
0.10494876013991748
1.4599534619665726
0.9404876838547643
0.4889707385976376
0.6046373000138382
0.9866731797958779
1.622476890141324
0.9375070202152262
0.4457396484737594
1.253534157087149
1.0590070181143438
0.2025113905094437
1.2944433639986435
0.12221382040434138
0.00813468995708534
0.9006861341321218
0.1885439603187327
0.19629218640232712
0.4006745010892728
0.7953494433655746
0.19762527375205258
0.8291544780634486
1.411941302196574
0.05781370569197032
1.0997310228337298
0.4812785933424182
0.9253346494309383
0.9121670242877539
0.058391349781669356
0.5727757338158583
0.5450829229459683
0.9063688149027543
0.25363355254287606
1.9773658895361672
0.10287518757006144
0.8485177504214176
1.1530647550348625
0.4929550472781536
0.09759138426291032
0.7211569215978869
0.4908987696460296
0.11166114492856732
0.08013669158872609
0.254242700885227
0.037242413611069634
0.45668004963955233
0.17122775369861284
0.2391966633182512
0.5049893206630743
0.09841069614014981
0.8734898163302871
0.9658609311862081
0.11669958464292442
0.8608345867453371
0.4481794562683548
0.3990940520212189
0.19231426422844708
0.35034910545711423
0.25721225813210374
0.0774111278898769
0.1923987376402768
0.8032354382227932
0.14568841637277638
0.24659234805267768
0.038923682452238303
0.3909991928918303
0.3454861489286783
0.9835671196005045
0.4297131246395488
0.2536962800204364
0.09978299446502854
0.36365648627596436
0.2766502762107892
0.036688719093613376
0.2748327746765126
1.3391475310418681
0.5054735562300038
0.45895102039747393
2.7328288564397685
0.7621809778700414
0.16277991145512033
0.23994068523736065
0.3882923862655766
0.17662033256847076
0.12496522273348619
0.68222500230243
0.017251668094973215
0.9729056402276596
0.17953112417494074
0.13944326407467464
0.24156930629121284
1.4945967182014048
0.1451808536971376
0.2115753081869624
0.49946269785495545
0.5202144902085102
0.2913153416372763
0.21891795448386264
0.5898682022326781
0.5030440922706303
0.24150555858369388
0.44733691602986125
0.7895337471367492
0.8072754877766639
0.2814317905652553
0.301509914529127
0.02448015597389469
0.1854073895601522
0.6005191995113853
0.26276597906087973
0.23350632406529234
0.06773491170055214
0.17676882214997888
0.35405748151193017
1.5274672240489133
0.8585462097034069
0.4117620254454156
0.20974306544765414
0.1488752456734289
0.372269744049741
0.48960290599902234
0.031263268420178375
0.18449495112152198
0.9758877757538771
0.3363868203354955
0.07224494685146482
0.3929650655809773
1.8673714228861766
0.23070205722879544
0.6923579657659115
1.9329872990643395
0.06159620955086703
0.6203347291318648
0.5087684168617597
0.2750666150457648
0.13351818253549166
0.05521323549154534
0.08330691935398624
0.16472116418753646
0.0008577875621345721
0.5081831411717588
1.456650550238043
0.8411040062021831
0.23662893168708374
0.42320004257394006
0.44517336954027037
0.03834746613991623
0.29834730050662583
0.14397562324124896
0.14399667608925568
0.33183845379933335
0.5358210916251226
0.5185141535751487
0.8166729674947834
0.16773336292321347
0.4738703898888239
0.29971313364203395
0.15234516309494472
0.1700596292742035
0.12868170774215124
0.1687700464961025
0.4681883243652044
0.4250161712116407
0.20841952120549562
0.009068289068752825
1.1560856447628156
0.2355500994557739
0.09710795636354394
0.9554094979837625
1.370870911344472
0.256678347762246
1.0089388877072836
0.9093523821923296
0.7991500131939016
2.7768454249121683
1.3793552676538094
0.7132041418771176
0.12884193230603483
0.26907073665032133
1.3611203385131363
0.8659064015977017
0.5077880945433794
1.0524786816126919
0.4228653891369488
0.5045666011188222
0.034319382170039214
0.6775315189200469
0.24984684742963792
0.04656941669890429
0.4203963554084134
0.28505806515358195
0.29679116403390277
1.1497247993930988
0.08190031925497478
0.6281395717812881
0.32284994645799303
0.04712638381029805
1.0398335556198541
0.06906111433547094
0.22120718029457148
0.14331257249497883
0.23052844791165805
0.15325952112263938
0.6517357804196857
0.7444603252426844
1.1510970901976805
0.24193471246078224
0.4692860174703937
2.398307068560292
0.2530869315534929
0.34505661586771935
1.5985258446559605
0.9008269867992929
0.9514722668606447
0.2941645253976897
0.04195001424538698
1.0431268832223428
0.294129806173972
0.040187445538120224
0.8197361717023138
0.07228598481829339
1.7947873858900985
1.5771080705298968
0.17244650173693526
0.02327235515847855
1.8516720435891243
0.13265203421365326
0.2926307270541004
0.16743579514951515
0.8442485607459171
2.2189486200207904
1.049804635095797
0.05619740911543466
1.2896968281109458
0.5532008086047683
0.30146844663992256
0.8032410326855092
0.13006900761127785
0.08783760589009428
0.0026712818156427033
0.1453466429703238
0.8420171286847834
1.1169758213035152
0.9073492475771465
0.08995511242619621
1.1559608496928608
1.2327239853647773
0.2565611424073873
0.9874330475156244
0.45287196768655374
1.722171262591465
2.1980740606702
1.099245865110084
0.46357172765391474
0.04166186979374984
0.5448860044995096
0.7348861124994942
0.030167705748516186
0.5544601788176505
0.008638595262742277
0.8493268312249225
0.04120476971201348
0.024313177307766127
0.17825647406701842
0.08789993343951134
0.2925805261460316
0.10185595078283748
0.2709802850147332
0.06169478289943487
0.5429219461471115
0.46395302830807233
0.061984726910068365
0.4194298992053557
0.3350772442851792
0.07379738412662944
0.3906007341900545
0.027463733770752573
0.5154717397492351
0.5352405574726593
1.3995060995469668
0.12236211888600251
0.18100184343950582
0.9993299910396254
0.9413819239021832
0.6205114975559387
0.9020312153788792
0.1614944521552922
1.0284776899805994
1.7099990067211903
0.1810568360182169
0.16545582860719998
1.75640162665314
0.2305324487444192
0.17598115690666638
1.1499333406478869
0.1179898250659064
0.28724345502344145
1.449518841971227
0.23071166862327083
0.22134516767184528
0.3595689462748387
0.03392451613975819
0.612281895324374
1.3928061823563787
0.2122514728248906
0.11353180900321633
0.35043737375608813
0.0360829628564797
0.3345906524412928
1.5181955842103911
0.13386468391777934
0.197015802574261
0.932986514326967
0.024321760650374998
0.8156882629387459
0.09882619695754542
0.12663722284233667
0.08102718405879247
6.278290770233375
1.0968103373790925
0.29194235377197514
0.3783581191326528
0.3793987478934107
0.05617461983098112
0.8689371549678971
1.0739376720456397
1.5251438880958572
0.10151694824211027
0.01469444213794692
0.11185968938914144
0.4477409711187077
0.4649893468351535
0.2997286380310263
0.5152465418097928
0.1006670375705661
0.12711838547026869
0.1714433482219527
0.5620796194631976
0.01086402315115373
0.429781976963612
0.22113888659392147
0.019646727021978973
0.5200440372571431
0.07314806883574283
0.07242797472733065
0.7102736203424114
0.024318729863897447
0.05461066334983545
1.4228140726132181
0.10985809827631968
0.3466509269881532
0.7834818547163825
0.05765775505525691
0.45796329597263663
1.0697055228113557
0.22400057937382642
0.21350704923160907
0.1844648880875322
0.734112784858009
0.4490417688680982
1.7109938331930685
0.5392759943598423
0.5535107188485577
0.5898427048643732
0.11262268883558857
0.11728555796633533
0.03887441891982423
0.9651836362270554
2.0099041773688624
1.8230274999122735
1.334608539460306
0.06235787171706277
0.2685038198312379
0.44876344683517105
3.805953827867433
0.19562946306390985
0.038116623462833045
0.3547941509854409
0.3290439059352142
0.28338553735044414
1.0884309252960938
2.5457090221263705
0.5945157302775651
0.4238311755343362
0.6464448957626728
0.30272551611605925
0.3081653633793277
0.712629087953972
1.7438735323325807
0.7741376980716268
0.19552738911794812
0.13098527667801593
0.027949288742201053
1.41759599883107
0.07035840309185216
0.1834141719672137
0.8160126805075372
0.7123781655283977
0.35307649893068394
0.31164208746172317
0.10676838414507553
0.09630821236361017
0.38195384350404565
0.06393828232557845
0.07339816674539669
1.094924448690592
0.11735734549996768
0.4479417510115061
0.11656985669017274
0.044320773871725255
0.14167657691773786
0.8948994459858167
0.6726993841072468
0.10636234422985742
0.3021319805410468
1.206632834488629
0.22352325497565367
0.17639382232049133
0.9616884261263492
0.07185837236860765
0.39055132681538907
1.2748754353010694
0.007810916686445621
0.7719237772044584
0.6160895581377308
0.23224080538203026
1.8456453455552586
0.09410792124412873
0.6034566549758926
0.4751773283222001
0.289286453151892
0.1875506975364606
2.8694028638061324
0.997050603044144
0.12816136177966703
0.41513898201055754
0.758345322436184
0.10146332911055742
0.4124532207878405
0.08821167872429345
2.169734607249679
0.7698611686656297
0.2739392092004473
0.0951525200120311
4.425131168458017
2.297401659975691
1.145521380540114
0.23356378654298662
0.9566764917067881
0.17918403299505936
0.6054962100413797
1.0327798071007237
0.12158359400340836
0.12506423546764517
0.1531057762799135
0.6967742776472107
0.8489987331035105
0.10627163932808345
0.10378485253130786
0.027967437238929947
0.2433388155073637
1.6691171107064957
0.967254545682947
1.6876638733589584
2.1073861173964383
3.86102311017687
0.270670043255426
0.2229820771670524
0.681238085863935
0.37939933677342097
1.0559676491007783
0.4739723743335069
0.048628418230055634
0.06188334726303084
0.22799340139523466
0.0027976877245951847
0.27961273316877816
0.3331192919176594
0.36154805683770586
0.38730265927983853
1.8262318739648276
0.011219734272470317
0.23996990968919793
0.5020400091367972
0.166428313750122
1.2545688642376225
0.014957465513406291
1.157081563487255
0.6466922635147954
0.5879408824381603
0.9228748402624154
0.6833131759078991
0.5683291391167743
0.6413042740891504
1.3008867831815016
0.27911402118681694
0.5128135010097822
0.3515917302269051
0.5186436142668721
0.10592045494258227
0.6953777886831349
0.1521163526929108
0.4271812766308439
0.03841481092658936
0.19648367597787683
0.7801539106798506
0.4870069137048832
0.28923731011960124
0.40161942642376935
0.21915163575838292
0.18040805391279718
0.14228170507662394
0.7402966962181515
0.6063774699100574
0.5233790853725057
0.12429080422613442
1.0133318104493811
1.4507443722649704
0.3138703467290003
0.9115031639414624
0.44804943458822233
0.9876872218931686
1.0878217700678092
0.21924322039932345
2.358193675091914
1.2710602024528188
0.1413975659444086
0.12019098675040049
0.0683566923231761
1.1697202301120675
0.5557483796611653
0.4688698944827268
0.031582947259322425
0.05900579476765158
0.7043699037465403
0.03490325648380123
0.5187880713129591
2.048974962368374
0.2882388112343935
0.056747221781776
1.9476450398547638
0.7979897347321956
1.122916852480437
1.0164673360518437
0.26317760868163925
0.09575051510541496
1.4237722558977879
1.0327141805609665
0.06758287477659286
1.0864035067566695
0.2221307480893708
0.7205058121117444
0.3144930882822366
0.0804212708500365
0.03708878234485761
0.7899625837012232
0.449734621142977
0.6597133791921996
1.4598664826553929
0.012308319193299024
0.5857614337879622
0.4501145120475704
0.4080335627431795
0.35489609354639345
0.4889031299738751
0.037961677394769085
0.3752609539328538
0.5215259877851112
0.7952643004883686
1.0325451431043755
0.8815004184124929
0.27018661196325877
0.42697553540928335
1.129675074229149
1.4872614286238288
1.035486045412242
3.2141273472760608
0.06996449666604207
1.478006175467165
0.6203365260523511
0.348822497942869
0.030679588592553833
0.8221744039187477
0.6757969250869389
0.5240137673692333
0.1594319893414242
0.3046933347299026
0.3490000610560873
0.11726201813496226
1.3406472677503318
0.27452293061281385
0.3365829885474058
0.24542051076753116
0.14207532244222743
1.050758697828323
0.38562523697212775
0.21123455128814422
1.1105158634767094
0.27042864184353554
0.08597223430924414
0.7804378735728097
0.6753986716242617
1.0209369378939523
1.416552976692469
0.414912139519586
0.174281608597438
0.6712196334472507
0.9261066968369243
1.201089400511868
0.5269138319214808
1.0170106805654282
0.14488526209965125
0.6712164097070586
0.07611839692926246
0.1794128937044105
0.9598248777660289
0.41564097814722156
0.20732959686520633
0.1624622281396626
1.3184477496735132
0.16633686871997186
1.2376702610518873
0.08351246590426419
0.7377178746102965
0.23793052213668126
0.6878378003772259
0.24330254947815724
0.7926497069989051
0.04003442229577288
1.0734500272232348
0.9164683194940667
0.65465414574272
0.06857963514112465
0.916318816871719
0.4094978278139356
1.7083845340625492
0.5731703574605899
0.02248436454296004
0.44992793345634685
0.9670079445493087
0.4591624606612299
0.2696148453965245
1.3265075823430195
0.04504436838656881
0.10419583911030494
0.17153196039988455
0.581237146290583
0.7024590219943072
0.7025414659762174
0.30101723257355606
1.6292608318475557
4.693456704835155
0.7752415425512001
0.2804626596078611
0.5485309318371988
0.0651303944710866
0.13205192933512885
3.984092350935985
0.1399666073453765
0.9607151258472091
0.031894748812711225
0.0826823965649162
0.10121062516492296
1.2390278146887006
0.41315907515514894
2.054179277483865
1.1258167791599731
1.4618738282357002
0.26682473982483346
0.9189422315934836
0.09792498969129337
0.26129079129497945
0.46838633652417494
0.039217988256234196
0.05627550838815652
0.8313938502121498
0.4739812460264418
0.3604751828936063
0.09103582250668638
0.19805649377005552
0.02446647217609359
0.861224054282705
1.78705244649295
0.30117746075254853
0.3843993840132298
0.15539985164950568
0.5748597393362257
0.5334591973132713
0.2864940129482098
0.08410461982546318
0.2027413058721167
0.521028807271837
1.1793145875430693
1.15319620593188
0.591910711002153
0.11757866549832728
0.2447759010181671
1.2690076749323802
0.3768725262537589
0.6602122064748865
2.25435993273961
0.09009406207599034
1.3339865498598351
1.422703648831397
0.3663445886154768
0.3062980417838324
0.027356614100926276
0.45710772760687796
0.5075654866354605
0.9789069760723269
0.3787242597446475
1.0608473975061357
1.6633249190082036
0.9765139426674406
1.1128541200037536
0.02465784981626502
0.10314077975343779
0.37137500680555724
0.4080803008449637
0.14019113791298618
0.7203734648700171
0.028423646731877656
0.2999747099500671
0.2527061614063855
0.30254409890362893
0.07738078891713097
0.627058796459892
0.1488093111389007
0.65520201846584
0.7256547336378857
0.20635359281733393
2.3605885697834044
0.8986858767495549
0.07686249101140274
1.4712438721223597
0.6403929331743412
0.7077341878301986
0.6843625977545271
0.1591440963596012
0.049422757317241904
0.06977759583314026
1.5883728740579561
0.10006270810843176
0.264188755502187
1.6290012330577919
0.0670089237664142
0.1599987885246038
0.4195982249294588
0.5199316697653833
0.899398509555812
2.3329593548753795
1.4015748304935023
0.5139350445178478
0.7065930842449581
1.0231391118167976
0.17816468057715462
1.2974750508629622
0.7336498268670599
1.3091261772706915
0.35705571825129967
0.348010145034917
0.17589122990832906
0.4298523871014861
0.6081770386023927
0.3111259927416555
3.8980656653104417
0.53681211783784
0.04729104986599955
3.16320417847454
0.0784492985968869
0.7979108098646052
1.106391991203659
0.516623474388676
1.2477094687524724
0.7876485236170508
0.7797736352709316
0.021266166808096794
0.317122466486823
0.02967278407412117
0.6300949610549023
0.2823407069394202
0.7599470453863396
0.29358038301588857
0.6412902979572898
0.8095971827941166
0.06857512170221731
0.5356980476984456
0.47926087805651013
0.08703243864631152
1.9029115784567734
0.3398051724180014
0.5400860643513536
0.07479215188836717
1.6586316465375266
0.16079331724056864
0.32344983269103267
1.448203425332481
0.548182532996144
1.335006193716453
0.578032074735965
0.30579194484587335
0.3636507954482272
0.30135153382701313
0.28524399932651356
0.6664861551576362
0.1896522135494135
0.2975526678355773
0.9885947602590128
0.40881006096694233
0.1744921141051647
2.1853802659806427
0.6273129640711754
0.24650570102031572
1.574989677920985
0.9042250887592156
0.16413225079288596
1.3734469798060767
0.13539864252037326
0.06910828897479095
1.5466794355112097
0.676225280757961
0.7676090870759208
0.3862829409070309
0.49037110792658795
0.3653043690693471
0.10033016713387506
0.1344148228810973
0.22346833043106862
0.5812468984687755
0.13217044110245377
0.2541132540329592
1.22866351438656
0.04449530917417833
1.3058457803956391
0.6923555095694907
0.9465387024068963
1.3236050899758252
0.5956843950882335
0.2223223657655255
0.22741758942163987
1.159153842392265
0.05150972229715608
0.28008705871186634
0.32697137630442447
0.6132283585359785
0.7170926231859025
0.2409236917471472
0.009583180659909466
0.8268323958418045
0.13426122321978615
0.9547712517609492
1.0170181969777072
0.5198782192490576
0.015124724667862955
0.07241228856790098
0.1846866092158867
0.20657008338627061
0.15021225088824033
0.31270639507629105
0.14811770148260764
0.16491813653196766
0.28381914459168184
0.46603340963351325
0.7731084628154423
0.11898455626410742
0.25582274273319955
0.13974651321465104
0.1877547217853743
0.35296022865523174
0.14940674075538424
0.2823814025542641
0.15534396459903507
0.22258110747265303
0.8954635127067869
0.054195918018988314
0.4337182039143491
0.8610353744492123
0.6643794715658409
0.5154995931326423
0.9236324905927918
0.2686789223200163
0.10854953965177885
0.18095261240228053
0.34940135961495017
0.9051027192605313
1.7831439078094762
0.23937981945466957
1.7021966758732558
1.1746883218064554
0.5539227210033972
0.3714489976765717
1.3267292043399885
3.0729111048518756
0.2627158641415642
0.19419420101287485
0.8406899165180047
0.6695044835032061
0.9214625707430046
0.6850415706920121
0.6803598623066045
1.0460136765288848
0.947222979154982
0.2470667901483463
0.42382205036323367
0.03963119612809335
0.3189806731119018
2.0015570293583904
0.3837069330964191
0.2945199498156763
0.6030394741170553
0.02563994407617528
0.6588478724102853
0.4979204513045234
0.8708724736568767
0.13223510877712627
2.7235100448159995
0.2192720131979644
1.6448086858807773
1.2883337180248033
0.17695582430221035
0.9189276693321186
0.4892614294148677
0.02866700635656673
0.6388185007967611
1.685062872159332
0.5683247942641373
0.4362090321923082
0.10418778067962593
0.35539036816461445
0.20601779858623281
2.0695174654432007
0.4368621443360054
0.17308525534898167
0.1387268137019553
0.05017446363052085
0.5285620663722089
1.022452594284259
0.3540638720489869
0.054184493460899985
0.5260243566088411
0.8996529946910078
0.15763159608597488
0.5277748567965903
0.03847261516128694
0.3647984178392848
0.5929818717335698
0.26523472250007785
0.540757453893339
0.29418179921002313
0.12147641324816535
0.22538428365138005
1.052683925144202
0.3125896629723442
0.6076111628594186
0.827828071997495
0.10911141119999267
0.3314863389262451
0.4486678539877523
2.0342147483467645
0.13465286627736742
0.82637010244028
0.747968137824972
0.4246223547647832
2.1308082792055147
0.30151238903285926
0.22914582005207398
1.601257722603656
0.45384963148443314
0.5630030071749668
1.0269952955428407
0.9925132587240205
0.11042704004720998
0.5734641039771294
0.0869159708700859
0.09804679941343243
4.308021729186682
1.6211015396847916
0.9328722253796535
1.9381544810719438
0.02270451929705676
0.03693303345527733
0.2724938557966232
0.7052399723028767
1.3472116880539526
0.18556783545767588
0.15628696772745962
0.2668018991607755
0.7497783947804378
0.6020904155770941
0.1823235993801887
0.14488395442527
0.32975687744114446
0.19917043508899818
1.5881406822177904
0.3581368104271587
1.320921084496794
0.45515645265176086
0.432195638588832
0.05725517893716269
0.7468377986715099
0.09015991725340891
0.12329534303732938
0.5915211718477399
1.3525820825982227
0.0922840385776069
1.5501994702008197
0.08295233235034244
0.033374557395381775
0.5070074318152772
0.05170786941731628
0.2656166708358589
0.8280622885662381
0.12640801639888816
0.2970105939696595
1.1596132959294707
0.9755818522583066
0.16446950350088357
0.39165555992349566
0.1850513038569548
0.0319838737633984
0.9693637562364603
0.4136930662852598
0.12257940074055698
1.7872670165377875
0.5355469872383964
0.17725131700628177
0.6451994936042847
0.07532211748447616
0.02089683931187446
2.454724275195471
0.7221593010424339
0.28053703468637997
0.6097837270048025
0.6276954899374086
0.010532051459120388
0.16939915384954563
0.005923932702092663
0.006386557143058879
0.2546053701960129
0.7100732017032602
1.1192658990410522
1.6911971766316605
0.6574919225335215
0.37571444962391504
0.337911180586666
0.6343084680574539
0.28735803730319276
0.8025179066015661
0.3690768496215556
0.02809544598240892
0.07706842577836465
0.1684756442591535
0.10033408723788131
0.12265506091615518
0.08961417231215489
0.3649303522184424
0.419639383743384
0.22246529313665764
0.037184934577504575
0.3403885283935151
0.2355231927729194
0.13876474122165566
1.2504183553951889
0.5405268071963191
0.7583267230298962
0.6153658074698507
0.8725670645688673
0.2231159088621645
2.8643865463851808
0.13825779904759022
0.6274837646085359
0.2573398535476384
0.12683680632797772
0.40782793253026384
0.6547755551514669
0.07705652881283362
0.006536385292513224
1.3051108084216294
0.14643837588056505
0.09487904384550205
0.1833759925537116
0.4054815858437586
0.5088313717087586
0.6377472415348243
0.019148015156241645
0.1609882809362313
0.799336863569254
0.4011349037792388
0.4500009718026965
0.528518741186919
0.4099924355847468
0.10788778812796924
0.02126810260438263
0.07511067906698268
0.14325493347844748
0.019793296312846077
0.5249944642693615
0.024879632936242034
1.0221697593397492
0.07395964876701897
0.24361131564757152
0.7318223703254922
0.13699241047449495
0.04645401363847223
0.5541257409469639
0.24226816210602217
0.29049107807998287
0.6915417174630241
0.10239805622590156
0.32139821753292686
1.102050368124102
0.29079124413016044
0.3713941671232946
0.2363350708811127
0.15788329849579572
0.16648988123925307
0.4087156438311505
0.6198687661018926
0.07193576816041355
0.6740972522483892
0.3898434961623897
0.029295761344975687
1.4879940511138827
0.32887896886564194
0.4163064442344213
0.5413306613654669
0.1368514793808923
0.8866275791768965
0.12138478053227206
0.04388310224177754
0.49569462921269736
1.1383143489116392
0.19342290641573745
0.4710530867428152
0.10421133305177009
1.0300329534514756
0.7076210234369785
0.340909478443203
0.6670716781230966
0.2473437835763376
0.17697085997224607
0.6608460579899008
0.3730940938417177
1.2063379037207609
0.5590526060842474
0.24559105331110648
1.6274289166638787
0.33169112590801164
1.0651321807873142
2.5536706731972223
0.040063023585498986
0.16270858300311522
0.4913233571691895
0.7693721703798211
0.8089129328869761
0.20132295593092894
0.6524635517956615
0.5255154987328992
0.39607903665834027
0.3576926625731477
0.5784336294667904
0.20360560026425417
0.5569644804656253
0.5748187926573696
0.45346617142243884
0.9179889247332155
0.480564253462213
0.7243163283903943
0.5187358791122302
0.43397308320994504
0.8641422686606381
0.05363049744769094
0.08126938302429466
0.6274237364856572
0.5149646052095508
1.3026019975903782
1.355393090275136
2.5506496781131194
0.7324412264675804
3.5079013625858875
2.3543412122295657
0.08414032870389561
2.254002054304979
0.09437242565532618
0.9241810277928877
2.445571552269077
0.19029152067690944
0.27022522106545127
1.9779247172755072
0.10217989854925026
0.493905958333635
1.8428800434185817
0.02603908162721663
0.48494669913483357
0.4275240409493357
0.14568231860917247
0.07085681331674194
0.9730540256831968
0.2758014121694533
1.3379147353979983
0.3463123693147271
0.028861063685586007
0.23966939998039744
0.7390946040586733
0.6529033501986407
0.36277783988415385
1.8234004333721014
0.09174407732618096
0.20590986262013175
0.7162522124365434
0.1955277758749426
0.7188280434940103
1.3595334882611312
0.036081603793337316
0.6345556519538391
2.0158216658483026
0.41118170057817477
0.5286968823899719
0.32971717615020374
0.09322538291645109
0.0905426141180936
1.0174550309016523
0.5860390107605048
0.2726046139115328
0.8627729102134153
0.15272643507173142
0.42877279585287786
0.0657013314847872
1.4518195693038891
0.21681374421810848
0.8196930089280426
1.439751181771978
1.6848971226138572
0.340640782987429
0.33234816466378686
0.6052058709056914
0.5362454962489417
0.7639880540796877
0.512208058519997
0.6333585363781619
1.804663746510303
0.12283675540580836
0.4617605876665683
0.5217167005428094
0.1980702052773631
0.514664711383692
0.5557846035400368
0.4687944296285077
0.15304677702463007
0.2558139036932155
0.19991208204054758
1.4939726483237494
1.076800531134745
1.0519577412079404
2.3603822019673943
0.31251805570035157
0.313674985400738
0.3791549085309104
0.22933031624324324
0.10035619144616677
0.48283025228318305
0.6224616063058878
1.702016884984879
1.2151538723318076
0.12563704259569333
1.7505181324540786
0.6507360097483589
0.08246228148893542
1.4647204583054723
1.0767661268912425
0.5642014977773716
1.7910145538536983
0.9418273410999003
0.16951835571897045
0.0707843971155235
0.6251784260730651
0.13259651447467877
0.01703223000555066
0.6435307720490868
0.1359953154247432
0.5667349421622896
0.6929823531086704
0.027855634644219064
0.24952958074631845
0.145738094982702
0.5138842319066698
0.5479876913755146
0.582858667618165
0.2378274507343229
0.6515069625147805
0.6666636610815505
0.6530310885392155
0.38453484435940993
0.01681972892645651
0.009481633457189411
0.8549616791135568
0.9947258504780401
0.8502074419398751
0.17965085837039113
0.12012004081546263
0.6794588676988558
0.45782940040692016
1.7255062638195409
0.44728480445697094
0.7676896343721298
0.47786845158270724
0.05272839822398436
0.1415621683081379
0.609255128477241
0.42191779162643894
0.3703991909757172
0.7068037204807395
2.252678112727408
0.05364965219817668
1.687703942729306
2.191134483822431
1.29218201690027
0.9476697797425937
0.0691815682160294
0.1014227115231194
1.6411890125719826
0.055045897361336554
0.0746783802859288
0.3884361497505204
1.2387756472038602
0.20942901651303733
1.3263655510911623
0.2110285905191268
0.326197529686539
0.7144639348633768
0.21632511772082313
0.4863814755821025
0.26868688058964774
0.09674879544930487
1.0310391292452916
0.6304038204260317
0.4617414273243012
0.50147195702855
1.0417829719908338
1.508096287143885
0.3697629058016979
2.778573595148095
0.50411585151014
0.2602862707050431
0.7523791350014499
0.34519948063250677
0.8573610718154406
0.4469599003837505
0.2511335158603513
0.1170196291268409
1.5312716394708994
0.03943771249049815
1.3386094777845963
1.3943497044019153
0.4214556278390755
0.5836071161074905
0.5530315404665817
0.09016539567291021
0.10784479302602472
0.9616526402001134
0.03434645826655502
0.029089687912535914
0.6289598828196601
0.5981426177039342
0.6557442381800577
1.9415916607993284
2.9750745301131936
0.15632825560485802
0.9421375479285776
0.6558182837948349
0.025726857335163757
0.08704393535939278
0.23546533491165555
0.7011528844447108
0.24092245536488094
0.3161609743299327
0.12012210044803501
0.19074623467187496
0.489132748664008
1.79820063816057
2.045296627266564
1.109975309973584
0.11403102213675376
0.30922698474439286
0.1079176258769041
0.10897509587749223
2.091378455366195
1.1502280049806415
0.6221033771005545
0.1164041179972462
1.031744328004581
1.0063510567513319
0.16712138410429322
0.2617018921571323
0.2919940782363448
0.07878777050579251
0.8834597987343924
0.5633710551737657
1.6600642866212127
1.414676541927043
0.6116139996123119
1.6010142503900213
0.1684546612282566
0.550627267487633
0.29249572002818935
0.24501286339638573
0.28036766196068363
0.6726558344909151
0.2828469230059839
0.04435818109020616
0.07628491760037484
0.2643471501350369
0.719598039262856
0.6724594132231985
0.3983948526275311
0.4323239686321442
0.38045697478160456
0.39257637872171597
0.3835590983898514
0.5644691879896587
0.46984847884605835
0.6728003042010313
0.43232026498994325
0.6118705463180644
1.0421854969462754
1.8586945567284108
0.12035803619226919
0.6180450736765093
0.9602685159809333
0.14176396236032518
0.6932350687427227
1.1683258188261816
0.3459180477679017
0.042671549680151626
0.3602317834238356
0.2783616935530931
0.17628939696934345
1.070040670340206
0.28994950141177595
0.25486361737228785
0.2730822302222788
1.18946109897964
0.3396615945325748
0.6363526392788682
0.382125819811572
0.4401084605587844
0.3897706020234392
0.00940450225283411
0.7146400639959588
0.4956829098877687
0.22856252837917854
0.08339071341858331
2.1045773376120436
0.09890634639018411
0.21875610028200126
1.0778874843917028
0.39439657099515185
0.29350400946190613
0.581521021447988
0.3729024617242239
0.5618922224708152
1.516331428574782
0.49140415531020015
0.4189309433816505
3.1040948410464333
0.3975726260772346
1.3721988848810505
0.5735712704663312
0.07006815856960537
0.02607151405202446
0.3810721170785296
1.4576354527956696
1.0137068134415848
2.540819165570165
0.43926885059694204
0.3740332061049592
0.10422726065513523
0.6867136660854821
0.550583360756308
0.9756897032762135
0.11863599784490227
0.1563198849420058
0.671191752148938
0.05510115288042455
0.27952033174271146
0.420513461773925
0.29865988339401767
0.11531916712079279
0.4410692912225299
0.24612579839877624
0.7533993434189964
1.1061107542804591
0.1427243273537462
0.6119117760743853
0.6148061676518729
0.45457609926779285
0.33479004385258293
0.4738068000891276
0.15528718286620316
0.32897449550808844
0.08747005572789128
0.18252391593705242
0.10103853348456228
0.3046480238504489
0.12227215586818813
0.2533296003010744
1.2283944788998518
0.43699785503730926
0.28265356235944705
0.2713346124772911
0.5465530826343968
1.7141663930710445
0.4668759669529526
1.1288864582656066
0.6625494425779319
2.893139719090047
1.0609811737756851
0.3229683561712533
0.4158689512082867
0.24323825250175135
0.1886635501913432
0.14506813775050234
0.14276741666765067
0.321475648281895
0.34057512099787374
0.7697531826029036
0.24668992307446
1.1593144862588003
0.0069671555927544385
0.013376794372124766
1.9674307322135594
0.11302721441445951
0.49141457019100465
1.0361466137005182
0.5531521722164913
0.5120762189977932
0.396313076390778
0.15103620950728905
0.04739116054104984
0.47197087123916737
1.5144299181376366
0.9780472410021106
1.8360214307116967
0.2844154556943826
1.5133239017503644
2.0975358056558755
0.4280429181356228
0.011111673683683855
0.382721735820276
0.5473895456734089
0.11118952487965811
2.3794275198716837
1.4531626068982635
0.15522532949046233
0.10501419570659422
0.2734307934648938
0.35481151880090567
0.14788216614585734
0.8614044403219397
0.9014937285709272
0.8399331285103658
1.342014753589448
1.2146874358820359
0.2477835071654631
0.3665162194891606
0.11390994162254732
1.8569812076139476
0.8088491002665562
1.3380123788744644
0.4519866317422762
1.6115945564344896
0.46847047722200946
1.2159834015807074
1.8858442005428442
0.5970499143523038
0.7994760923463301
0.031013106948435634
1.469229291852657
0.5136007252086007
0.15036848737237868
0.38741801843480006
0.505247888911727
0.015560022068735644
0.0754381757749836
0.6624027341393471
0.04046435899866225
1.3435098863378574
2.177126354797614
0.014574683290710856
0.63804519750245
0.6587475643749235
1.0040851741571404
0.6040114421618683
0.9303667559977927
0.3740592709236168
1.449951741266953
0.22385648711492087
0.7774260732646672
0.7856007125871877
1.3213871485707331
0.17840194646190202
0.13283989505821137
1.2636938242153257
0.48702053652245836
0.023018870707582906
0.7959355743409278
0.3291730544219517
0.4309356068819356
0.29686596393822495
0.3886472442198561
0.21143327810127327
0.40744230562239053
0.19958734638948203
0.28480683724373307
0.5276723839464392
0.1963948749343196
0.22870985820638143
0.9890912443141523
0.51994804638088
0.21328093111109706
1.2669235759269675
0.2313953661785283
0.1563901643888828
0.39990576863374494
0.34162414749203424
0.11574282084893893
1.3169373206626713
0.575456396757339
0.6228349302758549
0.6546430889616172
0.09227822261372691
0.43590837955283523
0.9411524617037187
0.060677310961925225
0.19224700205515138
0.027596105125335942
0.5762363149407865
1.265104632755592
0.8099611052845602
0.24400177691116362
2.3959331139329954
1.1044952659744292
0.13820242099299984
0.08702678033874348
0.3584140140691009
1.3721265933233748
0.30238696545127947
0.7727858003835603
0.1772810354783812
0.32772578685815285
0.9368581935922669
0.08534885354475871
0.04178812717455756
1.0961868495671196
0.3873005214169396
0.1900988107024965
0.7834106047961595
0.8312717004488238
1.5900701409375388
0.11692721468332724
0.031894264981670035
0.5022817141346096
1.0479130369624565
0.23204156540209056
0.35826469097399993
0.32419080292471625
0.36838925968721115
0.9284388260241185
1.8401516141558705
0.27783692905646673
0.13692251119270912
0.22748923603165383
0.03672031196371339
0.08224603994886759
0.9415361529069481
0.39085726760596196
0.10148781288919
0.6544281583806959
0.3722404117914109
0.6968361385964104
0.15661187554344164
0.21250462286165336
0.43994094781779985
0.08614712532604663
0.424425712772592
0.32158049225523094
2.2581814541496903
0.5139125532307472
0.46255453638304456
0.41065145357665406
0.15991843941101394
0.06061466723655873
0.4196282665881997
0.22141631831840716
0.5067108499723946
2.217768746012523
0.07419882898259886
0.6588630860019058
1.170211398016657
0.607627985202996
0.027336556465067104
1.0218631319529903
0.06136790824431547
0.10622431600072633
1.7741771384868241
0.00868354576934359
0.20418477719021813
0.2127100582465597
0.15403283909460913
0.029358402939008838
0.42038118368949623
0.08690854021190622
0.11170073672896379
0.8259267836848309
0.4428078979230201
0.08184902364817721
0.13814074910039517
0.24537510000607501
0.4408449476919079
4.080596845801219
0.2647002435112106
0.5448478465174134
0.756603357513378
0.07774024843272791
0.31052198894975547
0.5159733745819604
0.2322633818771341
0.20512185045180148
0.105307234866244
0.44890815727557504
0.5286216813114717
0.24995212223626018
0.026850397859986698
0.21787534580237156
0.2516480637898984
1.078105889821284
1.17289949963264
0.49374528355233016
0.6579210914128496
0.47714815170424835
0.4218266502996033
0.1477934891974221
0.05229761341199208
0.0955518710254318
0.11630939595157916
0.7808516965133171
0.2870700116468776
0.6491528319652122
0.357518190631461
0.10514264429642524
0.5696575214494407
0.1920330111245766
0.5005854796877929
0.1191460051525736
0.8573588348602411
0.8490075699277114
0.07173494768846744
0.18297453889693951
1.2787537200001595
0.30850743396269464
0.3892404020518358
0.896136830825813
0.2316728677357566
0.8043281867805164
0.12098664328797532
0.024286228927933626
0.04014952389753919
0.5423036309231908
0.24201244160288124
0.06046679808157333
0.849301376270745
0.10955527152951323
0.1898491745477711
1.540680580214332
0.216857816833137
0.742189560082312
0.7912544172388661
0.008518763057010135
0.09030182603783789
1.2995053431138432
0.20396729790411922
0.46900820805114884
0.7152320392680578
0.20172301288273076
0.6505122342559153
0.6093389326798614
0.3953131216264399
0.3464214027948147
0.7087222837441057
0.32465629483925434
1.0321334695075095
0.2690671144352389
0.8220683198575564
0.7329377098101864
0.709860654749091
1.286323132414279
1.3429151003108066
0.14847914210010935
0.8702924489856895
0.16488887686403345
0.4417273742989649
0.2322392358802866
0.10709415035526439
0.4345885388865208
0.14745555020021553
0.9240024988940595
0.29400078358410736
2.1461565005589347
0.08353581141855661
1.2784816971626791
0.30398105417026106
1.1879232517589835
0.5660689456622582
0.7330855470046156
0.541374667001335
0.09825650190769682
1.5998068279348348
0.41040528333761295
0.5224766436045515
0.24241079169824545
0.482987059606985
1.2046098297325103
0.16144649914901146
0.32066030886456237
0.6133253874200955
0.6422629772335867
0.4247953043523059
0.29442826484063117
0.38605564693284633
0.22910533557269164
1.0763589211038476
0.33950884678425775
0.1822985752324156
1.378003072039832
0.18379450533611313
0.11517073414773603
0.24684129379459144
0.36441585861105746
0.14268449837388664
0.13475881407538381
0.01565847254425012
1.6840928669081143
0.13100895022258288
0.2740902985282471
0.6072461272717566
0.32852918233472106
0.24129715175991145
0.9899708904149848
0.4345378360309237
0.03041860730834952
0.02149287533584884
1.254937351507899
0.31723110991980696
0.3075209235453567
0.8700100993292489
0.3008072610317589
0.007104953535368264
0.14416183886850825
0.9451635041642257
1.1305079945247287
0.7440720860413517
0.5797455142012551
0.482593255842239
1.085682522951811
0.17418338071451772
0.4139377319032382
0.14224269820970703
0.5215910289377331
0.43623370371182
0.9488892204334549
0.07229238595074866
0.8317669064309453
0.26063752384254
0.17670280288280074
0.45633834189299227
0.3808042310707292
0.0267344730632632
0.17864483119462687
0.6270581223417873
0.2373813940227549
0.6464681805017123
2.537884963144199
0.8089457070312324
1.0616762382373073
0.6519369219913166
1.2183596618837218
0.08925166956629968
0.5192667126016491
0.47540986994926493
0.5486149683001703
0.595015318994095
0.18308512231248678
0.09773849007155669
1.222007147677625
0.632105191271491
0.198469577794455
0.18149162485466983
0.1618180924970784
0.22871111325287885
0.6564952176286368
0.7182421072874436
0.09447657527423627
0.3007745765132639
0.4005950356521163
1.2088458717346633
0.26056402525879874
0.19677320625341774
0.15676764722384715
0.2578556509971568
0.06379391033324543
0.013549210342120071
0.10887928123672198
0.3017732944333735
0.6948917078820157
1.6979238343640117
2.1318265964400407
0.2210837853732128
0.10500705618296714
0.5727019722250448
0.8888285361029133
2.4451038142799764
0.3408197878089624
0.9151636133707164
2.81089451942793
0.1799348463250006
0.4942831864159594
0.4067989626495799
0.42070122627574946
0.0605180126711882
0.66607084057767
0.06013077116873676
0.07152408426282597
0.4917596937791439
0.04728263832984097
0.7058007551556443
1.4609069747940704
0.45581673557521646
0.1742807439757595
1.013860232548717
0.046162957756948265
0.7263331177233368
0.3898051462841881
0.13124312592643272
0.1244665040536256
2.0357052033320553
0.17959931349205568
2.86526282422854
0.7859311135055582
1.2256606853242829
0.46316996219029644
0.3895748456356784
1.2094285292550093
2.0187339939558457
0.7566715976837727
3.3092670001173405
0.731565157751699
0.4751234011673057
0.04985618849713112
0.3309276581997019
0.8789972592305131
0.039505278079464204
0.07070321079482596
2.8210052230842835
0.32434978515628804
0.45149458295704287
0.5976232556875074
