1.8906195252353932
0.6051282942037607
0.38132744723611894
1.384311608670483
0.25610132817194636
0.44329695341108477
0.9501424965259653
0.5748822020033224
0.14433635210779364
0.9201573174817468
0.607379240797094
0.3014708351027255
0.3831595643164767
0.11685568685870755
0.6858898897725011
0.2754922530653174
0.021255238980029127
0.32843958135029855
0.1718994466350856
0.0336970271193346
0.05793991741439382
0.09969852325547827
0.7215879571816134
1.6505468798360057
0.6758774049032581
1.260611447870589
0.49382091794391575
0.06257678549078108
0.10246346794129349
0.10306566253387611
2.1041811271393045
0.35586848899129386
0.04909386150681845
0.3473019188206149
0.279394224543413
0.2761953861377152
0.1970731572948717
0.8185840842128759
0.15587731916092915
1.1523559958594418
0.34331870882811294
0.7140436607524419
0.364258519742384
0.21109092193570933
0.4644619760438962
1.991505444880543
0.08866134432537331
0.4250974210703186
0.6029376148956651
0.15885331923981771
0.06460024625905884
0.3593857165384235
0.34934954660299233
0.1464688903868789
0.8832313498364787
0.21748411021682815
0.30402655908883225
0.3114825770001435
0.2177663148810191
0.06627545732947476
0.22846291673604333
0.20630708724990696
0.0019221515185415773
0.27475557499472736
1.0596341991544642
0.5527685950416871
0.7234895454857609
0.09044576090088753
0.3710755646706712
0.5255769092628803
0.09438547087664483
2.386923082177822
0.7687994078082875
0.2807645608142024
0.11442989285857154
0.07741345487375624
0.6788413560393851
0.4828548828234432
0.997705932357529
0.9959107031473245
0.822101551913862
0.7207552421489237
0.43127080041218857
0.5545545771463632
0.581892608457377
0.10216425821017991
0.008171710914559701
0.6380209864845869
0.04798606973552535
0.08197230478900032
1.5970637920949777
0.31679075104724
0.04791619538149329
0.06129419000273483
0.714195308757611
0.4644277238131053
0.6084433206644352
0.04808720041785598
0.029200703844041997
0.3140375659182471
0.2956389052315693
0.4728257412044664
1.4707586990136028
0.17946139604542724
0.46513022510378355
0.2549562515956108
0.6281957516690935
0.6428279551042311
1.3154315389762556
0.29219625563185364
0.3649131117425937
0.26301787713449715
0.008736145461158074
0.2685933758442104
0.3337319596780868
1.030648991726261
0.33814080297573396
0.9990590572597016
1.7392681417001121
0.5885604964614265
1.3283670901000493
0.49114653797773095
0.4078468837767599
0.06204905915960495
0.3560583251104563
0.23849982428565225
0.7282896754819539
0.10635470315137552
0.25197141884160534
0.5787053786558425
1.1692562393039954
0.10632256230948627
1.6550935787105534
1.3814647025433764
0.45401548245901885
0.18713493874082898
0.29676958612742615
0.21731467377621813
0.8515761717017312
0.4756246379738484
0.18592627110935614
0.32447605843896266
0.7289443078527705
0.06740267037781818
1.3984581576048574
0.09504084243403424
0.12238985520940314
0.6731226400709845
2.0812189363890825
0.6666838887232319
1.1438405127845146
0.1924335514389487
0.32664759510936775
0.6849880639888911
0.14249784599943702
0.48785205803770887
0.5121203774313304
0.2108003197632449
1.2168826544123548
1.5932315418835685
2.3548074132470376
0.42311859584303635
0.75918247660932
0.326255067624708
0.3338860319036458
0.19942485378480365
0.051933887903557886
0.7982897831606893
1.5747292360289367
0.12859655209214266
0.0454908251730893
0.33178240565957867
0.3003699601916942
0.13179393368515788
1.0088834871475736
0.4535304784510642
0.06702498365433575
0.920221657441379
1.5622969147021601
0.06075586513698055
0.20085012752135062
2.458281313205664
0.5288423171026414
0.8466362706516887
0.5053350820313827
0.5737670994844514
0.6227927695783418
0.022791511454660948
0.24792709101542634
0.8779605496426309
0.19515826774513131
1.0002778560917573
0.35757039687890413
1.1958682628362154
0.584399631555123
0.5501968672031873
0.21625542613294596
1.3473425428041461
3.5482538254556832
0.05917680848973531
0.21761876844546416
2.0134068723100045
0.35369949166908426
0.514787054499867
0.7072902758287096
0.9063040042131574
0.1051162153272479
0.3543698607486482
1.1613359969440407
1.2990774938568377
1.5181062559946041
0.16176770275561447
0.14854098476634614
1.1903412910848215
1.210362519543066
2.013258913873285
0.369441464356662
0.17620795807406897
0.06124140623652933
1.1077012142643812
0.03628347721605492
0.09086148282269328
0.2524427250904558
0.08051845229162585
0.058021964750209994
1.405854796249092
0.3192443598680936
0.10266842116879704
0.7943526723631482
0.48664770237560984
0.752806615635141
1.7040880910253853
0.07158463134491014
0.08250428838875513
1.1046736592192257
0.2225234937281796
0.08077532532232481
0.7213722034007679
0.8851918449014937
0.15142710350798577
0.6039264482104056
0.2304764498999648
0.6782440542598472
0.21368214688450288
0.027699059462844393
1.436990098410955
2.1467672022415325
0.6443637512051918
0.34684308729035157
0.5560123061500125
0.10353988582056306
0.32148738766275586
0.5165214990595806
1.1986719438526807
0.5197852826902132
0.8934940285000187
0.021417544423411466
0.13462906968746113
0.8385724879790255
0.8900290922085546
0.09448388205098154
0.8118798347830356
0.3787308272926599
0.12547022176433822
3.22620996631808
0.18960362539599016
0.27792448482373827
1.495634848969515
0.2477825085642624
0.08305309911946206
0.9594694109026796
0.43281486658829005
0.05796709859305928
1.3348672339307037
1.2679394392480965
0.9705819927661385
0.8494025777251828
0.1338038641362103
0.1196353023476483
1.0189044549328277
0.6407026436344334
0.6967042083783686
1.1832813519162964
1.3776697906838864
0.21416396100994145
1.5886832155235167
0.6069574846318286
0.08790741974083487
1.5943661374741618
0.09867690053782145
0.09004707962040473
0.4491155535235103
1.0703693460127903
0.5490018733761998
0.0037193289971633554
0.4924182575619309
0.10806608417189693
0.8784203412381413
0.12539632167688622
0.25161868508623164
2.239645166790902
0.0910407909654195
0.3758789395371224
1.0214481392914379
0.027675428894199963
0.8311485861961005
0.8243900805242446
0.7061693827754926
0.3959571590119605
0.7821821120448257
0.014216399350347533
0.1080305597747304
0.03549530043546208
0.35227778824696354
0.3722791760287542
0.9565765921775025
0.884556520315042
0.8787626697581581
1.1864698902341375
0.32864879445909134
0.2912777743583045
0.3219350769328038
0.6484075664009568
0.19712712837105803
0.19535300068135333
1.5428035562106228
0.45871996049407643
0.16218462178201903
0.5899047296412404
0.37316132874284325
0.37473946289713056
0.5413742832480091
0.07662099715893515
1.0177191758130304
0.17638287846680237
0.07843849125325085
0.6395514841535108
0.5633237272405958
0.3654922372340924
0.1373062045567374
0.2742706836700221
0.1599595802065126
1.392789665428853
0.39892021447596054
0.7399630799401261
0.28850439876279943
0.4014241848629128
0.24731594479019947
0.18271285788365996
0.09298502940810437
0.47376682870515724
0.7339997044577351
1.0982284344665452
0.4398664469553061
0.6939528139025009
0.11713619253276841
0.22984025498224764
2.0611453658260808
0.1310652603246884
0.37861816580580576
0.5012927018325317
0.23751076462329612
0.8967528068849939
0.26186618653337435
1.1347580472195935
0.07762973301204924
0.3046326754973699
0.6756394581253521
0.5917485573169289
0.6718786694219977
0.02947065208497812
0.03554111282405615
0.028432394037885823
0.3364280953718469
0.14087521682514612
1.381774217997316
0.28123177727113086
1.5792648006184185
1.05529262299078
1.083043001106105
0.09682312813846565
0.49379048407558707
0.06875553064706875
0.12814096047936457
0.7102534830004958
0.4277533549647336
0.5728032680018242
1.4465382088211274
0.3469583749318288
0.7018597675380727
1.1329481402768786
0.43602864935658414
0.0017377028127042952
0.283311495188219
0.23858991502515525
0.5271973968679243
0.5349752641900916
0.6371225487696208
0.2945918407658934
1.5162705683166668
0.1918339241110723
0.3403400998083887
0.5073646641579629
0.16985434176274836
0.019774360717710302
1.425918575720069
0.5123658251122314
0.07798801230593398
1.0800648674474962
0.7844269100086237
0.6167962645033873
2.1634323873956003
0.16486242875133547
0.03021993732644705
0.249377265915524
0.5783944283523784
0.23727909481815318
0.31623288146679956
0.34777762177782
0.22957844376202707
0.18315280136381917
0.25605838915336077
0.3802317849315973
2.0974313053280644
1.8181620849191216
0.26478950463158457
3.0203525172687837
0.06950595564718288
0.12124136222507087
0.5431946486013514
0.17893137721055116
0.12579011836925422
0.1620303985134885
0.07369382631285255
0.061389139018273794
0.2724366405595717
1.376079526511271
0.7571944876909621
0.8148335560525303
0.9828327369833065
0.03325364364679669
0.04428653831468338
0.39600274971037336
0.7329822347724966
1.32447935549688
0.22606902280634397
0.020969974915169658
2.713396715407667
0.07674578530644995
0.17377277537815944
0.09446444508467818
0.34793359038163896
0.6043647994569161
0.45514677754605865
0.36181223311337624
0.01959620254209862
0.9803541654527934
0.377666365610541
1.0226958873626346
0.8774449866508199
1.0023582344068829
0.7961114951979062
1.6695331155946764
0.4286091215408758
0.08901488208944783
0.535127183563047
0.4774690878281797
1.2972322825246256
2.702342661910349
0.6055312453741498
0.6440055425171672
0.18600112120083295
0.11865458516163326
0.20736207233819764
0.14181864107403552
0.18700332081105533
0.007634949587540441
0.1120204879847152
0.3028561123374902
0.09594880577302935
1.6702395955094558
0.702653901675043
1.0164854884676677
2.073164693258016
0.9612141367027213
0.40282261964184335
0.21809314765522264
0.6592058239184239
0.2816778350837702
0.35413475980576703
0.25919887774066086
1.7329882271304435
0.7571581436651569
0.10004822627107204
1.1524166086724676
0.7736927915769286
0.9520399951739819
0.38162118317290644
0.6366074515819065
0.28020413732651367
0.5517828919409427
1.3166338527285464
0.47609615719209397
0.1283168350240788
0.5542078907453867
1.2207034164302308
0.6373368603671228
1.0866818330852037
0.3715533222403352
0.4518851773713287
2.841547980656715
0.5138959659922872
0.6324554165392544
0.6660018094502368
0.7358497311384727
2.0625599476331327
0.7655754822471754
1.154962219159512
0.389091547090783
0.34100171851442224
0.1405096811671526
0.719830029985318
1.4689601482170416
0.29730548072850665
0.2687592079117231
0.3085631364176591
1.0885602876959912
1.1499086901545155
0.5673688695843929
0.3480077461230484
0.05285774119219267
0.4249003559811953
0.0942241655001149
2.280576587238973
0.9769789458969668
0.7817457716608843
0.7374165137269519
0.4528575934281344
0.441603176735358
0.5065566001723205
0.7623377918818239
0.6154103085430471
0.5657691783670322
0.4760074655844497
0.6055805351444304
0.2577828521049325
0.6543726063422279
0.6670989857066177
0.06132824924115802
0.5961378055413626
0.034746441654536345
0.17725688173708815
0.08791384387719908
1.5678200506777666
0.06793783909257427
1.0868812556107126
0.38361263667704254
0.37323320431628687
0.15799190630759294
0.036321446593759264
0.09267254149520684
0.36489338920274167
0.31793743340177555
0.45219989082770257
0.6625645788891337
0.021220221593538518
0.08343327128570316
0.12098183147403357
0.500116176605986
0.6863307216618307
0.05518474048101772
0.1165390437132591
0.22637748242729266
0.6546027054959299
0.4600721954243745
0.1204263010531962
1.1714179992522236
0.5092366980681164
0.2522703486783626
0.7265723132780415
1.327251728237531
1.293471259866007
0.6220569605122386
0.003656853629474489
0.14815974449247407
1.079390684735599
0.864108114390522
0.44460076871582016
1.0543072678462382
0.26541330333441515
0.2990905583802719
0.7700758493848013
0.8733168896873097
0.4304542623102731
0.6448268735382394
0.7920132783665589
0.4381848085229956
0.9227068299681928
0.8736249256167119
0.7219569236646357
0.175169328909655
1.1740211467702257
2.1873579010454924
1.388970489847909
0.34830464711282966
0.2824207464228737
0.3908759767176533
0.39824112446808996
0.03896279233127667
0.367230443876413
0.019009268371757596
0.11304771470932369
0.5987634902463546
1.0407544187333666
0.16560949580082715
1.2899904600500376
0.37998101536448997
0.0457100087834294
1.8252424223912163
0.7556392309976425
0.16528259306184995
1.6345850184994988
0.3989228529205371
1.0202085023292076
0.6282651320230432
0.21213841888352686
0.34900071938362376
0.9142163951045493
0.004992626449351908
0.213663926478706
0.23750289033823904
0.6649404636982306
0.8222506022702489
0.16374380081863474
1.6089723905084625
0.5907503150427849
0.9919049957023651
0.0942232869677941
0.08988225157740892
1.3939254564936683
0.21507983163928282
0.6442480572831528
0.32249228104479066
0.5576711816300053
0.3505536729061189
0.5105837485386312
0.013468629470230344
2.9177754182454345
0.49374384443477753
0.9572120214340715
0.19740058141871814
0.6166766290380686
0.6022900212217137
2.014732798116854
0.7157859849118793
0.01662508935423894
0.5801820690885406
0.26752979018985484
0.39796164818153007
0.6404856486093509
0.5203250989448508
0.30928266776386887
0.32074709209022123
0.3654964582463333
0.34335209742534323
0.7060079328967217
0.7460202938701519
0.09608167453951247
0.08420823268070042
1.1173230343792755
0.8889518573888393
0.03849850375617512
0.26395002104903925
0.3693596439489644
0.3831223959864177
0.7128854675946554
0.4825787949479045
0.43420469734523404
0.9801873259162138
0.06709663814124717
0.5316639423713764
0.8609132372733236
0.7161773598824498
1.1549936480444474
0.6906652889248382
0.8246144610304965
0.2547907993240981
0.9953099603995981
0.16986333055634673
0.06582752435611351
0.6894792342892297
0.3072224262923055
0.35379684007205764
1.2025392075025065
0.5165183772161789
0.3941941729448887
0.1953239122719764
0.5824980069491031
0.9649732998455856
0.6418333372493482
0.01279486130867045
0.14547433640788573
1.8207456046506494
0.8492968549611778
0.1980828259421185
0.21916641452961766
0.19269440043119662
0.12471245111830104
0.22715048389011855
0.4549870520576272
1.1251211700843806
0.5971768046224385
0.23325787233595582
0.10164580625022639
0.8439600905027986
0.09995247321410504
0.06102133788576943
0.7620780949885599
0.04877569112136992
0.07782039140281798
0.3465590492334912
0.519884764871658
0.33543417580432067
0.32303857983649387
0.3259110023916818
0.10190165326847973
0.05301660911065876
0.1783784392960214
0.48999862270652966
0.311279084813011
0.5225887580412838
0.9841931886083315
0.6026983055070078
0.1692375689770433
0.2897753856535705
0.2707630524074368
0.3773719588636877
2.0590487043341175
0.5868595625920991
0.7303135315078425
0.28527532249280224
0.22122830849465489
1.107889275274519
0.5656262972518951
0.26553215673869895
0.2611081459557064
0.07288857592767192
0.4961910202100252
0.04836375871549783
0.5086937776877097
0.6650335340421346
0.2836578181861146
0.855252017274496
0.9949995094665073
0.10781190401695934
0.2147769014933386
0.8902482880221364
1.2632658750942207
0.18494163155174442
0.3622396400455187
0.13191955197578506
0.299102351738456
0.7290176000833729
1.1221776423316077
0.36853088240877985
0.25384328715692445
0.9891369173669342
1.0400609756710462
0.22762898545447605
0.07581715410842123
0.17393410751218072
0.617409141525402
0.36292971339106966
0.3575846306224149
0.2631194986915864
1.2054907474165188
0.20522312315423713
0.24381443257723492
0.011359455962600622
0.02801325824927617
0.5723974756553292
0.21393585055066824
0.10309007528783287
0.5909204043506823
0.9807306399423799
0.38461732140662575
0.3195304480018205
0.2654360950019744
0.07964918689379108
0.4603800245784847
0.37814383481161035
0.3310739308874955
0.46078398857344144
0.12045828251820953
0.022560426742817722
1.5950155398068222
0.23278432442354716
0.22943941271564866
1.583366752895344
0.13849255294746743
0.13344843733553782
0.19613776536279895
0.7026783231064279
0.43573561942337785
0.2889585670458732
0.2735284274218937
0.022328122385630502
0.5670145407771606
1.0316872772180425
1.3453659289783648
1.5789839194999258
0.4629816704200518
0.1527510104589016
0.4220210840186468
0.9808470228697914
0.18794084639109696
2.6806867089115762
0.2431640783124239
0.229096946139654
0.678699377994289
0.3479711164484455
0.18413719929981975
0.4515208458345674
0.9787758285227061
0.08784222960858411
1.9239675327240975
0.19591492188249632
0.16103039981155784
0.6486834168913945
0.03504112476676076
0.23610404488396014
0.6830713894270185
0.5313893761145642
0.6091097206950424
1.1431309929367572
0.960212886945774
0.24897568455130362
3.7516007394685578
0.49676655124112595
0.48648175246450914
0.48431831657018276
0.1718736872541169
0.07288083892698802
0.43410242056624804
0.09165863681490602
0.0812166847785927
1.7729669974134419
0.19230835691220532
0.21473346085985623
0.6424194898982735
1.9291376897779355
0.29038293746290295
0.3660271128406421
0.3048761669722606
0.3633571613701845
0.5277054160683105
0.11945666587063468
0.037446749144022136
0.88136152922638
0.1338484077344432
0.2965194634429984
0.8609598060517271
0.36489141698621963
0.17052327411496124
3.613992458807237
0.6622893005995557
0.17260610334178184
1.2663885756970408
0.311949487091158
0.5299062572412135
0.10671099036146607
0.16647999467212804
0.7431763168091154
0.8953310937208809
0.08102050086119318
0.25627277940166826
0.36516960533738857
0.48747295152233394
0.449926429963319
1.6803162354658434
0.24637329579338876
0.773501507794181
1.3271370836804868
0.21425756755850822
0.519768466393513
0.6924930499683414
0.34787293799827734
0.7308992613595976
1.1214329857993015
0.1021925170499779
0.3711761690101637
0.8999461501534289
0.20556182537309764
0.20016026126021522
0.8929167577455883
0.05604135328360066
0.048851699068656114
0.9176647247154579
1.1968655696366584
0.26573073794043944
0.04201579081682823
1.0581881664441721
0.45033529527296257
0.9532031228338934
1.7366485267112033
0.11326678244530293
0.23869893829388605
0.028775332028861983
0.27970624218365503
1.0002911261708192
1.0844268519396574
0.3499299681700266
0.9722813049814184
0.13582340056272027
0.041979043535024095
0.8626380670405097
0.35903263895172394
0.4467147296004417
0.7763387510615718
0.81354399902672
0.5604018701196413
0.9239523741602702
0.3799171817751888
0.964688111754383
0.651487479122661
0.18145657071183552
0.5395689782334567
0.8084604412708314
0.1943009076197177
0.15523500956628633
1.2050712793624387
0.381171352501863
0.10919061654728045
2.1644360489023873
0.4954392136477059
0.9037227123555372
2.0176233374647636
0.24193797917014653
0.2734166402925499
1.5159962986161504
0.16710504549390248
2.014466914118358
0.3400196111586969
0.04335981739324076
0.04960773897905036
1.928787229934617
0.9613320804768078
0.20992789658087346
0.8500020862660516
0.9783441544011022
0.735847219229703
1.422926909202291
0.3150891979974881
0.23421228968042704
1.1281242810417937
0.1705023202993171
0.3667964940549637
0.5706739923579558
0.1997244426145423
0.2573192480951055
0.23542907087718945
1.0156024307449762
0.3564292340072119
2.5556166190808813
0.11463481886850903
0.673270921909497
0.8510119595506053
0.025626690427657986
0.044083337071560626
1.1596837627821799
0.27255080631896283
0.5514580087284735
1.299891365358593
0.5982738078895792
0.6924224557398598
0.6657152142612458
0.897429768587863
0.2175522751541826
0.1290369768532312
0.2266397176350071
0.4386451127663622
0.3495827076316413
0.3351028892215922
0.6088531104531646
0.029442256097321682
0.3227166890291159
0.2520397058453237
0.03157453814866056
0.612489760168364
0.41884650434261306
1.8035091414532929
0.1373732318689609
0.045040078329317924
0.39043775468490316
0.14869411379345948
0.08890095940768258
0.6455410116223541
0.07264397138685393
1.0474545796341321
0.3989453159159696
0.6360978031842079
0.16171799289354477
1.3288609358313077
0.08377873351883784
0.06632241943919819
0.10190982001229151
0.12921324341276022
0.016357792237588008
0.6841477175821525
0.3256759630261274
0.36621638876632184
0.9277586006695472
1.6123944036371347
0.6418418564615472
0.7979733992882833
0.10182699462518587
0.47762427012265224
0.6829210338662028
0.07691762313986879
0.07195640853355806
1.5590259658693597
1.0865931514612706
1.408965010214142
0.7510970722508691
0.1613498202967187
0.13077312472822594
0.7339513878673225
0.9493846146462581
0.11111417198114124
0.6477039800279512
1.057448244034432
0.19056059278734921
0.258139169486615
0.609268135206959
1.1510182166793599
0.14269997747004182
0.9527628710212139
0.05784616527041969
0.3063568044426566
0.009839116286791735
0.06613581847714153
0.5025116506750456
0.18927685986972767
0.24647018408614435
0.18824654206034833
0.7517770943669372
1.5869240052358526
0.6557289679837008
0.2993908786012874
0.1697859474761572
0.07725632361032736
0.16540841016136593
0.03437562379341885
0.6388287463073881
0.07093009455170551
1.4222941257029043
0.9338679353538959
0.03378683982877625
0.10921173542077568
0.8092400680547512
0.7828903569196543
0.5972802277866839
2.0185994938670366
0.7031226918595777
1.5027657916480424
0.501665806196384
0.2936504095585504
0.18280750367849047
0.7318066458250945
0.18750144785854686
0.0887945996763784
0.2696967218328003
0.10378846753897128
0.21245095958738655
0.8061292572877529
0.16272588326552048
0.05428765626116086
0.9937255132163646
1.013447869272574
2.457824399449838
1.146234385500737
0.97583061912076
0.0884749730542317
0.7198878528576664
0.8516167866516637
0.8171737045232922
1.9428920494430808
0.30856889992115005
0.0781428053147977
0.5364597857768485
1.6968329388163013
0.42142689572178255
0.2566740082956639
0.5060667077297316
0.06543245398346202
0.656299205768597
0.7443295454128036
0.11981255729095462
1.06187194743605
0.21338564128113827
0.26353390062339044
0.8724764496257917
0.018364254664746345
0.048330173650445916
0.05660848109021728
0.28515803259250516
0.1275948577846399
0.8799955609307845
2.6914274714166027
0.20706343445371284
1.0188698718004887
1.9183046903365486
1.8314260385475645
0.6998353076948862
2.141072579319348
0.0028202362875563262
2.024399736000494
1.9346563799351106
0.34466822410424613
2.2206430779585298
0.06281517187977068
0.8128817922561132
0.7543898444295606
0.19940771878921185
0.054709304118261186
0.4694471391503704
0.10818469740560546
2.1477547495648848
0.5481303502436609
0.09485003186889993
0.018599589901640772
0.08397300106047369
0.5562169255089336
0.057730161364761355
0.08364770438211563
0.00019102352061902057
0.033812987411033946
0.12558179430208347
0.07738500453002625
0.1516349627437102
1.0734593193202884
1.3502568077727237
1.1630290321377625
0.46736497886200473
0.031748233886583994
0.1785331202918199
0.31117796170122575
0.13289512944332632
0.16770635239353138
0.5271528174165201
0.2891707440215248
0.8495013344764096
0.17556532612705353
0.7170534069092102
0.5173189466347314
0.3083662492777322
0.2875459980324565
0.17830941799860625
0.5569589588502579
0.9745034352969489
0.4971611279634198
1.0070146595874405
0.11740420839683371
0.23029962148893815
0.689742096430765
0.6232747274711431
0.27975969264379785
0.5912577302599266
0.042448694193100364
0.01830054858009012
0.4188743896240753
0.3400711955552915
0.29547638915496605
1.5418263480415264
1.2943524219093878
0.18842466233914168
2.5031534666624125
0.5181771816273343
0.02764368983720381
0.6134123021994647
0.38330089312651766
0.04112403899614381
1.3521218499659335
0.2795572564870805
0.23710025504618265
0.5444072480470122
0.3165496896569192
0.06205437177001172
1.138935402847725
0.30494261543852097
0.2524848608744048
0.43449927113648507
0.036646192744884135
0.1467509139065779
1.3924225545655748
2.054174464757899
0.054961634462647985
0.6047239120832886
0.9257194372472791
1.0767475261003614
0.3657483485342786
0.17401329799058818
0.6849146018137667
0.8164826874647464
0.11553821500837338
0.34100082305687157
0.19661191906917042
0.5371232285835197
0.035380802373966444
0.5526448997394429
2.6875414906897555
0.7126845533228093
0.5665788832179326
0.15473901125218667
0.08637377249617037
0.4360047133981719
0.15417711092375427
0.09157834859958809
0.16440417669025434
0.43561639314576145
0.4061681238748547
0.48735162243242164
0.4607479554844039
0.3595424532067375
0.4352990902028797
0.38560123147693975
0.3682341991346551
0.4627442267827488
0.42777378987743153
0.13259686836187887
0.985312423132815
0.47749771802703067
1.3713629451425378
0.5060627294697674
0.3263972117487612
0.4712396747697071
0.6290177019619626
0.38406789745171543
0.30491592332171513
0.8424924629572372
0.2073108099642569
0.13478457247268996
0.48507658754537664
0.19662112380334296
0.30694451746329277
1.5558910712118104
0.8535539704173153
0.2882959715754762
1.7670044065313035
0.1507684962812451
0.6367567006191716
0.6254669753289244
0.23012855271278843
0.3352569795747462
0.9101463598362738
1.0785002074969985
0.10109576491802959
1.505356291964037
0.4173423498205723
0.17991612157124737
0.2610303214533932
2.505992586796363
0.8836051952076179
0.32861297151297275
0.27388077962025914
1.8593965260570455
0.1730140459209527
0.165141941468375
0.21650010809007947
1.3794457302567635
0.5354630179514914
0.37112341744338584
1.0198841433631132
0.2831424085981311
0.383184340794376
0.9807615463041727
0.5246180014722679
0.6028054941027448
1.7466712882679765
0.2027034622852116
1.4569734978553328
1.4845746810165406
0.3969748367494586
0.07625411364180422
0.5652292661308838
0.5736978160390763
0.5799485307716684
0.12196418260822613
1.3242003109322344
2.1182765894281417
0.7062096293689983
0.17006296803729043
0.2980940378326877
1.1090668413126379
0.12073198311446037
0.2563396310974085
0.5174665034985404
0.9103888788566646
0.14966096738714543
0.16197233812508527
1.0321210820593343
2.7604561860326493
0.5244965141517997
0.4956657260416816
0.7306734015548326
0.20587569791735047
0.17536036599356664
0.30868730925375265
1.1088230875680256
0.22828976807545423
1.7527412031223666
1.7688706424901104
1.209977075212207
1.0316940403705468
0.669111136992533
0.28452937084903684
0.5204811961189981
2.275593114612729
1.518496409938303
1.4838373267459357
1.0622066779632404
0.4441290372794151
1.0446869374256071
1.9507571861580866
0.1331629152694397
0.014370736928284961
0.5751676351641116
0.43159753605968654
0.41142710692449347
0.5413696854335788
0.14644535300720715
0.20565033415921083
0.23185690946716153
0.2530610674021597
1.499956679082949
1.2103358672213793
1.0026773297101117
2.089416571931122
0.5123686930062364
4.199540388070838
0.290900422357564
0.13927843327324177
0.09632779287723196
0.8804666373623223
0.29866570910851353
0.5601692356633694
0.3160452433339214
0.7464407082284528
0.48406657418321686
0.3470737891674266
0.2701917100719062
0.6565904655936828
0.5131607599346918
1.6531740166640279
0.32920928699948404
1.2609895474804058
0.7361778678789919
0.2789803742433211
0.0848117771700751
1.4392922656822797
0.3169857252605508
0.3562845255087959
0.22938196819790346
0.07449346979937418
0.24652093712959905
0.7283962425934943
0.7246855671049567
0.02454473096830371
0.050256962335333985
0.4044747888657507
0.2590955894244307
1.108240320925082
0.7123229041810826
0.32761773074899486
0.9678594220035425
0.8651659852795531
1.120087266795853
0.23999067449349917
0.49287540701359356
0.576118860106115
0.39069883574534026
0.08851534831287854
0.038245163983570654
1.381199600441276
0.32138779641174764
0.08653731991535543
0.6887599931929752
1.0827761438641004
0.06903534995055376
1.2612212661066424
0.2894926993414098
0.3042743935170443
0.36210211050876223
0.6071974569138178
0.29267640187639227
0.6832207670896903
0.22495963930487986
0.04397435623852466
0.21301108642472885
0.7864682686173274
0.3969300825900706
0.8401185296812548
0.8770452318308162
0.4067208061274329
0.14754853384741845
0.1544179070415205
0.14326770139070005
0.22762981257175458
1.5454999424533333
0.09830125359085753
0.15289161750656075
0.08177673811296464
0.26246901192877525
1.5280808965478352
0.09048456288669195
0.21495161202057114
0.8234717667333611
0.2012693334888995
0.1107899465903804
0.22940831077883783
0.3934976325225163
0.638349016159701
0.15372766060457144
0.37575736233914914
0.390486089863409
0.41303340129518423
0.30701697627103014
0.6310915626765549
1.6570141487194545
0.6057272287176761
0.5493326964126283
0.5365653606897425
0.4184082180379655
0.17700919549386682
0.888478863088743
0.6094422246531989
0.9126137494547308
0.27293691127647507
0.02431206032747215
0.2824693308615961
2.0525343623208356
0.9148567681727724
1.3460698073439632
0.9641791195009214
1.9131326083443376
1.5434127312692243
0.43224179246589706
0.30745440930428236
0.03542663969847798
1.3565376517599712
0.7279487375441167
0.3427976210148936
0.2902203339229272
0.13668961841551194
0.3712645360657837
1.7879024293982206
0.5196569152564542
0.05361209607870854
0.27076113770570287
0.1384567405419038
1.0732169260594977
0.47883711464250295
1.1889531106302953
0.05884540753076948
0.7979611820659586
0.4550560766511735
1.7882806640361195
0.6314735715319251
0.38882170320628046
0.6127281814444228
0.280358956174036
0.3641846214822524
0.18995238990549096
0.3846987784675796
1.4539886289777328
0.24470207386217693
1.5559619098857838
0.4886931243819181
0.5140199522972471
0.17315557833538894
0.2814181041695567
0.18937795570454505
0.6210664198743696
0.1318058138887127
0.0003526163418914426
0.2705550354386509
0.6369710238061024
0.7564361157579679
2.074155388812204
0.24465442485663588
0.23090721676029952
0.20716606304674115
0.5370360611553405
0.5659372023731027
0.4276908985216458
3.0874516910178085
0.061455799196638995
0.1612887710126813
0.026349457217022282
0.03330641320221151
0.6064038865810211
0.20073478006356119
0.6378722130652762
1.8288741408868234
0.14081813666815354
0.11301692352041832
1.4626847474131652
0.5662889670895422
0.3881563642568723
0.5559583071538129
0.13948536912310544
0.8850036151898939
0.2130541261324105
0.14737633436927175
0.21584217236582323
0.8974950076530561
0.06989027647768788
0.08242147015333896
1.2373138817100422
0.1807762243027404
0.35812605271768294
0.6599395211412612
0.382922512690311
0.8695110171219186
0.3235579061415512
0.05632161790254064
0.18291277472244774
0.4050225742459656
0.8953990629878599
0.5798582595667082
0.3459236339040379
0.002529458624621051
0.23731199479425458
0.5984195620855285
0.40737010769894516
0.39482991588927174
0.02722176088655844
0.5457283163366896
0.5100809013726377
2.314454088307994
0.20279747836173323
0.040732943818959186
0.12104210982867974
0.027594735987141218
0.2563797919957137
0.19613507090055798
0.21853064235708802
0.4950385190320945
1.0937831320854143
0.059245678081924186
0.10695560312218991
0.5517690703880757
0.6415012449845452
0.8933256548581312
1.8147383543890494
0.17298100217025003
0.1415513877508332
0.10913795954306205
0.7694773629692094
1.6578496809944885
0.005695808268824193
0.6438062865254748
0.9684651474017688
0.6238799378907027
0.46412338282021176
0.6099612146395461
2.2269352914127567
0.3208839541182268
0.44286209735610704
0.3884265657780852
0.3185722578104676
0.17860456293036722
0.20378681457873948
1.5177580679605296
0.07836197392358388
1.704742078726453
0.4544051734363498
0.380177953038856
0.5646910298484583
0.9109047396609797
0.26931773691612815
0.20761612627181378
0.14092973222462857
0.6365080826876974
0.8036061521252977
0.2299448701778926
0.4499062814971935
1.1610003711767565
0.3446514670196794
0.45495371891824316
0.5695446022713342
4.534860162124319
0.47910051694466965
1.2750556517830143
0.7891723238041125
0.47137440506356804
0.0720595072123621
0.3408863041519486
0.5645374382328778
0.8647754806111306
0.36359919558581755
1.1717032520998651
0.026166113940566962
0.00526004439781892
0.006342953775316405
0.3001205113202054
1.842048006680288
0.9042982689077479
0.8338735328893672
0.12617692811843406
0.4678813932098405
1.9125460304185773
0.8888712721695019
0.23615523602605853
0.510247115820128
0.080299320409949
0.2520327937900986
0.6237951287963062
0.04763254985224505
0.5849081474686492
0.9189543343399118
0.4768752430312705
0.6015167337890654
2.524191271391588
0.298248093366092
0.05113666682278022
0.3081873078446732
0.20762341660872768
0.3698780368376797
1.8732994691017175
0.11276684941269809
0.24967645905865285
0.37358385243666986
1.0512393273638874
1.8875539512664399
0.5891492662184452
0.16542566504088024
0.47471633612629527
0.24700143839033833
0.7170332175281653
0.6414664918788511
1.7995757187467174
0.6420274013291168
1.1343629321283841
1.2429978721212873
0.33901613168507233
0.3590378290123974
1.0232049282118931
0.23209783588295835
0.9772127060590543
0.5965416013573158
2.227332322223068
0.7949202273957336
0.26402105574898344
0.3084077568128571
0.09601019469576831
0.8928703230496249
1.0464796830466156
0.6605698807758519
1.1681942002916952
0.7651684466968998
0.23220392593575423
0.0937160703019404
0.14181427267226376
0.21326203603939609
0.5297936621189229
0.611660470771043
0.669699591955133
1.41458010652206
0.5460074977394707
0.07715707811732483
1.0605050576035642
0.11989569481824205
0.4995190002999739
2.0988870686921177
2.6210502592383014
0.7696052370239275
1.186741201492975
1.1614692372834077
0.9491354074782525
0.2791992614385023
0.1659930378831655
0.24060598601167335
0.616279497037314
1.123753926923745
0.5263127375119679
0.7965674447760995
0.027715216752566735
0.026382835727843636
0.8486166306832582
0.3394533207648485
0.8937619273762247
0.3689494731560696
0.6039992090234222
0.20906212831453996
1.0912548874668282
0.33006674805142083
0.6454945164454489
0.06783340397210655
0.6693025694884326
1.9326313936840773
0.5752390913125865
0.07846355646210601
0.5468339069157454
0.4809746441649649
0.031158622761005495
1.5682956971023785
0.31300891048176926
0.18158386879849525
0.03126604994122643
0.8997494459773105
0.4590528552811234
0.12256640909239909
0.2862103976945793
0.02179290242117358
0.036692547015429226
0.9720113686359575
0.09378215602253465
0.6733316746479072
0.7935729907783263
0.15455823973039212
0.1412254368923979
2.5213849231742382
0.4834712197030585
2.095666048891222
1.0936424779287284
0.03426352526790827
2.627247523365763
0.7265339186204263
0.4143728975292322
0.6862590585541171
0.13025277349223213
0.3094582880266675
1.0029049268896073
0.256451984731474
0.8578099289294563
0.6073973674595927
0.38043046707308775
0.07156211597779842
0.2808063955039252
1.3601344452104118
0.2095504146374856
0.17709731688127997
0.6709232983134257
0.5458362476004296
0.35799723251549576
0.30930599119832736
0.1781318215044402
0.10742746422067918
0.8475465431029128
0.17751106241556666
0.09463786644871078
2.167477706567438
0.3607957755588843
0.8868822083053425
0.6061205457384592
0.5682875039315628
0.2604884675845002
1.978956334327711
0.2579026666152301
0.01229080582951335
0.4099002825512656
0.24855064324957507
0.09398577549310067
0.8218703402215111
0.045525897055086806
0.4062335604603522
0.2931779705563942
1.0563988014652552
0.6893058226257646
2.122685943929081
0.6081027069942598
0.5228968490491341
0.8990828479642936
0.8520934883494757
0.1880476896050465
1.3600286618349324
0.7151466348444758
0.17392674817435946
0.9585927217797813
0.302779448516496
0.1808967839845931
1.5527048204515415
1.5405929248663044
0.9209755873825749
0.01966251209794424
0.7176965768438075
0.05363645445886084
0.7565195294454784
0.281118597216431
0.05402550953480451
1.0910329971902233
0.05842705464541938
1.5677561723764846
0.1511915375294606
0.03928108495858662
0.656232838653197
1.1552085420675746
0.18181081293244064
0.15966371041746086
1.4675536791108639
0.24463739288672812
0.27343977585097995
0.3660438769019273
0.6612696298716743
1.1099301774090418
0.23401472920242794
0.11452942502257017
0.17712618988388196
0.6555843067695495
0.22342271800906724
0.00686361813330641
0.793150038202654
0.22342988903993963
0.4601751233306289
0.8615201244334763
0.41256666234226774
0.3828802782159578
1.4741989597998386
1.6837541022332578
0.3667356610384107
0.44608442434772155
0.5732133621209178
0.32911016912605656
0.7503416116515249
0.07088805455022597
1.0528385567679508
2.4485717042960693
0.13077011558795884
0.5396561729915663
1.699876180467154
0.4096168875083574
0.3107566682843287
0.6783028297377628
0.03267211810378738
0.6016214305226601
0.445244099668219
0.15445042457935224
0.146389011305522
0.9984244577745909
0.9363597108730622
0.4385834850362091
5.043750737728305
0.80296863811105
0.6533641435374277
0.7473483308063879
0.19939696419762723
0.22731766926354402
0.049090960850978686
0.16787114700694583
0.37104622268475856
1.8289128805808343
0.7102531680732826
0.09735523014237954
0.8086436921084559
0.6980920382657293
1.0188632446797539
0.8599997625887693
0.3025668748240294
0.31441468463314715
1.2922800826974028
0.23316421976437493
0.08415340449534221
0.40234371809063096
0.8957898695032696
1.0781644931984358
1.079207659410551
1.331158366229513
0.09674924546929106
0.29876346677906607
0.5597040436515301
0.16011555608042533
1.9567257955464854
0.10147257376943862
0.42279257753879795
1.9003292039170299
0.2631039539031314
0.0014773339866761017
2.7631274230398897
0.46788421913715084
1.077102455986016
1.6086518531865845
0.47340892109156607
0.41596647257132263
0.3770744402335147
0.40689469717866433
0.056595076274666964
0.2130354849486568
0.0864658845273642
0.3422738535139993
0.5744983151839193
0.13260274075422745
0.010472222712924131
0.9636336072632136
0.025477926673852465
0.09453067695702932
0.24121878401965743
0.4960114847002425
0.24393151730222346
1.3608819166776807
0.49275768100296163
0.3170345407369597
1.3338040418816697
0.27499897214021496
0.7218066417765737
0.3943002476056342
0.15333551491481834
0.05905365501139536
0.14779085855173482
0.04805210278466346
0.31256239806477143
0.14249200759959113
0.005817451096188236
0.002574571838659529
0.7278889163992939
0.7039649766474058
0.259320015714158
1.0941482394338742
0.6990588022177808
0.08749019645254602
0.4932278588756058
0.07562854831124602
0.6286314302767341
0.6099407595139948
0.5023977857741401
1.5651643261540464
1.091139003371421
0.5584198139319014
0.9292820586591041
0.6907288941238843
0.5045377478066814
0.2202708291914887
1.27758357187144
0.655985733224219
0.31299236302860384
0.08854991167629321
0.1034395672444735
0.3116007487392619
0.6585500333433035
0.04733439044117185
1.258280450049587
1.1784380003644601
0.24466500058517213
0.2775409325288776
1.0336885566511518
0.09125159448278998
0.15141031439975636
0.5591336466304698
0.1459437316055837
0.8282889393147862
1.019264084366561
0.8522737184896758
0.07994529081471442
0.23648710359676614
0.32021653518293736
0.026581942985652265
1.4057650342290968
0.26150536733522484
0.2717856436204304
0.27997251076054985
0.5484365640878366
0.25247693338213756
1.0359244331612778
0.17524318358639757
0.09048757879672517
0.7514676937942301
0.3500967423669259
0.09300668962203966
0.42248659186319953
0.04184429937199091
0.038967547619625176
0.49851755923576574
0.3771634601847736
0.934981424454514
0.9615424372126553
0.5523340000474869
0.352838792185915
1.6290549814568245
0.012302728718788408
0.044326660311812455
0.9225765012403433
0.4970996504611164
0.7319959713410921
0.2692067022639355
0.08526037379267909
0.5861324687451839
0.07943723722546445
0.509541031273358
0.09709812844553081
0.7222281702675577
0.022009547259695783
0.0807235659873273
0.3502557523261613
0.18722627172059395
0.3322860675651751
0.5609627818622361
0.13561594927049203
0.03858292196284087
0.9642772391636513
0.2532884947818036
0.5836468071481444
0.3813686111015782
0.6104376191835438
0.09765908708312662
0.31608041777091733
0.10519267290632212
0.21706962509744096
1.3247927284658705
0.6517205852084852
0.1458131882075143
1.0727711293150697
0.6138271425959057
0.03401946461714218
0.5187945839733099
0.20216014801157306
0.08446097700113733
0.3695987736316432
0.12006405978204474
0.0356285710500752
1.2209452047865088
0.2531110295743757
0.3271685397535808
1.0071662735130464
0.677418076903301
0.8514040033111712
0.39482319904636226
0.4547944398302514
0.6868544952276125
0.21097782026518336
0.1275444973207018
0.3685355789552863
0.40498283095206566
0.2812766221954066
0.09152090875975477
0.3664117709420782
0.47669240578542466
0.3292571416374814
0.4801703844839799
2.078900971485174
0.13174574293479552
0.8867796748094017
0.17980600576526493
0.014252008712323608
1.259978185325853
0.0348701180563362
0.16534723777787466
0.08391444228024399
0.29134323146699304
1.851629933701985
1.7392369256170543
0.10113486844998834
0.3348474027252534
1.4622852856211916
0.030138759630026105
0.03347298957850677
2.333822859362347
0.1866507583207462
0.6130305241293726
1.0244807869058825
0.7062768917954508
0.06659516896392689
0.6980254062739176
0.32359150381703544
1.1763152156951562
1.0191997662451309
0.6869059258274778
1.197119487371198
0.7008545269545546
0.1332227824567384
0.2578602216075011
0.4674090667412955
0.20503962800880568
0.6569487621277994
0.06435799687240346
0.5826280382394614
0.6113423455048879
0.6474548676245779
0.6435166631485529
0.1956935488608769
0.5781751423352662
1.0985805015177126
0.14117828846932762
0.42325496725236855
0.27933066284610014
0.34388551509515447
0.5001375306633014
0.05327208315310449
0.20787338102138136
0.7176943109300549
1.0365953426250354
0.13789887210738902
0.20694164766707113
0.3068451435853354
0.19273555595356107
2.582924556841005
0.21671591712992413
1.8057437936517735
1.7287363408839043
0.5136027229209869
0.39368602319592855
0.9206550552262102
0.7132894027766958
0.3333834056618542
1.2660917521345016
0.6439153355545346
0.5269330026228627
0.9292546163846507
0.20026957053317995
0.19038045240886453
0.18413086930310643
0.5447945041036442
0.6353405796964997
0.08291731957870216
0.28861534438128505
0.5853331548656833
0.5901636343064689
0.9042529304321182
0.6489044839529243
0.17844699047417437
0.317015088818007
0.03226015784096796
0.7439631167177981
0.1018946831590542
0.36698272209698873
0.3027661468857065
0.24168734183349053
0.4956592350480709
1.6601772411465876
0.3034894623635661
0.16642218804853068
0.18426437330411227
0.10402711639394883
0.06047361915332837
0.5011506268572791
0.47435497185049147
0.3439623926298682
0.16272205757984867
0.8830040711243489
0.2475791745159683
0.25468011526713213
0.7083531043025502
0.7978419399634766
0.32675165958318675
0.10750389018425692
0.22378730820662057
0.701047641041082
0.8993217131694343
0.4327009240620382
0.28625281242799505
0.6434310490059649
0.3296072893716066
0.13272895601630236
0.04925287946556028
0.20060690209955967
0.5181614109872369
0.5097278945906422
0.3170353193854345
0.09846222816063904
0.07122135701122033
0.8989133049171554
0.6251384455959593
0.1480244858315262
0.04775138506854844
1.1328125721670865
0.008718365154330157
0.10231372454849842
2.028835183273892
0.27766643472863767
0.2520469184163636
0.48884611968118213
0.43051690031812473
0.5723905416607721
1.935675031918414
1.0178428070887022
0.6325903038277263
0.5296024809268445
0.3361553628467324
0.40760429882289645
0.3173690536990895
0.5785244451813093
0.8561529163505344
0.8323781981890302
0.8430778648273232
0.8812110896157881
1.9993870459370953
0.35383491860336536
0.2176687916869934
0.3881271123305871
0.08676194594212183
0.02981935584826455
0.3948425941392006
1.0153858893729393
0.42213902122664987
0.1522013596260073
0.19657940441277175
0.47131874948639424
0.5839059133067355
0.05293232162710818
0.06742859617082003
1.0492874709596844
0.29142634544279855
0.10772829165324789
0.8500270987143201
0.1844077312310151
0.23461589568717234
0.7741597116356136
0.16861262086810194
0.005742670428682218
0.4310871488133493
0.3528518145697595
0.3475083564880388
0.5862893029573587
0.6357690409994592
0.08477034486715407
0.3492351375764856
0.11564694819894596
0.28430312572996336
0.25482774933466
1.4299706863859765
0.4880100513976607
0.6097686633884732
0.08083145920900332
0.0930381100649293
0.30724751569867653
0.20039290312658042
0.352379086527216
1.7532306885481572
0.4379075943716942
0.005627775569888965
0.42437270450186176
0.27055625185538706
0.7621921400620575
1.1609003558141582
1.4511562524790245
0.6487600604812053
0.10858396516344541
0.3265481890371429
0.3084375714146568
0.7154471479106036
0.5274604139339322
0.6187956287295399
0.07769506015670491
0.9066235401947145
0.6803918167617825
0.6632867882222606
1.48175688655851
1.4311756259663904
0.7007636384376998
0.18278385900171643
0.359111854049622
1.1947402285426996
0.08143254875500547
0.07815989623579836
0.19243824748659324
0.04453340622174805
0.42748408089797746
0.12523990309240587
0.3261259115737363
0.7595591550299535
0.07227174700496292
0.39781454305844727
0.2364482683847035
0.8689933753068947
1.0136802947267385
0.9790570817782528
1.5007988651008852
1.1249828981919516
0.38360113161640763
1.2026992544955761
0.4588068810598777
0.32604418140809016
0.8786827585687857
0.1967818662910514
0.5131732930894175
0.37826964518986633
0.204889665233301
0.15420924455695795
2.1432699797957104
1.616890852125982
0.21944256508124885
0.3591595380381328
0.1698797944294016
0.3419494603763325
3.277444173688214
0.172247520549556
0.620930604350946
1.9206152344317933
0.12434214104206777
0.34328229162286883
0.06730826880094833
0.8274630397885255
1.5574941845288583
0.46366040878261483
0.11623759061899298
0.10851428510463176
0.37586256342538016
0.08112249639887605
0.5283996240786953
0.7149544611829644
0.30788346314974074
0.2577737966097922
0.18485907981311764
0.3843673356896135
0.17038949153555435
0.8935801938137679
0.1555801092750116
0.05702419691388295
0.3915594243269439
0.5320037481205493
0.23090150587865887
1.043178433299782
0.1888425965010006
0.5890426229396528
0.1414624972560923
0.31727344755862974
0.13982082814667562
0.16777046462019252
0.3346652996135135
0.04183145397440222
1.0171844188304977
0.2833446301376514
0.22464339223759067
1.4101994985959438
0.058644023094723656
0.19365662257440616
0.5229888901164707
0.11519584189323567
0.3220369750984615
0.8696252687717864
0.6726109184170203
0.5825537471524543
0.040924574488896394
0.016299433937216997
0.4536621326927783
0.9864174642664758
0.21730308735906287
0.5101118114776617
2.4235097619495147
0.7589467146510879
0.15388447914680345
0.24305627503336624
0.43114668650614496
1.616167349640004
0.0796379096927483
0.20714321101379218
0.07685667978455926
0.09208242589209335
0.009773543348197748
0.04301504296894651
1.3308402739360101
0.6231923088512668
0.12902916207548176
0.8978272685098904
0.10061855254099239
0.08676111399531725
1.1171665695268116
0.460876032688385
1.9551919153631434
1.0268811082833191
0.024289789193901803
0.8631349921761411
0.13020570814296215
0.16500923724210614
0.5182428474536114
1.100247785704604
0.7694000271555218
0.9490782452395583
0.5022372013620207
0.2605333841582123
0.7257010270704073
0.412512591681934
1.0359119397878571
0.32626367050999966
0.9558628325626263
0.19705969355877273
0.42879273008111723
0.6642731308613752
0.8393621726692777
0.1766271738168144
1.4920937045081162
0.11113668964166296
0.5498177884784018
1.160842557000729
0.36215992772367434
0.08808884775477739
1.4646049241309766
0.6178776676347999
2.0313066066612384
1.0053237767640786
0.060166571751306575
1.109039328871816
1.6279415452116963
0.006463639271547225
0.7521273586305278
0.6008861993743697
0.27640886167281364
0.3634935616335541
4.1733263051755785
1.7986243966207869
0.5610656884507749
0.24500113792108452
0.5799374862807936
0.08522375963684228
0.9011282908791595
0.5301175322093781
0.11026775966940604
2.781666582134881
0.8977863072271371
0.5963278439088482
0.30557266560193475
0.17124815780823022
0.15547033248063982
1.1615979569274777
0.11586029834961369
0.1058827644624147
0.33591936086437035
0.3584862771848579
0.20128084270233126
0.9393463939226365
0.6199210383538394
0.10486673958644059
1.0952125694600294
0.36980794144747015
2.370869586838501
0.38349279500240047
0.1601493872617054
0.31011192778233665
1.0704864788264763
0.5797924242100906
0.3453553780262702
1.2519581790952201
0.45167650628501765
0.6320282209834441
1.2436808271174244
0.5137806446634383
0.8752955142057625
2.4823370281354142
0.3516331858133045
0.36819309787907983
0.5601736277981251
0.3739587887932094
0.03615973180113493
0.33695926601780135
0.16872088318261486
0.08072907894924425
1.523186074617469
1.2640596519667977
0.4348923562102085
3.150105508948539
0.1415727832578122
0.34004516085750003
0.7072683517671773
0.1193530188439708
0.07524063566650564
0.6315660261243077
0.11860003492572693
0.4983651066192314
0.08048658175025822
0.31391053229569593
0.3899396627154367
0.5678318324743055
0.2830154120215658
0.5820070810387221
0.9897309937787585
0.4499375329966605
0.39488570473824347
0.552088239863554
0.06601029185101763
0.07696175292302827
0.04818727184031368
0.5949013735056944
0.3888094224492902
0.30479020220419184
0.11557046415226138
0.06703247908058065
5.255502334408745
