1.0770234212238092
0.1997515055810757
0.01104508350099586
0.08838893677260591
0.11424765137150428
0.005783583120726113
0.1948813774173367
0.12569373922198282
0.42418285275063455
0.3026332213727683
0.8710890381156379
0.36787627861088595
0.7005789584227293
0.24599859731238666
0.4666038481273371
0.8029151413335219
0.5921512904363423
0.10128004753830873
0.553449858800362
0.35805523683033225
0.5802796571372543
0.13860396757814206
0.09569278351957394
0.042401448587843005
0.3925971497710274
0.045405723729202215
0.038432488661802905
0.32771193456868974
0.08066705954515366
0.04939433544650356
0.16651674413063686
0.1367257507328243
0.13622742195603246
1.1995202586388565
0.032741060068750306
0.02918194240705191
0.41417941221582255
0.1490227452397234
0.025075746574131443
1.1501158743132105
0.056241995677459335
0.12483112797511166
0.40611606034479913
0.6156474938752257
0.29763751439896463
0.8206177082832349
0.059566784093895174
0.4792363848265084
0.7432873106158316
0.1604683991131561
0.07352039162311201
0.3840212818773087
0.06684239112687543
0.14247782593197234
0.09877836579178254
0.951047510923532
1.484844548619104
0.8572770454322481
0.46001534728146326
0.41381466809592105
0.06294693785482593
0.6309948443030804
0.02362048924345429
0.8184971727572893
0.7989071605169789
0.23198817418437695
0.1571691495526472
0.08465296355392027
0.9606041163289788
0.22363442982247317
0.06216410133112724
0.09460653377221458
1.005292781022625
0.4342967063663957
0.1056797110329576
0.6141041383381932
0.7303527963772954
0.4659537305896629
0.9648449774122017
0.2615282455205812
0.38441730378312505
1.2577025669399657
0.008667151644276914
0.2672237019448558
0.3836995023110021
0.008582901293578499
0.3528892971369559
0.48717248120302203
0.342131267755669
0.16078680439225326
1.9262295545256325
0.1902318770418509
0.1211475327669256
1.6123865077613992
0.43116782488999955
0.08372124912147282
1.0073636423414907
0.24411630521201869
0.09234701723243258
0.4244228501642405
0.42457377091254134
0.0928268371989336
0.19574267879586527
0.13833664658014733
0.13739626135820585
1.0994097412390555
1.3846270574228126
1.0393997660046708
0.07899727853865585
0.3784487832335349
0.39507569034872064
0.8065723250504422
0.3793080247255746
0.04952238051154989
0.1310105486075717
0.10514915492832892
0.0747886745483724
1.6279385752755895
0.049361727899178656
0.11572753940606954
1.0715392677359687
0.04744236738305786
0.13046868599202507
0.24141645676742732
0.20926455650846387
0.4083417074035
0.7244351702262866
0.058126311205438645
0.12458006671726059
0.8553433802210423
0.3442089466371308
0.10389049824365595
0.1903220821755842
0.15325766847974703
0.2260636974273908
1.5631242920365667
0.040146972026973246
0.09825182252548853
1.1297116777946175
0.2437641240827867
0.13978399579892614
0.5863631147460989
1.071541523746811
0.1600105805025128
0.30475125235347744
0.013512474869865572
0.25932581786925724
0.374838037309787
0.08161569487729599
0.19868363927742969
0.10847456819920662
0.31859307489921046
0.24720496537378628
0.3546768724574872
0.13411712488570554
0.729737504298518
0.24422126014894696
0.6986009326251512
0.06357593774000868
0.660426770102841
0.1248477642463042
0.19683793338769456
0.7910829524271566
1.3467253337998366
0.19244471289316162
0.7123724480133166
0.3691036646621818
0.10489726246184677
1.543620840805357
0.16041411048397572
0.34107044319197677
0.018543554814352842
0.07053980081633816
0.08833777653529688
0.13155430041206842
0.1233597038645029
0.01771485685211307
0.5144225678642139
0.34873906912014424
1.8528473484005923
0.5040416342197428
0.8877106456470647
0.4135218278014538
0.4260245172239025
0.44199535738272977
0.08432200493981983
1.3303587604913343
0.12530371106064592
0.12025558647509006
0.687630630770845
0.5755483094183313
0.039064167892117425
0.8310241244511299
0.6438836822582606
1.279814414425398
0.07942847550692535
0.004838384452833939
0.13640274335656707
0.7076477533532319
0.5402570653827322
0.6591322420510017
2.844938426936858
0.47923047933293195
0.09549724019659124
0.5908690674515394
0.25717940484811935
0.45451006398901883
0.34837199293831483
0.3866501820197367
0.036612949856383525
0.4787599440724674
0.47232403392762445
1.593473389545564
0.4709075718859812
0.2581697444830146
0.2604353046195751
0.31347926260784
1.0798285203444073
0.1451631884950108
0.2281595045762447
0.35345091947982643
0.24157254038401835
1.6515381232420385
0.032906301465639186
0.4324269388284027
0.4004829617114054
0.008246228426607336
0.5700372435406146
0.23566408404838132
0.4753749895792894
0.44759803088034816
0.6258275303669053
0.5384408206132999
0.14517530489004155
0.43518215743178357
0.5260720238697785
1.1020796921517675
0.2360292644088219
0.13538698852001999
0.0441054579748056
1.8601250899859259
0.6147325902222948
0.4084051162308506
0.2919215351556329
0.00569444996083448
0.03348205916750889
1.1381056064439086
0.44161197326111007
0.24500323237535684
0.05885879497940294
0.12977764346861376
0.01641517685661808
0.27416900755800144
0.10443609647871464
0.3811401279056106
1.2554467403858092
0.32328697750268587
0.07496751247382348
1.1710006703985534
0.8825213099524007
0.2777279611845325
1.6498390801437213
0.4304698862320083
0.9448199643629829
0.0785508852435634
0.30384176921254613
0.015167053887038675
0.09251350819025429
0.1427504443947554
0.4194869151221019
0.28223695434262214
0.27865954423321176
0.6998872904881386
0.0838824147740625
0.8638155902392237
0.33434390244289863
0.20910286388550284
0.10274679690803251
0.041041282953262724
0.06861539560691526
1.7470117466560213
0.17887500580503016
0.36651762865463244
0.2282416792532078
1.1327349169992056
0.46149567258631863
0.4941684752923252
0.29024680460971597
0.7084297405676898
0.2091861417716789
0.06522803151307151
1.3922794374010834
0.4189490700439244
0.4983599921689125
0.5797436661566077
0.1859857268768359
0.7565927270584728
1.273014562015797
0.11772657180929566
0.17815461394311607
0.021442663997440905
0.004249519016070936
0.10567957834179655
0.42848017196834165
0.24867972265626703
0.32316155718577744
1.2662433840992096
0.07255400443181795
0.07682946455159992
0.20111502953825602
0.3512096136874048
0.11533591636327005
0.1535237911236902
0.49205438759809933
0.09355797950388973
1.4431971629702536
0.24802818851408198
0.15582704100135564
0.6753687594607526
0.3804197183394477
0.1944268360156971
0.17640651435982216
0.35896295770217634
0.42276584625538133
0.35376938942172254
0.8199405413375168
0.34374908936018916
0.06467371168780073
0.39474273626361656
0.22501789574972633
0.5748268721002724
1.1874270715453363
0.2701626221616957
0.6776637724394748
0.21042597315100678
0.10786990252684105
0.9336483061421009
0.029332983191889185
0.04272184794309954
0.5876914732742602
0.40926050446821854
0.3990058446796993
0.6046726251579184
0.44596360858519396
0.027792106348405475
0.6493281952390472
0.30623513376814365
0.3454841975165838
1.1997695712384426
0.156296247891647
0.14114441316697451
1.1290553350337804
0.32747659886098807
0.06252327738037669
0.3274970606870843
0.035823803650609914
0.08163419771426837
0.43028565800404217
0.4623871211227205
0.0380994847601617
2.210895751594164
0.09061672249761141
0.45404849034717754
0.750161982142118
0.11437723658088395
0.32770813978915786
0.9578173862691699
0.29006189588286924
0.12113111006017166
0.0740824241844873
0.14650943428304478
0.20165315369227765
2.3071919206267997
0.5683854460477179
1.008717265663907
0.10059847253736653
0.8458858185352816
0.7190861224364513
1.05729933730625
0.13063010489553795
0.41739008999734567
0.7656201416246614
0.5987642526469499
0.986007504672973
1.540927607245102
0.8074803186537524
0.2533457064766487
0.20896630501873426
0.6127961961258942
0.031721638084357864
0.8745413925630912
0.6244356567869118
0.6026827279722589
0.40460121032799895
0.28985546113760435
0.8116637226947494
0.46656800636695683
0.2549283572833053
0.10727716255816339
0.12863470408256147
0.2894205640914287
0.05463906665587078
0.6436489288993117
0.2537571475497298
0.05728215602212904
0.03887081125096604
0.0676635091541614
0.19128061720811657
0.2186035499001153
0.25949711755771043
0.16167873235336766
1.0817338814287452
1.5529960993351484
0.10378951225784162
1.0096548473176057
0.39648817394433616
0.172611854970655
0.5558288311205322
0.06428368113978396
0.10262290772704068
0.2815537197867594
0.2863865122676882
0.056832919886308474
0.07219330803246682
0.05547649587072778
0.09355339079245201
0.6764925704622546
0.32674825605943336
1.2306927320222114
0.09821752864485325
0.37030395870909927
0.5474707305174845
0.33086632320799675
0.03369731352629546
0.035701632100257875
0.1138265228096975
0.00837510985000124
0.07147199118912674
0.6199202803221534
0.1231503028789058
0.13972476736662043
0.692944832436878
0.06817330971879336
0.30885483897083177
0.07972599247131099
0.039831141937541205
0.00902028035757237
0.9290768903465502
0.4162939565511101
0.0773216730654329
0.4383761644387451
0.08629566531969647
0.0333049043655765
0.5521473648380584
0.12911067645315052
0.05066091509571721
0.5565890829194661
0.15097454864483026
0.28644231331152564
0.8494445728134233
0.3001546393850991
0.12202548396624224
0.06647109375558623
0.12091734902440651
0.04994569298722414
0.4407803579911526
0.1203647549402807
0.28674129592757147
0.9389231379325638
0.4155054823194712
0.05191720755975329
0.150152399382111
0.3005898619224656
0.1342465498522807
0.05070075606564897
0.0652859737982862
0.09206865298189232
0.2669346738192953
0.04548116131108704
0.24578933952628773
1.2113588342568433
0.21660061948744117
0.11214501203503706
1.064887006418597
0.8701368727629037
0.15761336815321694
0.23364131441426664
0.27532714947282866
0.12100012844452059
1.447639761172075
0.0734758182261039
0.16400003907218663
1.0989773041921203
0.09180930027940568
0.36203738045784967
0.6854358880458669
1.277065820477434
0.9900210728124131
0.03227068759763748
1.0576465466986913
0.839754666653569
1.42913364350572
0.2290616097484771
0.10086499232773448
0.37698771865282615
1.5340302923265907
0.9054367498027832
0.23750734053316375
0.4891627672846365
0.3554154743973034
0.15502982831149748
0.3750017535708588
0.6388953005330588
0.38711300718672703
0.35544393459026036
0.5137930967175189
0.47070065956837953
0.4476149683768517
0.43181212582508943
0.13854096875975022
0.28803192271676753
0.32257070629982565
0.5368111834505513
0.31652276852929917
0.16021910492541436
0.2885721203735667
0.3982763785323149
0.1381197777715983
0.46640491613235807
0.9058490288094787
0.13335375718735276
0.4085936087267098
0.09233860828657688
0.3346179773390928
0.6198299635264513
0.10802022529054903
0.12463298914255186
0.6984013670887087
0.1797026285650725
0.21305677770822382
0.7283951434495316
0.4334637641997845
0.013187486571525494
0.7187959494996863
0.2421477683243455
0.5930839748675049
0.006852413693667035
0.09216068596956517
0.09685620166769142
1.0704117170020093
1.1049112003004704
0.4473302057382492
1.568996244938545
1.1091856249719891
0.5379410860543943
0.657773787763695
0.58595939435851
0.19202138522432324
0.1295317350971675
0.010140520459873192
0.00525455183365829
0.8208419974190708
1.383478553539816
0.49916506783666037
0.23404025142926166
0.36505388237494546
0.736468329364054
0.47500572708553124
0.19755890923092947
1.1198825375142856
1.004749195254144
0.1634121976920706
0.27832919107012427
0.18621559300125268
0.32582330152739925
0.3032852488517264
0.11584671486247684
0.19037525701995786
0.9531722776523004
0.5506696890444304
0.6528234535112499
0.2198163434316002
0.2569004061831534
0.09883177182322185
0.2182935844971468
0.0636984272885813
0.28736666611739903
1.1469799157117524
0.12752571390616194
0.13310666294938356
0.6371190066580792
0.37428661263618146
0.14176053941997271
0.2245253280055327
0.5170087357291383
0.21668525436210587
0.3489338838609837
0.5444983245355435
0.08436237665331074
0.14436877787746463
0.11266890142166709
0.04661134720136986
0.15081768669838375
1.5766667398562138
0.7230550045378232
0.7928567481002763
0.6753583240364868
0.0852435970298453
0.031536191357770554
0.3180539072385612
0.9389022638521761
0.0884507290329987
0.11224930366000395
0.31785540400589724
0.49228148540143474
1.2010895145480665
0.41207561702796436
0.23949263731374737
0.656250266521863
0.1157955388094423
0.4220434068015974
0.4583579541338704
0.6013038214202745
0.09542792557025405
0.8991440754632027
0.017235734658498432
0.09288480646231585
2.3065529397932654
1.083443114450864
0.4548207387469656
0.7486522598539207
0.0540624094158117
0.6469382121101485
0.8188708470637214
0.7634837029058401
1.056683423161581
1.1267470953556034
0.3130998242238583
0.05275941459661801
0.7777097975035258
0.07760412461228464
0.6456821334539463
0.6650500216955981
0.3011947263245594
0.4393150589024068
0.8951503110927012
0.503124309423808
0.5455239615178001
0.6175167513319375
0.7237149234573056
0.47000767447571923
1.6355834189415481
0.13051655936087
0.16121072129222588
0.14101842992321925
0.2582075797764611
0.39371335837137866
0.3708045164457155
0.5226871188342997
0.05117797879693684
0.04769665563071705
0.04807448351814916
0.09547831817828839
0.7165314312996259
0.0476062717482838
0.1691552816674331
1.3800805313367968
0.2431988103843555
0.3019329574787524
0.0733104613758731
0.6255153003510623
0.5993964915976131
0.4037431821650982
0.8841963906408048
0.3578026519294178
0.3847371421170363
0.1236320940450181
0.09781029338947018
2.1352357585847597
0.16372872495719962
0.1974597827388707
0.27088629860873853
0.07234778178648411
0.03476823398194363
0.10594160016833722
0.16039964245750443
0.3355420771192521
2.9546374463563736
0.11467329078900629
0.07136688844541693
0.17168606970238923
0.5236385290170346
0.30606861087917747
0.7697156109395661
0.38013294792059854
0.018837125740810007
0.08462524696032388
0.11858217569731747
0.035575415759373744
0.24815710882906633
0.521740408666001
0.6941760396770119
0.3780492925176807
0.3543336551711437
1.0581190525466277
0.6028961542316488
0.8544944426411917
0.07786772832441306
0.30836810444623114
0.24150423327176876
0.35048407801045955
0.11535739036553141
0.31019643522913326
0.19516962361260495
0.7307553870843109
0.18358348914256925
0.9665512699606932
0.6142863658693448
0.6659059406439277
1.1273586696390412
0.4204465651024118
0.018302116581973896
0.02130960616848358
0.6202528228692049
1.4000601063321438
0.5437303943786208
0.4561505741915035
0.8582498951236271
1.7274691532201623
0.24239421294133612
0.2649334228781834
2.6082605965177397
1.334303016207992
0.13221274476547804
0.4590053459504882
0.21341015416065873
0.6612342568783472
0.09229071077167808
0.6759588502425488
0.18956520781161668
0.8718784490093917
0.5903007383043348
0.19408852167469906
0.04620733038337759
0.8050992644307453
0.1458224756326754
0.21329261114807946
0.5192760512213243
0.17588614035570727
0.2152840195924491
0.7242415341200992
0.06848407042789077
0.053280245667538584
1.1257680670835282
0.030332137186746513
0.06883030588094599
0.7754273715001401
0.12772089493193903
0.20972462667001146
1.130514136645138
0.41393739878565616
0.47917496929330994
0.4640714284722512
0.04351244087861636
0.025041238620303368
1.586260753151347
0.18789897630267527
0.19601916450670126
0.5235058042922867
0.36881744723468135
0.17330137207516946
0.29161136620587536
0.06363157435224208
0.09456010558199378
0.39733400502976496
0.6870286327747237
0.48952311845313357
0.9963918437238984
0.2539468156419957
0.03955974978615607
0.5639144364335609
0.5883917923154219
0.07469273871392688
0.830629939797903
0.38013703304944263
1.1259354719615342
0.07131586993452463
0.006748266735290407
0.053653751202868895
0.5453494351238405
0.11244100203545643
0.3207132153538909
0.41090191204389026
0.5885769605750617
0.1328475171980038
0.5842937810233944
0.1907047906026537
0.06579884104909312
2.075124677718748
0.10986859390823668
0.5648536319795374
0.4888351733330637
0.28178340202995
0.23812544913451994
0.08348411707252518
0.05061062274136082
0.7850239378483217
0.19184312131832443
0.032155699582875154
0.060382171924730395
0.4384468451058109
0.35507584420141053
0.18119357099807545
0.6022176221257773
0.013957122676572897
1.204623151593467
0.7477389470771695
0.3745680827194691
0.12583528780532746
0.9660593347915899
0.16722211065083276
0.35195560817322996
0.8991458793572965
0.5797144091489301
0.7267097308842976
0.6793029101545296
0.6209684042743006
0.08531312597981532
1.182705968095164
0.15435426465533517
0.43138698452665925
0.7705166743551651
0.028387978999846016
0.588070885065935
1.106178784257425
0.4410580961519736
0.23971126816779886
1.4506275920727332
0.8505676140856296
0.6168313487584272
0.09306442533846021
0.8618284196945087
0.191181873451968
0.2518089348511492
0.06648026742165135
0.13373890580709422
0.16561442585597516
0.14731958153476082
0.20581036463636782
0.32834840252255454
0.15639512886563559
0.17128874500977076
0.1870580078901611
0.16695096126315592
0.7916499640664493
0.4562886716577186
0.24170850348590328
0.11330700456476654
0.5242705881155281
0.6004549605788397
0.11091993550286751
0.06243231146757743
0.21224261666127903
0.28355387067634646
2.5465414890504245
0.4925209357353929
0.517073632234096
0.33433498624108215
0.026881578497974307
0.07237540010764246
0.40930373963535677
1.328761356384824
0.27601440409966355
1.190396713102052
0.16964796312705463
0.5975211722822852
0.4462021329325653
0.24779557314968298
0.4068963728633202
1.8902653856191094
0.5978981877334761
0.6766751022263173
0.5850906155476391
0.05608409616619683
0.23464548516130068
0.11855583748960188
0.6849224571802143
0.00868965671514832
0.8246979587400765
0.5302524101897943
0.16413832627892827
0.3932140484053998
1.0513123268063098
1.0308790125148628
1.0058703342446056
0.41075844004737183
0.3062240103119497
0.28536017707773675
0.40100117077923575
0.41531026774879926
0.5442152683361934
0.37688591196647325
0.0835750999256976
1.6191462499796632
0.30128225056884805
0.2728754343302815
0.7872060293792272
1.3097616779987555
0.3730177874221584
1.6665435716354071
0.1976289597009369
0.05037858145514245
1.1030669399927227
0.031039629499921312
0.27631531024627976
0.5681231827673742
0.5010301475465099
0.04606660290155575
0.8130147584281847
0.18335239113959415
0.026407940464151913
0.48627572576402023
1.1682808630976589
0.023934556504919893
0.1631244479419505
0.24617548446387144
0.030486333709110067
1.9952214254917253
0.5840210432951198
0.4916904250590367
1.5171500606600545
0.32276962877638216
0.4271024113253763
1.5771313892363614
0.17166998430413194
0.21819160489003675
0.400906351708557
0.46454162793134374
0.22785391455647533
0.21068280663459973
0.018758888523192983
0.43110381583268104
3.5465465743041644
0.26096173088165464
0.32486246340420094
0.4250535408289153
0.7848723072571384
0.6392227349509891
0.4332785871419547
0.23422161173709408
0.2891923225834529
2.279140066659642
0.2091595608455248
0.298132918975512
0.35898405103124964
0.07119901145202145
0.18741761125441436
0.7713564265222027
0.24914004339755283
0.08113358541508471
1.4042240547932192
0.5531048760073972
0.11155598294274452
1.2432680322753398
0.04459008069830283
0.36298760952680054
1.7587187120525494
0.5689876590140094
0.05199726073269709
0.38865853791837496
0.04509005672664248
0.05880758802523321
0.9750725384730287
0.33364247776826855
0.4265316295619119
0.12534625607213318
0.06996413766794084
1.3558434466385043
1.2830743279826653
0.5093152250511851
0.1832966153601113
0.920293751053644
1.1952598093941
0.09360538572579627
0.5728757065842289
0.33188483505965954
0.32281661807314116
0.5175528033693604
0.14932893389633775
1.0680836559546836
0.3261755630511929
0.9289682262720187
0.30895815414318123
0.749235861982112
0.11577925331159081
0.11208777588385448
0.2614902209278522
0.10695003602530422
0.06773520679721992
0.710886933690509
0.04639734465140069
0.3469812887558551
0.5533149958514724
0.31967155645536854
0.14612433437894942
0.6365406043399916
0.007632010177386783
0.09824619125340324
0.4755710751627959
0.030284421625323975
0.20072219537553407
1.422240181484826
0.7068609085042643
0.475251733648077
0.148779920797211
0.018914129314670795
0.13939010036648722
0.6724141107991324
0.25889103072746683
0.5155807768945664
1.3878894281991132
0.4613828701331336
0.7684521459091573
0.06720354543896656
0.36095343756172904
0.15885603946273608
1.2109477908950694
0.08435633426236253
0.17897276296235332
0.016989673627404323
0.2411899347492031
0.1536625765490648
0.22877616657817962
0.13459910119761578
0.9482144908068053
0.0507520074961197
0.5661972292539607
0.03572197986723814
0.31520152723142864
0.15524886124491388
0.24057459996242891
0.14171590357418276
0.05216845682454291
0.857062313532373
0.1028915823896741
0.15616249465588344
0.282701254444398
0.2083560291188118
0.20175838910227104
0.007390084231463994
0.7182917057728953
1.109993792903835
0.12331489282999304
0.6718230174061237
0.09846984062083818
0.24180648143446867
0.8410490107295616
0.38417392796539496
0.6815129956172379
0.587244163360364
0.1308035159812597
0.04967737944847278
1.2646813142558244
0.08224202264892984
0.1430162810147512
0.5423046250652601
1.7032045400256655
0.08934662491189287
0.32934083488641047
0.1478222526650314
1.3523928647126953
0.4841552286710786
0.27415252778335936
0.11659080055620913
0.4339037175023357
0.7540893313600276
0.6306256794958426
0.20531413188011266
0.5767808039666334
0.8663740317163265
0.12962989238422615
0.08760396229622021
0.017025221765817677
0.5861052922730121
0.3567362566179153
0.16925980246797095
0.17242969812292092
0.3739719153891825
0.5537540241377217
1.0535072051107945
0.1030072434557799
0.052230677475776796
0.837694344073673
0.32556421999964236
0.1291071005684987
0.02547012364969011
0.015089936260122009
0.10995313567050213
0.4090206016550965
0.8795797908823336
0.736072979435234
0.5093315400065676
0.8957982433260585
0.6371405275787648
0.5614960702903515
0.061502989256184935
0.36954335523284176
0.5371422559146177
0.08594642073466084
0.037205852288256576
0.2792538349125074
0.6641876677535028
0.9183861222168453
0.5360291099227054
0.3007379944506493
0.13004873967150013
0.13983683597956503
0.35878156253479443
0.012597364314675114
1.1061379771938222
0.11647367092437513
2.5830847983352627
2.3163755200079175
0.2368770538573835
0.07252849015168976
0.11276647661339495
0.4744150571031614
0.36726227428574826
0.30376330990158107
0.4331331787034832
0.047877907859278354
0.9553152400728877
1.0754721302698054
0.26750663336628266
0.8176713746923634
0.4321855874139965
0.5618488531653838
0.44692783307426404
0.4657815587026569
0.22879269471287852
1.0065637013640474
0.19294061232809123
0.028774320594837265
0.4830304779158948
0.42727672546605017
0.1068060342028313
0.8902752493481626
0.3142356154458803
0.04323160927008179
0.16199027759572426
0.49103679201343475
0.2513259685475552
0.26157907475800657
0.02194420928301953
0.023958538154894755
0.13227204108572854
0.12424571014683562
0.5238403372482764
0.5101490029168045
0.6272533504895722
0.4165495612957215
0.28982940021621323
1.2439769214084764
0.11684994588804115
0.21577764218057688
0.18581708401400995
0.5563453574641818
0.06186192894890589
0.07035736749727443
0.145800926195843
0.45856075004719965
0.542338549268619
0.02700811550894796
0.09642284536895375
0.5388563220317667
0.026610421035013303
0.6810497406981116
0.031388826118049044
0.3692039895699361
0.22550839989374297
0.5422767312185625
0.44377199053420485
0.3153111981159141
0.0025425369976841057
0.0010091857096540448
0.47504159920339084
0.4548800720791978
0.8046009315463276
0.049329936921515195
1.9201813269632555
0.405326230963686
0.06690823366478678
0.0370851815678801
0.052486550949916215
0.6615706328797175
0.08476200204710874
0.19927022565102026
0.5655815606074834
0.40851023906070344
0.06180457957021093
0.10352611715265911
1.1602546233975042
0.6989007562271254
0.36434699464387693
0.9850566800322516
0.2826237593946115
0.9311934252556805
0.21427605909173386
0.5427633366145075
0.6730984695203839
0.12646736510720794
0.1434489925274402
0.2774182618421401
0.14008342679938973
0.49871451659873256
0.15774597519667555
0.22531290325561054
0.15358125692426955
1.631388719937646
0.7811037141097971
0.17406686007432579
0.6658425440280101
0.3525261340504948
0.17764756568755785
0.20386838887182915
0.290302308676436
0.17604236030059486
1.1304660892800813
0.08369423233770976
0.10426025843825298
0.120114556722344
1.1256014287068332
0.2372329312201687
0.27406714374780644
0.38648224801116904
0.061413294332073244
0.2917353754069605
0.05448660074201218
0.27776312902655326
0.2669751015493072
0.3456401221167618
0.01650317899026412
0.647905880590389
0.037051389297671045
0.15084281919896206
0.34603262606760626
0.04688145423078519
0.07639398796753846
1.0209717880805456
0.5507548443777726
0.46139532779254355
1.6358836436967752
0.17534450909591812
0.24869236248558715
0.2239214261612953
0.34217289808587176
0.3542489384260041
0.832956708464577
0.3065404038553341
0.0143238020548852
0.22686860278754054
0.31136320237959836
0.3359864210243991
0.3223608864391351
0.3401678438983083
0.6306941392927048
0.7686599290626746
0.40530863180251125
0.09359702388284173
0.8601735610316988
0.09136875986545942
0.114997791226454
0.3718610791607528
0.030381069460045845
0.4685012878149174
0.3092510870132175
0.6800239306205286
0.36278149203999954
0.25811131573760265
0.14478844361553392
0.11538266225756656
0.6635978214395972
0.08611392306725713
0.2690672886581671
0.5624124439785321
0.6514801638276843
0.295574720804753
0.748749024853598
0.035016145518288015
0.46331764924798136
0.5657310279874952
0.08463528614280957
0.12127515514846011
1.2287272041877029
0.4437281373183741
0.9280893134230325
0.7932494441673229
0.04774387153254147
0.5160599470453703
0.20237928619683995
1.259067973512333
0.51089169758666
0.15161447342527468
0.3940535265374781
0.2549530265442978
0.46249850448516355
0.5131931961246978
1.0969485341533738
0.2740274478689193
1.051622542282033
0.08480514537715239
0.8867085230574674
0.147126954717277
0.08442851277473772
0.5018401915525454
0.14285397835338196
0.0866119446361648
0.4460345445962713
0.10618165476336851
0.20719996140128114
0.38120895812713157
0.4213540361092906
0.06113224886361459
2.5127700556050003
0.9127997192130382
0.2899750457166302
0.9570324441900657
0.3585231501395966
0.307678705778958
0.23786032111019992
0.2081940804299862
0.1635835059435141
0.8190787372619689
0.498399590127135
0.23186237237747828
0.40703667532248405
0.5387662733641956
0.09381498916354052
0.08102815570058913
0.2060530218776541
0.2261271554632347
2.1063031796047267
0.40890327503940993
0.09227023505230615
1.1770900340211712
0.129646387280048
0.5587875766604431
1.2647002227845705
0.23341411601726658
0.12549970104009253
0.4462046232802687
0.21999439004211843
0.19887597579250182
0.42400970004313965
0.16028042350838695
0.35801654412293304
0.31251412966090986
0.0015473416182334406
0.5388688642227651
1.6928997215095047
0.42071349179275663
0.6760828357219442
0.1856326415590049
0.03016129116802393
0.7808556714660259
2.841698824093339
0.23869905293748558
0.6401533572597509
1.4081930378609078
0.5448472060477306
0.20534773631850167
0.05865516771133575
0.08117011310024536
0.208108939800952
0.5238583961202788
0.10603259538796127
0.1279244015580866
1.170891962813511
1.63651562896365
0.26660963376262625
0.2562418164375634
0.3693677028015247
1.253896900222645
0.34448750305255565
0.13590941131926407
0.10769700322141526
0.664115908196189
0.5271717965235186
0.6973552134973181
0.061323747611626685
0.38524310763910097
0.32894908951245433
0.545701853305299
0.45704299648712604
0.1716773255006802
1.6623837258580425
0.26187916889257035
0.2064947967184728
2.2753881841334263
0.12992561927570667
0.40169499041369544
1.6682779951841649
0.23794977020353056
0.23919837557180204
0.6176538457453586
0.39136764331386725
0.21892425570202845
0.312336117332342
0.06467910911786204
0.6859924622527638
0.8791865892374755
0.06554430758621642
0.779831671978022
0.21782954264664411
0.35954982570556043
0.13986994628650515
0.7161112847335985
0.06937331614412647
0.05832760523940972
0.018581363059097737
0.007594750112232107
0.03473567579065395
0.38289068627642414
0.06032203436566768
0.7662470435710603
0.17492659762456184
0.1909403618633158
0.06693546976628413
0.5216577152320534
0.44059362761085213
0.5059120442875983
0.35059598038724066
0.0436969414409597
0.050348330152965165
0.19951411929471968
0.33888304359523896
0.27989139963060433
0.0985314781255282
0.0999563853957704
0.23541913742532147
0.2811214444079577
0.2563489072469085
0.07037970284437638
0.3890133505849659
0.23417666440631826
0.34482950826278164
0.7652079304991801
0.24238873157937296
0.5257652633286588
0.6733901707467753
0.15840612125465853
1.1287442828910397
1.0387307913210748
0.3512922955746656
0.15768228358980393
0.38554111309109207
0.05907970605514227
0.018577858109297508
0.8838668367507355
0.06448692331140911
0.6388344352709157
1.0719713694092883
0.0880293626455902
0.13632407622453058
0.11819437577979927
0.16198426133598082
0.09439250631020966
1.1883928676710558
0.47815324167633116
0.6829908791681828
1.7751459696200549
0.30793002739885666
0.2537099271617262
1.4785284235727614
0.513659912314577
0.9773797366245267
0.18804408120579497
1.5874610437961523
0.2177477158894928
1.4460055096833966
0.36047983781174453
0.046751408943064864
0.8451771576964445
1.5789278464421823
0.35970423007770946
0.8322214308922035
0.4739779698062681
0.28351249559131336
1.1776604175826708
0.5674400995983471
0.8051061409824111
0.7754432291384293
0.31537321788329725
0.25085222940031315
0.141612386211922
0.13531899368810762
0.5561734593994235
0.3078202198978807
0.17323225867143163
0.3918661140556581
0.6655031272676984
0.09489093036887908
1.1324737080696388
0.22918178351723223
0.07543887180225017
0.0923305506765873
0.04826831109617724
0.4132611592754997
0.13667169442389393
0.6582063398969671
0.9848955094466313
0.5563427697070882
0.6368125775069192
0.4164911124010121
0.17422602528702244
0.6911896393324897
0.08519558822364078
0.4236624367856655
0.18118833523004385
0.07834427037722663
0.8371321282163109
0.3249786476960822
0.0384232272072975
0.3376618938872123
0.12909859676043456
0.6370887340649376
0.7808054842594099
0.22196951833765216
0.0021557458042687203
0.18355833813861186
1.3510526409829922
0.9161887328970051
0.020039924599134763
0.6348801305679443
0.2413529249878425
0.1662409134645473
1.904251718552334
0.007034664856936166
0.6856011984676792
0.9569223831135043
0.4057674856077137
0.425498933357148
0.6872584510592609
0.24081589795155336
0.597083698312321
0.8324069574200788
0.4262564083515819
0.9672398259699277
1.7843624934265456
0.32664731880447645
0.17708143644440835
0.39110792693725166
0.20556213684130734
0.42354114647582414
1.0612280182265332
0.6426684380499812
0.8333845158398538
0.7228656186721932
0.8915785867996563
1.5843356695101531
0.7664399130977883
1.0684670195700388
0.16949187102280364
0.4018534384514866
0.1479002372442712
0.5530248373112305
0.22162269638276735
0.26597555205057677
0.0599637610955282
0.35281782890543856
0.22562363900991045
0.20796294483326852
0.256566122959286
0.04873647489535786
0.0644601411237431
0.18281772556029585
0.1715864779056356
0.2130368902240282
0.7427548181446979
0.2950866380280885
0.1751279559097594
1.9466032964706563
0.20560660178777476
0.3280197141937475
1.5200051442734086
1.1602461060469123
1.3261447283450511
0.5251424999975562
0.05075312548275701
0.567583687607789
1.8371873789313464
0.23624435778991298
0.4263970772949138
0.5262035622614396
0.12908463604493256
0.3560841356642832
0.18213241570847663
0.31191477900535836
0.3346136595550604
0.1576781273115163
0.13689949725569428
0.10991846252553503
0.18119878444797805
0.412301992926337
0.7733795891150367
1.4704953722750538
0.4092730788222958
0.1698258612210469
0.9771493980493489
1.4744937149080382
0.4188882031000695
0.20956993760646406
0.27823187363538454
0.1560822183089616
0.29446087511461244
1.2550278327386828
0.29702822698586445
0.3368993560866145
0.5138205361586852
0.761927074257509
0.652944613656982
0.16751812779156505
0.08530811042267558
0.8450590537095828
0.014325475749029341
0.3039971572230193
1.8407047102795193
0.27857602878039034
0.43835460365645307
0.789897829058793
0.7824738137783632
0.23586150579917103
0.10803248528306501
0.16147374348172877
0.32593003682188765
1.2104830686697332
0.02864404616939603
0.2540315971545437
0.9147436896336048
0.25077722100122213
0.35747646716906417
1.7290516207828956
0.351502051473597
0.6978461820574152
0.7159846340271269
0.13315682895580336
0.20047090324774236
1.4602056937952756
1.4742254105494346
1.8100580867450815
1.6420243419514762
0.1547346561698982
0.571953198682555
0.6480534841770494
0.7619541265289028
0.15986635470518934
1.0912547236238754
0.017097235527182997
0.3573871342003529
0.7211339379995698
0.4657398153124061
0.13508709340143202
1.3996089537929592
0.4548069569083232
0.1548499625457793
0.6416081219602017
0.20213889494174733
0.11615379633270986
0.43297650586202147
0.0965830480826677
0.11636413440272016
0.4491583548842834
0.3868099362443134
0.17172474414706645
0.23827987174527088
0.8248429552356041
1.5599563100178737
0.16615582245799754
0.10772238447257429
0.09595909103018783
0.663623464450929
0.037070132254438254
0.6432821130136726
0.3914717487371677
0.6191622507862653
0.21200137694226054
0.5645263961580241
0.15243246974261065
0.010738340382600957
0.8699418914758748
0.08569755381015923
0.05876577424673911
0.09197645110201634
0.017953402726199483
1.1762257368957951
0.19071309969536304
0.08088826871708969
0.07019383820308692
0.3275215319599496
1.2754634189382756
0.0657038888339885
0.5642732563024669
0.9059871691641577
0.17821476872508468
0.39838141325417636
0.16340299171050407
0.27742743864885855
0.8749884361482377
0.23968165149373205
0.4218588538898742
0.2858111245117805
0.32254481597635026
0.45061951597016064
0.5154463281997631
0.2586987779573023
0.5283259953293066
0.46596725735394395
0.07635796477559637
0.025640223419710104
0.4758350480103372
0.24126084096879397
0.009095630378605493
0.29591391141386536
0.054463226621607706
0.330905900544991
0.8715396178457048
0.09628616989092001
0.02442914575668679
0.40040149102253636
0.2604879486959729
0.05643103210100209
0.5209012948250131
0.13922019128818314
0.11265789240198466
2.2086000098506973
0.1147637550116027
0.546723882849837
0.5079737681393979
0.43363012563401304
1.5638496076985038
2.1815958705199527
0.9207882159656864
0.11199426689925386
0.4288026974234331
0.08093699640082097
0.10132027806784459
0.3105095166047386
0.2764083522868264
0.6980790049331381
1.5001016218974357
0.3985713162295594
0.6081684907976913
0.8717493759359973
0.43783267876488985
0.31804013943659215
0.08031748531582762
0.32616943065330617
0.11985870599138554
0.03247711427017658
0.45123870694812634
0.7883721174966054
1.0961203068343457
0.4633137679732262
0.48720826608075085
0.40138102914181795
0.27231951520724507
0.15343529136419062
0.26162090161805684
0.0900297629893261
0.002185571639148923
0.24835228091513326
0.14254111731840885
0.43732981603583093
1.0600037096499888
0.42451573217396227
0.5263641318297851
0.4916437997335771
0.02031050903802568
1.2733089467590055
0.6259338006479463
0.18963194690772575
0.19425398292705018
2.2433233410318345
0.18156581087774132
0.6162306969733258
1.7278097594888535
0.3290534772904581
0.02630970306895027
1.569446951018908
0.026618700603090205
0.27672513977766067
1.001077655168125
1.061877738080868
0.33818442065569126
0.21936798465145393
0.10212373523614311
0.1564969337899038
1.7061831849277265
0.3750284878156125
0.834641524188754
0.3790634696113951
0.2932825646794133
0.19741222589781116
1.1113827170326496
0.12373228180627446
0.1718337917970909
0.3004578462172999
0.13704146899811098
0.01049329415871338
0.029332467056604
0.07874302201373486
0.07432694645843654
0.23362004677218973
0.3158980308268137
0.09739565351090462
0.949027606193959
0.2716710061447781
0.07622584122396113
1.319737641842739
0.5393169782181298
0.09789334803883268
0.6092746914499467
0.10939100385997266
0.04002693806428674
0.7014169182033254
0.4730482176285673
1.0330613220285634
0.49942178555165523
1.131462505935047
0.8516793758927322
0.3339376070023899
0.44272363145353444
0.13446262231157963
0.5139852861137041
0.10744531768593163
0.17888431369024255
0.8146045509695379
0.22638835953196934
0.0037578364845480315
0.36867127312219294
0.41948062677218567
1.6567185826866184
0.22651596723534445
0.06751179911070211
0.19451002302289902
0.31733185348907617
0.2061672177313431
0.23111462467757218
1.5386068023989932
0.39203050585649024
0.2613272152045432
0.743348068453215
0.7851250393237965
0.15372930231470122
1.2471585037581872
0.5842746299539094
0.1000644533097934
0.5963622515669125
0.12156507083860599
0.13054975777923278
0.1539804019408834
0.061745522912030525
0.15977448579201342
0.7980650633635957
0.006080854107531475
0.04593097697079713
0.15130118761543873
0.1541686473136122
0.04792925092014499
0.009652104561400674
0.6083223760909928
0.06736290610486484
0.17032599331218728
0.17178706643378952
0.042140563125626
0.7108599324003322
0.0930369955187267
0.3395907756089452
0.26228880210190314
1.3012025101644038
0.039982706212179676
2.129029497526832
0.3738970124055979
0.7000160538091268
2.0049776342884016
0.007490990527620826
0.29672123009762646
0.601274830531339
0.22913589861126615
0.03150239149421952
0.7654012866615828
0.7870736257669491
0.31508574878803364
0.08061593566743057
0.1956155646306814
0.5580238132907104
0.705660111980646
0.3381692989083052
0.09699391772222635
0.8052587778551579
0.1974107379933599
0.11101114024169322
0.10549341884037602
0.37397192732476103
0.4793432831917313
0.4912745794795792
0.8641416897760557
0.4401703141696386
0.1203140837056317
0.13393520096801664
0.1363534749501308
0.2983995814009194
0.07389803818794959
0.06447035103187063
0.43760768854556276
0.20967091194865578
0.09833219295715204
0.2869788805391513
0.12117664268276275
0.2080758220483131
0.16489506791278857
0.08197228844786947
0.03345801951933799
0.09436317505831834
0.4141208851893074
0.2527380760581242
1.9213955006575307
0.14811365831025042
0.16345197093623887
0.1968493451682544
1.7930587396090185
0.14136922104268457
0.6620606307111048
1.4542931507956696
0.5057156165191284
0.7684966910797787
0.31798332040975247
0.22247061668112797
1.0100872413493234
0.2726491932590282
0.2610615929138575
0.3156072242963725
0.06673168558445623
0.016538550268281264
0.42837382495945536
0.2213238326650845
0.11245315684661175
1.6724816860025398
0.22187811136311483
0.1550766503847838
2.731073556164328
0.972708501291948
0.06598273099830827
1.125738616149974
0.4677379431328338
0.3949412455576079
0.06877140551019745
0.016558595014072846
0.0165140365450589
0.4204782610964808
0.3530161783245706
0.13277792756224505
2.821327057300147
0.04571728344508064
0.9350808393134097
0.27791791616613676
0.1390018196108645
0.21186756074782956
0.9212827128407154
1.7783450860364172
0.024087272240411774
0.10622874121296853
0.37427090372829325
0.18275024038818571
0.20300790788725212
0.18143556190468652
0.14160991082973667
0.28573484311380987
0.7948257975407279
0.3696760270976264
1.3183600281423336
0.08564195868191903
0.46085622242224483
0.5111130817159275
0.12769765098671693
0.6030972194919207
0.0457214219788895
0.027143869215509823
0.033234599419688364
0.5559415821566603
0.008671081910822312
0.35006825557408566
0.35158877787424697
0.4206056820440624
0.10719318803199246
0.15656735399079263
0.05553272852750899
0.2603423608660986
0.20263400376553758
0.049425506097359566
0.0049619343839220915
0.948380624051024
0.08778053277582902
0.2091593298523329
1.3552031203035437
0.17539869003648234
0.07639970496461437
0.6417431649702928
0.05326029930662389
0.3084508632598953
0.7885264522065824
0.6495445566125357
0.4651696521727909
0.3503969461568622
1.2664599290947343
0.6655477447855576
1.1694177776056298
0.8785336518584693
0.3976802904605235
0.11412544910511144
0.25332109954143706
0.313622679858514
0.07054251358106815
0.07663387605606019
0.02082702521321601
1.9927534896149561
0.4898180166119126
0.31195351953989725
0.007532606204310328
0.48030525968787574
0.27555964433810226
0.3684416206346988
0.017249790666284452
0.2567324957654386
0.5277805662635969
0.4042931473951028
0.05295105367650467
0.9748565297824958
0.49213386147976934
0.22024633175075473
0.6407567685284808
1.3294846734541763
1.2082924813519011
0.6625266466939388
0.3274728751424647
0.18671708372680593
0.6668349695973186
0.15446159042634844
0.253796758941955
0.16177869586727175
0.20772421263135935
0.2551284040811681
0.04626977580857566
0.2454393824720518
0.7086051787301847
0.6689060143499975
0.4632037913596043
0.5384162405635553
0.7130064600145923
0.15022182933883446
0.09247254372103098
0.30760580788338987
0.7847268843892731
1.2165445969155275
0.47080100652927964
0.26697677560158173
0.12430798031386128
0.186705209648468
0.45038644116321724
0.2860261117824438
1.1093528011615206
0.11304497332610498
0.3148957449558568
0.08680538372054505
0.6616969156645278
0.082667895902846
0.24618671366315129
0.24327570250149036
0.12038225841230596
0.23623934669147495
0.15331040703414348
0.1579762382725187
2.000948493271686
1.094150642035812
0.41174056097660344
0.5924351203938902
0.2522017231005583
0.13079096015343003
0.6136863290671545
0.1718650584847496
0.18104068824044284
1.2321022803889365
0.328119206016468
0.07293642187808332
0.5042635448192454
1.0221260738701308
0.2389321987595893
0.06151855298157485
0.09068577130111245
0.1706935571574002
0.18968745480735574
0.27526489114369723
1.7027696786732196
1.3578105248588348
0.022509080263576443
0.14659985963856698
0.7044652137358024
1.6437474073628002
0.47075301007496406
0.17131728755214598
0.3827679587107197
0.5934227690695484
0.5637521181791305
0.7006900699528517
0.973883284320549
0.38829540177196004
0.30173430083783676
0.024446804786419262
0.4221453057203705
0.05497991299704605
0.04277325860843703
0.5324817055978578
0.26172451551652237
1.3444893156603024
1.4875128978724421
0.13973761070001237
0.37025081666025433
0.7049546009626588
0.2211664282808631
0.3650134204069956
0.5302082853212534
0.642465179934542
0.0865185413771763
0.5482918634982176
0.06019734814147722
0.09636798047102649
0.10861362829423647
0.18580064295614238
0.21383625429848327
0.4892095504887045
0.26133754813087473
0.5508048216535589
0.38680820776861347
0.33785746979794046
0.022118986853123915
0.3290125912887448
0.02391715611012854
0.012643430909933138
0.812325802429734
0.05410994884910285
0.15517914712760594
0.36629747210747443
0.4750961920402383
0.4757932410566432
2.190018060747513
0.4430862530859776
0.1334871974057178
0.682934156374588
0.4758662235323163
0.7565014030615499
0.822076888001291
0.3789306274961824
0.03127465960474537
0.8015165794161391
0.4728286658052304
1.052557174734427
0.35032601683542863
0.1879244129799925
0.441180508776328
0.14306128744285188
0.04433309383122163
0.07744884380330254
0.3712102331773297
0.0822957908187023
1.2654153175190679
0.4868792329163709
0.12079066983500202
0.15369139925792508
0.7386326440783832
0.12545201131204642
0.7574498585493447
1.5797031685075196
0.3563107689184812
0.5822155528530356
1.8594944207236688
0.9726098337628428
0.0836562192471272
0.4668043884304822
0.20002919867989225
0.09283443864996187
0.2713456537105519
0.3499873665037876
0.28063524701027487
1.0237450173561466
0.4681035054797694
0.4454413173813439
0.7986760101664958
0.14750153178274505
0.3485652238606772
0.06887351481024223
0.11418684469253558
0.21711741997756787
0.548012710159364
0.356888284173536
0.21569762510929402
0.5548835813788688
0.0544248084052355
0.2684027072717176
1.3006465649798693
0.1280604706417635
0.11231609788516822
0.09595981868966816
0.8168228765016685
0.8351740507204329
1.979648271160481
0.04944717349219625
0.1260700921483667
0.6736589699835748
0.17220499133801995
0.5678733896623497
1.2484648044146092
0.527414803599851
0.11944164041827836
0.8476957800604492
0.4128179721545706
0.3755603696740893
2.2620721894633964
0.38640192393107387
0.20348712417119771
0.21741561833578246
0.1976755306309782
0.06439069354123313
1.6569745938880467
0.154018139085119
0.013038092677021265
0.7728612397636139
0.0640677342525895
0.054233785392685516
0.38055390815433343
0.16364471775142198
0.35561283983428893
0.7680634251864974
0.3113374183705283
0.07090061225187766
2.873234012101084
0.7155409043737961
0.28524836631093403
1.291519958277394
0.8224466640623198
0.5887489008459459
0.5097779321361251
0.1700616497569422
0.06232919823380047
0.263316984016094
0.05063917754910628
0.15635343352287331
1.1636990469592108
0.33629422087706845
0.36437380879171144
1.1427673837853805
0.1887932177791063
0.18595852589408995
0.7997325116625065
1.0315205434658354
0.23170335361168917
1.1228146639886731
0.5331823117704798
0.18318577069311803
0.46939061470998533
0.16611009265015678
0.31792108557432197
0.26365569482770096
0.04130431750312979
0.4582346886893681
0.06198717148626498
0.6722346342514447
0.656417583668958
0.8570291031152317
0.16846506293137312
0.3317072507671112
1.7387753909260126
0.2421278344865964
0.02381448110387033
1.1710131199514946
0.3921351376300181
0.16581780867345386
1.2331382416878716
0.21672856504441662
0.09487005433258135
0.11522523469160664
0.17073304257828023
0.060169310584115794
1.4283169947033683
0.15281114448512384
0.6070220069169224
1.443664837805811
0.70249389723851
0.15690638299924928
0.1761767527265132
0.4210220824695456
0.33983400659868623
0.9220428813238231
0.18015428644001646
0.48804536337045834
0.6227695239666192
0.19835624979224453
0.1703758000198228
0.6624258711885516
0.051228483375341465
0.11286232783242219
1.2750265716074711
0.16644459478827325
0.2569740950374615
0.9448799854605043
0.12813332338977387
0.1563036214488228
1.1282980269708631
0.8961470609332649
1.063369871864156
0.41172862349804185
0.029672599729996238
0.06118647138260455
0.16309395918763592
0.06861847917623189
0.15284949171738774
0.6850146101525221
0.24944877776312233
0.07272282989947232
0.09603034754335721
0.06366243120088398
0.09171121264445159
0.21997480627317584
0.030152698152303023
0.32174815548514113
0.18133149634221174
0.14297920173380496
0.6542162611142707
2.5829677556093333
0.14130713800505318
0.4570332706905012
0.5546022109009469
0.18211864773013178
0.24705040874580886
0.764582761062593
0.3426779925704834
0.02625671264651253
0.28389738625835187
0.02440956497025877
0.14623262959193242
0.1988660363820882
1.672911962129452
0.012945965057500402
0.8379872384853979
0.8936524287445181
0.13000413686852963
0.5696835887198239
0.012144311558289819
0.11596156834384296
0.8073362580024036
0.043793435822640246
0.8897492823290719
0.9290465790578977
1.4377670970411738
0.20083950044332155
0.7169904865784891
0.1612263185355959
0.19785044105529426
0.4854960064764569
0.19397455725677432
0.05288890159723716
0.32143734737442303
0.27880994117194347
0.06810535106261878
0.5562206045603133
0.494881681176259
0.23251760252834497
0.5657910410100172
0.2387182954092025
0.07572787238158236
0.6794487657992553
0.12783316349226528
0.13829471190871884
0.5761462854800866
0.26226274108327857
1.1053741493025497
0.22991267222170939
0.28857179920213916
0.14060863174782604
1.267612742783043
0.6149658473981375
0.4106503440195523
0.9004561616897699
0.3854128349110706
0.1317304477501145
0.504488032233432
0.411988849464193
0.917165814931299
0.19329265287945158
0.27899925214072746
0.3678034571227603
0.25608186482462225
0.5577298378519309
0.07348226231317995
0.8424153919985754
0.061472941629707706
0.290559365601846
0.6934003176982546
0.24715525453315282
0.21865395374392604
0.3343925578854629
0.6596907869356642
0.2735773831717721
1.1099864698907773
0.21697505006001053
0.028615869434023136
0.4433038448669822
0.49664715335059784
1.0873871810583955
0.6520617953530367
0.049889726717333244
0.1586759243040376
0.549277247422386
0.06542084877264008
0.10555977249030879
1.1378700135074693
0.14575987636914373
0.48748329043369704
0.4857588324019385
0.6121972725852034
0.6932739002363568
0.1127982807513354
0.1987763238866162
0.19699891031875835
0.28341794726124064
0.4498249156659026
0.5949657456189779
0.5320836457793533
0.09405598120043414
0.8484818107257591
0.5523515833586123
0.39699981966517084
0.4498137220449646
1.336147607286056
0.25016296684808426
0.05939836181832024
0.6082671726036213
0.16221486667148716
0.3819470132713949
0.7201200195680036
0.6810739510605806
0.8762466783854732
0.5071900973930528
1.0069804310097838
0.13332443395841725
0.1602111938404056
0.6474359395854913
0.612499608937238
0.5352700584052336
0.5136958231786004
0.361210667179331
1.472957202443312
0.5194194424826406
0.3372140627097355
0.12204460422304178
0.1958173182902217
0.18212945580506953
1.6225686815710199
0.6492308976954414
0.39732968799143775
0.04710481952647043
0.009078553912099772
0.06690188061830361
0.40629420741334926
0.37494235898595996
0.014248590957282899
3.2148348539207783
