0.5943195762255243
0.16546032246571396
0.4962529786634217
0.72813481591745
0.2820897752046407
0.34696448546121034
0.13976196189980608
0.4459451652107
0.36984476424639867
0.7542350482653949
0.9376604817033887
0.10268407987367607
0.7504946374463305
0.37129551367433467
0.5899434355966575
1.0978927178909996
0.8519758570496949
2.0253875920438493
1.879550269727635
0.21657316265270393
0.063312571197727
0.45714447325585744
1.489160985397402
0.25257410350065496
0.4561562028792211
0.5942447223462191
0.11537819945192189
2.4030740357532303
0.4957514223317472
0.26645843712583356
1.3442271049927852
0.4924728191775574
1.055104184790008
0.6127318661350964
1.4322135369493056
0.36848331569415926
0.31568465124503287
0.4948786703565745
0.015137492328165228
0.35369905643590377
0.28587943739941396
0.2407505540486245
0.25906816144837097
0.5469566015094622
0.4881164869459486
0.5283288940073809
0.20845198788465552
0.21901673778207018
0.40326040067477087
0.02214469456339757
0.4297140641264729
0.06907844011033257
0.8102196998654198
0.267615205080739
0.18770735869905802
1.4359208110573947
1.0904548932463527
1.4771782565485647
0.5901707640331334
0.4253978918764467
2.4543328185570124
0.07928368361789997
0.06614902369988858
0.5706318045418035
0.3918721304181899
0.36461190077675804
1.07378814258648
0.7191225980488256
0.19379163395471916
0.14537896703470396
0.04195473764372693
0.15656621374397064
0.29487184236706715
0.7245209883525872
0.6169260062402763
0.42514112651069097
0.1013611202212134
0.3491834210129667
1.812407365170922
0.19360359492622148
0.04624663404323534
1.0511523212764755
0.3323752925804065
0.3661619098678876
0.24673035278288016
0.7022823439328385
0.7678116423997606
1.184033006232128
0.7459975592594429
0.4050090578298978
0.5078516567428688
0.3126857900227812
0.14021748744370433
0.569405908984716
0.4766248612897714
0.2739174961850678
2.708577582750604
0.6400846575696459
0.04323267092693105
0.6794205136853502
0.3713267965047484
0.8392830924406268
0.5539734631733572
0.4946531485159064
0.3253747601041041
0.31583197001658936
0.15236142297047972
0.4771295930233011
0.3359188735309589
0.4477220330523994
0.4720294978721159
0.8714828948467657
0.28231781592062516
0.14663104015449707
1.324016409725033
0.08833352825979283
1.1491398764158958
0.8245797823524574
0.24518652677052472
0.16227338813080802
1.280630861087669
0.14354709674610158
0.19354439859752184
0.21133492381299568
0.06884887599534449
0.12770118259686167
0.5478411157261102
0.13176515925042043
0.30628900533166104
2.696326886885143
0.74600135614225
1.520779454457369
0.15998923385212993
0.009070094385846762
0.09933131560161836
0.7830778152980998
0.3413101123606097
0.2806531483836028
0.38316532156045036
0.2772733027610275
1.5351580120958728
0.4887736567948982
0.5729440507985312
0.07825665917258363
2.9126039171403213
1.0732444255951625
1.0160317829638488
2.782562621330755
0.8032957157645981
1.3701419887790718
1.389291195876946
0.6826932371015527
0.2368815117707866
0.30756240130397683
0.516203316592057
0.012529585657417077
1.8972530412567987
1.2013173753227873
0.018130454710552066
0.8812677619929068
0.3094801569194465
0.010831071076938899
1.3724388292429535
0.9863653146759478
2.254744854780562
2.2819371741256798
0.07576435073866791
0.09718351378565632
2.8579223286252886
0.40974148338173655
0.6352907249174474
0.21001966689249998
0.3646608201524438
0.054176470134781586
0.32748884936586586
0.33406048897175955
0.07170014966305298
2.876757546492921
0.5164242178216608
0.04574386314447455
3.6045732751307873
0.3656497578137114
0.8803296744614021
0.35746085789964255
0.4830210065691913
0.14667083524346403
0.7606380171550606
1.0034730546571153
1.0582777560946537
1.0795781978385308
0.5216867841011682
1.9241636547148644
1.2329031679564448
1.5148683402705818
1.3096071138152336
0.41839358342549043
1.0118865653403588
0.15349850769669332
0.5983009903698775
0.1557512703237493
0.12757532617982112
0.06464300192319829
0.2680985450850252
0.36804674483951294
0.54714048012723
0.06313055634351468
0.17335383292360856
0.844443921664877
0.23014041046236028
0.10914775360965785
0.5832606451065494
1.1675448854729313
1.7997261450564928
1.3236523473969517
0.21619580616085923
0.13408557410567123
1.3599329499268034
0.4543240786883343
1.3517382686294046
0.7155235138179546
0.013396226080098923
0.13583734795068497
1.6636839296273787
0.8182133599788327
0.2672696089166912
0.724714167149859
1.0800393036308666
1.9585313057364075
0.11662920715488156
0.011375048399664417
0.01339172593758293
1.2432060259473154
0.7232341318040957
0.014500226651689664
1.9739189420469514
0.10159039974264406
0.257450336144964
1.4124931574645136
0.3406780317234459
1.5784584102580395
0.8222058561614187
0.10013160823689923
0.10856570574399614
3.1949810958695646
1.0206888552722255
1.875463944578586
0.5013104008331729
0.34998077231492825
0.16383796917792343
0.7477167417187944
0.6799772642524254
1.0602601225878552
0.8196979859216826
0.3703233197931811
0.07792927302918064
0.6600327874468459
0.16729434792225095
0.28658474489708124
0.29092563711684927
0.21527271836152578
0.13289350551742785
2.690974846452596
1.1848549133113042
0.27903570390976107
0.4727975310047658
0.664552989559337
0.4695305930348982
0.2738904593288881
1.564592576680917
1.4393379226368879
0.8620523501692617
0.8624632191402137
0.22116615757833674
1.4332603173044156
0.17454382970747384
0.5200042755274101
1.6714909549560162
0.17861464868249916
0.11092365526290286
0.27922363275657275
0.2955254494538203
0.21190731183491124
1.094703586374872
0.7786299145372683
0.12027698508946974
1.8554809425293297
0.1777392512504539
0.2722161414696805
1.7767844924224216
0.6998624176133611
0.8008827910165148
0.01121776591715355
0.7469861063081202
0.4781974533140739
0.831736918105239
0.4662957458996745
0.0454158432141734
2.9895294823560454
0.6676433956556085
0.8067755124214553
0.040021559440137286
0.4626569676476648
0.01973918489930696
0.08957606228069999
0.18044539214234376
0.7841321347671529
0.9526305054505884
0.04187913762084725
1.2464161430379679
0.09242124386749893
0.7903096154349049
0.11825940643846974
0.8768871525800851
0.19746441875701637
0.2568055634200519
0.2282374483858038
0.3908293713802577
0.17734130916000523
0.7161367199863631
0.23090558469743508
0.13449661303720373
0.9730530522903584
0.5435927978687951
1.2695762183804435
0.34358646609292226
0.6816133036942438
1.2510238522768335
1.1570316548246897
0.10232862050626867
1.1213542124894633
0.24577784238410616
0.3664159580494901
0.4178685338059786
1.6398750229834285
1.1285089396622503
0.2614510089526294
0.34340572446507955
0.4115477948009945
0.03283378339829955
0.07515709902807002
1.7294713599505749
0.32785848098459275
1.4606100600433385
0.14025851155001207
0.2632589371316037
0.46236910370989914
0.16673751017000757
1.009887608607675
0.8639154537828871
0.08609198381565972
0.5651511924447578
0.12978211821774777
0.11993606825329603
0.10197364273895437
0.49328978693651404
0.08748070798527623
0.2246020892997615
1.2176293855637006
0.3010796309932361
0.3344391610711742
0.8223632978096255
0.5302415954381575
1.2510823348054774
0.4111785643687312
0.4247033058003034
0.03581620793901401
0.666493030444843
0.9507982728237545
1.1114192647496317
0.8134155218541482
0.49244602823084765
0.6032298074516599
0.5732395660168224
0.053331889787783325
0.1950513187356009
0.9146710709151211
0.12780881207247247
1.294379496009165
0.22218965704057844
0.915742309289076
2.2068819983728476
0.2387997354925217
0.29803099571115
0.7342531651484806
1.3146597966001305
0.252728255987985
0.07338367450738031
1.1165390572459277
0.1740488121893295
0.38147412854910157
0.7928565080405541
0.5297844773780663
0.07205341387343198
1.2609854242481164
0.09126887829907974
0.4189898353282786
1.1301630419401358
0.09594636033934413
0.3620889768215064
1.441721545090622
0.7454453447882514
0.2180861500624092
0.6485455866380528
0.08182043359614087
0.16724302743153605
2.240264613105419
0.10287739330044032
0.3852211118837791
0.3714627491935014
1.273009329155961
0.05553290488800366
0.5438382650733915
0.02160755977342167
0.02410972195248302
1.08937367548686
0.1849382994770946
0.11664646491690019
1.0498235981980162
0.03442209111857407
0.13666861591344218
0.26514838069107927
0.05916856586071743
0.4995754385283704
0.5700930076048073
1.2449533220022557
0.31563592929620266
0.23285623876852066
0.07276033072119287
0.19108200309479192
0.7034865141635952
0.37540064184322514
0.4680051371974488
1.6981413329608432
0.496402795841995
0.1007399510583563
0.9730435697663172
1.006058333525574
0.5713750398632754
0.5962226656329125
0.17235324120065532
0.7790370650775921
0.4652321541183618
0.016735067650529272
0.4847043213754338
0.1730707874357844
0.1825732389745608
0.003845354077707034
0.5153797881338793
0.48005791060754116
0.7020079409490623
0.9246494510579946
0.07212399391179557
1.3802796163507225
0.7974219701931872
0.4819223828412951
0.062233676525681327
0.9842533139666447
0.28129601379690433
0.5385050549143737
0.9035118819232344
0.3401037758228318
0.21039829532471324
1.6709755126432688
0.38539550227242036
0.6566273783848041
0.8647080720726614
0.3599485264815648
0.22518487707917917
0.5505961275926766
0.5675438239086165
0.16137725008671674
1.2013758668351044
1.6080863751085026
0.6669319407565125
0.030712172430617142
0.07515362594288733
0.9703681710696053
0.4337814725582689
0.13133652624479586
0.092680849884924
0.4726403899926208
0.33165117129521504
0.20938497274088108
0.8908252714646384
0.2435270502409956
0.21613537309975878
0.1927728253073247
0.029989670829871428
0.3597364341739272
0.7508451920377225
1.0745338853868012
0.19555712736602895
0.7206004471915144
0.21978784146629005
1.0660622134478226
1.0793589035951552
0.38437029953060425
0.18288889223983593
0.6577856197713613
0.4575190337929277
2.1206503140726585
0.6640268728859008
0.052330452280660716
0.11701276847847672
1.6891716918385606
1.5716484761436424
1.0231361893577846
0.5561656246796249
0.036168008626375196
0.21902182026538825
0.8476876225419108
0.01757470253041964
0.6841103529755235
0.42751520540795346
0.2695414599260423
0.039205448191467374
0.7710577315948466
0.04042068787002777
1.4310505331804597
1.459538706137628
0.09307861023879549
0.6479385791605282
0.64590189050197
0.7620744952563223
1.6695994628588187
0.9728032818986426
0.33252838255868505
0.15678502429341037
0.7235724430447109
0.1895874527993938
2.4949126851153482
1.8539495456175519
0.0677029452475722
0.5383679049683359
0.12278657063222286
0.1354235523345248
0.327958243622248
0.5365814295993379
0.16807926084462974
0.037702475277259305
1.6986134482696753
3.4408235900166293
0.4505560599098813
0.8332452981590889
1.6118680301641612
0.2531575001079877
0.31776666526001585
0.4002568224834364
0.1460547403052096
0.8512057051209811
0.10011872679519175
0.8839341177326547
0.7790523477010735
1.6519725770977678
0.2483220403113394
0.6563717194250818
1.2229437125422977
0.07292972107144909
0.11749677635618964
1.2871644177893389
0.4713855387205515
1.2307408909695159
0.7609575349059862
0.03186097280742532
0.44981149433894235
0.8401081843531989
0.48058930149059864
0.7858186276173337
0.12681537802460768
0.5002356492839207
0.6086791218063946
0.400804396187467
0.8909622817778187
1.9844149920408274
0.016354975742230105
1.0637687585364946
1.069906164864317
0.5390866501762612
0.583472377892553
0.4755777889175989
1.0495435095383514
0.16192870173156623
1.1566810944900414
0.36320117318093453
0.1592010563938734
1.1009142328622925
0.3897258905772729
0.4815486288761831
0.4644120137453256
0.07392206325016706
0.5297457834014977
0.5796063743662863
0.7677261154986474
0.02238548527794154
2.104415975445249
0.2092833066930701
0.3056085754484015
1.7827992053039494
0.09227959048289221
0.05070309037756634
1.4395319445277392
0.07148250775906456
0.048548827549173224
0.5951481796592926
0.26389644534715245
0.2862148461302877
0.23223472511264268
0.033602300097158484
0.5560498495974002
0.31110946099534326
0.49610339137653253
0.04037464510194248
0.9715592386122553
0.3767823899559958
0.2527321912154498
0.13498094448440504
0.13674858304936352
0.3420123530555643
0.7481283398544366
0.5728597959379162
0.05986749945880193
0.3975110504146648
0.7926081196102693
0.11896487465030828
0.9010944988907869
0.12359999691339972
0.11077018807734333
3.351493785632583
0.2065315924325066
0.9581036633752055
1.0303106526171668
1.8793107404881895
0.10023455665198014
2.8000911578767087
0.36729925081348935
0.1565831326654527
0.14501154664008678
0.39327250625264953
0.3119021501371276
0.6204171301003846
0.5159034427877719
1.1438492252570043
0.4332154499451014
0.23845455028657797
0.07825390198565205
0.8286123261352857
2.1135853288540503
1.4555844033168834
0.10285540213197777
0.4148100883970725
0.33042263185048176
0.6336581168183809
0.8801596439484586
0.6246365176831563
0.2547476681737985
0.048716747170913864
0.03060799587119291
0.854615561026768
0.22900748866418943
0.2572641096674641
1.119727465411017
0.9377378531379504
0.9790365465418785
1.013467325592382
0.5113988799212671
0.8855488358422742
0.3636491972102192
0.5821935966023893
0.9691901930592303
1.1938876807168584
0.6254476932729869
1.193108860444247
0.25313775164167207
0.4969835129748141
0.39895398780879454
0.18066765311129268
0.044500944261709134
0.06611257780650065
0.9643511074296793
0.3439210687859983
0.14424246455484424
0.8895567219281862
1.5602620532383913
0.6479047022638084
1.0943802191059935
2.2738163236729396
0.07552179384297769
0.04310455236709341
0.6815254193284366
0.7504085510522571
0.22435433609165886
0.021375856284682214
0.6584611856701306
1.1094417987659297
0.4942015657826117
0.07052243902890383
0.17247051340901554
0.4663506234955487
1.708932564022186
0.34594891641013714
1.667300576786562
0.5156989653414084
0.6285602958471098
0.7142916458530595
0.27122176237151063
1.618289424068815
0.8462350931542927
1.7321603445046325
0.39169885377651464
0.036347806764136716
0.04389291586934233
0.19221004006657272
0.9397948267950157
0.4066635991209906
0.9894379372508312
0.5755592471024612
0.37695537583444105
0.6716132692242559
0.9198094849713895
0.9562127950161001
1.3186543398511372
0.029069674386606247
0.3373434592245662
1.2810081227551526
1.484656070416198
0.14733726533209088
1.711864109171339
0.13821543485127707
0.5528296119250319
0.7854393296142892
0.2535280828923992
1.006671094901212
1.2891409385882568
0.7502459041283916
0.12347428798403245
0.6758201502866084
0.34210986294827633
0.11811552354526479
0.13972524089173988
0.4726596554066502
1.3922624186292656
1.3532109694926089
0.0037397799781127
0.10641564879230843
0.05823534984771293
0.6038925333564138
0.6171426007758745
0.2504768332124932
1.1081707159456953
0.32280902517749005
0.4629332281722636
1.3439646689966256
0.19110573667824882
2.1444827101907564
0.3369469326657629
0.02429078611532669
1.1924541171072323
0.3175102565684459
0.49864907619630305
0.2212290167682805
0.5310668433839201
0.6187523936583132
1.6367832867223273
0.5272464152059514
0.48457055740091676
0.1882787529380373
1.6264341882595283
1.1792402506536583
1.584205495604881
0.13150839844935233
0.6332751315566806
0.8933787334691056
0.3481147093345482
0.4644531386706513
0.4043036213048447
0.096328266088796
0.5164931980955423
1.2112762717804408
1.6234961429772605
0.05611545531192649
0.3606542154271063
0.11972137246562757
1.0576319635883191
0.3885008852529805
0.40671714600058745
0.29163285840765607
1.0867590662881943
1.1662472731577913
0.8922052818024252
0.09138650769649387
0.33247150971147466
0.2598046054947009
0.34567208493814083
0.3412856216845298
0.2693710810588948
0.5831131528345287
0.05695330186014262
0.02616029096071568
0.32898145177259513
0.08672551143198493
0.035967569533887384
0.28963862864274653
0.036064260519648804
0.027201656851863303
0.5972625342013608
0.08906896983067869
0.22404724950913496
0.9254635563935826
0.13170973067295286
0.8963415555338078
0.6054373359101786
0.6674012554576618
1.08338256628794
1.7086209328883695
0.10635270127952755
0.2759120549564105
2.4079944176225982
0.4113701515957883
0.3278853790184322
0.1786088389949421
0.4598333059405271
0.5350479738002468
1.7805534006692982
1.421560867686236
0.8860587939967025
1.0100804746188015
0.7199350843031072
2.7366558230940363
0.8939939430517468
0.04967944123558972
2.9399383256289013
1.1245800188725759
0.2005090497069861
0.4253652059174087
1.3811411917183465
0.4287164288847079
0.12868063350759656
1.516430053939722
0.3771768449701092
0.09284011434039481
0.380338699812254
0.9979569836084742
0.019522626446112308
2.1240600850575464
0.09621532096025846
0.12276805755193326
0.7591850264037908
0.3385275653182188
0.024574082076775427
0.6965006510705495
1.4607429579224627
0.9204826042776488
0.776650159557368
0.5736208178554122
0.5607244697077093
0.40788165247128416
0.3426393465277413
2.6955733278118577
0.8247035388826797
0.5335971455776026
0.21626236034127347
2.3223978749846363
0.99414980714603
1.2199866262466472
0.2726098565254139
0.14257121068855064
0.039955824473893536
0.3059630243146265
0.6549942591489759
0.36280476701485076
0.5334496678060208
0.07880244567539621
0.4044889457379851
0.7302828672886282
1.3496266237758536
1.4645886512091526
1.0622075941829496
1.3112288368461522
0.5131919951767927
1.5224759990651906
0.7987257213619169
0.33557993276559694
0.28942306726127015
0.4635884026146524
0.3614212187662189
0.24021508675500006
1.457289926579184
0.4654058903147651
0.438139785250125
0.8185134668579842
3.1417035415532033
1.688780443157334
0.4714141751018537
0.5298742672933999
0.5643878982078909
0.07857406958684633
0.13676729269148172
0.1559919703364154
0.4371017895024859
0.39178579518893847
1.1038684616520567
0.2839225125581936
0.2199344661342827
2.22025935576962
0.9084861396547701
0.18272073413009188
0.7640084576955639
0.007962022468805851
0.8748605364914798
0.5345756684367076
0.288541046089811
0.006011304945570668
1.403543044805297
0.07805430377373972
0.6496179578015097
0.36967160721605313
0.14018482088313453
0.11812317059329033
0.3736100811405429
0.13778689122284474
0.07280331010101224
0.6588300939054927
0.3282235555943834
0.21306996819734045
0.5249632176694581
0.23437949849291168
0.17120851166423368
0.7512481329414806
0.5375692383856577
0.27009356891097897
0.25758179226689926
0.9287138661033847
0.6806681853243723
0.6015140418778439
0.6878784620643967
0.5245852642299267
0.07080520954508432
0.1647258147852011
0.001979643007113131
0.1412082574406536
1.125024175097261
0.1911218837649825
3.1523545012933307
0.469174033791252
1.2528360998387769
1.1123613700980737
0.060340862081754466
1.151576278440271
0.6923296303415126
0.10375492898660087
0.9488593816041524
1.1463141650243303
1.6171540793599783
1.2012294968215276
0.4456013559851076
0.43446234868423966
0.0919547132081977
1.167681482417538
0.15210008947041
0.15030090816602093
0.7007094714219689
0.2324021691435548
0.3456153141476727
0.307378730863977
0.2482395039733493
0.3482836168474368
1.0462397438213016
0.9730290689176135
0.0664540217307643
0.471966430027267
0.07644025932447598
0.3936431507200822
0.4527740091828845
0.2452460474099998
1.5893890114379916
0.29907196821041526
1.278718727738016
0.13821767074851793
0.38750267976757297
0.14312130529079622
0.024380415613779773
0.10072486395880335
0.14085366540902672
0.13034879464649912
3.7163769815129464
0.37832342540449415
0.4442941188087516
1.3120943446629612
0.17143828458907862
1.5443981978261432
0.43323299257497455
0.044157507024273464
0.06897648217060151
1.0641712543327455
0.5908185871451498
0.5620831028189477
1.000325137300261
0.00813757161563668
0.0076905576543425174
1.3427409516936695
0.645980392989569
0.5040783789306771
0.42675526945809805
0.7167326942275052
0.6470129616365662
0.3385938602636003
1.0357929594424458
0.19899700579757465
1.8428432599140694
0.004423469953410745
0.8364641627241265
0.4730552534908946
0.03737949011332185
0.5039146226248642
0.39420401442401065
0.05347935790411699
0.11410351195568001
1.458668778026113
0.08038047963039184
0.660385352152288
0.020256116904880005
0.07216339870810548
0.6630591939062824
0.7862126092749187
0.40308384040312994
0.4312046438298208
0.3923399268575983
0.3606628661333211
0.2454290142706401
0.07544960301046605
0.5472506637762447
1.0850067416376779
0.978845581368105
0.19044931982637503
0.23160928682368417
1.1070067571261075
0.579424952497226
0.11705297785104181
1.064807551197454
0.3977633883280701
0.006166348397626503
0.47932780776860506
0.04495690289087833
0.0899712084847566
2.076179152419329
0.46999968857724145
0.18048948394072456
0.06632649742126276
0.2395264678936601
0.06525769845143026
0.34569399029030895
0.9935926286722839
0.26623026253288173
0.846372092452893
0.0989603000078316
0.6105809317237281
0.21501430169704477
0.06366338691403114
0.044461957712043206
1.1875384832497315
0.16864635681448933
0.8047550115515324
0.35932050689386497
0.6658649274635651
0.3764181462734651
0.5655024733384427
0.37306619013094583
0.3544659065607098
0.8118232848916669
0.23358395788247238
0.04549237442799391
1.7490362537784097
0.17095974262037944
0.12557634649798197
0.396208200433709
0.11894388464490686
0.296181947217483
0.9359033869209246
0.05060771835006267
0.23035605048143232
0.9366638581387537
0.32432928228532437
0.45996513056473337
0.17146429104385025
0.454787773764459
0.5625580209270423
0.6403207725368922
0.17631938904376154
1.192974278967069
0.04635390916728157
0.5966248562487624
1.5629380610180876
1.4806486595345056
0.2917222950824076
0.30198970630492655
0.8653095806963492
0.3220219931997767
0.5498422459756354
0.06350564911492033
1.040609075492245
0.07538030034186148
0.11905045036104336
1.0300486578650707
0.014446047101564875
1.203371947376681
0.03320530191788597
1.462281867753332
0.4209741962689538
0.28867230713825054
0.16969742600814708
0.17416753089983814
1.0292301234855241
1.071413190545192
0.7111605361753898
0.6343690412240495
0.2651143654533412
0.8613417313753449
0.46306630420194766
0.34775960820156615
0.4343493780841074
0.2579155016321878
0.2771167292373803
1.6179484738818537
0.6322422333783793
0.20543598063322668
0.7648301983763673
0.41323423155246497
0.07832906046396658
0.8878095095666485
0.45830740501836714
2.180265488593571
0.8870755895241057
0.3071424897655636
0.24930906770148295
1.5625151505017052
0.13826590599846933
0.6790158769395337
1.5739406125220923
0.02797017109335896
0.10895567748877642
0.05781207218504742
0.3570432862851231
0.6967260059515262
0.03642475563580541
0.04639275799870354
0.146840241438837
0.41443880423398444
0.26024474492215466
0.10472472423752831
0.27814371908267427
1.0805499125636235
0.25090409851950957
0.441865176172505
0.6712911662440816
0.26856955500362306
1.0677228225557311
0.9941030849449352
0.8452053042862778
2.55183977554962
0.9881715167758248
1.230711901556346
0.3438661419617105
0.7794261941146842
0.36238103804664085
0.4936679515715158
0.05432401171938411
0.09598183285005957
1.1593665324822142
1.0029921155575183
1.0162229031226369
0.7383638680723171
0.3439740420507393
0.42725529189641603
0.26996105959745315
0.5366079884531798
0.8070326789265514
0.4891397883406814
0.3955974096138063
0.47463774086690375
0.42890272262695406
0.1835753080150066
0.5997879057690143
0.6251674836553472
0.3696022253115626
0.1025692220401946
1.0656533908219263
0.08159152362626428
0.6464901854897744
0.4455481274170929
0.6538079049619294
0.8358766682466465
0.3844959951312473
1.1886407077172432
1.0757823016977028
0.8841508404939086
0.15633155464808476
0.012980323812338105
0.6861511753668461
0.09819805438487567
0.08243537351552879
0.24725495718405988
0.04591036130494894
0.38564826683154313
0.10460203157507214
0.3565067161931337
0.38327226756097477
2.8111281007273514
0.4893842211750494
0.11469787777455111
0.43072208367814246
0.434307286300155
0.6231210927722207
1.8332374643323504
0.44875816180028644
1.2732739875124832
1.857316289025624
0.3359962154653276
0.1054297628829643
0.7644417314749359
0.14974715597410712
1.3086600370414943
0.24703844582133858
2.062200393755869
0.25286245871996454
1.0580067645010194
0.355557837494809
0.03799576257276859
0.39481756339001084
0.06291549967182097
0.28323159748849486
1.788251831963515
2.9508837783702084
0.3239074446005911
1.0708596607217953
0.5184649043057421
0.13854035002856363
1.0150568209985626
0.5642739496598749
0.7928677255945172
0.726099316805461
0.285587942845317
1.1653621430877665
1.4454909108548408
0.14998148603291395
0.741363315628414
0.06229143057698469
0.6646984254449859
0.036908652511678165
2.1258232132027772
0.16256453514826796
1.0197426299492598
0.19946186032551036
0.4798513323918265
0.3129541500900466
0.9190071053451312
0.11813950076084785
0.0971603572818673
0.654292213707404
0.12384588446594773
0.6661947911411972
0.1692620401360999
0.7122605322614828
0.14563966447800591
1.280045078977845
0.3632575065026047
0.14242460151253628
0.8624692810687465
1.0901549982223617
1.2691098294436458
0.629249843752566
0.06539785372457116
1.0604735854726712
0.6445210174477093
0.24117154981799255
1.8046030074486408
0.17897259055803152
0.49262050539756674
2.3575356725389347
0.6761319360780026
0.11916882832763129
0.826394830185563
0.03471272568826641
0.9533254977716692
0.5496338255315673
0.6373232019656517
0.3574263965580444
0.1404585739202885
1.192824530652552
0.7975257975231343
0.208012698350403
1.3747582166996977
0.03766075763989942
0.49212068904784556
0.26991596855018746
0.8236331209197768
0.38503224180229995
1.1610583443451628
0.17236950469953607
1.6559121787342341
1.0059024868693582
0.26049955374269357
0.2392991940565779
0.5028050252186772
0.6218593180085324
0.15476263239873614
0.5286663134562328
0.17640206774509243
1.1156351419898072
0.3546377451916427
0.4442137528390844
0.6031984353286546
0.5114121514666193
0.8613887840227886
0.2603509345796154
0.9247594991039261
1.1332880038509716
0.3118506394074035
0.05931888260839905
0.6225034781641359
0.4477234776419629
0.5421290323483428
0.3625310667359741
0.504488141061242
0.9720438677872165
1.4326266116150255
0.7390054581088094
1.8533104925771189
3.328647647447689
0.20993261280404918
2.120928259664937
0.3546477958022206
0.32801242411288895
0.47062305619589906
0.5615828756278625
0.3325849731764649
1.0049768447104046
1.2208718962725529
1.260435984312821
2.3797404100681376
0.5890579046881238
0.5322877616822729
0.519976189643794
0.19607898471691304
0.12476411037650242
0.6633150708781456
0.683676801356364
0.08262881857039886
1.959954468329331
2.2196776237212577
0.9066412672713525
3.592451656852491
0.9526977648760734
0.27082043995898075
0.3336936634872591
1.1462544449220247
0.06425467468230124
1.0762279008894273
0.5891238564594111
1.2394880272847424
0.2804255763059766
0.05683360712983406
0.08044750306435285
1.0649986585173958
0.28413279458923
1.2596605231945048
0.7336864443108471
0.5263830627848959
0.20865826669029688
1.157683108515365
0.2942249012643682
0.14950197002904778
0.15447483642722004
0.3326815292088162
1.6043480345803682
0.7079116649475301
0.5194226042006602
1.5961258470535904
0.6322031118150725
0.07076819844719467
0.25872813748710705
0.6455233446796649
0.4335375284790404
0.3145051100126501
0.4808236256787393
0.5202048822093899
0.6878506924861282
0.5814762442888581
0.3464043178095188
0.2751028645455969
3.0957695498207096
0.5844290340535246
0.8991280152048815
0.4527204783115449
0.34743341530212696
0.3252941428569329
2.0361943493180816
0.36543524139322114
0.07545450197504174
1.8235703721577308
0.018878525193953014
0.5748521085147604
0.21776492415210727
0.8149937555495268
0.12027033995368469
1.0336918772221402
0.2675010134940337
0.33769198244137494
2.5068166652174897
0.3716717789032015
0.08565517409931307
0.15293863097826504
0.13089737177479593
0.16706424479972928
0.8021450908136755
0.46538145743450376
0.25281961244293627
0.10256564566893706
0.09449337446108132
0.33458001887376193
0.7739175908490105
0.5291804109482404
0.025012778650769847
0.1366986295068171
0.07026706605483381
0.16602520820342373
0.5338911923200809
0.7039762816334733
0.6001945972532808
0.4956640661942565
0.0871601282569678
0.07432006632434653
0.5204772093090915
0.053495231277584654
0.024056947372861303
0.3610901728006705
0.028299108624917753
0.38443410988718874
0.6728529837389582
0.3969805044690295
0.5091710411082219
1.8435733080806078
0.2685618635776523
0.8172087056614911
1.4554386101875043
0.13963455862425367
0.19672750966249078
1.4954637847737187
0.3597359936296444
0.12727639411906333
0.7706825408237117
0.20900631140499193
0.028505030978825986
2.631734916136452
0.3494945693449011
0.23762217386966572
0.23229674208661924
0.24091401674727997
0.25621716836106445
1.0770581077264543
0.17822764681134676
0.9994563053155948
0.6607868522520395
0.20960303550026865
0.5880334540138193
0.46446313753010116
0.6906694801827294
0.7402406959758354
1.8301249777093402
0.8927270956357214
0.16855885681913327
0.2595313147761838
0.9787865649307917
0.9787714507212206
0.6695295506606308
0.09823952941645721
0.20733872049567717
0.165177807722195
0.9703464799885821
1.4646602181819623
0.47900855402286974
1.5587548820119865
0.21598169503112136
3.1749582392150595
0.26474321951143076
0.41170158072354085
0.17109665653000303
0.2688086109548501
0.598871062189877
0.8485099193051937
0.6503961835426563
0.9841291880458405
0.6168475658023842
0.49470060810423155
0.33123677157535064
2.229008882747933
0.423656964447283
0.7047881817019059
2.2608987422114573
1.0449006751052612
0.2802799656169008
0.6548289459023122
0.590132801851544
0.6046012790325244
0.9707538846352889
0.01406468466069256
0.4179434086574951
0.3106871517466991
0.04475708140553757
0.11866257908641634
0.6574782882236978
0.3580170349354737
0.04573396613386947
0.14906868154843744
1.0166783393565324
1.2674733985106412
2.934191475539662
0.20548892576256506
0.722565088326659
1.415080334795298
0.3720116115764947
0.11723598043052139
0.7406517768017115
0.14512854104942374
0.09571912193764653
0.6095513334528685
0.8029457118755209
0.7707204872227905
0.8328831048114308
0.17153472168032122
0.2630287235298672
1.2614031142408777
0.2687410183989621
0.005548770007844271
0.16491997770285252
0.6810223654606641
0.46207049359677593
0.4199554745245889
0.19755902352457186
0.44057457637685793
0.9976401736020369
0.6280546554423586
0.13717737082276824
1.1320433998652562
0.13973642397420616
0.28330598406588975
0.34814800750827046
0.5015049330605739
0.31693938177498104
0.07310063686360108
1.5723849052279306
1.6841892030176424
0.9389134875630933
0.5219302894589135
0.12281535603948093
1.1783818643398698
0.09137552169668413
0.3016802878413266
0.6693821990427408
0.6732458447038666
0.843257149409665
0.14027211252836966
0.06890825352459964
0.2990668206560293
0.6281586420807297
0.16456430540815606
1.2976009363871481
0.3928624841860062
0.3782496549150035
0.33829751406426717
0.11468715105893114
0.17778814137258397
0.6975060292460685
0.028429491514882457
2.368067358770877
0.544576086536751
0.9387274976903702
0.33102065218960036
0.3705631193942936
0.7870143736266478
0.1730916908047474
0.793275391679682
0.07223817745921238
0.5526436806519405
1.05894163274163
0.5300881177653057
0.2034797687155143
0.47036095385993804
0.11485474897406678
0.8243360638907588
0.7489162553355719
0.32595741728209704
0.011731310995531343
0.9235526917793802
2.06503920474667
0.06254545636045507
0.848187208501211
0.459016446633209
0.24080420537148942
0.4813893212230686
0.6845954427374349
1.4751723578535603
0.7872243532292278
0.5111527138094378
1.0248853749743678
0.049021332237205985
0.3503178631045834
0.09988030205322242
0.23826291851870987
2.360940312963897
0.7132067882599632
0.08204161106636094
0.18518413491328287
0.2997965751957713
0.5313533256455822
0.6561540899037651
0.7875769393402734
0.1920768104576267
0.7001661724022481
0.2596476592789169
0.03341514804931068
0.13141732737529477
0.24339327161826727
0.2701276524544702
0.8343038166916054
1.5778868228347285
0.17514826295956284
1.8231481770038551
0.7801379357905862
1.462967272731993
0.24962441129121973
0.8084606891307797
0.3815857637141608
0.3257979909949552
0.565689455411281
0.8697763072177256
0.6877227385458224
0.020333579266113597
0.22976072374861584
1.7895802785208208
0.6775916226279859
0.6525224638583532
1.1326810023420524
0.6161630301124875
0.18450741075441912
0.4524933567812404
0.831773410493452
1.0220331504089315
0.2838235411854259
0.31954178094654434
0.03154636075630465
0.2539104387523139
0.1700581864797165
0.16482961059296322
1.3686151836359448
0.6257162431567621
0.37570702245186105
1.189851814853711
1.3797485034529158
1.0011408005310114
1.113557035476975
0.24249252494258997
0.32317703661124597
1.0586972013994476
0.839500555711055
0.4262781322056909
0.9066135895999328
0.09558941130381708
0.18655940673718077
1.737988153139055
0.7399610085246613
0.4018800782771372
0.38666584281765487
1.7828394153608165
1.0505170568963
1.9327931237814056
0.1963870055614139
0.8516599657684278
1.2418589753363614
0.5147385247609253
0.0370030736588753
0.2917310690183178
0.2417559886449083
0.34130581254270415
1.0923148356694994
0.13716556754898357
0.039053988418119134
0.4062279673238795
0.03311581288229628
0.020829589215285174
0.8183736925506848
0.4390366783959109
0.7168156250030557
0.5624913431598301
0.809220357299295
0.8675533862769926
1.2631933503942365
1.0439112026331012
0.0890220625720437
0.1626720878989728
0.10686641140023365
1.1426014034104741
0.39418184474649676
0.1416499394986546
0.03858357510665029
0.6632038083487507
0.10088466260603396
0.06912228425409292
0.23556358730162968
0.6777657925334587
0.4901774450456308
0.32123472446385326
0.23538149833262048
0.015514582744255035
0.641603296118138
0.11613473679410571
0.10494197468095944
1.6129437575608243
0.057812715175007405
1.243982708674391
0.2978791029153407
0.055598116168669026
0.16865031540620587
0.5021188197964
0.5164274012296061
0.2846490825098476
0.8477463542134442
0.0519876687807198
0.3301308052578966
0.3892153262006277
0.14348291189984885
0.5851318281706545
0.07467039462772655
0.08206013218622073
0.1466833447361341
0.8845259127598433
0.22993684767103229
0.6035375154007231
1.2985744105335113
0.08144661454689629
0.03927206084002688
1.2451480537970683
0.053289893911193355
1.5547541501860733
0.6470205016788857
0.4790409367745708
0.1777857029833445
0.4944469559825077
0.20416275258656724
0.21574725910407125
0.2859594515970313
0.9408612437319253
0.3981635867356453
0.2887169478132932
0.04483614410053586
0.8990388910884043
0.7218538458493486
0.05946945182592824
1.0283254827110084
0.6022549930558974
0.16966854750551041
0.15072676672277452
1.46203582973966
0.3140361252465895
1.1177632405542546
0.8902331021702619
0.6431985933293027
0.16747432971184087
0.29340312343110536
0.6707516440467673
0.7313081222043176
1.4914219445543926
0.4772539759390222
0.185742409239269
0.4119943100728774
0.7764236760798555
0.06987260869707324
1.2207225333515241
1.6237925144253174
1.1267599385400804
0.28287175953377514
0.3506902163462783
0.7820727055877862
1.5016312166525052
0.6798535027545001
0.3258834858788976
0.6087368866152232
0.3720220542049707
0.17178227279838096
0.2249402508058279
0.30365684200211635
0.4168244286371135
0.9770975766635398
0.1870206907570564
0.24920832185636113
1.2837938558722704
1.3221105809151625
0.14950246644019663
0.6399691316807116
0.794343661898106
0.03689746151348621
2.7523028707362385
0.0749076384061699
0.919591402218186
0.7478670994968096
1.4470159983134219
0.925320806664869
0.9316879377477769
0.06183125504913394
0.5035558649806383
0.8380368297469077
0.11833097529370656
0.016315870091338606
2.1297584910237464
0.1576195159558822
0.3661730730345342
1.3823370928358107
0.1989493644182997
0.3714153180876897
0.14596703564487537
1.1736150817527693
1.306191527626658
1.9378812239724685
0.1495333679836254
0.8765100908457528
0.37738502726374085
0.06397426049591526
0.3511054797438124
0.33386155822740743
0.16242593662096794
0.8812126097924577
0.4409644885557204
0.5618641769621375
0.1416631076294283
0.5576119083468656
0.8619409204845396
0.4971089317432218
1.1638432219252322
0.39591648109911115
0.14961983796252804
1.274791798411329
0.23480610473192437
0.35529569843408515
3.2457788667788194
0.633607880661677
0.5865182433122639
2.252981916562796
0.24070606411858814
0.3006860730728096
0.6967183975677664
0.02360155021088146
0.9242842106952154
0.3570841180792737
1.168889636532953
1.9121548429942987
1.1459241625282608
0.04780098330453613
0.4813821166686235
0.6056845225031148
0.13387545722994879
0.14413030091712095
1.4695868996543562
0.41667530330569086
0.4523814539618575
2.3036695713741313
0.1643041682188605
0.42633589358693047
0.4822148130993114
0.9302403917145555
0.7390059531848411
0.6375466076055848
0.23405761128090471
0.12050891533209354
1.1745078937422468
0.5596294644374975
0.570643204445893
1.4830662789243194
0.23919773696193214
0.2761361904806529
0.9159239894930437
0.12221973088418757
0.37221104206820366
0.8238197593672866
0.28186609466096185
0.6586942432136957
1.2101473134078282
0.3890843046483745
0.08323638781045985
0.848885550512815
0.221666089762543
0.2677954816423552
1.7985423874835835
0.49317291710148103
0.40944405170914544
1.6240504135149108
0.12795227659941397
0.11155571892990539
3.478398869692026
0.5500020619796919
0.16588434821136955
0.29975771541483404
0.32837575994308305
0.2898600613893415
0.25833590146382657
1.0040146624434962
1.39913407021465
0.3771685771483775
0.11773165764263509
0.34682696082870607
0.43576356750905665
0.0681025650052189
0.2225803257251623
0.7067235157392641
0.12340371721934744
0.05015513319819497
2.698945541425743
0.8920002869527971
0.27333833383927486
1.9162405752433582
0.6008759251231619
0.20320099017023716
0.690178748177266
0.3854367700246108
0.221399139160655
0.3618066582916902
0.6399997395514706
0.2758573344613652
2.8269400064690515
0.4271204722170509
0.17483731165405164
0.4597909268847992
0.23272797819381696
0.245400903517741
1.332675997256016
0.2791138983207508
0.6622457610854464
1.5603855612659583
0.15534885207116003
0.24693813173582357
0.7779841163915417
0.8018009882725355
0.418803779440279
0.2899162930931706
0.286547609285445
0.23727064130850575
0.2762143088030343
0.2395984036922076
0.23011582338943523
0.8778357990917248
0.24580720827531038
0.29831476626717085
0.047988067207611264
0.10924557683806642
0.012759261401667119
0.28467350398731434
0.37188343004283936
0.615941124206645
0.9740484173714717
1.5608088504060607
0.06820949056694132
0.25069614022213677
0.12716771709150104
0.06420705430319737
1.8174519920427143
0.680017625881991
0.8090626384411371
1.09204833713038
0.12350715210080142
0.09320040446063364
0.4565412319138177
0.5549385166038158
0.7012329632932045
0.36564313715274127
0.21022763983951195
0.40088287126433597
0.23707112027605393
0.167331425035106
0.13889026307139032
0.48958881497394435
0.5598868044244634
0.21017386816254013
0.36736983549106167
0.009685722890168476
0.5350198791380771
0.3291517194053713
0.11992178284000998
0.06566279218427772
0.5899941961413367
0.13414390790428546
0.9486842225076778
1.5375549646897682
0.47171627810040356
0.6718913199988462
1.1685788766053578
0.07923418266959915
0.07186690728210014
0.9920270786314186
0.04873839427565228
0.09245448079393638
0.59455149007167
0.845695667023334
0.32398897723958875
0.43143903681294965
0.14086588842185166
0.9816663552952739
0.45167688761905506
0.024954374293824275
0.04898599162125203
0.3060790144646473
0.0433734045082981
0.06883710711542078
0.9137258449653873
0.20872221989418283
0.1440344104002767
0.46953108922131803
0.1357529196150454
0.181581596696233
0.26186467322154233
0.20474543626509775
0.4708007648336691
0.9507286239083732
0.49944682973047594
1.5213731223720801
1.4891264460644436
0.29404261500447654
0.9543126207466005
0.9171103087965485
0.5585853728986647
0.3521053264661917
0.971304905601776
1.7990029230449565
1.0526386811190958
1.1616412726075804
0.06354631804563206
0.08688513499930946
0.7464695131556555
0.07527736272516597
0.3059508803831179
3.5645026788571617
1.664502485476467
0.6916765387231366
1.2546649296863286
0.16367648843165272
0.37784681507252416
0.46104145858856616
0.8989756241600515
0.5879001964090691
0.8495848946480064
0.932862359527466
0.4672502256514334
1.6747879734350766
0.6796304797201358
0.03972634394258233
0.9229423254268284
0.34910960444683353
0.08427706727065164
0.5685202928710493
1.050612999865868
2.1322356679310115
0.3072594375203339
0.22253346638720137
0.7741797829868866
0.1704426345500081
0.7542070750009735
1.0524138452034453
0.3979523433584742
0.11394064025905402
0.3028323617634548
0.6893128497245427
1.277967346074321
0.11093224110331541
0.9023887192870369
0.21443680110149405
0.006907120696849186
0.8124651322438009
0.07921342226059061
0.8789829472796511
0.39730110487768916
0.07280384121970111
0.17728748621916418
0.8903398081516022
0.05516785989080631
0.5729266460403044
0.2566912509214938
1.9069067334217675
0.7293098101127696
1.6560929395433137
0.9972460216906393
0.6000790792800699
0.08805426476735717
0.21667396591231666
0.8900329525828978
1.9573501708937409
0.33327057067542737
0.039629258834201056
0.7691613777380254
0.33469326783374626
0.19015838602355417
0.7690211357562814
0.013066644904021964
0.917171608988955
0.4209506429282201
1.0576242601548111
0.053545584863248334
1.765841293723972
0.03293542453423632
0.1813937802315902
0.6709855705779421
0.7947155935647603
0.36318200047550603
3.2578958342644366
1.5431707620868345
0.45451151129898065
1.8576596498372575
0.09404960230782708
0.10159859247717314
0.03181545426579047
0.21873541219986456
0.5466639944815627
1.1554881312332472
0.46667376847317976
0.46312264855484225
0.5774364003181138
0.7132697051137531
0.26775094834401075
0.7208084867344263
0.5241322647351679
0.12050992348281277
0.24261073355913662
0.6633106039649784
0.10502068022702678
0.9479284831911263
0.4964403760550426
1.4885700976358445
1.1224808247141254
0.07106520537965673
0.09088807492552074
0.2814608230143027
0.5048554511844116
0.28525926660005824
0.2662835994647501
0.9710657860744949
0.35789327623678246
0.8874709036397473
0.9740205849188565
0.10582021003754748
0.31109514529880167
0.019645182844090888
0.41171675343590647
1.1329584421141958
1.3187143669982144
1.5560454290490202
0.24452847184504375
0.20328376904754333
0.05280567603339404
1.8681774273463327
0.5862008551529613
0.1459837283023571
1.0695660086882657
0.1884510225059737
0.5425537965156153
0.6298158183510562
0.5502919252328548
0.7513176349588715
0.33038287159685154
0.5272878849152818
0.33859670380166457
0.3590563078935609
0.26244717156199915
0.10019383987794603
0.8956964926472256
0.22302973141691457
0.07166468013832286
0.3468915465752446
0.08066819534109636
0.12562547479033734
0.22300461276402878
0.7091469717725324
0.1231755803502768
1.1120430590770636
1.9967228029957602
0.32227664564159164
1.2204611803420498
0.44361553727934044
0.09494858364581793
0.6730871717587542
0.487955411212619
1.4172523542677586
1.772338241367927
0.3687628834311303
1.3698140623052864
1.8014855293585939
0.3073498901002063
0.18465792577979265
0.8418682421716285
0.20137687052748157
0.36537228440466735
1.8321089914286282
0.33474004713734523
0.6704031762093342
0.31440843881884595
0.15765524456439559
0.0721764353266371
0.9841555201492519
0.04447471852250104
0.02390262675814984
1.0029118667530408
0.17586365992543368
0.14886721415242454
0.526549167917092
0.24626594274583885
0.05426448307266833
0.8509113717371518
0.1515044444660177
0.15647794085126412
2.1577591572717045
0.32271149816401107
0.033276904054071035
0.24817750524744528
0.27705732227555824
0.04705380361803869
0.31366450484562014
0.5870813907965101
0.7677450686552787
0.6855975013596441
0.48034296953282357
0.11055622052756629
0.997635150796264
0.20408585766159965
0.20849420538689156
1.119151611787727
0.07194808684608664
0.21067113555543104
1.7622015308113907
0.5504306616034124
0.355086048381213
0.575292138332792
1.1566183248965756
1.2782171604300347
0.8457827544941043
0.7320364364402916
0.23541391048631355
0.5433870122247887
0.3074714970312707
0.22113069217925466
1.4719266614153044
0.25465943374160976
0.48610664182265223
0.5204279844070615
0.42660737163409373
0.3267265068694359
0.5887450956918997
0.3757152693325733
0.5269258067746296
1.2063074596853094
0.14465686360948476
0.7516997675991537
0.8878192357559751
0.014257483947040463
1.0484169473272371
2.1473330992959703
0.29338400900228956
0.9049952202043817
1.294521184439022
0.5271379231079805
0.12116341026583653
0.7759680085118098
0.5168250793312484
0.7139000069425679
0.7183224145879022
0.1276839828594108
1.2058556156054359
0.1943311846759829
0.047319251470103386
0.06843786237858569
0.19689219570150351
0.1500026271836259
0.71056301319229
0.40384061659189197
0.28139717348817955
0.3779602656612707
0.2670996722131517
0.05450061765212385
1.0002747867090689
0.9033455462383623
0.5365832725730366
0.23995345627436898
0.4770267791901268
0.12123105359315293
0.2718911166225623
0.2764259291771509
0.21056073121420055
0.4100538474086611
0.18949626522156363
0.30248893042501795
0.017593028800770003
0.0914996926254118
0.17807210934461312
0.4333846801226248
1.0539275272355804
0.32533187931856117
0.1192365666892847
0.8544108193852936
0.48325366672421727
0.038600290333278525
0.2411574504623544
0.39699423777674897
0.6520369795836956
2.8401226347677326
0.5394406199854443
0.34730851896246434
0.172188939083444
0.3320159524157999
0.3316918220023781
0.08886721387120056
1.1711925535109649
0.3387252546480355
0.03489573419546041
0.022598160066505127
0.25597357807798626
0.1879436445853321
1.1910876239812054
0.10299916387274329
0.3850436533048022
0.4544115770601533
0.41368328559622275
0.5110042898377246
0.8727708830738866
0.05462139600108435
1.9436907969081358
0.4652629377613623
0.7272199601264674
1.9857677376774967
0.19273054652622337
0.34700960021480803
0.764987612292824
0.7691173778646453
0.49755053127737886
0.7657740145590017
1.005062081955805
0.27689394474223133
0.34881519813814293
0.2883064926068013
0.26558330737163566
0.20624342837385584
0.33430252082938683
0.3185786577344064
0.45088969987741717
0.27000303309676843
1.264760287505743
1.3925671871229182
0.39192136467191413
0.16349033576731023
0.2823750475088892
0.06809495568126116
0.4051083383686192
0.04174424165716244
0.0511252016962132
0.4867296504227675
1.8905601741440323
1.78526893647881
0.5418220389985748
0.6684993544031613
0.24741577046415592
0.06790990871736573
0.02218526238199968
0.6124542317185014
0.26490757260306236
0.6071741767181988
0.4334928236837262
0.7872099789964865
0.32183714743233205
0.05388522331705393
0.24795944429457467
0.9542289771725764
0.2875620516743292
0.07319256877397652
1.1356674821547195
0.08212393614053454
0.9438314061377412
0.2573209172635809
0.3213115279457777
0.07522859401298776
0.3383508301749979
0.16848007402512252
0.07852787278778398
0.06099075630681547
0.15136642789365157
0.15351191492350003
0.0005360485968296247
0.016602653666066374
0.04915088881019793
1.016482413149551
0.4140550391777587
0.4608249127003428
0.05562722206145408
0.764329958287565
0.6109311128233095
0.13937544860213563
0.11625944644808617
0.019362114911903542
0.9267072522654708
0.5465156144385297
0.5186009866254045
0.6848068612200467
0.22331953355412953
0.5434458769625238
0.5076618119180599
0.17262600796649913
0.08342947670308397
0.3939314419702437
1.561095417574969
0.3237662272401646
0.40869156022282815
0.101376335336272
0.06837099582370973
0.8517065310943174
0.048174837616417804
0.41732561146887764
3.563561345324658
0.38270230521333126
0.5044287910478905
0.607397820268662
1.6474800064217188
0.6150402751301246
0.8029603511731751
0.08325376535925642
1.2833269486464893
0.9547481576019698
0.2936281870541932
0.7936387377628803
0.6869096957883857
0.0731766272132586
0.5349513440237047
1.446874246964584
0.46071290925001257
0.14386369723566922
0.8751512575773376
0.4603411899430694
1.8213202667960846
0.36777580555442885
0.23169250393329735
0.871144580298128
1.1399907736333563
0.5955498126389446
0.3896295025684881
0.8325426521706384
0.5699867842094433
1.3937161605756776
1.9808602743351238
0.34395120996397033
0.0705987586282138
1.8610936260499404
1.0208755401588152
0.013640739257914467
0.5423575532016981
0.044904261715028475
0.35506194239768296
0.47705187187187
0.47451107670576653
0.03742589558049751
1.1532307295917452
0.5877457317116013
0.9591910116281643
0.07795328562928597
0.3047547944516502
0.04165749890130901
0.624691452830461
0.08937046607479444
0.04904545861748927
1.5529293776296824
0.284121110906503
0.13948482606849857
1.1526541311338119
0.1510633280699704
0.21959527499792783
0.7308750500855001
