0.190970613037066
0.45148966562774145
0.028632057488596818
1.0362640705689716
0.022265795168889276
0.08274342398248725
0.2607690091915666
0.9486052961930103
0.5054504658581986
0.5668609551322509
0.04275954311889644
0.06683319281875826
0.28547660591407886
0.0530525767566415
0.7176239620803765
0.5290880565077543
0.2184375482199369
0.0969090598486055
1.0568121012489575
0.024633574654004325
0.09594137472120602
0.3372422575540908
0.07931286633340914
0.07392121231958991
0.1731756731672334
0.005527919622535106
0.014513265084330323
0.08214336283492457
0.0030822370103273577
0.5649560399137661
0.4012038458983574
0.2638658011721518
0.16141131000337122
1.1688843715971042
0.460964931729361
0.48209537653696644
1.596150296819789
0.4859387489041583
0.3740689265521072
0.23294185093756062
0.21941208339773102
1.452799276021966
1.660582091332583
0.30350799838528125
0.0812449130093766
0.1876790064507863
0.06873675764182245
0.281269457387207
0.2492909684549843
0.3523972653407218
0.25746327316287476
0.5921208003095546
0.5101963653663292
0.14152907472766738
0.6626593247092311
0.8690466614467673
0.4743469107260087
0.4380732977155133
0.08270810224324636
0.1900953976812955
0.5939880072880773
0.21110086044183377
0.32420963500003297
0.9557060993433201
0.8102222675486136
0.41098249442776524
0.9749379840881236
0.21497086701480253
0.5232825153789789
0.7515774265479469
0.06925992689008072
0.46791578110724025
0.7594628194691744
1.850853739650398
1.2148438416367966
2.1332431421760116
0.5490299328426348
1.052586086784752
0.6947776076807279
0.2207299628700079
1.1037581768031697
0.44392351421378395
0.10977721457774028
0.2149910280130029
1.2748781414268942
0.6905091310655374
0.3199866015561117
0.8257517105631954
0.08627966380183807
0.9466324480575297
0.4934349767691424
0.1701118820123486
0.4604234288735835
1.3966170426997042
0.015635659065369876
0.24786464109034828
0.11401881937280929
0.6477489759601611
0.3585325000528138
0.12925499514637628
0.5999006751052315
0.19752095380808116
0.9617372367460442
0.11229934019660116
0.09851571403835155
1.6081339340195417
1.9849462445136221
0.0585922090689581
0.3325757596487781
0.09843786555218781
1.5895630330458954
1.458169390179971
0.7868461266994659
0.0039431104711728955
0.8415128433200242
0.37892392643465916
0.5484259155483864
1.85440696086525
1.2940960632665093
0.022763945336209967
0.38135751555976577
0.051939286439889376
0.034140127127842
1.1377451745734757
0.053200883000131476
0.4526001243453831
0.9774124702917804
0.7706748524086189
0.7978091975541634
0.6226669518589617
1.0091604301616337
0.20271140629733211
1.1157886712269562
0.3393895421477178
0.08522989611683006
0.2929099264015738
0.09359705348503607
0.13875257743852418
0.45875601181577874
0.33450830631444173
0.1977067519027736
0.8929250460238742
0.19255078321540867
0.19869228670655617
0.12904902242644786
0.6471725919922054
1.1375630850489928
0.882579131048121
2.677621895737213
0.6717393026354691
0.9709017062727747
0.10480736712484864
0.9628135380369885
0.5219597433145009
0.1683079871317103
0.20525622446319308
1.533634515447431
0.25641252490137767
0.301810534629188
1.5119068635263258
0.30647245334757245
0.3851511433728043
0.47282380588492046
0.06754484391309923
0.04223668982558546
0.25460174592026774
0.17267072326752642
0.3275887038562023
0.8262269096524034
1.1808445104366856
0.5056533389062768
0.24126563776018378
0.707309687252892
1.3353978724065574
0.20150049477049886
0.3031655472625459
0.8750487542634308
1.087133688460439
0.5518816297203277
0.13269881502751174
1.3931759028047388
0.0292140631281262
0.244557137992441
0.2795797143807583
0.2430073355458624
0.10408569908998824
0.9377291462936101
0.18647623452059833
0.10603129471064948
0.3969224126239385
0.27534069379295545
0.3533699721269267
1.1350636175200486
0.03325516630378244
0.03951334201277886
0.6753694080419835
0.11315845352308675
0.010641889787335016
0.6774118941731702
0.8245329675910171
0.5646059144812314
0.3574036294952284
0.1394954211561682
0.5311194604491425
0.16712416912704506
0.007794253404763019
0.5016903649731895
0.846975047760324
0.04643578294244202
0.030979277427763557
0.28450190223440025
0.4282829443276674
0.18664854017628535
0.4780274730846032
0.643386230009753
0.16700038178118484
1.017655545999741
0.5195116712232305
0.0614561032579575
0.9643576846885741
0.12731914734717545
0.07902838980932606
0.9755449265989382
0.05817932846563494
0.09843595799657315
0.7525381454311848
0.47430390367311
0.4081029501780222
0.5937101039441565
0.43807017574910523
0.3515744400847819
0.3811632945064129
0.047309317164449076
0.056311782158008576
0.5772638111469468
0.0649653572836285
0.1039975920755849
3.5255808019336468
0.13546276009222005
0.4118367951213457
0.4795016825396769
0.22895786384989297
0.27244172685584955
0.08575421582715996
0.394508174583408
0.01636062919533843
0.4674368063434246
1.1125546454508917
0.27605979807515135
0.9721557131207397
0.48748865479973885
1.5383144107809734
1.2286977828316643
0.17913404045721282
0.8905105093224724
0.26003414002784
0.10755372565095452
0.09249083887090119
0.5297897724438415
0.3467945854425512
0.03297247083974611
0.3183757065663542
0.9757725381415435
1.0522798132315068
2.3067231466645786
0.35196080676213215
3.202818853574658
1.2906841487095595
0.36086895857667617
0.16020023191277685
1.3030483997820947
0.12309855289396526
0.36978308530577547
0.7286478148117408
0.14847463690014018
0.2824722576025205
1.1416321959159734
0.2777396452024671
1.4564907941822132
0.51709445322211
0.2657159340924036
0.5360391550861391
0.18060535997493415
0.34920293595761864
0.09274580664436577
0.42298994611706636
0.32003287841371675
0.7162500765488526
0.9526215581762837
0.0842609663390897
0.2927059460825005
0.036000633263915664
0.31303639562751917
0.07712428960963619
0.11475749977718631
0.041796766108457374
0.051984215079616446
0.4491624735390735
0.15952055990289402
0.39549792363165803
1.7291545790608556
0.22113452662648322
0.19657313043585298
0.1932401940299489
0.520429736793004
0.60869606718285
0.3926749409558826
0.13560858874319745
0.23001539036531518
0.17926441223774806
0.16241437431652983
0.2478469284046499
0.9242506596411717
0.5180305760196521
0.12041158320989699
1.3422314869278158
0.16759466646068424
0.19917194013012468
0.7880530300088818
0.16747813591224484
0.03375200173226186
0.7042334388963927
1.0037365676774896
0.2785171900255154
0.11095535291901042
0.06875685878530467
0.2575688382979688
1.8413302494253825
0.687938107759834
0.09502072147340544
0.5720201470548618
0.06378664488108092
0.15334468977579732
0.2711148373960119
0.3594925300684726
0.0911082258023322
0.4560436177643875
0.20425244236264775
0.9371285392694298
0.7577562785800173
0.10110696574221685
0.06722574616838586
0.8077222617121581
0.27528819117398406
0.268053399649019
0.8651579065643119
1.1283647539550172
0.7248815850652592
0.8720276715740721
0.8710395091290504
0.4567341921383759
0.786652964578181
0.48270378336739606
0.8293918682583833
0.518990983184344
0.31872121198721787
0.06005450842515508
0.6486838886054623
0.13122088442792074
0.5478082059844025
0.299530402718451
0.3158719340133659
0.05689054427836397
0.44071565011790337
0.15021443935528828
0.3514043769261782
0.6208518971135363
0.3525569440813246
0.24805904816786142
0.6676645493616806
0.5619756350212852
0.7872135223512327
1.171587698298176
0.012540405219765424
0.10787186884540871
0.39778160944936763
0.9423612926699377
1.776622464094886
0.4615760460482448
0.20714849877044625
0.14401576615203926
1.0886898860758094
0.3804358687954916
0.8307473062576989
0.6740846433500698
0.3777544386712977
0.2966258914328911
0.3244047585711828
1.62316334559714
0.21595614919083247
0.7746175299556513
0.26257194658542754
0.17958573604670297
0.9763314969331657
0.12326943615506425
0.08353812250495055
0.9241219056703649
0.2893445767049542
0.1865390763803602
2.3742286595917177
0.3644811138337921
0.5705812324940409
1.4157155495255225
0.05864136568097061
0.23751091966490462
0.13588055595677342
1.1883111213959998
0.01848033863178483
0.31779005241218194
0.08245445069219036
0.2748094703701189
2.4064670276665625
0.11589126412472395
0.14483587713981072
0.23931653059460847
0.351015102501725
0.11517827406210744
0.9732478731690004
0.19676529065592704
0.5142183109674241
0.6722636674357272
1.2132492222870277
0.32144683736725493
1.3402517104540557
0.6017897889333963
0.6570725565039879
0.8078742234060579
0.3397346529077931
0.14157608342746963
2.4033553840917214
0.0025071238008807974
0.03937489694297492
1.2042463750095393
0.30801987092264044
0.37660968357273206
0.5500872498549768
0.3454556300150502
0.28520960219166075
0.13456993928962296
0.16140201736467455
0.21581447205388368
0.19178966176615442
0.08394972642374815
0.5129527080691115
1.4328149934991221
0.41305924319420184
2.015554668406375
0.7816332827370778
0.6199864835041866
0.16514142107392502
0.8823538102299157
0.2151405178538138
0.3876603690317538
0.024787519237474524
0.48714167978519896
0.09156538827657514
0.27766902480108535
0.3760385231699446
0.261585168128098
0.9660196174233887
0.5237984857031176
0.017511018631971898
0.577879165507343
0.36104244024536525
0.11994410809754273
0.9917116892418908
0.1395520156723774
0.040815225018052355
0.3147286327647313
1.1886940349590007
2.107290396020865
1.1718539508063133
0.30764879365709363
0.03191618250446673
0.46095549878874453
0.09769162395034427
0.20146175250339277
0.30412364319553264
0.7927399792933664
0.08915961033392095
1.1352754813700043
0.16487090521843484
0.19477256370867765
2.096446471095034
0.03628061027945359
0.4498221887170861
0.0022113512857046343
0.9679531728889011
0.021705486386965775
1.5702571137200159
0.08288356671081995
0.3754117733851184
0.20155524869321736
0.8315045324254053
0.7965649213391959
0.42842509585536326
0.4718994758952473
0.4898996969642924
1.4363979572377854
0.2838338921215402
0.9325442426530336
1.098282858139344
0.010261581975337525
0.11089799983602198
1.305789038861428
0.19204923204473548
0.09157281110016717
0.878683716023979
0.27473344122064086
0.09859750275021575
1.6726332310650032
1.0983578836268686
1.3793532881016184
0.2672388483724465
0.13597893549147347
0.240670384173505
0.16951987959070428
4.537647034030576
0.1637556628199431
1.013111676174401
0.45806194534230527
0.5134236738267124
0.3562283258047743
0.24194987604196985
0.28073242414622346
0.3566873966851218
0.914762123276618
0.11020297289269258
1.2773772658180371
0.13866423070655406
0.11478554020518894
0.8545083408921142
1.0161138883309804
2.0405629774158958
0.6681604055693399
0.49063844058277833
0.5012257001492071
0.7023347833852415
0.12218901346730204
0.40831860151226373
0.23202924039225822
0.12935193482829782
0.10268589787206706
0.43922547163679926
0.38058081692064333
0.31393792030555895
0.24093513684393347
0.13611507546346038
0.9403500643605678
0.7705605861188425
0.8012476191684703
0.7834771256827393
0.8532225152166105
0.008036021895165295
0.0934301134038396
0.20405839065062004
0.2103940205123648
0.2626394717628648
0.5921012259736066
0.11245705963125563
0.33306821618282895
2.303855496678215
0.045870895678872654
0.4242396544627596
0.6910096229833378
0.06387300726993969
0.2920806116848301
0.9130823424762456
0.08305762293472935
0.32337892325131656
2.745550503576721
0.567925737744336
0.873329357741516
0.7774362689967912
0.04764281414224229
0.8661602019781157
0.5806183423846418
0.8537795917145988
0.11653994003031498
1.4506913840058278
0.38805674841834087
0.29672014814790726
1.2416743114253588
0.40737474602414925
0.0057263349139991555
0.0737179850870108
0.6863624783304817
0.40719135620829794
1.0736377627193863
0.9662469738732478
0.180469776449255
0.7032602463902035
0.022147956825923475
0.021032990912067343
1.4108573814763599
0.0753595478241112
0.6731819782473611
0.4707996533197772
0.792674764874793
0.5716705026070195
0.1198251700159958
0.9298550092574106
0.1747196397309059
0.4239476834801682
0.7404404962002532
0.11517992338516156
0.7729270850793868
0.23569058556140926
0.19405011908899172
1.8751444274826095
0.858016429672589
1.0015003266623195
0.24600747959573155
0.12670129577856545
0.12530446230559733
1.730729211393786
0.8881178219264
0.5189400794627703
0.2923738124987604
0.03736178494434529
0.02081500398696455
0.5698118179572875
0.048209767212636395
0.3657518969431795
0.20161385252908237
0.041771779865368154
0.2867482468932541
1.9836647168737336
0.5913420751174601
0.5293530188589053
1.0707607631322713
0.30223430345315366
0.19103370886419513
0.67170281863105
0.2112164569454276
0.08054288669539786
2.132812828428004
0.6022087219958231
0.1650820464635846
0.9598460128988135
0.022312696713840487
0.21217999184081657
0.3430130826926628
0.022463149138240338
0.14756771043918945
0.451375598403835
0.8151642889350919
0.5232391612985837
0.61853424077353
0.6114191396261883
0.4007693347025233
0.697027032999989
0.12818395878766545
0.680214571983628
0.6161957481270394
0.0708571691588422
0.17048654038612446
0.9007358511581506
0.3412926053204805
1.2813606841997118
0.8695422682431004
0.24279396642164977
0.06110599788574657
1.138101872732005
0.705955779730694
0.5209991479575196
0.6289742456534686
0.10957716771018239
0.04646995324025397
0.4832548728171647
0.3477993645665649
0.25397309864993034
0.08446187521630599
0.33268138997475005
0.04382702467478683
4.0037316659036835
0.8587744813931658
0.2861676467245987
1.7159061618942844
0.11213593142274415
0.22650358515006544
0.2860290886655506
0.1358120503282852
0.19513805357100913
0.3008195941368917
0.5655845941232677
0.0755773173806622
0.3169642921665596
0.010953899524833232
0.043913408358002656
0.16744421592944622
1.2448548523731584
0.01243355209529021
0.3412923044259889
0.3057384966820304
0.194592233338386
1.6852622029647393
0.08638386801072967
0.4847586271052077
0.30115717406857845
0.1303949377279212
0.6425633366154649
0.7781689612081784
0.12056663576540576
0.03388603133390385
0.6940173493481193
0.2128458523651553
0.5056678968282318
0.4453123648228175
0.25564972127718805
0.38840745307684105
0.49047646374196674
0.1979864568002192
1.01657330961318
0.8882288131944035
0.08139722762173414
0.09471395499163388
0.8370405003899637
0.36916462356904756
0.22491019962194433
0.6377277843894624
0.034468440820662014
0.9661213075847257
1.6965512873766637
0.25180852917164814
0.19164606284833166
1.8889332194420774
0.793090986753364
0.3391745705958283
0.9033974446440848
0.83579035827981
0.36122530954925985
1.1715876070722027
0.0249039324939716
0.7176884820392394
0.14136647852048756
0.7516618432242714
0.37590599424416804
0.729192136999988
0.23822501521475048
0.09089252780314543
0.7033361929194079
0.01926633437027941
0.259895386388205
1.2012105229929169
0.37437184202463675
0.6257300959633714
0.6841195581288528
0.12706083990619066
1.274669776605298
0.09413301961728213
0.1777533008322717
0.9661201795918954
0.614055176144928
0.20092505244225103
1.3659631568839505
0.642104944175555
0.5169651336915044
0.04788878822986009
1.6300826919652973
0.3127559572936086
0.11419937735186192
1.0730741751454618
0.3223680115332714
0.6590182259241469
1.0604505243488602
0.5116024521624872
0.09883179683369021
0.3351148256147379
0.1349790332368399
1.1445153343746561
0.37948109392624046
0.032871686672137995
0.4123644454558297
1.4665548487920752
0.9180409229396423
0.7710732014922725
0.5451662080204037
0.15462248996168745
0.13249436411304977
0.8580688317942083
0.11200394175483487
0.02042390360598037
0.4254509804388959
0.7329092346893075
0.44389873094331467
0.2968214450972208
0.3573333353001104
0.3346353343652903
0.6943844320066406
0.2863030978038718
0.5961733034628237
0.05883781437080354
0.12256818968253465
0.9004437073635356
0.47824047096281974
0.18621703065958536
0.10767334253061094
0.12210674465604217
0.5062022051579336
0.7777875681030189
1.0002512154846925
0.27834247460834965
0.25665933503216465
0.18557183453381065
0.21008839361243914
0.1985800035459078
0.9275522649590574
0.06896085879359012
0.6602044120113026
0.478546894008074
0.0675207271867058
0.06639088377206939
0.652598206951879
0.7744137964839816
1.5086937270848657
0.7323019221212873
0.5190248873958877
0.3483782253665338
0.10892005917600125
0.24548873004654476
0.3959119737167517
0.6674197717574093
0.043575246057266835
0.0388553329161886
0.792105729606767
0.05430715952029888
0.06744404402471531
0.2280138495770067
0.32880374306172966
0.21901624875740955
0.7203480571676995
0.04287475895715194
0.18510695521396753
0.39453668281109794
0.0966451658351255
0.12158390533687125
0.6543238769935729
0.6583467291301296
0.2119438808487243
0.6062265715230516
1.27944524133527
0.632601611910907
1.2279103782278453
0.21106256011923494
1.0667727482685532
0.5255168467257292
0.10014260087894991
0.2681692284098897
0.8783690704876544
0.019178097134577354
0.4503722273663641
0.705363482443208
0.10079827195317287
0.17115002727281967
0.7094761752089696
1.1203727761017077
0.22511732396332923
0.20256934234230528
0.04552854812301074
0.180486040527012
0.2794701489015401
1.3597626509941694
0.4737858923582293
0.6540721407419686
0.5734404364050013
0.01403797156283778
0.20936957072165693
0.2766542496392787
0.28254058908100266
0.38713411899859884
0.3041500133496545
0.27048420172996396
1.3966970194890154
0.3878985059541164
0.2429721041415019
0.5122827839604197
0.06176689751107948
0.27822228571193625
0.234319740639495
0.29527337675256393
0.04199140530996815
0.6330689678410617
0.12299413716171033
0.12336718721930029
0.09718420077966447
0.1786008626031403
0.14464765492324377
0.3487485716348693
0.02787198227063907
0.391344118288254
0.4101139835759408
0.33811892656413645
0.623924749536138
0.49992276564384425
0.24245524490980505
0.8654089340509102
0.8698384051569598
0.7607444227638642
0.22433562989729253
0.9105953473161739
0.43140683787319967
0.2803393105628518
0.2070943129317405
0.9100261960830293
0.5110700825302088
0.27946938027666546
0.07609323695671688
1.1453383995642208
0.7036647851043742
0.6388628118641876
0.14765189631696268
0.8558773706094829
0.2577231167430182
0.15288691967369042
0.11445576901740616
0.07590604539302787
0.8536613810241819
1.2398472534486176
0.1383850978474893
0.797159764286544
0.711439652313627
0.23936259222903333
0.2752989104505727
0.5254226117399202
0.04131009702464369
0.1825525658502154
0.14324966545151702
2.5702011400036384
0.6519576722742259
0.5556405267524247
0.04444190793363271
0.09118804969964951
0.9574544060454547
0.601248764355996
0.1726802939884581
1.3984983090978795
0.4657874662651234
0.5964116473783635
0.4727197478412918
0.8820659873419546
0.6556195369463765
0.21585122470376936
0.11755256881421111
0.27371575081607685
1.4524246275808097
0.20560685850641788
0.08099850746946372
0.051117173597661984
1.156778818876819
1.012840242558531
1.522715301316299
0.07189124776730582
0.3231806678738522
1.565411309293727
0.8795453360968272
1.0846638975447387
0.6596630928866049
0.8273318237035284
0.20669522644974272
1.064515634988444
0.4344744354221084
0.25242191046090484
0.8996920742266098
0.08161433859955414
0.07183327447100725
0.09551620840636058
0.1604620073635528
1.8196849621764817
1.962987922299786
0.12470238344508859
0.5108728094441636
0.5552542989610456
0.090118603310991
0.2531649959916804
0.4861236760332705
0.6829488138918127
0.11937031484546347
0.5600710233043084
0.8839814407647523
0.3549586724367171
1.2508341775280454
0.1461591013204486
0.15115505766338705
0.7730315620718181
0.08905944466423012
0.538593653343263
0.5739171942187389
0.05818901361181939
0.24601207367357003
0.23749115470891452
0.16172867705953503
0.9306509931353129
0.09934756295191326
0.45256147153245047
0.08780231338974022
0.9836097717178397
0.1904492119674558
0.5229836514507928
2.7076080214861307
0.003078522434058799
0.21986643620486745
0.6818221598789755
0.14494066503650205
0.2508109237406621
0.21304435237586758
0.32118060491278283
1.032243389359404
0.18047658781995904
0.0682431639693848
0.1449567643259038
0.3344925401794731
0.22053711949053872
0.5061123948026706
0.20978210308871575
0.13265566598440476
0.04556943503886938
0.17198155838245427
0.33468664738190296
0.2220884254224424
1.2472311737208994
1.2867476416597696
0.49383551450011876
2.2379609298481045
2.381294962490108
0.3720520927174536
1.2580656582163368
0.016680397495299638
0.5873136408556363
1.8944560488234572
0.8130709211665544
0.3731516917275943
1.0230010412955282
0.27837916799867823
0.023210291906680263
0.35272650657751625
0.7707784346909291
0.06920594668805229
0.57704947820271
0.11242152657280692
0.2023559238108017
0.01194840399365073
0.42417951639467427
0.5216954936559477
0.0634835963444313
0.07951767779751351
0.27795258014564106
0.23846357689596792
0.02980686621436485
0.0036533722675575445
0.05131367305609928
0.17884103346934327
0.04055785980451366
0.0911838854007036
0.21761561796313963
0.29187968969848593
0.5947639566764898
2.27765971744239
0.07654204802545589
0.4431373080853976
0.10859659117610976
0.021756466478289608
0.8050065434690434
0.22116383758283242
0.1288510194803816
3.5437498681376804
0.8211577099720493
0.2872340359469175
0.5569510685040243
0.011907515836641316
0.029015830931517793
1.544841295507327
0.39529685345334836
1.7130947235621177
1.2655231959469277
0.23720919310916028
0.2967147639644362
0.6242475450241773
0.030252406710451752
0.23104827051372823
0.9189722738083529
0.29118405659730817
0.3726343827158864
0.5974779072828749
0.9639317516545163
0.017623454633458588
0.7523935961759248
0.07395208549461113
0.03147892361901718
0.3457741029411198
0.5049719978355894
0.16873732566330257
1.4549908869879349
0.2852297470351419
0.1622228304007433
0.8839970079549688
0.15886546561714862
0.05130198940488331
0.4449578998915502
0.24113373832647494
0.8405153799970194
0.05659214853408598
0.3112678807975947
0.1454308986527384
1.4391911561754123
0.14916351305740005
0.5702096262398623
0.17643127337350523
0.32833355185664165
0.044870789254526054
1.2334382696360224
0.24625152210259152
0.11948840923879488
0.39146227467162403
0.029134358993648496
0.05552524826332591
0.2963808379002072
0.5686050905852424
0.6423084423402569
1.3693823723253362
0.23500859486184275
0.15126356708020736
1.0497031021055363
0.13534017475042381
0.22102731411763774
2.2579476802266383
0.10377724696296416
0.8007264189592712
0.46421489778791425
0.2990003161711978
0.9939076262183276
0.7889215704887097
0.12729762617052012
0.4751762136927685
0.43150635776740026
0.1396554666588551
1.8164481522163896
0.593119119712593
0.019217943698253966
0.6702556460873411
0.8057042237035805
0.158762327020711
0.1437357010407089
0.6432034962684765
0.21820844024116942
0.0859447267493684
0.2698422785529114
0.1597192011921655
0.35718722508880124
1.6297579968671583
0.18530666129951237
0.08688772217784171
0.45851586643549735
0.8315476715630374
0.5520293771944693
0.2527608982850992
0.4836604504636501
0.9528351963298672
0.05868748805015539
0.34387322727567543
0.010974198902033156
0.32877752178749087
0.08111684676550844
0.022327786875521807
0.22245386098658732
0.922325653443963
0.17753374485195927
0.6243402704328935
1.1329283678613706
0.03643955843957529
1.1049688360731365
0.2202506600077601
0.10327477254602241
1.115951672121354
0.6954549197258428
0.6898155226680449
0.3083255400009446
0.4726249487575651
0.4714714325298441
0.13178734244809864
0.2086317770345144
0.19206946257880045
1.0884407597999886
0.12343215581971435
0.1483148269700855
1.4910951909628656
0.10760704110017598
0.45496537460562764
0.3595478075190458
0.25561630919321954
0.08329846491507888
0.5983469468760488
0.33699068299795554
1.1381460130783037
0.5494477707726759
0.36370477064596085
0.4572390751575082
0.44577642475276447
0.034260878316110285
0.1648669102685671
0.1384940914891229
0.6576121352649832
0.36060562710430655
0.6435228706784605
0.48027962848269273
0.3637653956294227
0.6452385660391322
0.20092107265493933
0.20170554524487136
1.6688748861795544
0.4306777529998396
0.32413149619681164
0.24070659298608027
0.5274559769959061
0.8607304044980748
0.37519541822189884
0.10818396999058373
0.08435220276529688
1.9745556395108652
0.5529147912311643
0.1843631141072702
0.4538309611303832
0.01868368354881576
0.6928592629869598
0.47208596366811884
2.3630962496812185
0.2888027909686644
1.6704601138551536
0.19840590248428505
0.08591341252347372
0.6772981481000311
0.25018075019133784
0.06662285385862939
0.18942847685212016
0.1486931199320501
0.4532993774966685
0.535977678158516
0.052427343155950996
0.0330849787947638
1.6640248491253922
0.10541187915851861
0.27476143884142556
0.8000515500348849
0.014991351022450923
0.12705481847947034
1.94750979950019
0.11262260381110142
0.19106699163392307
0.3414355151413555
2.3045998955066214
0.6673509460551572
0.3666825413843594
0.12410476179735218
0.19537739137992968
1.0645064837886289
0.25202767370140094
0.43324581473792806
0.2936235368438683
0.4678020261795759
0.02967492496670872
0.887543019354677
0.09397051883198258
0.2533306391508435
0.05699754822436331
0.10187022559337472
0.3583405396144709
0.13508091037702907
0.05261001796231464
0.08965943419346187
2.6392402480096258
0.1811739392412679
0.10502607881797589
1.4456007224570118
0.08187974177791807
0.5088929239461527
1.1109715696087559
0.029271942111718637
0.13502535179400113
1.6175621123666633
0.10748145859516091
0.0763791059462954
0.9208944845901543
1.2694965690677738
1.5788578707470664
0.7939784647867347
0.12584653723833572
0.051450765778710904
0.8139407164255132
0.31467650355402055
0.22216571903209237
2.2634632765324425
0.33719001696397416
0.30574582422747804
0.4355352395029859
0.47085376124077355
0.3999268299350193
0.2937710608433605
0.5559953328829434
0.3855408497906991
0.21842724991866153
0.1998203689403484
0.15043057041958605
0.3746909690921552
0.018493843073114007
0.8688764657026311
0.20858159976589072
0.012372720221067906
0.01496511501347781
3.3022520018949106
0.5212453206866436
0.15920754584799218
0.19594439201227468
0.547149467248018
0.03429979905653838
0.05880151430777569
0.35323756992510563
0.3051721302115844
0.2684624749109798
0.8624376010816156
0.15937755093262096
0.8490707304012292
0.4414879968716515
0.48558106915352933
1.685944181642596
0.1933334673032254
0.8806758488049914
0.11927319933295644
0.009865880710873045
0.09193719221029087
0.30429713217664484
0.8167648992078069
0.9139171593449773
0.09468836693188033
0.18500201973234484
0.19372277124736448
0.170711836599487
0.040124808233856134
0.06538057201395027
0.013922870362127426
0.150383785897015
0.07243935075419254
0.43851266766876346
0.1253979212229445
0.07934908085626602
0.5257338955906555
0.2676587937468028
0.6788902545106515
0.06824264178811733
0.8844180543927935
0.07870745114112777
0.8752065431678985
0.7961196615978566
0.29287812028475624
1.1290060582990984
0.2989027033648957
0.1937282795019942
0.6882990685043954
0.3221310046146686
1.08965523121649
1.3406527508736903
0.9286259568899182
0.40309194695285216
0.835156281778779
0.3203669023976763
0.6299979345471628
0.0829243968369631
0.07394352512408561
0.13223344456348343
0.6566525172640498
0.008520259996036285
0.3295922990893983
0.5879025544614271
0.1785396524803114
1.3412227209198275
0.09657126031320705
0.44336511767505227
0.6642417631375804
0.14437307059793292
0.873089662462284
0.31009305443549023
1.1249401360436813
0.7490232485811109
0.3174668512732442
0.4843158218763042
0.26179822381225254
0.8891196815789215
0.5181376802761792
0.11308302615101792
0.40916234260100043
0.3193197292424307
0.18544762177476198
0.6342009002586726
0.49055265738226067
1.3035465129661534
0.06959117312381012
0.8592311893032111
0.14246124252408954
0.07851080505366438
1.7156614222524276
0.6440368612170193
0.09298032638969629
0.2094716055768981
0.18047754830604734
0.47181718140976914
0.6683648990354967
0.30254085238087586
0.41161840710186026
0.2939248865012762
0.1638781123816128
1.193310642869313
0.23938628776346405
0.06626871008480652
0.9870560057650749
0.7646803260779936
0.1665939335248304
0.3060629941648236
0.6028365235328461
0.08354211813342609
0.08697450203663348
0.4866037796594078
0.4679120249860726
0.10248403698133535
0.6885038271160436
0.6172828213664968
0.36092210892240945
0.620027322648369
0.6827193607132611
0.18120307940563007
0.1340680476477044
0.02892874997239078
0.4009061172726856
1.391374821868322
0.12583496922026566
0.34717391613819076
1.1707721036942251
0.6537928622166944
1.3263467944211682
1.4520823712161588
1.0278948168627817
1.1347631131281957
2.9415027956645603
0.40509704916350603
0.48813334952196336
0.04543031325458621
0.10535053725152721
0.29323394742963277
2.2038066112760357
0.27148991387334304
0.08185512543319307
1.844247915820625
0.08387873768516664
0.2425129797277555
0.992881109648327
0.4408784415523724
0.29912433519765064
1.3496124083091594
0.6465870023361553
0.5058082176217746
2.1216326414578175
0.005280508548247094
0.2780271601479789
0.0677734601042063
0.32054334763067743
0.3274168292117723
0.7177580400035188
0.08619102831056177
0.06605982317958592
0.2776920333889694
0.6348728729986582
0.6517778483276099
0.1871450872027626
0.13610940164616048
1.2060225054975784
0.08363335608428213
0.009000408283607386
0.027206125812262644
1.1075234015092688
1.4607512266389047
0.35272587368812525
1.2924619567368651
0.32168915322661057
0.2633721799592216
0.6348298896163073
0.2144936506860317
0.17743005546845772
1.0541244144780524
0.16484644333474258
0.7581007301426259
0.7580966488386637
1.1394459900195564
0.43488420954497575
0.345439474706883
0.8276687882118068
0.6842611430233422
0.46435368964264456
0.6455479395779918
1.1206337264061985
1.040816861492772
0.23516829291536273
0.22986313512436124
0.44138312237546
0.49139487449121244
0.34132107629244024
0.3197562666187368
0.19863809360604465
0.016650090038621515
0.11867214456611817
0.22107930288242159
0.10467238064459282
0.5246339790285564
0.7085156713804811
0.45453323866539
0.19288660144725078
0.22771228377675454
0.1710344335987825
1.4220047859909626
0.3233375062484062
0.588826393577471
0.9230008020986753
0.46905831756754485
0.41076338782586524
0.028554493071844555
0.03465257690546874
0.17694061229502303
0.5453879762928606
0.37690656098213265
0.4571223153346797
0.11380628217401283
1.5925600279472798
0.048699145504326524
0.09387097234400545
0.18633624783441988
2.1309231196874108
0.3074126631388895
0.6026955587667255
1.1829102940453549
0.19825032472556425
0.15233506321329257
0.09603642513355058
1.6650533348495749
0.21413984002619693
0.2370726415672318
0.22945099039459954
0.18232477062084462
0.1636807923269929
1.1611808168825355
0.15091748288599083
0.01100306382358535
0.816215193884561
0.4851558193621082
0.1792431757631173
1.0571969579234062
0.17037626511640533
0.13082146635489245
0.04459688795958147
0.06669557311580804
0.6236735731565527
0.9761713287840406
1.2259366138327181
1.133009519910386
0.8571827465557673
0.1957122002514415
0.06874752009819725
0.18109475876860906
0.7201683958960499
0.6105701186802861
0.6820275779713504
0.7713290046326367
1.5303062016148563
1.869625896279642
0.6796872549757085
0.5462788033012635
0.4984721023759301
0.7476858399002507
0.02470031249886795
0.6652417938566784
0.00771531604155943
0.050289017381100656
1.036476543527964
0.22619881039725773
0.08856695740298366
0.02383806941659115
0.3681108185046951
0.030095106516849584
0.6303952751995894
0.42868948470493806
0.5373846524709432
0.6368110867527664
0.13814056651523246
0.014914303350041071
0.9330365508664139
0.5121593012425826
0.4772401875975925
0.19717997801295417
0.5231671878433877
0.030296259484193313
2.105325863136485
0.7388252083716306
0.1802261361836767
0.4050895328372537
0.1613379664082584
0.10137798228648771
1.1775762006776205
0.17116661058345228
0.30269509788640964
1.229837402354321
0.18577970874856045
0.6916038978692653
0.9542062129660728
0.2506998959160498
0.4242084940743225
0.20227609384830897
0.37364543500977115
0.2986957297489134
0.40304600572464494
0.3182580717228154
1.3003286077131468
0.68725604346971
0.38886921826187854
0.0538296114328344
1.3458194228425946
0.11905094694736963
0.17888209554718568
0.4302309541074283
0.5480056064782637
1.299503090209862
0.07390346396179538
0.2017114901106945
0.4378558010671969
0.376598534856894
2.140949774811949
0.28045627083411306
1.142411036659504
0.21039386514312275
0.09515544733420106
0.18986904448292866
0.8067211260357755
0.41759968329223546
0.4571434422329292
0.7431648525693884
0.6145471867853484
3.1560273313959675
0.28403815395426946
0.8061923223829047
1.1485693760032099
0.9973260101343276
0.4194181320511934
0.6866554903905343
0.27236738772239794
0.1259322241158805
0.7684780789784166
0.359695433638299
0.044782413849355183
0.2717491958566665
0.029263914912011
0.012146539979355745
0.34060184641562136
0.02651040174075497
0.615369684519983
2.919212796910261
0.6032800271385016
0.17415730207264746
2.240661067970492
0.25452759323629176
0.6496352972946295
1.4666667151028598
0.08623332990034026
0.06129201173152721
0.16779255646427177
0.1973599294956823
0.35626590697507016
1.058525312721269
0.107485647048163
0.1519684085539936
0.46711580910077355
0.09456398144553137
0.0800196004307274
0.8534731538812288
0.17769279977562685
0.22728532691567374
0.9470402284908448
0.1064150102729078
0.1007826572777488
1.0079235691150632
0.17275355181268132
0.22997451458266474
0.4785807035273427
0.35600092742241585
0.22375023435872737
0.790797355270428
0.8788940655661597
0.13643723625517148
0.16804439238824218
0.13408592399898045
0.043483559737592034
0.6301917318912743
0.04837308484861656
0.3640580386958336
0.377642208550762
1.2374735702833348
0.411682965916037
0.13520922586626563
0.030666031068093496
0.030987678999082578
0.7075630305372577
0.3469654900208546
0.0480354200072144
2.3752831563830097
0.2663622624351453
0.5523649999508055
1.109354054356447
0.8685239296207232
0.07578628252092214
0.675309554762251
0.2782616851115284
0.3497216529120632
0.13494454804237066
0.0961506422437841
0.03418693595640136
0.3177237196615675
0.32706039614964255
0.03501299486817497
0.45820412602880944
0.04278075887262663
0.16463204579796598
0.17370412940408442
0.8525739366458215
0.22215357949145295
0.36567977709597743
0.03745584566199412
0.1826755392330401
0.9501761244474071
0.5066773903570198
0.18920146270493482
0.3029422482373382
0.5811167932078607
0.09564028551475151
0.2689178886045437
0.3163141114934937
0.14630844318399472
0.4945913295904533
0.13003555657360344
0.03808206204900639
0.8022096538306274
1.2611182886820091
1.3967900249919107
1.4601369460661044
0.08905566918361145
0.07437735485008985
0.17189364196178153
0.18524008790028856
0.35260423254050627
0.014047145455444008
0.031504167517170084
0.026768289438671215
0.5865394124300047
0.31194085323452253
0.08886670568918573
0.35399439136844346
0.6644281812897367
0.14046045384492642
0.10032516772064265
0.07798937098225873
0.2756937181861864
1.874586556940357
0.11954006230594034
0.16434498711019174
0.4158877240147382
0.027839623345072926
0.010776615243062374
0.5142904543997026
0.01627908780376686
0.149050630234065
1.0639515294629083
0.2782013993747762
0.06362736691212928
0.4610717333165647
0.24673400263008188
0.43802783061085526
0.3383960131924083
0.09046072373636439
0.7406937150647872
0.7663690464221716
0.19218491638472554
0.40696593998702224
1.016279806361278
0.07782549361130398
0.28199587343698473
0.22289629625120577
0.33748990648947275
0.15687679663159848
0.1124493384066693
0.3325723274466412
0.09898971573920008
2.6698956979713806
0.37623573534213056
0.4207352002749161
1.9113573507011457
0.017655711570766643
1.1222966722989844
0.11631885319011537
0.7617801409257581
0.0539193585567274
2.4143330559602205
0.22363200085704854
1.3632920349171487
0.5599302661449688
0.0208495822353241
0.058958178206915866
0.08913886777477381
0.2751475538497187
0.6926634259351575
0.22211488268191612
0.06140581582776211
0.7389957432620128
1.4200216952848574
0.7855040684454785
0.3107448785962209
1.2921885513496632
0.32865788622360254
0.5846495270914723
0.4143586562642309
0.24136782903406676
0.3172983266913415
0.627453371876855
0.5121031157531731
0.198428065764699
0.6716272987782057
0.19162161348731044
0.1373695408125705
2.4014395598268696
0.6010273981190504
0.9245164758203814
1.1071118477653408
0.24252630792637306
0.3981112482727617
0.8811821776883264
0.1703637789773265
0.2530018219217155
1.188330815666544
0.06723830116047606
0.03345523319743221
0.01976511701714573
0.6123735839633165
0.16467065770432374
0.1545227302432022
0.029621129621305715
0.20243122556684373
0.4758846374769675
0.37555757907413456
0.04352873815907162
2.6584414256228084
0.16065094111298653
0.3865294966291471
1.3087674802955296
0.03068614321149315
0.14274217123556826
0.4392507892532914
0.2699334144755334
0.11293736539002996
0.4949844190928822
0.301267821097441
0.24657748533743223
0.2748202333117294
0.03771127327947989
0.02390531237027446
0.48245522038652366
0.11914145395050607
0.5050652432731069
0.0985925781061002
0.47068076979902185
0.44332508074650656
0.2060193844830089
0.3732041909215511
0.6362625764499396
0.47847991111188687
0.2656579108600916
0.15730915389136851
0.07914601794274596
0.024980332500347036
0.07030866863321743
0.4159632487776297
0.372358542177231
0.5199308298159393
0.19706697168608509
0.8438370188974714
1.9468733664170161
1.0948297021236695
0.156941318188107
0.5698701903253813
0.028988554652939837
0.028510664956182964
0.18249848437645644
0.08899464895706317
0.28327939015573755
0.22796635989056055
0.05204748139984456
0.22037513784660734
0.29281806606421196
1.520898351287727
0.013041534371696379
0.4930617544875176
1.3450164106833873
0.17159343789527284
0.3013077208335915
0.5712530527980746
0.5598668696504272
0.5107717451439635
0.14587346299616943
0.07238986922348534
0.06158186923951517
0.37507315008117526
0.3739200990697315
0.14409383695980935
1.158803278444307
0.09414492390859285
0.010356668964099695
0.29246289688901667
0.7335429165351862
0.024191146677132874
0.6397722099927163
0.44380693445784936
0.3991603084046486
0.26470977338264823
0.3305360703029379
0.07341694604277202
0.934288741647221
0.1282752772949115
0.21015969193305212
0.13552008459527493
0.675920699665299
0.05817348931017285
0.2573343499212691
1.6898282128663622
0.14673340019805448
1.7514423341868202
0.3667608631185692
0.4461700365111008
0.6202431780733934
0.7269830554943031
0.33722942008226753
0.7562202351876997
0.3636993368883126
0.06408583918568106
2.8875150594897745
0.9237859089630259
0.4912666983271484
0.29315828376680436
0.1512457118602575
0.06432171940894714
0.30353731668854544
0.2517160471044716
0.12820491311427848
0.654339832177407
0.5383678708757017
0.07917026452743672
0.7273969888081904
0.023935092898373447
0.25522321473695975
0.056914887454011506
0.18094330156469363
0.2956300515780066
1.0751800649320111
0.0326783744384145
1.5584234970500017
0.24082021243509383
0.8066963737986075
0.2876201829786865
2.629803570570861
0.2918063041680622
0.07611466425980395
1.3030117315877967
0.03802211714046015
0.15369608312723435
1.5873707922221798
1.337853823068711
0.8226587808110497
0.5327021391905038
0.5061873212945226
0.21517559443132167
0.5024700327253052
1.0483814008441283
0.857257222076484
1.3412101580598284
0.07733093084309489
0.4243156561206383
4.045708723726795
1.3140008718019118
0.4190183028584917
1.0059776624465087
0.04804849296606468
0.7047157081431226
0.13940943742026446
0.019266534115584717
0.07672840545499557
0.510014384868882
0.11388907968423445
0.038113496131478755
0.5439663624852272
0.8238920687314177
0.2473965909656973
0.2967936282646698
0.23787564135622
0.35829352924182895
0.36245310579946377
1.7832361123616276
0.15601514774712466
1.0695407207954581
0.1059453032768758
0.3046726997634181
1.1284330096174657
0.3804009556985488
0.1962658232416619
1.8914936587381268
0.025932661420330235
0.25706279768616996
1.0201401551630473
1.202048104505056
0.12298540967892033
1.1094452205176077
0.1752337122962075
0.14393880766545805
1.0967602990702583
0.12903826496280585
0.012618387814162746
0.6277363024335288
0.2625241609290956
0.07020651070060485
0.3115669119275563
0.09153511484588647
0.14123050740216558
0.4545132463466094
0.6961803538890116
0.5847872762322941
1.2394692832870815
0.05276214120416649
0.3634872757903031
3.3764839312999664
0.7107995794115648
0.07433442316336374
0.2685082974384833
0.08188512956833391
0.345855151552129
0.4195924794643132
0.09369573279292114
0.22076631764184387
0.6268972765339761
0.0659197468506839
1.2043717217806265
0.1770378520294305
0.23654721398009984
0.10133880108971799
0.3416254597765958
0.029154421820932818
0.010830810389772802
0.0894213111963715
0.07392518394010109
1.027699888388159
0.7093707204735556
1.0606073980272872
0.7480643156671861
0.4920784104506564
0.23315587094561707
0.042814529134188234
0.20316380674068574
0.33240790834430606
0.13232273426049446
0.9905443758816047
0.5563402999485119
0.2827942949224635
2.3387674389045117
0.2497823584634881
0.6128601012035412
0.5253819953069425
0.2995073436899757
0.2601847382495523
1.0741350999039472
0.1413433839759771
0.24142510239069268
1.6347007999697145
0.36046113638870625
0.6329138375507531
1.121871510246046
0.2431535147833409
0.503498441257052
0.6078324535268098
0.14587855268344926
0.17437198212714505
0.4731196756651614
0.9525964082676283
0.6544827901877296
0.7677244556971375
0.08356911615221659
0.04914189778390473
0.3021463525632034
0.7521270561794035
0.3175244686958976
0.6548394021734153
0.015609718061806496
0.13303746813739684
0.05093412848154161
0.03634853831114833
0.06747365556383028
1.130130181266039
0.07719424222728971
0.3099904519369571
0.5706663189458275
0.037521626193422364
0.536712102307076
0.4340176414009094
1.5906085478067167
0.016306278976487412
0.010592663657389274
0.5427600007505144
0.43872376097989363
0.038634687979776976
0.3362280611981944
0.17057665077766604
0.5460652533496628
1.5971159718873917
0.012031174496152874
0.43452857199720535
0.021287508594452817
0.19936245000558456
1.2404931616497061
0.1724680136852574
0.8056312497582804
0.9723799955672603
0.14384577439846458
0.010456080800689615
0.22559196914015264
1.0121064381119087
0.4531773553292961
1.6533975288037468
0.0946188625766455
0.030419035784846636
0.4190694120346464
1.6860111699633669
1.192864434388363
0.29262577673825446
1.3801801882733646
0.6117268711237555
0.7717648867609267
0.03195415188493105
0.024632571535471298
0.7242390935623659
0.3774115774843377
0.4981293355240507
1.7879656032283178
0.3670407605757232
0.7537893702549134
1.8446479888752452
0.23068971714768055
0.7164505445997633
2.7340246875274405
0.507088081033133
0.41153226726388475
0.9150703808743899
0.9354692369851293
1.324365149647857
0.9869715635060523
0.07659297185632731
0.07262194586375037
2.431119266199513
0.319328539841864
0.054852817738414314
1.7530214668551702
0.03923221664566828
0.19112951113380164
0.343555610266656
0.8838475638525011
0.3979671648624355
0.5760727986974624
0.08482960479395488
0.6151190571027841
0.40830034950392396
0.17637347368372466
0.014029766275764423
0.40083363071380473
0.5616630485432073
0.08014280427118055
0.32475216279589214
2.6092842979408593
0.0923695792918833
3.84452848488152
0.3342537299853097
0.6119875200557774
2.4491520898303847
0.8049117456342935
0.1936833663919595
0.4840150635661375
0.41703826251519216
0.02185105284697006
0.7719008253355525
0.3014140230444207
0.3521270472210376
0.897185724712027
0.19546245957207345
0.05800361222075891
0.06122775855821065
1.3621261801022193
0.11127468163268082
0.05762283842068346
0.0909381284921525
0.13502501544043574
0.3733834868245712
0.3403849647700609
0.15056431389042454
0.6248147305457784
0.12761315321557853
0.8065995914653161
0.6864573387598352
0.6801552247407767
0.2332167291023129
1.263483174329431
0.8429622180091111
0.6269998552642817
0.20372539167126594
0.8013476659102402
0.5306100759936079
1.7596326294464726
0.49047705883898984
1.3324368384656051
3.3141020867912885
0.16373705844633452
0.26863424351411486
0.5317348499473505
0.14380843276802646
0.7119864612518632
1.197113847083342
0.2582906146202721
0.2548176919929745
0.6192916798053497
0.37207944400736565
0.7676189002433973
2.7522676542335542
0.34371019649428697
0.021900521967315508
1.7439615239085184
0.08913835159484718
0.1288914839400896
0.7645150575226161
0.10547227828928477
0.022867252354060837
0.18036334919306418
1.563440579407594
0.6798853832168872
2.5657934734490175
0.5239125504655364
0.25882891872062286
1.6373361240061541
0.4320901694879107
0.34460066726852545
0.39361490895558227
0.03666408601851424
0.30877187341218115
0.7643473442722573
0.3487068170010275
0.7742475833701254
0.8909541503952995
0.04472072764020107
0.7088542942190298
1.2397751104307453
0.4550502563601744
0.26455111439609674
0.534895473370076
0.029008943293866354
0.8641083164752779
0.10471801306176125
0.20056629176892435
0.36547911147361295
0.6666515083743239
0.299709866298451
0.46921063026839005
0.6349936405901098
0.28665379455588286
0.2745881982426614
0.1861488300172703
0.008280637283036504
0.04804888753724877
0.7162581271199079
1.4196476805798586
0.8945276969080974
0.5890969746591449
0.06750072823456862
0.2116223783290414
0.5209558179807692
0.15868022212314403
0.26326759541774697
1.1090605755278486
0.1399024943325258
0.3994775859995619
0.7552176322775883
0.8216929241900477
2.6614192902846248
0.4062515523447156
0.14229524119928663
0.059021468445271
1.562875890180512
0.2015309543317996
0.317396996064291
1.399024769207851
1.1587163498642012
0.2048929241371946
0.574652709849737
0.5961462041632665
0.7665434272627565
0.30872823737135335
0.14503869011877277
0.7919783340651699
1.1583970054950727
0.6012152690031477
0.30535986659162057
0.4892525998614555
0.6119147365132748
0.3769233000792197
0.124533724694481
0.2643866517008939
0.15748315121978296
1.264601036330845
0.4596954441092849
0.15909900375408043
0.47926827155207574
0.08563906940293048
0.10766592302159313
0.8155414911809645
0.3827930971836705
0.06609543480388834
0.8346871755855675
1.0159529621789154
0.08354813781061303
0.08339415239676608
0.15930835655546316
0.1442940535878937
1.11444768580867
0.1564997930308805
0.19554769609203454
0.45401546870758924
0.36279190875161393
0.19544607664510658
0.9101929177851568
1.0053646961723546
0.14788060063537442
0.5629114238809059
0.3177036834171245
0.3582562805046425
0.36491948890196096
0.08825964005989717
0.07860755399248542
0.18151658059885667
0.12297055916766415
0.16054438154480768
0.3045900281249442
0.6661425257930792
0.09421809866961466
1.7850777523591037
0.06313479245512942
0.2865343477417085
1.1942320468779757
0.37263996723039905
0.5718041487414003
0.5750036151562551
0.3569184841064081
0.10225272768961056
1.3394923857983962
0.011543917515414526
0.6180071116771915
0.8394333895920288
0.6289915238628339
0.06724065904939165
3.1356765688831056
0.08718018869750199
0.05602021052272871
2.158933169462532
0.2090202468399289
0.4982595268471684
0.43395013142683564
0.3336713148138118
0.2701572602276085
0.8766548178089207
0.27778444345164977
0.3086872913943014
0.6150764278442017
0.7953107411470942
1.1885984493424935
0.5694266712941831
0.5068221948558079
0.33848764405227655
1.5018118148245834
0.045278555249035055
0.2016222634640625
0.6606581569177999
0.6253534688909576
0.379472425486076
1.3582072574687725
0.2794550008016893
0.2763443839784369
0.4785515699117523
0.3123453356048674
0.29430903601228575
0.5206853718524599
0.03634653340668984
0.0895365369152435
0.9249290893335935
0.6070952320292491
0.05020266381870502
0.31821637808458436
0.12054383608167356
0.7552287719592345
0.8562227469110757
0.21900927533099424
0.007981274138313463
0.15689605899746217
1.2779275987185084
0.36459625811848595
0.5974032811321817
0.3463537493580575
0.3605904182929331
0.53946191863039
0.05687540287851611
0.16066314661716838
1.8171264454156995
0.15227871110530616
0.5368235721764552
1.8315548612098225
0.17354258115127255
0.1634978590702295
0.43734754596329306
0.3455829665650968
0.37142288336495616
0.4797581699050786
0.5845860664201966
1.1441555384075264
0.7768445265153524
0.5352478272300816
0.5895596987270825
0.35493139765454473
0.08835303497159434
0.21986758745102336
1.1502997070383982
0.14218768935338472
0.14367868871700246
0.47335304401139855
0.12605342469247782
0.01846873535755263
0.23335736425244152
0.13956891756370635
0.017759859634915116
1.038628128006206
0.07710094222053104
0.8150104230159991
0.6506134161340422
1.2350647292082773
0.44489701550594046
0.2544668652255807
0.8931069928867605
0.3531199667913531
1.3858126201687957
0.1494101270552161
0.03156487251003542
0.22581651558246524
0.23174704536214089
0.471792323433083
0.7287689202269338
1.7259696268971365
0.14516174578275504
1.2406685319809354
0.5026836017709047
0.32142163303856414
0.16295094858366
0.37830011224448346
0.0762692281589436
1.12342761443236
0.22681255505692224
0.4548889564388044
0.4309462890613009
