0.2742218401542628
0.20744048436547732
0.04446146063437801
1.3185444420793007
0.15844971542817896
0.17786232027877608
0.4450755158941381
0.46936946375608
0.6752056631835586
0.5055470475912844
0.39627504598970775
0.31933952688516315
0.3653381215977064
0.3802352643701214
0.2610719021887527
0.2600682035188886
0.09111456528773948
0.4139539164507654
0.5883106254689823
0.1239102838247903
0.45224708551320475
0.8612632956305664
0.36961170763780204
0.8756847188459734
0.5052401934672794
1.4064533160619745
0.5520673962184212
1.4421368035762152
0.06121960067676057
0.040950291341356075
0.42051543365171584
0.021443558101122792
0.06287174316946428
0.8171618544148599
0.12570378926739825
0.4402834263405022
1.4918651944842989
0.48783983386296625
0.017253710143193487
0.39712082677357985
0.4843342633707118
1.7879495280642927
0.6921144398120204
0.4756338178022381
0.42153937071598624
0.03036803298407721
0.06377473658220438
0.17623293465458262
0.5655699761822586
0.20252409222024445
0.09529564760043527
0.21678284115635751
0.09114000895105757
0.06285838574088831
0.7300329796688039
0.32003393040934824
0.32465569530247756
1.9710656775743038
0.255239316691011
0.34541511855491003
0.5798961479478114
0.566969416890465
1.5582350617277305
0.5889234790042335
0.6960413024763058
0.6407722333711418
0.15437111846685914
0.4775815554975253
1.7717527557991808
1.5884155694110353
0.11940402920851023
1.3846522092550664
1.5069924029047952
0.6032858297660592
0.13932812183654955
0.20908287211796717
0.3080628068892049
1.2098628168509196
0.2895912338671215
0.18184310220998728
0.36259724319066855
1.8271268315257871
0.23372004066337423
1.0726210288998141
0.27588884664796565
0.10066022306008403
0.22964415044594666
0.11738410237236904
1.9830133097718732
0.16274736516527058
0.7149838020225998
1.2414239920104881
0.37517516292875885
0.11082999931184857
0.2872008953546246
1.2642508060670952
0.8852639225458064
1.2047337592807308
0.2980514091379562
0.5179523089445601
0.3516600558954995
0.266643195614032
0.4217739028852805
0.14081732631744276
0.1606065203541487
1.2068113058227774
0.10109642871569503
0.12984908761875938
0.5771344330855853
0.07223782111634473
0.019801700241784178
0.3151228942701257
0.0860531320645981
0.3084427176257739
1.3319009350705358
0.4190942020537097
0.1759970755004073
0.21876733928316258
0.27995237765765557
0.93786692937978
0.9260985135073981
0.12683798906716784
0.018192501109724056
0.8448567282796513
0.2833727050992167
0.2103794488098971
1.5937068894634727
0.40783099066526757
0.4098934745536635
0.7884618695513611
0.12349512952071497
0.5790769965184451
1.3404368969103322
1.2553718086637498
0.9904662124414924
0.13866639919684295
0.591711214368524
0.4353815239715093
0.4698447303956766
0.47567844048294483
0.34964298398790955
0.24468279739717277
0.8011581916424438
1.626597822755507
0.9030283070387986
0.6976602749564218
0.14892431458094196
0.39583872782741397
0.2683339217368222
0.18208609792897745
0.39581075045747083
0.794532744639115
1.7154056035445564
0.8243471366310157
0.19986931837574276
3.428785576642044
0.1898757712957035
0.7920997218462017
0.9994144277443908
0.17020443061667373
0.02459603746706626
0.3481640889941801
0.32111716133558077
0.20837700544010174
0.025781070723548766
0.19462093217397286
1.3414244089960163
0.3045327722477893
2.396026695903272
1.3653811707612558
0.38222988823714227
1.0912610403988277
0.30005408316671084
0.2630197419780541
0.5546866587749855
1.120783436497912
0.5375910494321686
0.48852173200525717
0.17891119821775006
0.6300067543412561
1.3771676608674632
0.930405270704913
0.024384372300829422
1.5500131869913127
0.4584643348185772
0.0121993767417101
1.1187493954434782
0.07389547576141617
0.009257747425975602
2.1276530308870982
1.144605085521414
0.6410962041599366
0.11791597567945791
0.1538294046172784
0.3501138417685868
1.6721037652570834
1.0211941313642063
0.35096763975181416
0.322983814561139
0.085670212982653
0.06672255317801241
0.4916119775493503
0.36473127349057843
0.23037039254547914
1.003388895647
1.6185743341535535
1.0087389193544671
0.1802512446035464
0.015206123096999955
0.011015244486514655
1.5052328799387638
0.4499246869433927
1.6358713791083737
1.8320929542180415
0.10812646006259773
0.4736511239707106
0.9425965137162253
0.4049110190499943
0.36598497411904163
0.32885770591335145
0.1032025365414795
0.09508344738728984
5.580891314495211
0.45123227156737666
0.7693564274232568
0.606549759425464
0.3147242095883423
0.2599066167790142
1.7928236438602132
0.612014009532413
0.18682474067332058
0.6033068921521102
0.07715416771007548
1.3048473216320973
0.62344895466172
0.29510902647441684
0.2159129096160936
0.5477099244896352
1.2915174328961645
1.2462040852521235
1.3062490979864436
0.43675072516113206
0.620232371922791
1.5392802024544543
0.14566466107117146
0.16198784234475516
0.15225728473873162
0.30799420704811786
0.5541251436668085
1.8795482032473934
0.56259803948735
0.16328734369244916
0.10949131970642927
0.22317135206249922
0.2620448265331058
1.820443128866641
0.14443522612537468
0.4725176320389545
0.7431346575574346
0.03864491226948438
0.02870898762641762
0.921703418840341
0.23441035178121022
0.555011323727938
0.16885259260750365
0.012231954746744796
1.1086678876659775
0.682378269876424
0.5396833930044157
0.37253204784113997
0.041670309581159394
0.007836258704465944
0.22961585765811698
1.2568505095787121
0.6073079509312942
0.12316119332449173
0.06429216977762675
0.7758319473871582
0.2204122184243023
0.7981626842426917
0.10570485893868535
0.30003941168565584
0.5624309203172357
0.42526206363085284
0.2358572292294905
1.6617514580247237
0.9040665052345364
0.1421390148027268
0.4342357689136386
0.18806883366115892
0.411894030432755
0.48102828805329234
0.09669038237881392
0.02524891912158818
0.03143330701000424
0.1487091978841194
0.14745826455742989
2.008866797701898
1.2650268212367022
0.5740178203649017
1.0410337151855347
0.20490731692872502
0.6055575758520148
0.39622454870428575
0.11897369360441638
0.06726479459318072
1.0426565671040593
0.701074015245235
0.5456979774973846
0.6469498326564361
1.887055084869141
0.4089274501814224
1.422178333815157
0.06077514965860757
0.21224232965183398
0.8147308160178784
0.21462532072515605
0.4186588137911659
1.3008502268902233
0.3134296274623767
0.5216061557967256
0.13650596017106464
1.419790939093522
0.42872993597314074
1.2094893106250246
0.904355274894894
0.25850383031102364
0.7641146816802773
0.9737966572190985
0.8251177812028622
1.490379503875343
0.2730970711362848
1.3154500625435646
0.011065671651381547
0.4434944580883217
0.13847932482735148
0.5735332519408937
0.38805940647139
0.09128604371711409
0.648076003375979
0.02722003674875127
0.014326820150880862
0.5777735030405338
0.16838135181714364
0.11891150702473786
0.47250825544892927
1.3586106038003545
0.5384110761816733
0.49893733519312283
0.7952398275014112
0.08212610465797279
0.9662531396680937
0.8049867842045677
0.3555432010756753
0.837217198081165
0.1529927317342501
1.6134876308658372
1.7682961236419599
0.43613348901473636
0.09481689860060662
0.90124125713185
0.3450981089184095
0.21233506101031502
0.03711640882473542
0.9000582412351866
1.325723726808861
0.1895347391390693
0.6832157996474096
0.2466190607019412
0.44614865027918804
0.650157611459818
1.2437642365311938
0.2547420239856846
0.3724079082383878
2.131649453858617
1.5006019300681515
0.34315173434955665
0.34490825582767315
0.34084795380139926
0.17693039020025184
0.4591669022427806
2.0512973081518604
0.10803778257804739
0.19237599009571296
0.3840177566813649
1.7061362161353677
0.6491969714452483
0.5733891950609008
0.3986375439234745
0.5045710336227581
0.5078622106835949
0.4209158879353562
0.2694224169725469
0.08730521427854812
1.9550626521492953
1.0190539786362829
0.9569237024425077
0.44887463281460305
0.8763370952071009
0.6500091163813609
0.18574066006809126
0.03760998693517406
1.418760376486088
0.7102530622641653
0.5504120641553738
0.5602940954941817
0.30448732112056115
1.8709664931560563
1.0109738171779783
0.5604821101970475
0.3358281196151914
0.45575348732225346
0.5589066846783269
0.2928379184657287
0.6210213953420779
0.16210048920416723
0.60527804443728
0.8226895968558533
0.1937945615395981
0.3401652375155811
2.650327431256783
0.8384344263902346
1.0068255342429346
0.29403612552280434
0.6193945171513798
0.06858989120450568
0.2334448320188828
0.31454538041043006
0.09396986836854476
1.503844277999998
0.40252600389424226
0.05212549126399302
1.1604662595159976
0.27391505028348456
0.49232766924329324
0.18385483742342174
0.02870640509932267
0.15763254384512407
0.1453361105599709
0.4714872069120612
0.09961965689861645
0.07543724897790875
1.1584807995895987
0.5112451065129284
1.402901888207552
0.09449871909737514
0.09570770547702698
1.0842859393228295
0.048397827566572266
0.07325658828614331
0.995370909335646
0.6663464558529617
0.5083061838516766
0.1982277093745313
0.2694188747672413
0.05279619011813286
2.8091980289201035
0.9554363025396492
1.2157334641065676
0.23369667847192874
0.020828377440285033
0.23375669563257334
0.5760119694304286
0.40770196759313077
0.06834926350477842
0.23183243948528573
0.04061183436782362
0.04777480481821859
3.2983662722388294
0.5059387252050843
0.3326096029085773
1.3989153158291916
0.8156031721866366
0.03860448802611342
1.1880254933806362
0.11165484170389188
0.19273635597947744
1.5592506098124488
0.8980755362398625
0.15187723507683343
1.5938609460667388
0.8238724961199835
0.32453486198454146
1.4719680481796946
0.27489579711322554
0.4575250157883473
0.2170694765928463
0.35029842991857957
1.6762336163465692
0.48807562502850926
0.1956755194617193
0.21586799283679742
0.66952301605622
2.0640308552197104
0.5394420246373608
1.6095995876998175
0.05940599110378342
0.490763911064683
0.5286470684656739
0.9580126683418513
0.7545730538343043
1.1995402064452783
0.05066039781525241
0.9094817304716992
0.48062369248866216
0.9240620208497213
0.18078502142427483
1.8098293516866106
0.2861801062604914
0.7154636409306047
0.5677506054012228
0.7541752214739474
0.9596423225267958
0.9179225097635362
0.645126361585863
0.41329675967668283
1.2634886790506499
0.2295045257648452
0.12678603615861292
3.302839668256257
0.04126488852158738
0.31232000901807916
0.4960270352773252
0.6123652069671319
0.7213595269415428
1.3100980800820297
0.2458806065705185
0.31591559063251085
0.15540980536391175
0.46615126468515083
0.27042392342737687
1.4534884207868581
0.47264614016801854
0.14375262619247475
0.5686780987956245
0.6549307064842501
0.42526733983764153
0.5862302562440943
0.03815850884023231
0.27143034269129784
0.18683742083726573
0.1414920477424774
0.11705736740834147
0.020833211975896385
0.10816921024266807
1.5407888421412197
1.6445850980838987
2.2358015842173398
0.18795625962883122
3.002200658073968
0.7483937801109564
0.8762730146165026
0.6533276529858235
0.01823816550691652
0.3110465125656206
1.355951213705679
1.5645179149482369
1.7672670598534985
0.9820281649592899
0.18638642054704954
0.21816598883813956
0.3866299143267196
0.20907188421656903
0.21204345414659617
1.0848271000393979
0.5098430008930636
0.745352596357927
0.7181884496256963
0.02005793545113112
0.1236386194210533
1.420750560754218
0.21430414784632984
1.6506135612547983
0.8465220415662141
0.2797171776533603
0.5789916652922147
0.7240720906380733
1.8445987072808037
1.1401782078427605
0.40758064375726694
1.9049066302404263
0.11685717724159254
1.7567746436249172
0.22821325539317558
0.13917029787070762
1.4856446385392474
0.3044566192216345
0.380128148918051
0.05625477187385424
1.373518695739177
1.203051480258834
1.2042779576193496
0.5516512042905726
0.3627143029105934
1.5153628415157259
0.43833243690117873
1.0101268864453707
0.48290138226010676
0.014260969716262254
0.008749786524191257
0.23776036655942964
0.022555148566800173
0.023116822673353403
0.8177384073512799
0.14450793387361172
0.11296612615912086
1.5918067663902382
0.09234858443269875
0.8880031698411589
0.9607427274016617
0.9654587476714819
0.8019359141884081
1.5209209290660468
1.4217035734139163
0.257556870236973
0.32910520093609213
0.4323957210421459
0.12347311316687416
0.5428160320932783
0.9231808920343333
1.4593952131439256
0.9103842018548894
1.3517860676814701
0.5672188276484189
2.7669448566184522
0.286834865795032
0.45203988318632643
1.0944881776096937
0.21803523666328398
0.7051586804997797
0.45188707187637306
0.6583231532635986
0.3563737263048814
0.251337416152201
0.48477472229055235
0.6440173822476231
2.9734036075947503
0.31076896116081026
1.2016098645872673
0.5341204182521696
0.01621502101301854
0.3244423114548986
1.0965323028659608
0.16217055935828756
0.703484978490699
0.747964037899564
0.67760286351653
1.1338844181380188
1.8059560214588415
0.19087051325746268
0.1863776557551386
0.9468467039454256
0.6303751900068547
0.7130090203501345
0.2740049678340722
0.35925110054592757
0.862305370958208
1.6070283767689075
0.7674699390886774
0.2331961383305798
0.8083669558246357
0.31289539687503115
0.28373569309867014
0.09016080899481475
0.19931094756007717
0.9501473987530482
3.3302612627590733
2.3016742514422583
0.5963370889266917
1.202452442600248
0.5668213054109497
0.12892516317026884
0.3390253536383976
0.07964971500894767
0.18914787176147455
0.034795437320883124
0.8417990322387556
0.3783380715170062
0.4749838256795469
0.4015398690237998
0.24773912428342804
1.6004247817998218
0.3948574653814121
0.2340543735663219
0.36649646021433
1.1745371572376602
0.18017232440499975
0.00999840485657113
1.9785035061736977
1.0170267739284855
0.04628548261639587
0.41023007624359475
0.966989632201071
1.0649281257028012
0.09310283717212284
0.678906387381096
1.14129817351616
0.25566361609388427
0.12613715315148813
1.2322721955975122
0.5063626619018265
1.3156553122364028
1.2892788747529447
0.2757670182483846
0.31705455602974014
0.8730960024286138
0.9706439507966977
1.3194393681485206
1.0370284589241074
0.9584644651263033
0.10186181791711807
1.7586444747092662
0.30141434636012365
0.12085867063021433
1.8008569881226337
0.182126922546768
0.0950055753244052
1.3256373124396903
0.21789159045787865
0.5607320470627067
0.34081982895293655
0.2892670393796203
0.6361731588302822
0.5138048240102522
1.0862608861250194
0.43295852439770705
0.49356708503133007
0.12468764306323381
1.0786889435836742
1.9069659541166502
0.43352706382717565
0.5456527408900578
0.3155130600362851
0.011124720077585101
0.12403505027366127
0.6476418944560843
1.0559898914219419
0.2088226538341563
0.3340005571437695
0.0896302937948303
0.14642231264842898
1.5318186893537586
1.599070074281943
0.8432819194541016
0.5784395266836408
1.5036098553723465
0.8580958192378256
1.284432767094662
0.08896069664972939
0.7273292779946705
0.20819354348924207
0.015369078090509539
0.2835105752270434
1.045837740819809
1.2409003601018291
1.1481065376011068
0.6968215819632372
0.2582437948854139
0.06777628220679548
1.0255849371558878
0.21571303363971972
0.04239185471299913
0.43465318889152016
0.5950363865971011
0.7325138555564917
0.5286070766744911
0.2715328821067267
0.8015266689848372
0.4038150152551079
0.25102300243865505
0.8001194845005422
0.5059033949290529
0.5202306102377158
0.4405280450018698
0.9234947813994826
0.8504662923065458
0.30733901177373946
0.010792869049801498
0.1517511091170614
0.23055852329430515
1.5006217868496106
0.11873332459044278
0.3190988691862716
0.21398380176199036
0.7798193107862774
1.3009439213212133
0.56782788183641
0.45276866509421926
0.1396715831490062
1.2310705565589217
0.05313600776671574
0.2794241436898574
1.3234547985054033
0.6606210893755055
0.19459627753956005
1.5563284819686578
0.22106646820960715
0.9950840489765443
0.732425572303558
0.22940102830214518
1.0321501465941847
1.9474910531220662
0.5070037734251391
0.5210291694372098
1.2554731963577277
0.6739011448914406
0.8791415276915708
0.05449880466542521
0.8283912302422765
0.7581004568103
1.6061155543812322
0.08588355269527068
0.12583808035780472
0.9119254880844814
0.023719764411316076
0.36490463638302223
0.8965651760369959
0.05519418383598032
0.8571268435299852
0.13385458733680405
0.003098008338957973
0.108196115954573
0.24755980071976377
0.45986274588947884
0.9638024240076831
1.5435783854753624
0.6978036334147567
0.24218830527370377
0.776129014141584
2.0999085154432597
0.16606615109677966
0.9482487321679448
1.6356786210674543
1.6891834661506584
1.5764080841795673
0.07766140783032031
0.10953183426520322
1.446681040379459
0.1311555132682187
0.21789229423081402
0.25304595768240123
1.9668972960881257
0.2654044052309071
0.3537932475393695
0.22552853481836654
0.3724908308524163
0.6794115310114887
0.8033394678340079
0.2759781426767998
0.7294596103443548
0.20121233145037784
0.16852690580258828
0.5411586600163856
0.05307318466615146
0.14960703597211547
2.2695435651006486
0.26325677053328544
0.48945133191852247
0.5793922403859425
0.03768121315230844
0.037352139527639105
2.6226265958130264
0.6791394122537335
0.16928259522116182
0.6143907856406557
0.2958446245135881
0.078944486344321
0.5407956539498933
0.3185393098854855
0.4117168511023262
0.5475338351937127
0.03481972207666572
0.045698047515283384
1.7007588720773532
0.9988036523974163
3.2952795106941775
2.6802534292924003
1.4436459906576649
0.656889927869005
0.48910413670675956
0.011590397654852164
0.056152796278017246
0.6725341048433829
0.3176388558571287
0.17775790690528082
0.9104466575261343
0.13328168666369894
0.11647347746448726
1.0873149519277605
0.33318566583126025
0.5924289197269589
1.2167272264700657
0.4105694074110078
0.04883748873983273
0.03286946556526353
0.02578127922784807
0.03463966270607267
1.8579815777144684
0.1248383281224042
0.6994649587993276
0.14674774175662528
1.509555569955416
0.001967294722947204
1.1642798825411622
0.7250874636417654
1.3642812758160185
1.7353561288830772
0.15636451681121824
0.9137650905893531
0.7112555239972296
0.433602521918874
0.042977368673169924
0.5987462575044692
1.091597059647014
0.13869508635817668
1.9941250490330946
0.37471991053309006
0.1860580753241656
0.8602888277325341
0.867070151332281
0.39916832986219514
0.9895410490418336
0.6042590509617278
1.0292566572987574
0.6084340021184522
0.8385644044891033
0.9279873914033162
0.4236981611172068
0.015024994819095762
0.2457220225764776
0.47384760300671713
0.10802511531378607
0.8351765231081149
2.1891219020945947
0.4317497183969273
0.1711385281330493
0.1741089514782935
0.532043454017365
0.42010276939696706
0.18537168400811788
0.09585787588701596
0.23691235099904703
0.876946887108887
0.5351304482665055
0.4004271105967208
0.14858966880956676
0.5975895518475752
0.46224038685266033
0.038689351035163896
0.07851321162828274
0.1393274141046343
0.5952429312614845
0.1655321496285297
0.9006601968088868
0.9190362657775883
0.35049465774470306
0.6454270787153588
1.4486347805001198
0.610640278968057
1.2170318214013054
0.021432393388850512
0.6695636445831677
0.6995138320406818
0.7386594137092579
0.5215308293275889
1.2353159298892502
1.97461965742799
0.27113014942771746
0.19472747465736168
0.04325446330848175
0.15580392784270414
0.3269661609911051
0.5805729241920299
0.5988716084878505
1.2679875516348
0.022457807585324695
0.007048426961638647
0.10563665560334637
1.8048352353487656
0.3046906779268024
0.30640158949166324
0.06107024166825376
1.032853490385497
0.3254963097613574
0.3971251555495663
0.08062130346976477
0.37527601199073124
0.3229098984920529
0.9424364970861081
1.855588535408301
0.14363748045628133
0.8440031998317726
0.22988117249556272
0.19836419873572883
0.5966973597078205
1.6537205368786059
2.822006100770567
0.6058679018203789
0.021882337359548178
0.4277152895382111
0.06147471853805497
0.04930185731653496
1.3264867098746573
0.1277147466136368
0.8680038220314059
1.0743263764745767
0.23691757579469516
0.12963129681727956
0.033548697448719675
0.16451193584392873
0.10465613297959436
0.8058651860650508
0.20012564551401502
0.2759997934987169
0.3105727972710131
0.2785947918738658
0.36657622831353365
0.6288488968207204
0.5375925866392894
0.5930856381052483
0.69260610751575
0.18203300276917542
0.030157062350557127
1.0115040275439051
0.2225379409972716
0.2069145094206907
0.9257885024226978
0.22803923899462558
0.023853368166332416
0.7546806903691979
0.15860660206210006
0.2960544044466918
0.5448292170400235
0.3823005353407667
1.100455761202179
1.0248351572047316
2.19536120495138
0.3032233227273108
0.8802973257171866
0.061058738149864455
0.41688873659644876
0.43218677745940726
0.3738638205950731
0.0022546172260523825
0.5113110450048434
0.26872380956627173
0.363008566920281
1.0015765057103567
1.1427942823764983
0.29001222488268036
0.8613309381579506
0.1940500942838611
0.5235495753138573
2.782016288197387
0.08013266605312701
0.3131265832458539
0.5600840717424953
0.1339608416882728
0.28260086688556363
0.41099403151903047
0.6926034688758774
0.14472594965645166
1.019028691849734
0.14808965856802783
0.12903003225086412
1.1118937404468157
0.4607759791478291
0.3211082594478733
0.5648153110887287
0.7381427330568847
0.45111638470128057
0.8139330375020977
0.25605732233467227
0.09411090740102605
0.10971862789576403
0.7700823081126085
0.8056291712504895
1.0367272061164357
0.3517950837021561
0.1775332998849028
0.8345025531949821
0.11974019833193938
0.5201672947035703
3.3083434462409325
1.6316775792231026
0.2687211549262022
1.5622494041640576
0.12449431567066183
0.4619400210068946
1.4186375321530733
0.574185301886366
0.4119555313765845
0.1448091836981017
0.3399169296375425
0.2198041201473533
1.9068033550228578
0.6408274222881684
0.39447204020144117
1.07266767678367
0.31031661383843673
1.6110728941956325
0.8912852565594037
0.7934892943570855
1.101073931663387
0.9533718481972868
0.38196778590844427
0.2137919028246365
1.017873580194799
0.22603752197839036
0.6110093855224211
2.4446741044147227
0.36603445725256245
1.539618713868302
1.496888965062627
1.3717729591830172
1.136139336684372
1.0592344134680125
0.33752006547552754
0.510193882395621
1.3768875619805043
0.6262737730824368
0.054325668863052075
0.6540426409993177
0.7349366056873391
1.5541053620597676
1.3985396641129864
0.17742626139461504
0.35942964101100905
1.3153297272403592
0.02260463713985019
0.2940149213986033
0.2584589299192445
0.1847482115777266
0.6357461657450542
2.0357275963994144
0.5383110819539164
2.0198682087491235
4.143833449304961
0.09837353559719991
0.10599112724604774
0.42921252601822507
0.6979288387592384
0.6529677063832274
0.29557578708119625
0.34390689410349357
0.47360534356683565
0.6304362143610905
0.06627417323497546
0.050521183321953975
0.28057670378435734
0.37280578801775616
0.29200645572069284
1.345818581880535
0.02963465536995394
0.7694672131551408
0.021231290890102974
1.1455028883120026
0.2189434426398642
0.2827355979342632
1.0692961002431327
0.3161704336768552
1.4269060020438022
0.121428071681048
0.2734796299046494
0.37543935297151143
0.21206489034680925
0.2848629974727531
1.1317801274387378
0.24546767059193053
0.26746566088757096
1.2598444096133417
0.17296035074822325
0.05379537057623048
0.9423975919822144
0.04620804548311734
0.03866043948852266
1.4597756631333547
0.584662359332
0.9476293301163559
1.3185039660723035
1.5499697538744162
0.2039426091945438
3.3121370156678713
0.48634737724827526
0.29691364049590907
1.5651000525134717
1.1992506622813075
0.06150903064797994
0.544720119942557
0.9716638818115425
0.2894760851971607
0.2146739764671424
0.07072935023720593
0.0901827392955894
0.6185061864257535
0.45265073778072873
0.15945884008932698
3.083940040066153
1.0335320109845656
0.40720349977830367
0.7511289826670776
0.105751258096569
0.1716266150155743
0.7226412011872034
0.22991462747569175
0.7420492654925085
1.4422908954103757
0.30134760071644384
0.8637183266526196
1.3209007275117157
0.115309098852712
0.24991117457787732
0.4768958410329141
0.5669556432217366
0.02016390591736549
0.14962458005140455
0.2622096424747429
0.4747628201116027
0.617504315597659
0.07155776328055449
0.6093625298638731
0.7849777802653476
0.34242320317036895
0.9973389494513651
1.1073852242543871
0.20407809987623957
0.28347663215454477
0.6230001033275727
0.4365670680549794
0.25609997521212946
0.8489583709140579
0.43102678422019003
0.37071030320143517
0.5684507434257773
0.06365756031430786
0.2298686804967947
0.7774214690418859
0.22485350935229084
0.2966352131645798
0.8301631202961721
0.04577773722775785
0.34376182665789873
0.7209075687089241
1.0577547697256793
0.18828388758994585
2.7267338499277676
0.9877611725132215
1.0933967627473826
0.7274909217253704
0.44822950309702764
0.2889879844851421
0.2624815458071998
0.5129972399010307
0.21484061413733938
1.3759724985358763
0.16354368175112857
0.3286984311364119
0.32474820343101346
0.41794908675290904
0.032530123118842506
0.9118942832328455
0.047364187959436706
0.2509248993543576
0.24470894101731172
0.28917643801644144
0.6927448072765019
0.9207329275587733
0.2880085913428821
0.2635668209353683
0.6993364422169981
0.021792126500571742
0.6748070094417271
0.7155275573383285
0.1252029309132486
1.5285717969864379
1.518781183455558
0.32503424458031416
0.8199751620902894
1.582296690468365
1.63602379211017
0.07631608811224393
0.969071057686537
0.06948487118254121
0.1298661169364255
1.5325073820623634
0.4262935516774388
0.15840240109005257
0.2913174693691315
0.18494708771948615
0.15955361150755623
1.0704126963073115
0.18769681372070612
0.10263713222025242
1.128519993247666
0.2555187657580024
0.06256893575051567
0.4365660065326964
0.18491749115510617
0.37573429921456414
1.6550204598084757
2.1513191213154794
0.31846800628362615
1.1855264227520717
0.2993916291179742
1.3839976790795316
1.070848140835017
0.13032236811354728
0.40890984414145015
0.7833827801650068
0.014533468397707059
0.053203002572008086
0.26398334046200644
0.13257078044967852
0.3001431422503708
0.5571912879096762
0.2276060990515268
0.18346803899047145
1.118376001497697
0.24300240544789545
1.3571921190145537
0.3264404181649883
0.36736362345129236
0.042885082924433375
0.9748183812793563
0.4952800608836249
0.20507775142756773
0.19350841843175018
0.1868366577509142
0.05390537739913012
2.622572381088382
1.3210904594992474
0.6527543558073459
0.5230253352911837
0.8290870205674853
0.20732630685327014
0.596821209562419
0.3479861436468562
0.19936837453463943
1.077280179284353
0.10045951626102788
0.8569271288683915
0.46451841828296636
0.19416255922598538
0.25269591734035624
0.4216187144981483
0.30659626486013775
0.3622618924883957
0.8786069141339901
0.1483413331266829
0.56600772757277
0.5991824815889328
0.6254005783140345
0.08861925510252497
0.519458251147852
1.7354092571341482
0.35859081506414076
0.3463597014111943
0.11052948610648725
0.11227888980178585
0.45088161155012907
0.31302242568841526
0.10049717964359509
0.6574437585619058
0.8538116995947946
0.303358649793229
0.7332975166182029
0.054449142378921955
0.06701221586825205
0.5417998612616428
0.6888079896658963
0.488460736591759
0.5557354640213394
0.2533084412508382
1.9968064465656705
0.5146747475808734
0.04754420521686555
0.39910725306946987
0.5519388574569909
0.23312110044082168
0.8652433539246481
0.6257840947393817
0.025919917819537012
0.14057634170145783
0.3740497374065928
0.10385857980624254
0.696834726072211
0.18099193045858147
0.2179278283290302
0.8062566840664905
1.0860969176635258
0.3846038761629293
0.7694454272670849
0.4375847495867951
0.017039779307186805
0.040521125289679924
2.8924081118349907
0.9017457086204241
0.31807852364183575
0.2968489232063103
0.25880332940677425
0.10117579689951131
0.565806941958442
0.27640715708263136
0.43223248187428276
0.23504939689766402
0.0668478683072213
0.33432808446836704
0.8601530156346171
0.2552574941131921
0.25586233818762216
1.992818358319371
0.6709552551659674
0.8319043178522048
1.4345753981321407
2.3336378137373224
0.4744162026846526
0.5489877942295428
0.6975311918593364
0.4163381004490909
1.0580646427721385
0.09947653400642285
0.210000630387074
0.25174157781672835
0.3962856333924087
0.5119531527612141
1.1460591788832273
0.09081531848026855
0.08015239299126177
1.628078486904681
0.3226714868277111
0.27184250357111883
1.220994382131937
0.10032386041478156
0.5283997957390938
1.4890386765200636
0.25411143898456756
2.383137257977782
1.2587809318033556
0.23786363926079082
1.0391511559565467
1.3991421691254557
0.07976866146714964
0.2078805060331255
0.3069422787247384
0.13773245686472402
0.11332820967800264
0.7876572022939845
0.0406417339367628
0.16302720408692836
0.53038146728129
0.2780938376090208
0.24496502077100374
2.5202300878312895
1.7444838327225265
0.36367995569030814
0.9511075270949131
0.02676611833657124
0.2091252853617044
1.2056395178763741
0.6159618637555254
0.6983843532916469
0.6980807697943578
0.441278269697632
0.37360085708404867
0.5433699140833494
1.6764188317822926
2.515903459703588
0.6924530285116328
0.340531769159776
0.3535321446951604
0.4076903185857533
0.05237229773064402
1.273469465752196
1.2185094549530258
0.6746685880227653
0.4862246655021328
0.8243233194886292
0.29095962433831696
0.44200786312311124
0.23885832723803863
0.12236566886965593
0.048989668506116926
0.9653881369229138
0.22294329830885198
0.49478325529937556
1.007409590588691
0.6118221240820084
1.1042746176565452
1.0092023217534365
0.14223401820872503
0.3547772263430726
0.4314460249191269
0.7427773421154127
0.9297082050875604
1.583094443572588
1.317308034860269
0.6457607353444823
0.2962234090370547
0.309864284102753
0.015472668147880007
0.25345082101113325
0.3259221267468638
0.1898914920863859
0.7863314101276219
0.14362044958637832
0.12079969468882844
1.025588193567137
0.9355548036788773
0.3380875900028761
1.4781501384001834
0.13779071231910975
0.8990205785108649
0.5097641269404604
0.8547135215628353
0.6297671748826467
0.330606466332591
0.9710462622181862
0.9516689699500918
0.037611101882649337
0.08704239859155638
0.514332465749944
1.1205863313684281
0.29540833682291595
0.1752955328637512
0.925740182695408
0.15646578545545548
0.36446614136827726
0.7788182485022305
0.539725657058813
0.219772952210209
0.5304853403608141
0.31931562321003404
0.388094967537061
0.657538676998819
0.023579347418111365
0.20814906609073
0.8667749590603022
0.6704829045720201
0.08580984266948573
1.562447199086436
0.10383235928716887
0.12803984194649354
0.02839072775342904
0.15298649166766776
0.29799103742903366
0.9646280924954724
0.5492654626543251
0.329554543935278
0.4718181589429279
1.8040245694879238
0.45500959948158265
0.6917873243739112
0.1646387374146354
0.04115926174510425
0.18063397014786442
0.5044763413914423
0.10645862946196806
0.6499285740884765
0.2122867480865235
0.14927297134972653
0.12546691472978058
0.011536922691293562
0.011091786444331378
0.7103964153499127
1.6772511965840056
0.3225516677498195
1.4324048621507215
1.1907340796171328
0.2543175394446659
0.5106613522722815
0.1266514425288943
0.042096767129885054
0.8914789874812472
0.823989898021178
0.4822938663287431
0.6171130112529554
0.026697210097343552
0.030962298190797235
0.1496193171466202
0.49600513890036946
0.8009484156906731
0.10126654835649611
0.2596461548083081
0.4571476769500691
2.0333872271413087
0.13728951935257122
0.24671572779170856
0.28272927301064404
0.7893018673782762
0.22794677584754916
0.06036037034882374
0.26818020714628193
0.33923703822263546
0.7334351837234259
1.1063699448308544
0.0875801042343614
1.4312873129797827
0.4492779507286634
0.3701200128232814
0.9446121628244752
0.6537303772614342
1.1393945385325677
0.2561487921476665
1.1249121339499415
1.1573895657234539
0.3436907814359947
0.17983154615979177
0.13126218822085114
0.9387891684271129
0.20147128557940003
0.9694449546505514
0.2841477269580584
1.498029258717533
0.41337458544370553
0.9504828476314215
0.09203703228824171
0.26732752550305144
0.832618900851144
0.36887456603489227
0.27753023471874916
0.10740259897781544
0.4409653627378104
0.1311935840698592
0.6338522718436953
0.011780857022877077
0.022174195873113315
0.4594092467495894
0.06604742140626708
0.28398897453890126
0.5691385379381789
0.3938417268738692
0.6237663280663093
0.2836610311604665
0.1855704416604803
0.7366525881475218
1.2336053890591188
0.06741223102201163
0.5022761200017766
0.6469186614355886
0.2485001785610102
0.0395779194110618
0.4131365109398748
0.7231590656579295
0.644428097273041
0.42944773314300905
0.3328088220574063
1.80468682271608
0.26290646422682606
1.0680368943451588
0.6124296237227795
0.8099920925468944
0.2713954671672346
0.21892274923959534
0.400893100004712
0.1448289058385461
0.48349559801698455
0.07998806807589981
0.04549419523900711
0.009763034119917774
0.13180803749245718
0.8564820813127321
0.16167411534977175
0.35227936936498583
0.4327435435471128
0.5012905155229405
0.5361814379279456
0.2957575092895269
0.1365088903150181
0.7991800611314515
0.7354099789282891
0.8731932730244149
0.11857349809298452
0.25675489304591237
0.2603590706199418
2.437222201859769
0.6190887055399115
0.8006741791752529
0.1812351135805125
0.5588371503012226
0.24009941998488027
2.3841008046407333
0.438597895559218
0.3333331474930732
1.1439741810692035
0.2547431673244656
0.587451081990508
0.6350642608612412
0.13053103500738583
0.05864617279462975
0.601363267027016
0.4288968584148216
0.4441463573771271
0.2397903722439402
0.4050651900908898
0.9538537265945214
0.5169072865739277
0.24042182540450124
0.2599409189792228
1.9307808733791472
0.7177369848361163
1.6325510398351752
1.77393192844842
1.039686225750687
0.3283343422763374
0.190422726828971
0.6089273829899102
0.35366983847414335
0.8724559786179414
0.21506820815762198
0.34869501161304084
0.151677263830909
0.7768782832793837
0.09703682567881493
0.40683499040999427
0.13981406233472443
0.028796683842682764
0.5608740514727227
0.49576449901483255
0.3215413388128131
0.35606486151588546
1.0639911928996832
1.401864296307194
3.094193708263401
0.1420989125300883
0.08854400691521677
0.08475348632365128
0.2401891580974639
0.9813767107406643
1.048955937090676
1.2781013132550547
0.9246262474452093
0.40631609640602695
0.18334568342374014
1.1257406974082222
1.706704031832715
0.21562026437274623
0.1175712520020083
0.21976659965545242
0.7055952017298172
0.990073302540138
0.4815406354780244
0.027814188921504748
0.05335162109480708
0.5001582543189917
0.10712354924322101
0.1300813785292167
0.6562655614713241
0.568368093421336
1.245440214370806
1.095056524862397
1.6281183973535422
2.0326300873760763
0.39384843524639424
0.6081174435526987
0.26616472194938157
1.3828404454682501
1.1693150981518166
0.1411148804606115
0.5084182396826973
0.6826712213983905
0.42938196357404645
0.07384592513959881
0.09963574030681989
0.0999033655841083
0.8216026905717955
0.3000614401236893
0.26433789668007723
0.830302034453218
0.44633300805330417
0.5012796895171321
1.7190799257512255
0.10077271393401659
0.2151039279461715
0.4382294596909935
0.5723430808479968
0.05799529962299848
2.983076368058331
0.9196637873109299
0.08985820284653914
2.0736059425428697
0.1520940593379876
0.3584484242342911
0.7366675529174908
1.4882428742882925
0.03446165012742583
3.3456072659650484
1.7492375372615512
1.136552528272331
0.47722590211475796
0.02259486216934964
0.19919573789945433
1.8659368836685932
0.26411547762613896
0.7204815709754653
1.2267575538627327
0.11142153155537879
0.29948826051020305
3.799101739155167
1.0795259137826703
1.4751929540933477
0.3171641034566348
0.42429850158820015
0.24200058195777616
0.25108196737647154
0.017774351537467682
0.38827337373500714
0.9361187290207313
0.07867831866212203
0.06542977903171131
1.5313724374256295
0.05863390444983627
0.5621905465727469
0.6876233932839578
0.33258155585323623
0.3798370274394215
0.2935973652110726
0.6459564202855832
0.024590223791821263
0.71608389179368
0.5033383283907702
0.12928880407901333
0.15490221054497796
1.1190238945071644
0.010321026476062697
0.7974897643975413
0.2699622658951582
0.3171997168203627
0.6304993350414095
0.06555589203318882
0.4283444051111078
3.130706682718122
0.18862134745779444
1.4045441571159667
0.47297655438460995
1.6981694919557955
0.19009738042443575
1.1520006679693489
0.17378622042937128
0.4377113738479803
0.1710156823156624
0.04380859495885243
0.042494673523867724
0.0376193995072977
0.31041197774105095
0.2652330035883653
1.004792957211467
0.09272542112445392
0.6175706076610058
0.39972518878189617
0.1795770388845807
0.5918094362712618
1.6486341332330994
0.04471802319220312
0.060598978054903295
1.043312627633887
0.0535312727052654
0.13869293081193299
1.6523814114005122
0.16802724423828158
0.24546169349654684
2.270386010609261
0.12374754298753175
0.38099466917060315
0.5827795615294702
0.5046913442292323
0.37189607268323366
0.09893738026865873
0.19161718711382864
0.9349296858126812
0.060935530512818296
0.20776902916635595
0.1475672429187368
0.15013254783941496
0.8421396036169078
0.769613574133574
0.4089533447785716
0.08570804115776715
0.29263732913073576
0.6104163409223118
0.971381929378209
0.04478289354203824
0.4370404423110072
0.09279159422839062
0.12964789074623437
0.32257622109334116
0.34518227011943625
0.006250682389711746
0.507152438971788
0.6714689708607003
0.7303124083067805
0.08956567026918529
0.12374243588768044
0.006415392367555042
0.7004831952908475
0.14308104307689126
0.04913797291216255
0.06665083426317162
0.2555764314415783
0.17289450956463853
1.3099973554284374
0.16641873762187903
0.8169830383479147
0.2929694450420874
0.9696592304741614
0.940801454173167
0.9365447689114293
0.27556811821833466
0.2504908056617404
0.759266589686506
0.03255483757159418
0.052514997383886035
0.42679098077015354
0.04390709463373907
0.19067835695285132
1.1490141190010152
0.16085419291955064
0.6501220453665012
0.5870175501812616
0.576240522301928
0.09323653550767592
0.052610010197466674
0.03982312305412247
0.03301183051549897
0.7843485294815171
0.15306740214741363
0.15971692049691724
0.9370075672337357
0.15297094123545021
0.641980432619507
0.4346097541351982
0.04663881065461113
1.703899075234299
1.0030800635612238
0.1817993224159449
0.48375336679160974
0.5096464179154877
0.5393971810388585
0.29595455626680683
0.2706085700839161
0.0567064286009365
0.373829146024668
0.0429965653988683
0.18168554004184395
0.12503631604319979
0.7842185789358571
0.4337372764415748
0.564345698665283
0.2597515488835621
0.19571940330580462
0.16983187915811743
0.09610735027876811
4.078600732888023
1.4735220400014253
0.18126779870041582
0.4516846585863733
2.090468476034984
1.9386693535556583
0.34536795241549184
0.27119666304357165
0.2699083782504286
0.7142288042198416
0.1495945640550126
0.7558560573279122
0.5011048918531511
3.2764782468510276
0.6833068625350973
0.31770298178636674
0.5756795983986134
0.27813202298343204
0.12937616984102251
0.28932878080457136
0.8902971860824795
0.30422146562043967
0.17561857935858263
0.937717448024014
0.5223195760874761
0.5136629588667441
2.1374445362963237
0.15878983409525793
0.020574440246003984
0.10410510926426624
1.0228988312888798
0.2744435567444924
0.3598875284970916
0.3577606118180758
0.3236503601501532
0.48842399898739985
0.38909129947197424
0.4051554209525216
2.0907472071117246
0.5239200264493646
0.19887169009227326
1.2528210885238862
1.6768864932785166
1.1688847526304649
2.024588702996993
0.15623654400231893
0.33338331048295256
0.2518620414033159
0.5788668211718659
0.7098086240266012
1.0790574932108827
1.0595858509546578
0.3237664091542198
1.932035445319451
0.25841606925717286
0.5295833214016326
0.8468867292224289
0.45979761403495134
0.49180481636792905
0.8617218444506919
0.2646049432759605
0.10782074065651229
0.9455913312801497
0.8434530048993261
0.31719719668192375
0.5795916475579758
0.0611026387546549
0.13086404861197598
1.3144362031436279
0.6735485483996655
0.7552028467660941
0.9403488375322815
0.10328733818057216
0.04393242783856711
1.031889567865684
0.5779599467826408
0.3888780006443856
1.0644312647553584
0.0692525325595737
0.5879389344256426
1.4888522691915638
0.13416858532634843
0.07288533198798017
0.3397280355932993
0.04096200339507847
0.5579296992524784
0.6806067289719866
0.11972309156171479
0.32747519239854744
2.1679880415912534
1.1271909849463926
1.6490720510948118
0.09897948413148877
0.23475608435684006
0.23302132890589122
0.5839521955312557
0.011608884962854652
0.10755684529600801
0.8190746769417833
0.05538868774146856
0.12659220090597753
0.49661797944425334
0.5362170532095962
0.7197969928746785
0.03313998947597319
0.7660835933701916
0.1352241157619149
0.5179593339610407
0.903700289987958
1.0418948646677855
1.0139401374547485
0.5741012838093782
0.18923711884147
0.45804587898747945
0.11117375176873596
1.203110324695615
1.4504608587291987
0.4280191864228517
0.5415267415644779
0.2433154305832503
0.5659104886346888
0.023910067828801573
0.9784119315689953
0.4454979458342755
0.8862372942024559
0.31208264886699094
0.4217077251383201
0.10410499931086743
2.0315058575154947
0.36999005041230987
0.1751539428139682
0.5325866640882746
0.10660801720121921
0.3362444387853744
0.6969249437484436
0.6337519296864599
0.82766939232367
0.3211762351240302
0.015743844113170105
0.10087678139748472
1.0958346582738292
0.25204415443836925
0.3039999518201728
0.7462282147981425
0.3865567389629506
1.0645123371928147
0.25794402085027834
0.406338959052026
0.11740409975106039
0.456361729273012
0.48088454840901423
0.11883158698018471
0.03701536255822638
0.7854327536271881
0.5860571497364133
1.1786042898315319
0.7610176883870843
0.09672419616519244
1.4417274388695316
0.5040433183600562
0.1585700194313169
0.17614655707208204
0.3674731789555297
0.27522517766986826
0.3425821819120509
0.36993947796276117
0.13320857456734042
0.621266855069549
0.4850852482666542
0.19807091447581907
0.306285549761176
0.2182839070266668
0.09319569376248311
1.108077759023923
0.6513484318366977
0.4043856294720218
0.526386014671222
0.13875051971712102
0.1326025325313824
0.77493699398961
0.734012562266751
0.18106686788929746
1.3271242900583968
1.391825523052153
0.9501804455305947
0.21496325339434644
1.236955020201275
0.8996039270468846
0.15442627674269316
0.8580072931767533
0.8432713583407689
2.8473508601817517
1.482174726280614
1.108285475064497
0.2966183857349252
0.05700731156402557
0.5791358779009442
0.6443226601285682
0.10852629713123152
0.21544295016339512
0.4203094378592426
0.3107918053704667
0.37304157736368376
0.14067924198887016
0.33748782136155475
0.2973607260736837
1.3543482864089305
0.1463046371787399
0.10464626976199545
0.47345588900525215
0.18585719328128353
0.16476240685042143
0.1780809450862165
0.11726207183829107
0.24394673182260543
0.9302386547224377
0.0040714554347892305
0.142702539097289
0.5090992148345355
0.5431439626457991
1.011594611261304
0.6302806344310943
0.8581382829041285
0.8661404496369756
1.1921244530121837
0.17688752455430673
1.0407494985614996
0.8800130816711907
0.06915885988699674
0.12167433198817786
0.029242745706198826
0.19319093226280767
0.15763604875703213
0.9284731427948346
0.26112171068581924
0.12020697761360993
0.3387670753893439
0.6830402320589255
0.3369214909370795
0.8738454911546115
1.1991671476610768
0.061685126194351715
0.45800710968843306
0.3026774766972111
0.1960162577343271
0.3944301647427193
0.11476923572878289
0.352942855721977
0.16611610032924742
0.08840617416797146
0.027083876633669655
0.6377237777166856
0.004026386032420563
0.14136683050210994
0.045926212455366135
0.9108655195609769
0.9887164333809438
0.5103664323133074
0.01180672878246011
0.14636434917722566
0.9095345367642648
0.9139401263289998
0.6754913271207563
0.7817382769469504
1.1465209586497078
1.7167046166118087
1.9226547869812294
0.5865938121808433
0.06807663414005277
0.9343690018387182
0.10210644584845027
0.7288399221108233
0.4544080901637136
0.4343111654509638
0.4358703263400819
0.23389566043897492
0.7135870091584242
0.2932667754936058
1.3793124813075703
0.40744858032009484
0.4961385065600626
0.42530582659777627
0.1273493919653248
0.15269591632539328
1.8179153790188656
0.125271269469892
1.0361738039072033
0.791497632936238
0.11407370557295682
0.9698235025116756
0.5418511971469265
0.890795759772364
0.17669979925160906
2.0833510177140013
2.3842581603917625
0.43978568978411947
0.5309252000993313
0.489780035178366
0.02652957063299582
1.6235168823437032
1.0533988344176386
0.7031901808763101
1.8040578689528828
0.2901749182799819
0.33503085691807905
0.5196314910671715
0.558606606183572
0.49372197088909975
0.13824800000773046
0.7187309876798827
0.5317078913126382
0.9797940059530984
0.1839643000224805
0.12351669032954084
0.651618266294585
0.23970442929839192
0.4028965699647271
1.4331352288743027
1.3096850024562736
0.5690566688346933
0.44837578648183574
0.030786251947155896
0.10063897944287206
0.5608248131779687
0.7112345081513289
0.5167404321659076
1.1425587050456902
0.2354872591755978
0.055253501972508605
0.6639280187597018
1.3171444244779433
0.16802277527057538
0.08588321144079283
0.443528948862243
0.969826181271834
0.27205374770165597
0.2882217048584892
0.09278981321234753
1.3189476573054852
0.631756869117339
0.07144448103196703
1.611865625644763
1.1424755051446986
0.19417971298937292
0.7879920894492427
0.2656753261428153
0.44666484454009087
0.700639670049995
0.28103580227886144
1.4401023442163075
0.2278797584982776
1.0516672666442195
0.7614644341431499
1.36242299207898
0.21112110482452864
0.18594695706978767
2.4498498112321134
0.5954661332872021
0.5316044313740688
0.3202560202537328
2.0776053700605326
0.02508673899436174
0.45303791808316823
1.1816366258243354
1.138160599380777
3.273746402376357
0.4537405045635158
0.05111767846745623
0.6583631650074746
0.1552709623402074
0.05244226522097262
0.7288778837842479
0.390021196046477
0.08987242999041307
0.050407698466377084
0.03995512402283141
1.142225980481275
0.45194929636266146
0.1237320897590239
0.07870382320211382
2.155073942563891
0.5180205964576132
0.04933872350502177
2.1307735925947164
0.901178099399088
0.10765871120373993
0.1976358239023443
0.38688097765176455
0.6798394354890075
0.3899607896438392
0.26821369254674116
0.7750268775404612
0.7416195842035791
0.14068800833185624
0.8362797646707688
0.31085598859320634
1.2825704349672307
0.6643987899658496
1.406864070189037
0.21233992173074867
0.036920228290215816
0.37541403373663884
0.3171158323565773
0.07439451629151733
0.24364244735042986
0.3436418880196716
0.40285573009972914
0.642561995622644
0.012064294194890003
0.28180846398428505
1.9225158540287928
0.11495820851216823
0.12050026113829847
0.4892355587073938
0.3317891575077427
1.2508516928701354
1.0916964870768862
0.43240579907966603
0.757966015217577
0.5675420925833585
0.3038783505790867
0.6975322338347943
0.6233083644611416
0.5408511816537246
0.3001859264976574
0.39070898857559844
0.4284103069501749
0.05254355518438026
0.1839504595608887
1.378775922549553
0.4678084192415333
0.9432021762983721
0.041829371762903744
1.6088391845707115
0.224966023433713
1.3789920503124498
0.1740966913052468
1.415455736917196
0.18783724414103775
0.9405275532938685
0.3319410580004261
0.23460000235192832
0.11436991009392705
0.29562256328829306
0.7290668339939612
0.64727496489885
0.5862488751788659
0.08572598626744794
0.6985412557227412
0.9295916574606409
0.49193596026448827
0.8241436886785953
1.4892019303194313
0.10348459712708588
0.8147110826985705
0.17887467999439186
0.08294059088806804
0.9278447115121397
0.36200556492374064
0.10514654523011466
0.9702685330728114
0.6219277610926891
0.11095997984939131
0.4902504242165863
0.6999352019482595
0.5765498245684303
0.1541417492170429
1.1992461646160526
1.055529919462607
0.6904213792112128
1.1851315561880895
0.6583864108906252
0.3653326588664293
1.2024266342698176
0.025633025305317077
0.8735628945463115
0.3246136140305779
0.6881749385580872
0.2602097571139816
0.5597271682948548
0.7951769083022041
0.3858876098636768
0.6394434935226765
0.07351983132606102
0.15566902657864695
0.7059584613334361
0.052062127660884194
0.724472465529429
0.628277377383054
1.924609578093961
2.264718496079244
0.35282427475437583
0.9973812543692353
0.25802862273473975
0.5316825855030144
2.7283149296362734
0.09447052856315408
2.739956512106058
0.7308501503647241
0.5547256369353282
0.10945825043552443
0.507156549462985
0.16344927017671132
0.6753655808809707
0.8947055450238479
0.050843018757607286
0.38343167040981646
0.15202517966798237
0.08492291703319564
0.918764039627174
0.8013541170760744
0.12892394231784254
1.6223451073238964
0.7259746496724458
0.9275233988193305
0.27508992119389764
0.18819645149044392
0.07747100170262197
3.3612505102755703
1.2187954329467343
0.42981278001988416
1.702561916964752
0.31514063578061313
0.5748683110199868
0.6977668696328088
