1.0422247220610643
1.0089141168996423
0.6215343971668184
0.8789744540931191
0.017018478462963775
0.35054261948795074
0.6426121682358913
0.608973581063717
0.10653056785040198
0.3282979930622247
0.1812362878684011
0.08642856763207762
0.55039326308506
0.0607331207294461
0.3242332852891824
0.630692024549171
0.5954141217614491
0.8599104356164162
1.8620981969778465
1.7882282738047477
0.350067165057029
1.3418789417646335
0.6951267200017869
0.33644130462020216
0.8057985441503432
0.16201278213574125
0.5340982078443742
0.5870818136410776
1.3181479984175593
0.04548046672875431
0.4856465139828277
1.3985254480338623
1.278107564115181
0.13295633241912883
0.5468142251984626
0.3853675631249932
0.32109619677166157
0.2728690639493457
0.9369931264040811
0.29670099270560013
0.2549428276436107
0.7906611449731185
0.403955803226057
0.08666443065755679
1.2115046595944021
0.7096259492458116
0.7493058683012191
0.17003871723593206
1.8103579119216089
0.6441783230036466
3.9726517071852974
0.17727269257402878
0.018128803525982676
0.015942609723439236
1.330095991790051
0.032684400627318456
0.9323418871195193
0.5733829569756242
0.12226014366236902
0.22678874231418264
0.3951817869945404
0.7923638555982943
0.20537382972842647
1.6457277350853392
0.3598822401219014
0.4319423442322306
0.32809773332317294
0.3307733440833425
0.30632514505750486
0.09840792359529466
0.07804952983623327
0.19395742530451182
0.7664114031496597
0.05304436345195186
0.4978938595887342
0.28944089851347565
0.17478639168117027
1.6044376292807268
0.8947614380078905
0.6361798694528961
0.18783042879868264
0.046110005603188634
0.3160480733504371
0.3859302356986244
0.5919989629188245
0.9823298820379657
2.3163679575574783
0.5159032737259742
0.08507286678618467
0.6674022288709213
0.10993636766423266
0.25694065050015386
0.4086616190048283
0.4709463558438638
1.2553951878505354
0.166600127090976
0.5459598268295975
0.3692325220939918
0.051308660540978504
0.4608560935668155
0.4728950000480123
0.055222457408432145
0.4758019870226527
0.24798029394062707
0.4697924141391174
0.2915015514529105
0.2335508247684883
0.29720786011402744
0.753150384137868
0.8202649973439886
0.4715474755259579
0.18262363408607588
0.17672721411561929
0.6035727630395771
2.1780094912757146
0.11785854533032881
0.15092744255736065
0.8361805893805464
0.029606938596284525
0.5129898864069343
0.20985897976003548
0.2665294639127944
0.6732906932219807
0.8109197215575845
0.18014652682874047
0.29605323432372016
0.1950684388835696
0.057544101578389815
0.04197695717699397
0.4202726301416095
0.1878514240536057
0.45597243437156476
0.46539318507376604
1.053688305575596
0.11443739809667498
1.5946214335694135
0.6851093219081328
0.35497084348788577
2.948318170091919
0.1591903247310901
0.2723969244452233
0.35952042844696874
0.8566845651208549
0.01269276383385977
0.1822692239481735
3.0095554757490706
0.19914595829819012
0.45728398928390634
0.45467658871720257
0.6787613278908491
0.6910253533901107
0.05810347944828133
0.9070436362317595
2.419039098479915
0.06670115204187232
0.5550280270993944
0.5225855231088664
0.3467873341602425
0.425903604953984
0.695831411300698
0.2604528574820583
0.014310762812905642
2.3794889531327272
0.8973067413231585
0.33336750802424264
1.1867335818830036
0.8691527772048409
1.1013646169244218
1.0090942634915325
1.0531845992412487
0.8483058546405401
0.4833472489227113
0.2935548024858147
0.2433936930390833
1.2369739871221137
1.6987416344513073
0.10062798712428708
3.5030302543224168
0.1857252967519429
0.0767190904549189
1.5394715815411582
1.3788920135640366
0.46052695448688147
1.2549196672325176
1.4580510900448853
1.1363909604884308
0.9282740401516945
0.1634318856634488
0.15366817094718277
0.63116868623241
0.3924055894381077
0.010476236863374773
0.5973528280199535
0.6226727212985601
0.8699345431053058
0.24074420280463182
0.18990421258431353
0.14257321292273104
1.4181906933085797
0.6769167117191625
0.6738935333389167
0.5700224320592744
1.4090955261277547
0.7691680589833636
1.8970162574783014
0.7901988137221212
0.401754379023193
0.24628042269427264
0.13364636852773795
0.05337955148662043
0.31339649056030805
1.1807113567771705
0.6262475236023841
2.906184012930618
0.6874778957854408
0.11168230267407489
0.27389493457641795
0.0114120379061409
0.18090403092394555
0.5274569653229166
0.8942232546560067
2.9415895852601732
1.288503025563903
0.0576863808727388
0.5199877568471744
0.4646043302154503
0.1104291932617753
0.06716635620540153
0.3085448812901985
0.03908201645586169
1.3447212719739103
0.47787595782015874
0.2900260293196515
0.0592922487280076
0.3313334673239352
0.17084592487175618
0.47089926243560626
0.76696380823216
0.34492099801085996
0.024923662883162223
1.2437221959262363
0.2387782047827357
0.6840347496400572
0.48987310618548024
1.0559654077023688
0.10223100507741816
0.5870982605273501
0.1907109011610446
0.7589175935619344
0.9498157475912168
0.3003590379117738
0.9785077954273118
0.18676924151158647
0.231965690380907
0.13364769526498216
0.08614647924119642
0.03588311443836941
0.6210304169823339
0.6033656673123778
0.6683396544427324
0.608405539914033
0.6407035115833558
0.3728584426153945
0.04239664336644448
1.5241395745139052
0.0885671470113337
0.5441776834004911
0.20301267737099576
0.003038625007555761
0.41785943293642297
1.0437660939325046
0.4960112958929509
0.29591622927348155
2.347254611510363
0.9180178075810099
3.2395461877511087
0.22515665515212258
0.7943105912061377
0.006187610253693619
1.3152195577496497
0.15719837158753616
0.05833451319297578
0.017252214630386637
0.7419997842549884
0.12629391112230245
2.0390307302821418
0.14188551815471526
0.10536673529457964
0.2906744447530129
0.4561178022197889
0.24317360841383145
0.6889390703909131
0.08003795820009213
0.16198561211303686
0.04988660751855018
0.06054584659982846
1.230738834199904
0.23680200778304264
2.4064173602904826
0.8437271202208559
0.7568921711734302
0.12862576446419005
0.018747058820891352
0.6562609693866321
0.8359405648266288
0.10992326205065488
0.5540606106946038
0.7784105406772379
0.27138978289379484
0.4648958093786252
0.06506408717913825
0.09424234215682481
1.684983827479796
0.09401985908158829
0.031198305478003317
0.16769647234682886
0.25196160752700275
0.02479823054170451
0.12748501367097567
1.4181333008885335
0.0012015610779699732
0.012747391480540953
0.008911205718398972
0.02895310835317215
0.6938579352945992
0.4017004265964984
0.19914748942722824
0.6147314720433578
0.19247759584754778
0.7453810151602551
1.277351298824307
0.32002441819543304
0.761161386694443
0.7837970099425985
0.184021106819682
0.2866299096719582
1.6648189868636405
0.38727218231515753
0.16625117566631406
0.7644519916646776
0.896628161228915
0.30897763433457776
1.1817377110025062
0.1737564806693408
0.1266350971556817
0.099744861870528
0.08602884815442077
0.3091479901201168
1.3705293522341606
0.6092976773062617
1.6406362634536604
0.5432428178930572
0.6798846115238456
0.904928971249319
0.1399447965464465
0.633994090690445
1.2201516389339246
1.127827935582751
0.08739148925212442
2.5798329083826843
0.5654437558040134
0.02502871313920537
0.38849962387806797
0.11179974401596468
0.5191750311714992
0.3811843309953447
1.8866017875524843
0.4194492638664355
0.06649127287765776
1.0400519534260622
0.032276469727776064
1.0073744024424562
0.6867174799745305
5.188011080343663
0.3340402400560948
1.525166211348594
0.22556204134125907
0.17143229149718647
2.4190544831441922
1.6132674334017987
0.3320363586958719
0.05078046127240078
0.32104912544193714
0.241127823642295
0.2388680386699162
0.6305465850277293
0.8805174608475064
0.30141611588285083
0.13680578593970383
0.0773880570264868
1.5856371085066512
0.040864338046252155
0.31720895525268084
0.46409805199505627
0.23379505903718806
0.31929414177426485
0.19686499045467856
0.21488821047430162
0.22703910448698653
1.3733375928244875
0.37213374405441685
0.9082461890514287
1.2191377760475919
0.2045542323529435
0.32166844214360113
0.4980228687486376
0.579747472601661
0.15673088555553102
0.2745183649832047
1.2776419469961129
0.18019694545834003
0.03943802877625337
0.035478317777332076
0.48250623334081283
0.4434601899849831
0.1672753076275733
0.6275877590577958
0.38144664959544666
0.4840264299185298
0.5536436497487802
1.495183806727199
0.7577840318048708
0.19824032370120975
0.4161844452216391
0.05333352431100624
0.4393891804305602
0.39431752262031766
0.07037971132420699
0.2526232436799429
0.5506836052411496
1.017290947710733
0.15116034448379614
1.3147511297714352
0.901154201325276
0.5253129275450368
0.18295386860582782
0.23942733968111427
0.3587286387290708
0.07130276653954537
0.12341564861514885
0.26174609874547367
0.48118357268781137
0.40788814242838034
0.013765833622894416
0.7247547089156411
0.18899535036336332
0.556169094144645
1.2006919974217318
0.2176451676657655
0.22721931863815384
0.5479114179043162
0.8759924074666626
2.1401737373037886
0.8448391927670934
0.2679554483108337
0.6633270388466381
0.10354372218921545
0.15123245849432213
0.7396204112395861
0.2713640011508407
0.4728333342091176
0.9473415180198156
0.9904974117349066
0.45203890815768344
0.4692601868217085
0.20326626407880924
0.037791367527258785
0.03433958451426537
0.1331605935880349
0.1768981743717345
0.188857357365404
2.2194048873611494
0.6234158379682826
0.30431065629531867
0.3626648554708523
0.02276330824427387
0.14273608565382606
0.34974529775569907
0.6755839954711713
0.23053543416033428
2.8664933676549422
0.5139406602188725
0.6732028958584735
0.8599575985321123
0.9699731432009462
0.4155330469017559
0.9975415163820024
0.5063278978378835
0.27472083910833434
0.3748355851634833
0.9957693327274426
1.2535527592839633
0.6217380304497309
0.3152968780896264
0.020219598339840928
0.6595309720192684
0.14260863398514956
0.14857700579438937
0.700230297147028
0.8891027454700217
0.32225513178188314
2.402926403011143
0.36069126785820776
0.2691365528533375
0.8850801949978796
0.5863323796260911
0.08193676225518279
0.5990202462644996
0.013701314700216483
0.008019486798811488
0.9792057107360029
0.0696330984741866
0.3042091654664201
2.6489852395164877
0.20562142464352523
0.9873713798014334
2.22508535903251
0.14303583149980129
0.3119131776507518
0.549618653524943
0.11458936192309821
0.25447307589369744
2.5783722503029405
0.12789165103334002
0.4940297561920174
0.9064120782966785
1.5592734511187116
0.042841004608153634
1.3340114213811283
1.0518410517554528
0.9391625485234086
0.38157312055049514
0.19912530275615337
0.17300835592852215
1.3638108760665335
0.13606799026902297
0.477863158762765
0.029212355792392782
0.06876690540884166
0.2556693816178771
0.19969114330253998
0.07390383094172523
0.44309903461218064
1.1564817471016262
1.8986374692726935
0.7156065113165512
0.6716400510696785
0.1572691149721982
0.21952102126645318
0.46314702001794145
0.5262233295787466
0.22768278919832355
0.19583969530222275
0.23139536237841257
0.2326453070516467
0.9663348947146828
0.33521595526830195
0.14242530156825473
0.6001167628254409
0.37121593421006543
0.23089074350934155
0.8527772738637794
0.22363311460427615
0.5819827114158662
2.751099372210464
0.453715090300769
0.2081097958378299
0.301932197111999
0.020180478169966085
0.09466140356148262
0.8391301465135832
0.5938213629809699
0.847025546109891
0.5444535797835083
1.021389693783042
1.2053188644589217
1.5261072167297796
0.025959890614132276
0.12169985458341945
1.3383851309727286
1.0437135959411938
0.2737304116083722
0.5448919293380124
0.5804674020755713
1.249779306827193
0.7193889241188733
0.653605584489909
0.6088895525659451
0.7301069381572814
0.23901741444565666
0.6714707653112821
1.5919737804551441
0.743469435636233
0.05179431322663919
1.5018069655897803
0.2966996248529299
0.5230734424248331
0.26319714472067274
0.07893608163222647
0.07730062804659166
0.381010146523881
0.007296030468607884
0.10360061759216775
0.34778942612800423
0.6348690947943002
0.9651658899031574
0.2570613637767373
0.4371254767945874
0.6928913453408346
0.6737476418586154
0.24212544665404123
0.6502704609295995
1.1462518724942001
0.04421719490669601
0.16858063658789188
1.0203693624540515
0.0982035457283102
0.1913538548988702
2.4918870076582524
0.4419440615302222
0.1590187924785781
0.9108433942791472
0.373798864410234
0.6504998791569097
0.17104377672153717
0.2903549823935901
0.013740793124055658
0.44157576194203657
0.8245866156282528
0.7580433553344634
0.4992216431133201
2.2313868458442205
0.744480178210831
0.5804163509121303
0.7890589688496444
1.0447875072348063
0.9892805730648218
0.9519406153519119
0.6792533411837508
2.01143701037601
0.45136716295248
0.2586705194935853
0.8441840246526839
2.0809018618244437
0.22652749348981596
0.2117963410760673
0.007910684098518422
0.32271752963981093
1.169651460834508
0.42863086181167287
0.08482266440492353
1.4217783941679765
0.5636560485902388
0.3176552359138565
0.39670777413625113
0.1030894232733779
0.28502846385189845
0.5919455770737765
0.11103873957731088
0.47980370667190964
0.444085406464487
0.0999394088695121
0.5631234331184073
0.818609326150903
1.5106454544131909
0.546205189297767
0.30442185857769377
0.15022559485966983
0.3293374714416131
1.121237886486033
0.02630154210860024
0.18596439238450546
0.3519191219384247
0.8479575450258662
0.38636629873238343
0.35936419430622674
0.28152383580701057
0.5275273105787295
0.209730131857139
0.6896935208203007
0.5674149852464805
0.5813748254513995
0.16813026659276203
0.4754083643666412
0.35097809105702127
0.20832960973308862
0.19296454464743304
0.11968148225263212
0.6049483455156948
0.2329662624119292
1.009874508579867
0.038325587971527214
0.04361215499536138
0.2706530569232013
0.39335587063334587
0.7064494440978872
3.553398051422523
0.14143639202280608
0.10512783341314307
0.08743284166820353
0.16663207861563875
0.844392012293878
1.0553210471101493
0.40914339513432757
0.4552225198908238
0.6432109187328607
0.1359905149154895
0.11501389765963037
0.61860690767216
0.6182183145213348
1.0122397709493212
0.7756123827815881
0.1589543006717844
0.35555815353156317
0.23117581967817402
0.37116379882700024
0.08343156694709365
0.11597182353330093
1.146982233070581
0.16966230511561814
0.32432585389563806
0.9721529370880249
1.5502670482317626
0.18628736479186234
0.3843806575203113
0.005186414113065579
0.978956983022893
0.8177594015554488
1.4603540085049873
1.5849713248873067
0.28125031192134653
0.21204922808290427
0.0648559502564319
0.004589707337519679
0.32805481385701857
0.5249088493777552
0.01708554817825048
0.10989610911886666
1.1734798254617445
0.39376027884986325
0.39107198446054225
2.0027873722786587
0.10709378525979356
0.10111236993389369
1.1376732106048872
0.45860385079705834
1.3002197112044014
1.9903139036849973
0.21245524685482034
1.6210404008985313
0.26578880138389216
0.13405550292210808
0.19763392698522955
0.5908102572773077
0.25907763281334056
0.12443621899646934
1.1429462807940187
0.18764072696284428
1.102003098073537
0.4193785024962361
0.11193760957717816
0.6367981692140209
1.1234247336153518
0.14495961674427563
0.5052566911300609
0.7375798627815382
0.07261451002270143
0.09275962129058063
0.5992286678643602
0.027971714725057984
0.6922899892453551
1.532627394849239
1.4630962431406156
0.5354060104363308
0.2128197003309552
0.2655471609946831
0.09247829929382358
0.9308895693070321
0.13658373355693662
0.509852156480308
0.3605624160558312
0.26501346351748734
0.12458993257374043
0.01136541859328463
0.1691997406705851
1.602298656821323
0.32015090106028754
0.5384580934139438
0.03296641411519775
1.703910050354561
0.9007554662176482
0.45198466709429486
0.26371195937629266
0.015510633796830587
0.9036259968367875
0.9923139720981798
0.5174349144015281
0.14547924592696732
0.18383099153837004
2.16928918541479
0.8840059792704348
0.43563871394764925
0.5884420436262572
1.7995971213866688
2.1077332674162284
0.05421787228285789
0.5200441606211592
0.5379909780001562
0.18981344773801895
0.2712397413551933
0.504482949090451
0.04595551928629423
0.4125234812560293
0.21921770847778715
0.7047531547195006
1.6690628129165144
1.0369311798155294
0.6863875019933348
0.022338245360624426
0.2649205097672674
0.05746882492656225
0.19171265322548
2.6778300836138684
0.7750650529583804
1.4892370433652808
0.39565974839491014
0.11915418071979024
0.48776283479041455
1.2824121398301604
0.5575369208110539
0.12514172961753567
2.795866665705749
1.6269967389518867
0.9315623628416891
0.16439991564969975
0.04514843889479937
0.1427133537873901
0.45984628713384534
0.244470809474165
0.04523134893621825
0.8075321160770038
1.63803218802863
0.07496565733460958
1.6476775172923337
0.32635737613293053
0.17795711609215362
2.0786828026120903
0.16663461316539793
0.8086312554005274
0.9673208281210403
0.1794298337152889
0.492669278475657
0.38037218034399867
0.2953406325102763
0.15332883476919384
0.1512115843175622
1.9282194956961254
2.3956762686720725
3.8338583107562387
1.5888547466527208
0.1928233838109705
3.871307095545089
0.6670984247468618
2.1314193776467123
0.6424193920924484
0.03608753369390251
0.07516153240555751
0.417600624252457
1.1619234602586288
0.6506917096768613
0.779085895379358
0.3433854202470888
0.41524203562665885
0.5708806995062735
1.4406830260267907
0.04356667048167182
2.2411394678741563
0.9399328248045707
1.2187733374959369
1.17902338295669
0.9012182894405016
0.34211203895936687
1.109132765731401
0.9511713685303754
0.0721262396926664
2.2914724349267113
0.5445453188842023
0.03428159106294036
1.0900949142265282
0.22542526483902328
0.6098163552893221
0.8389285512770548
0.5156270194624959
0.5230781201227452
0.35211865873507
0.21542612614371684
1.7179271943984034
0.8236539673325447
0.21444440540376675
0.04085479228585826
1.2124035333897303
0.2178090126377575
0.15172626994869665
0.2547364053748291
0.624150942163155
0.5353126004150823
0.10783208765387813
0.08292029460685998
0.04545305235188236
1.7221054081532676
0.29608344743050324
0.03637285821295732
1.908476019563586
0.07294676522884416
0.25038073597421157
2.2250500936640836
0.08261667994629271
1.1131183169009589
0.8239096120941274
0.9646123439550227
0.14672136895575327
0.7113668354083111
0.9145175701263734
0.7746613486341372
0.0896021824761194
1.2911810862599096
0.393643565873899
0.9359658504932636
0.3021378424866458
0.7731775127148499
0.40661750070508135
1.314880321484964
0.7840636941628535
0.5311664835227228
0.2176951296731931
1.437283276304448
1.0748743660630455
2.0883425036291987
0.6152563250307352
0.42263780831692543
1.0847230214814065
1.107988543813327
0.9005005838456214
0.5059356148495203
0.12352121874199437
0.5938751573775323
1.211839074665611
0.49082280341718054
0.5158651250303024
1.67233019698415
1.1257799530901178
1.36586086601141
0.22782601483074508
1.1329521107499902
0.4734514732627288
0.501153403968822
0.277505760309589
0.4029305862906235
0.10317612600090173
0.22334167352315823
0.6348097398300088
0.1533122193083582
0.12870301788482172
0.21065900226304726
0.7981142571041323
0.17311512546578944
0.15529207393953884
0.32931764509561956
0.47926103809572207
0.9863926215761035
0.06184966292673618
0.10114603828674591
0.09230985707168789
0.5771122801675589
0.19056844202387546
2.140864899770227
0.31632796874727404
0.01189591581819122
1.3283442205884102
0.06259067975405348
0.0618233460501435
0.08041311726367405
0.07336894169717388
0.23148538165764612
0.1861654518316771
0.018149620136753294
0.03007287280067892
0.5498139432303814
0.35731193932638095
1.1704470506186533
1.2259522824865359
1.7382222297329952
0.6497652122695741
0.34284836185831136
0.41665835889106423
0.1811510614369909
0.37312269398921544
0.9585894131310287
1.2166277766045315
0.4382083371890685
0.43651642645550354
0.1297789078692336
0.08432353917266912
0.8508728615331898
0.27127942188140175
0.36078357509599435
1.1456657546891649
1.1997716751746663
0.4816253313242978
0.017835357248635792
0.022662023451159804
1.3761913258377485
0.18068359635990044
0.18663642171557016
1.1537521954592371
1.1289170411670804
0.3954366317045994
0.3393843478207592
0.1066980758548728
0.6385283016072859
0.07778802353067733
0.08360700766452767
0.12076762620703671
0.9814457108457443
0.11780914220344371
0.3180375643298997
0.2644956548390593
1.5066011329590543
0.5615785065633542
1.828357066808798
0.19723820864413422
0.9629517103909241
0.850996485134228
1.2434134965130479
0.5513954453539358
0.04437417372062943
0.20496030100137155
0.33722813456594775
0.24511516563944347
0.08360680274627187
0.5045577909419786
0.6051502546296162
0.6738526593001967
0.23456585518461825
0.974561791652497
0.15336439232472374
0.15781066654164835
1.890091308419541
0.7076655401966946
0.25083839829778315
1.1997692525292074
0.12264527802518099
0.10859288629312622
1.1223678995711026
0.8803809148938018
0.41747153378637414
0.928178852677579
0.1025687960338288
0.29983607083226355
0.1707683878698221
0.049293400178975225
0.6930767435450448
1.2579326818950787
0.27364899630000533
0.6007157344524706
1.8336664880130065
0.8678248408933703
0.11691808031857553
0.5292579293561378
0.14380101052721347
0.07853673850185662
2.976447542587224
0.10460849529232333
0.9695392286289525
1.0600214063312376
0.48727065321086405
0.14210277760626652
0.6226353828266635
0.0782630184706419
0.029520414522630746
2.342717157437501
0.20119069766951161
1.358239729044998
0.6547772242339808
1.00602471515583
0.5520748858372977
1.160737528847827
0.5609344962431773
0.7780549526687786
1.6876302519659772
1.1508982779768246
0.20369990846520059
0.2636376986058595
0.15978997404643125
0.28373053229352635
0.2134320361619079
0.8537697625259172
0.27840068935794987
0.5626911532116725
0.032527387042555644
0.12392127453457122
0.7166164974683442
0.4089663764386033
0.3014078617639551
1.7994844708603168
0.09378252412132858
0.9227877755761738
0.15557409359061591
0.5082555659410861
0.08853273169592717
0.4057358142223947
0.5566106976175247
0.17465811035147158
0.3073221041335202
0.7461857362614052
0.3251495127139707
0.940221388697839
0.2872152119622376
0.8755116532993741
0.04698072265147045
0.12439029871281014
0.009021861894674865
0.7754459217483236
0.9175729807961579
0.5884268705276975
1.3272999732289725
1.2284494859871782
0.6099451063387784
0.04768534491024292
0.9068888299789268
0.2972325626796357
0.46574868627092686
0.16671231885586926
0.6226426226767949
1.157791634211635
0.44445762141841194
1.0807040126806258
0.23584873249155827
1.6967540845045088
0.08582753708742813
0.12226958764725046
1.139521220593857
0.3633737950819653
0.16806218394540967
0.6786428071979345
0.8184521563066626
0.9056181166093821
1.2319503031037924
0.3100729820661119
0.13412064309261773
0.5584902694276443
0.6097198580223318
0.8919176889080946
0.863069186157143
0.3704732163080355
0.5018397393706658
1.0406158426572683
0.16828547602642965
0.3851251307666901
0.18797304009752153
1.818395113314218
0.7897005560980561
0.4918791538477366
0.3598772793689598
3.328441215720786
1.332903187532414
1.1645261155091373
0.1129055325168812
0.1895336505626689
0.2143514422208225
0.4481890563302665
2.127952205665525
0.17152940987746843
0.8176953623947552
0.09238827500361228
0.3678716142484271
1.3789061125742599
0.6196144051971826
0.8711028442269871
1.1223795921745436
2.2481614684857587
0.7672078427399565
0.34867215563403603
0.16559166690733573
0.553093972599117
0.1658322941585062
0.7045753809609275
0.7415502558059898
0.2742567591994146
0.910816919547875
2.242545166002828
0.6021944463782685
0.3168785337938021
0.32340560002775676
2.106625143454402
0.5003935262559104
1.369021466187202
0.3296829259330422
0.9058858151516032
0.08819288913979009
0.04247758471028451
1.4680484561844835
0.7708066069782956
0.31954152588228596
0.2916502760307328
0.07565190135871466
0.31051011180286936
0.462926951085438
0.725412916574494
1.197070549653298
0.18744270988452863
0.39525914697979503
0.19060471643987495
0.06894117101173651
1.7877105275574008
1.448271649715534
0.0464368221626465
2.617774304147726
2.389833391994598
0.9012219338718087
0.2885524834217903
0.33579623153029187
0.5992882843431101
0.06595062944432714
0.3644626913814895
0.18338615035634395
0.011636173839483566
0.9585074359725921
0.49403984705706533
0.3650551962362231
2.949483568161749
0.09334347555859888
0.5256098389346782
1.0858046497808176
0.8637310185539254
0.3016737440681853
1.4560606351268641
0.3070515317203609
0.8182510472320573
0.49599688568005174
0.10444961299017701
0.8181866604277951
0.8572286925249145
0.3353959754250476
0.027661829118551813
0.4997215524200402
0.3728265431061363
0.6942401302072442
0.5043473048116563
0.22657534173786234
0.1756389757539301
2.0627766232953757
0.13899800050462752
0.30233428801879414
0.5046624609598799
0.19904414975736034
0.07966773490836122
0.8053327133890162
0.5817454510743181
0.11991182862757437
0.6139460823918558
0.12641926925821703
0.039417460177259264
2.4451097681977108
0.8805093618310494
1.2777008548358364
0.656169929288656
0.10623897309112151
1.129408614279648
1.045934120438443
0.0699063306880351
1.1735719656658405
0.4604331781174148
0.5482263527265708
0.5248946031547483
0.6311082373310944
0.9585304051139356
0.06493252094239053
0.580128534108399
0.2378574840247575
0.7752847701408965
1.0504221457907237
1.1000880407104312
0.6011586230884768
0.8493891782844251
0.1471431448502502
0.8118167672810829
0.6250018251299584
0.5288682132341793
0.3492998939019914
2.783123272726265
0.5331843901420791
0.6009821737888408
0.11261629689487432
0.062368936607814736
0.060657315072427984
1.5652165432457512
0.5883731658146703
0.27189492774656654
0.6445117271755264
0.8827009831469326
0.5038741883375701
2.0547862889437205
0.07971933332926699
1.5587291757366837
0.4737431079010279
0.19788502412464967
0.007571267363542816
1.3101894871362143
0.6044287715204613
0.49588988176754123
1.6493990228775595
0.18206389166853024
1.7654843768404074
1.6067607013149734
0.8131064727994919
0.4171434882358471
0.8054736642773705
0.7579258202222916
1.0145343157600104
0.5512208477938358
0.4888378795542311
0.47113469734141783
1.7138247960115776
0.19472328119488672
0.3961865070593301
0.9801646276810193
0.5319777434410397
0.04038883307064327
1.0733316772554864
0.6139687415617257
0.48615193741386725
1.6140940367675158
0.863008123555378
0.30783476460861187
1.3459852743156429
0.0056305573712965755
0.1241341489095923
0.36745031037102566
0.33859707479232903
0.21238793889329197
2.208671982645496
0.038201474941075855
0.0331426967379467
1.2738312332688373
0.2608122990408101
0.2557227541500159
0.4801279944248584
0.45263143444337717
0.3030969654271107
1.1261737348964702
1.7219999460597177
0.5362533448879195
1.5565837932415687
0.652427044791732
0.5131706953015062
0.48623705470597167
0.05940837016654582
0.11570001316513236
0.4061895707209909
0.899960245920288
0.08458611903681919
0.2623084679049078
1.2886186905226702
0.2841103884488553
0.03145970380552586
1.1161669381711323
0.13031489154939405
0.2263563451560615
1.8161804566337694
0.05846295136624737
0.3577451089605037
0.5823328332567607
0.46187106838962844
0.21631815656119227
0.11447433745693615
0.08594112812873236
0.4979937299166529
1.0098582397903695
0.5526500852081053
0.7418083360090599
0.33859976979364664
0.12724996320732926
0.13502577602188578
0.17685374901881246
2.778530880599758
0.18681584694426964
0.33861753119257304
0.006992375159885914
2.7998807213221037
0.2741621765642379
0.05866077278297732
0.37213199301113625
0.025887128293527163
1.2089735993626471
1.2441937773274903
0.07694072244938846
0.24299431060503332
1.8688793052578103
0.07584181103182766
0.314916652888635
0.8501921145797363
0.2172193105011714
0.2907781393246168
0.3927459559379041
0.24699705093111185
0.3772386414417347
0.6768220182904061
0.2982801134744381
0.34175836272195437
1.1761119333933763
1.1321154575418304
0.6018750817102643
1.6687313490126618
0.23927872554560806
0.8029732914456177
1.1691078318859893
0.08482389564698584
0.2237080551130044
0.5424141362453444
0.07893641466590519
0.6844625652126805
0.45556308608424195
0.6505025846685913
1.015704632493674
0.4062768261731155
0.19908233108599518
1.3679633480600892
0.4049486270183103
0.9025511152434007
0.8558678943119238
1.1675350563102083
0.09890335717591005
0.6987409414026419
0.8056587444351004
0.27516879307136677
0.4028666230690097
0.15530384751005882
0.2531315347520967
0.4212061850900989
0.8210648191589258
0.051147633489699196
0.567272266963496
0.9709128448731316
0.16066881295056237
0.07631142714856881
1.0302959074896807
1.1875212047303203
0.33103327139370503
0.06018772816817677
0.30732441467014365
0.19986859624760792
0.5617042283632732
0.01909459927028333
0.046863300233331955
0.6620908195610068
0.37998740183524565
0.04850530087261666
0.573098971807214
0.08468758280744786
1.0418461312853098
1.168434705827957
0.37245569929788863
0.025449959705355702
2.3545724307075147
0.11306476631466386
0.25228231929555855
0.8576808117671229
2.093788153196298
1.1495741364354997
0.7038814561378214
0.536921018490318
0.3815094926159121
0.38937048640402755
0.7574652696042563
0.32420773671280256
0.6579302797714489
0.04061078107281333
0.28617507958172644
0.4288346918111123
0.8449920016454346
1.7410205121340367
0.7992380873315865
0.509445804933682
0.8268847803184952
0.2547516292305022
0.5581675537686662
1.0113363999282194
0.8704180110024804
0.5347719000512892
0.5425909387902398
2.0239664559209785
1.35544932426853
0.760308141317976
0.7561053723168338
1.4320053465530083
1.0958548298472799
1.980234973028957
0.11810055522894193
0.7273962027302902
0.5432489238695123
0.44527385596229124
0.5308704571044028
0.011821478189058909
0.4349933045255782
0.40166373633954966
0.4723543911258917
1.3693664523524958
0.5123928324078764
0.7394352206947089
0.08868600564145714
0.013828292864468142
0.17754636551414674
1.055498587208568
0.13634351158429286
0.21010339397860317
0.5530385766102723
0.11956885335236764
0.42774198421974224
0.09581969033260748
0.025767946577691672
1.7614224467864417
0.23843398901633234
0.5353067922258823
0.3710858136616261
1.5856338342528176
0.34232036817321926
0.3799211162462765
0.5076068162863883
0.5421650504585959
0.01576825885009315
0.13899491589626486
0.32242246745445524
0.9879861727435864
0.1059445063392697
0.7105831994644485
0.7356542715265076
0.9332403479441242
0.4235611602001742
0.5534347988089514
0.09301373665981442
1.4987578513317703
2.0199631200478443
0.5246334689135772
0.520505601178324
0.16698836228184402
0.07566249435747861
0.38348534203025575
0.6348121221944559
0.9851985050545417
1.1929132501559894
0.9057539237493152
1.5940470972106588
0.19817073808789507
3.063943766218576
0.7179643635856104
0.17031343869895252
0.2928209800836461
1.7167685411865827
0.8903213509485804
1.482911089685993
0.3952850347829038
0.4215632551945824
1.7706932798664192
0.5721306490323043
0.3257288132393823
0.827752693967765
0.029952193947748926
0.2597874984839427
1.5085384300719626
0.5688629525545938
0.07106244517401188
0.5677375838421094
0.0738678844575145
0.43812110405901006
0.639992376287236
1.3408442732079977
0.20844555978792875
0.24440255625354984
0.2706977651531759
0.16398521171492736
0.18929621007232192
0.07615139685671143
0.14637591014059687
0.5101883543919751
0.7529361084039395
0.5494753967735948
1.2058844287201373
0.5162543536746913
0.3065201261151682
0.09941978606132541
0.49082101022807095
0.5234839498212135
2.0372556413241996
0.6431802675554059
1.587637999697283
0.4017355504887134
0.1486613175671287
0.19707515982717239
0.11926128469858649
0.2699584942266864
0.44590242192416635
0.4554333047605178
0.7151404921653571
0.7881132594453472
0.680116570925814
0.0702992884093107
0.2709570514254717
0.5629578239671079
0.8289760596634081
0.4838982319925676
1.1673272935882444
0.17460605296629067
0.21399082535336705
0.522719160590978
0.14246037969583716
0.14262980070832704
0.5241178194412939
0.08291638608538716
0.3002022550570072
0.2724074387973901
0.92848416422161
0.38860022949771017
0.5256811717826658
0.3391585521625897
0.6854940090602119
1.261661671768665
0.1461860445382622
0.044463544325557436
0.838031858265303
0.04069066118936683
0.34580313958999676
0.6155252945817624
0.10516022387926567
0.10060712547788009
0.9763229859158548
1.0512284827448726
1.171310001427379
0.4371238925457549
0.4788382418099818
0.19974438331691222
1.244973229678797
0.13120844667290438
0.36254622198276737
0.18054293420188983
0.1003856466552022
0.18598359189765332
0.8883089815161397
0.3129882828642972
0.11292147693150749
0.40142416496686756
0.24665852686084144
1.5432479075435583
0.2797179923858209
1.0859201150627074
0.18858206884727732
0.7799207634356746
0.08543986789514643
0.9823130173400523
0.7770981167317728
0.8423300371059087
1.0937698611608246
1.9872008381226598
0.11138591641826252
0.05789052939431466
0.34911342761151193
0.3029762885936141
0.008453317403185216
0.4832600043162415
0.07025808900793679
0.05720632664368889
0.8266824894878672
0.6985444311212446
1.098539991190132
0.12488767044997576
0.05562111688603427
0.34889133383487975
0.29241994280896144
0.1657281946543437
0.22266156627782654
0.7997121091558301
0.3948753200505277
0.4989407100317257
1.112077526357395
1.58833519085782
0.3270122785880694
0.9064716979369523
0.35220011226971765
0.13280410277922705
0.3137786155582841
0.5387765225460506
0.24313339929634414
0.31403944425157904
0.330841531499348
0.2552720290328013
0.6224903260450384
0.8247060869388741
0.6021715566206117
1.389343858242517
0.49240606732189046
0.364999517211565
2.3545773085768653
0.4721673860630029
0.45205583868191523
0.35810745116813364
0.11641017894188477
0.7899768250557323
0.9226197335533509
0.47465467746719053
0.2355066945306521
0.31887815721594975
0.36624932850276826
0.39822811980400585
0.430054444316998
0.24125416179555229
0.12999122527068638
3.1672131060213857
1.030309577096807
0.7068792920425653
0.7306465439165583
0.11937849544262374
0.19587007323679634
0.285051580876765
0.18204219232091132
0.29643653389504176
0.29153408144430937
0.2612080895971531
0.014071833404883776
0.06887084963578935
0.12790856346266907
0.14374940523406146
0.928325589014258
0.8721322467386107
0.3813423306740512
0.9081224008754873
1.4337889390394611
0.13975758625612994
0.5288219716398372
0.011219227465107276
0.431743588363309
1.3046604249173948
0.4596199608482063
0.38301143390726955
0.2664529400601022
0.7532124850691702
0.10868340236595093
0.18604793268193515
0.4961398220892927
0.19172197712451053
0.4355807141917483
0.04225480565132543
0.25738979883663005
1.374698397145936
0.09569557915149936
0.6411647945836633
1.0370020443773138
0.07319389115256295
0.1231620816792475
1.1651564945540631
0.9731017418863127
0.23521413297034963
0.4801476016182503
0.004478288716107658
0.6314236459746513
0.3961889503526394
0.034998468695603906
0.6465440452123357
0.26983012080524915
0.11669631803934079
0.49887061679479733
0.6309245142984479
1.1263582818000055
0.7301116792648252
0.22058185897072727
0.45980023929690256
0.22960156046585015
3.030511975990503
0.7236990020170689
0.5303165165372781
0.20800465808308616
1.2519328903391822
1.065339531293331
0.2655045049955684
0.7866662066952115
0.25129842867150426
0.3133102727101321
0.07536524680425388
0.2136386781141883
1.0967035291971128
0.648526138417324
0.06925692530173432
0.23946258596538644
0.2634524014425604
1.7511662107402914
0.22125505592313474
0.954253583436265
0.7574561235706506
0.32740404645532994
0.024273455394881287
0.22306238146174037
0.9085794127512158
0.9217429190517826
0.5025742234862677
0.9225149806630031
0.1627424297190331
0.33227575548615573
0.29264395604707566
0.3104038685041071
0.38675997822982666
0.8501278145644785
0.09957558484422
0.19596104138650355
1.2646011617488657
0.10772717409854202
0.018055670738880338
0.3088525943883288
0.3693092750658086
0.5187396867621329
0.47178828456479227
0.29353541141441514
0.10738366053817534
2.2036009470180042
0.8888805218789825
0.3664263126081263
0.6807469172535981
0.17384538278702827
0.37536518875444197
0.6655029343892102
0.5291902311572587
0.12482392480964057
0.4079760540105482
0.47296005969866783
0.051963941187240015
1.0761964682501612
0.8318321453131847
0.621868497622288
0.3016700687194843
0.21171512237831097
0.10245195764001744
0.3256491264770723
0.1873829146340164
0.1991821406969384
1.2401611488436812
0.31070661174201275
0.28430167867392875
0.3213224244723097
0.3556008104580026
0.11014951228421233
0.4527988611052311
1.2449945242995362
0.21291914965235362
1.1215048899812738
0.08783087193937443
0.30728283981823423
1.9889890330367994
0.11670845964981756
0.3344202286246574
1.1231615782248188
0.2336966873901081
0.9493587218704618
0.3421407707930237
0.1488777527560106
0.320067146852381
0.09476431327207824
0.9138039260779575
0.23942065530333567
0.9404703829777925
0.7104877956793889
0.08413531513173093
0.21990070200893666
0.29419644796227806
0.3618215392418567
1.3899817954688742
1.0065820100026774
0.10775921812857711
1.6547187539418386
0.3582626465656
1.0058543111073226
0.5769061241823129
1.1506802041618518
0.27420620925045586
0.4582523371661456
0.8698280837673541
0.0061430620108694975
0.1773005303002591
0.35369519184366754
0.3284052244812179
1.224220831029286
0.037766748970524
0.284797034438066
1.4247752497796276
0.20700871905584387
0.4453300774204708
0.18384402318746132
1.6305817801305469
0.18820670667849784
0.5610589436535399
0.1232625575695517
0.3514650146387979
1.2594181771845083
0.2549057015210028
0.08035755687493862
0.23896568297630255
0.7018614114798039
0.2553615008328007
0.10795826927141236
0.4639599374820916
0.17304128379748077
0.3208175524544688
0.7040027813661157
0.33954396856974967
0.8956976383581088
0.30713884249312473
2.214194074834183
1.1967657440060964
0.18099086459312194
0.5312359924383653
0.09133388266814765
0.26314216158974496
0.3457412778723343
0.4578370288660658
0.42811089228062754
0.576238690969064
0.41285873975859355
0.2509394438448141
1.7731549898314976
2.476610067123288
0.1495834505483572
0.5388094528665602
0.6054849927158275
0.15871940633034592
1.253980117875521
0.7612103482036272
0.06579015110555976
0.32558973491838433
1.2358901631928076
0.16236158500361578
0.18673311427605507
0.8153274393710662
0.8126908937974754
0.5390073711944694
0.8637544404717048
0.40441406884611053
0.9092091239042932
2.7106315316944256
0.7654476070968348
0.7089135040748394
2.022947108500776
1.484059463095822
1.3337742165201518
0.5719090524841376
0.17695057651966092
0.9729113608810572
0.5371255721681459
0.9993566689610688
0.4899986400185096
0.6826983198647651
0.01609173961683513
0.03109920412271115
0.3178439076022146
0.7972181655405705
0.4146360465992321
0.13967017962427003
0.4265680698456156
1.4216888569722543
1.3073044281822257
0.676896720402058
0.10108658684159869
0.5329075889783815
0.15239206280628084
0.1554399989698732
0.3225809153819325
0.7372952140034095
0.0658435474512899
0.320782736221193
0.11280557263707928
0.04580538149816668
0.22357918783721953
0.016671814584034265
0.020070284496879753
0.253154233605079
0.1878988438015227
0.03395660131751841
0.09858840444635761
0.26503521719044393
0.9709031258806833
1.3561222330433063
0.46149749523203765
0.550251807246323
0.2754914699453484
0.38807666381384753
0.01648684279417952
1.9631730821373115
0.0900405264837931
0.11318736505900083
0.07560496088375994
0.08420034359501888
1.120727191967368
0.35162843949711375
0.055814181271579937
0.15376560188167882
0.010952627021101198
0.33632970218019753
0.3573525795604564
1.5079241572413074
0.538885310099509
0.16525841301844754
0.35256139528281005
0.9996943471017447
1.3254397203363806
3.1849060940498104
0.5244305028246153
0.4340755334517566
1.7130572613429567
1.705925300181518
0.1802557189996964
1.707355142393928
0.8902226573329619
0.2984440994096072
1.0298695657867054
0.07649340854006673
0.3640279221221131
0.728627999380857
0.351056462508294
0.726766756057678
0.386733843352763
0.003980066163372529
0.2833862833959446
0.6137340061686695
0.1715494788754901
0.4273996390487233
0.40513747297094366
0.2140549966516642
0.09516775803423534
0.1334617044492877
0.11081011049346755
2.0737521255546896
1.302081709591719
0.22978127284335667
0.16978842053406898
0.6218105541854778
0.24383613332453735
0.0616748493575004
0.1633562785630849
0.1234817337469448
0.23916961092633449
0.6456846621800821
0.8303629274257496
0.3380833747683287
0.1776908737581469
1.0476160498118081
1.2911839883975484
1.9206605168352466
0.12698435965049923
0.37985426282195184
0.760776658592467
0.027119214573400403
0.854693857036183
1.259483587014246
0.06461034665840418
0.13615207769937968
0.480826409351696
0.11362641696535355
0.09767884863123968
1.6792585849695087
1.0835025084550522
0.07038602717151186
0.5101072604313701
0.05633057690471189
0.3111374975690343
0.25009256204323327
0.38750796582202085
0.5361377237724422
0.5372649193003577
0.021664833781377436
0.9494760213862171
0.4757980823725465
0.6131205559967794
0.5151316159038868
0.8556031768291722
1.0349907367179243
0.6373056424857465
0.20430298258469903
0.6184866491746406
0.22779865160575372
1.7741683888266238
0.09007966608756957
0.30106935881067753
0.6722517533457891
0.420329549352373
1.0042979907626195
0.06284551798526807
0.7332354287503411
0.023522759582187535
0.7506908916620076
0.04357255306218081
0.06597108517557408
0.9406512936706458
0.2671246235456549
0.20977026044971056
0.3771573550822408
0.43984090220477373
0.7159549991971497
0.4029645931627388
0.43535345873363357
1.2321678021828955
0.41507585721706614
0.2368842348584661
0.27359657963752165
0.06571981373855182
0.4719217331123721
0.849162099928446
0.614773868032875
0.12108529352577647
0.39317500017261103
1.3986471133013578
0.047190920639625475
0.1408429083195803
1.1790762110910575
0.8839834953240047
1.2950482919241244
0.8362190869551126
0.758824971767033
0.2496420576707834
0.21244424849648222
0.07328973388636065
0.08894494497586261
4.137165849204106
0.20431365004430538
0.5395554011567819
0.3958322222656497
0.23527312256592586
0.3428220433117489
1.8099935749212281
0.31042342312960924
0.32181032806139603
0.47849766604924926
0.31796362070306866
0.1998149498192019
0.07900536016161548
0.538119761998558
0.1599482541313623
0.5519733839058273
0.05979885162581322
0.1351934591928293
1.034733890350393
0.936475252037388
0.1951536042315395
1.1107407634362865
0.11954821042253763
0.091437530691393
0.08916731205157333
0.0740084984776792
1.1447089320765154
0.7579384284584266
0.5248372379036623
0.9156636130055592
1.6354345569935795
0.3183550864864706
0.06284369048079998
0.24418042896938827
0.5443930607667796
0.4474689994511452
0.5132376165064979
0.8750404760589818
0.38692648965458776
0.34323955268716627
0.2689704236040507
0.31792834087987115
0.3209631657730493
0.5433821186419375
3.1681977443756093
0.8641207938284863
0.11969578477847008
0.04790896378820239
0.235911755938353
0.5104026796673004
0.2390790260474035
0.19172361442553848
0.5911504272835935
0.41468193834735406
0.21064554026813534
1.231841229931967
0.5652801488304551
0.41047886897244046
0.06025991502419271
0.03649947067931292
0.8394601768641443
0.19950386227111014
0.25868386889429146
0.4633163136057916
0.2552852282031446
1.695095980916552
1.0082958460833857
0.3155351731022871
0.18109541894371717
2.0110457323500945
0.5149077488126407
0.47451368849909914
0.8945576003600013
1.0442364983982624
0.4615786822374959
0.5755525511567048
0.6727838462067287
0.03026500848122175
0.04411107979362806
0.9644971823055636
1.6148121695580169
0.11532060106159263
0.3004582042065948
0.675500177645826
0.08496429108696528
0.1837067805933101
0.8971590515834342
0.7063697443153075
0.8541558593660133
0.4296819241896926
1.3168077273274923
1.1720772762659961
0.9128630355335271
0.5376891390681542
0.16154854258081353
0.5659894764240665
1.7136307780635707
0.43887271043994514
1.1636664018860434
0.658210785352131
0.30557743498764817
2.950349231221645
1.1055178348925736
0.12210536930989047
0.1865651414934512
0.5041463030999206
0.08179645535465191
0.04412116309902797
0.5463504913690437
0.34183302033241353
0.3236919973729945
0.367657845893996
0.06045500551060739
0.22092315971492998
0.1553674407758643
0.14048944132824198
0.09177635760227995
0.33046782715282946
0.28809070028045336
0.18596471431136033
0.10814901769801057
0.7821567857751924
0.03597612870707696
0.39128243633936455
0.06252677473903857
0.06244777164759604
0.402329981714819
1.2234013032022417
0.06904339784983617
1.1954734462439034
0.525883177133157
0.12052453493898976
0.24514508471129734
0.7101220140230451
0.536216022804117
0.38104360091968803
0.11267283334051233
0.32909602443216707
0.4384533799338419
0.1813194894723087
0.3528706396453131
0.4192556222482477
0.9642570125430479
0.04173709463790821
0.865113106118438
0.2650644766832802
0.07964625859091799
0.5636011277472902
0.02578524816159153
0.1341974971584652
0.032935065847586015
0.8774481402601922
0.9865891172811777
0.20402911155914488
1.1222961465420649
0.9709928819615014
0.35547379531207507
0.07022322945921416
0.04185874503715774
0.38215955719215594
0.1117949981498946
0.34181854686943636
1.5608532426072377
0.10641479953975068
0.2965707350311382
0.17826955308587744
1.5480844861913399
0.35397611411723373
1.3230679626019948
0.13020859095007833
0.3187567450034766
0.20162427709096617
0.5439603155690546
0.6583053172538197
2.323945083798368
0.6570634467739153
0.5166451317539092
0.05243098655044806
2.4897882736126564
0.011103516423269458
0.20163351933072904
0.08042117338272226
0.15454965694873832
0.19684029005788733
0.3816285018819251
0.18293087806624522
1.1955414651972358
0.747785851447899
0.23736304691844998
0.3072153629987836
0.23754961628413923
0.6331191264311627
0.17231980582352366
0.369647277094388
0.03382284682790374
1.2797671457150983
0.026864089098159273
0.3608022406901213
0.8997023455652187
0.28254886090928755
0.10266483007253276
1.0377463811172307
0.03785136008236521
0.44872781322979394
0.9005918524586626
0.30679229307600064
0.044551172912524875
0.17654018078027972
0.2886031473938831
0.9674621774944558
0.16560214084558217
0.49619826173486115
1.9074473264061516
0.2219172907307591
0.03725356673521076
0.007449476198467413
2.253607896120248
0.29598419562350725
0.4395328818757941
0.545898832319965
0.26621194748064747
0.22614166025921031
0.11274340477613923
0.6870890860303064
0.06296353945782328
0.884566990316112
1.9095252699946885
0.5543079572045565
0.10150757568418572
0.006922999599883618
0.3036773010286319
2.2349324830159465
0.37363325356119037
0.9524201714736507
0.14537858499501768
0.41412165153023783
0.5292962416350385
0.08907079899874909
0.7209383257218516
0.810293592088443
1.6061532807025096
0.71257831997302
0.6487566256639238
1.0469016357368226
0.6943367303959459
0.15704756020875205
1.4764692242564674
0.41312305181652376
1.7698399524981399
0.24703958285283423
0.49781219266872995
0.7079390135718914
0.45645769129192604
0.6325101221227405
0.32194863518690514
0.21172732167126923
0.5619092638961877
0.1216468988790178
1.121136521263821
0.125278109273089
0.15848312412763874
0.6253374597498338
0.1522290149641427
0.4154033466936261
0.7557073687218107
0.026189228890372212
0.5276970483769224
0.5446008581515305
0.25679471240767593
0.17046185800366234
0.2490629608366041
0.25236758272126025
0.42485865846264825
2.5336655764470883
0.05579278165635019
0.5409618059879435
0.2240907855494388
0.23958996322809978
0.21189793042733115
1.0877034972293649
0.174929691187579
0.5425870829989168
1.518159125097271
0.12337936237946344
0.12101909416925184
1.7657094781539011
0.7768586514772566
0.17308500048116593
0.9951080445413725
1.770438311968342
1.333380827565371
0.058048758907968206
1.4923568965181861
0.06607627569658302
0.5165425914829809
0.05631876488483069
0.29746170664574695
0.1831298449702736
0.03810881234390678
0.0550335887744748
1.7795630227944015
0.1320808290188457
0.5134560806550874
0.5541966219812878
0.4406847182095442
0.9118557940524592
0.37884457322649673
0.1028840083283299
0.26181172060373176
0.1303041122111276
0.6530501662974697
1.0963019995009153
3.866523449593651
0.1375087724144595
0.2800656308476365
1.1948524808869458
0.3788462636447458
0.28242703401499625
1.695020198951157
0.36297816801814675
0.4199133119096948
0.6386382416152663
0.94552194660269
0.10446318164545045
1.1844337048641407
0.41046185762278214
1.0493716238907467
0.9174253167022136
0.7401190844198363
0.02676287352458792
0.027672294383169663
0.021716833672890422
0.3864539768648588
0.8641987584172853
0.19933867127838983
0.06920588992354915
1.0503508716173167
0.36109083133677156
0.39139624068057777
0.3980622615422686
0.26424819062040894
0.524259102238399
0.17105514720489026
0.22517489181328698
0.3011370889848722
0.7541153374831543
0.3500693877440965
0.9498696949071813
1.1060416168410805
