
27.870 32.158 35.723
28.159 34.260 33.152
28.169 33.404 33.876
28.896 32.293 34.471
28.896 33.542 33.152
28.912 30.860 35.723
28.912 30.866 35.723
28.912 32.158 34.229
28.912 32.862 33.876
28.912 33.542 31.855
28.912 34.100 31.349
28.912 34.260 31.349
28.912 35.411 30.728
29.405 29.980 36.583
29.405 32.158 34.471
29.637 30.511 35.723
29.637 30.860 34.954
29.637 30.860 35.644
29.637 31.599 34.471
29.637 31.599 34.680
29.637 31.785 34.229
29.637 31.785 34.933
29.637 32.293 34.229
29.637 32.862 31.349
29.637 32.862 32.993
29.637 33.399 31.561
29.637 34.696 30.728
29.637 35.779 30.222
29.788 30.511 35.723
29.788 31.785 33.876
29.788 32.158 33.876
29.788 36.762 30.130
30.021 32.862 31.349
30.021 33.404 31.349
30.021 33.542 31.349
30.022 30.511 35.644
30.022 30.511 35.723
30.022 30.511 36.199
30.022 31.785 33.876
30.022 32.158 31.855
30.022 32.293 31.349
30.022 32.293 31.855
30.022 32.862 31.561
30.022 33.314 31.349
30.022 33.542 31.349
30.022 33.542 31.561
30.022 34.100 31.349
30.022 34.260 31.349
30.134 32.293 31.561
30.134 33.404 31.236
30.134 34.100 31.349
30.145 30.511 34.954
30.145 30.511 35.566
30.145 31.599 33.876
30.145 31.785 32.993
30.145 31.785 33.152
30.145 32.158 31.349
30.145 32.158 33.088
30.145 32.293 31.561
30.145 32.293 31.855
30.145 32.293 32.993
30.145 32.293 33.152
30.145 32.862 31.349
30.145 33.399 31.349
30.145 33.404 31.061
30.522 30.511 34.680
30.657 29.718 35.856
30.657 31.785 33.270
30.657 32.158 31.349
30.657 33.542 31.061
30.657 34.100 31.349
30.657 37.796 28.185
30.975 29.147 35.723
30.975 29.147 36.199
30.975 29.980 35.644
30.975 30.511 34.229
30.975 30.511 34.680
30.975 30.511 34.933
30.975 30.860 33.876
30.975 31.599 33.152
30.975 31.785 31.349
30.975 31.785 31.561
30.975 31.785 31.855
30.975 31.785 32.993
30.975 31.785 33.088
30.975 31.785 33.270
30.975 32.158 31.349
30.975 32.158 31.855
30.975 32.293 31.349
30.975 32.862 31.243
30.975 32.862 31.349
30.975 33.314 30.728
30.975 33.314 31.349
31.156 30.252 34.954
31.156 30.334 34.471
31.156 30.511 33.876
31.156 30.511 34.010
31.156 30.511 34.229
31.156 30.511 34.471
31.156 30.511 34.680
31.156 31.599 33.270
31.156 31.785 31.349
31.156 31.785 31.855
31.156 31.785 32.993
31.156 32.158 31.349
31.156 32.293 31.349
31.398 28.882 35.856
31.398 28.882 36.199
31.398 29.147 35.723
31.398 29.147 35.897
31.398 29.980 34.954
31.398 30.258 34.229
31.398 30.258 34.471
31.398 30.258 34.680
31.398 30.511 33.270
31.398 30.511 33.876
31.398 30.511 34.010
31.398 30.511 34.229
31.398 30.860 32.492
31.398 30.860 32.993
31.398 30.860 33.088
31.398 30.860 33.152
31.398 30.860 33.270
31.398 30.860 33.876
31.398 30.866 31.855
31.398 30.866 32.993
31.398 30.866 33.270
31.398 31.599 31.349
31.398 31.599 31.561
31.398 31.599 31.855
31.398 31.599 32.993
31.398 31.599 33.270
31.398 31.669 31.349
31.398 31.669 31.855
31.398 31.785 31.246
31.398 31.785 31.349
31.398 31.785 31.561
31.398 31.785 31.855
31.398 32.158 31.061
31.398 32.158 31.349
31.398 32.293 31.061
31.398 32.293 31.349
31.398 32.862 31.349
31.398 34.100 30.222
31.398 34.260 30.222
31.707 28.501 35.723
31.707 29.461 34.954
31.707 29.980 34.229
31.707 29.980 34.471
31.707 29.980 34.680
31.707 30.258 33.876
31.707 30.511 33.876
31.707 30.860 31.561
31.707 30.860 32.993
31.707 30.860 33.088
31.707 30.860 33.152
31.707 31.599 31.349
31.707 31.599 31.561
31.707 31.669 31.349
31.707 31.785 31.349
31.707 32.158 31.061
31.707 32.158 31.246
31.707 32.158 31.349
31.707 33.404 30.222
31.707 33.542 30.276
31.981 28.501 35.723
31.981 28.644 35.566
31.981 29.980 33.876
31.981 29.980 34.229
31.981 30.252 33.876
31.981 30.252 34.229
31.981 30.258 33.152
31.981 30.258 33.270
31.981 30.258 33.876
31.981 30.258 34.229
31.981 30.334 33.270
31.981 30.334 33.876
31.981 30.511 31.349
31.981 30.511 31.561
31.981 30.511 31.855
31.981 30.511 32.492
31.981 30.511 32.993
31.981 30.511 33.088
31.981 30.511 33.152
31.981 30.511 33.270
31.981 30.511 33.876
31.981 30.511 34.010
31.981 30.511 34.229
31.981 30.860 31.349
31.981 30.860 31.561
31.981 30.860 31.855
31.981 30.860 32.492
31.981 30.860 32.993
31.981 30.860 33.152
31.981 30.866 31.349
31.981 30.866 31.855
31.981 31.050 31.349
31.981 31.599 31.061
31.981 31.599 31.349
31.981 31.599 31.561
31.981 31.669 31.349
31.981 31.785 31.061
31.981 31.785 31.349
31.981 32.158 30.728
31.981 32.158 31.349
31.981 32.862 30.222
31.981 32.862 30.276
31.981 32.862 30.728
31.981 34.260 29.273
31.981 34.260 30.222
31.981 35.411 28.712
32.211 30.511 31.561
32.211 30.511 32.993
32.221 30.258 33.152
32.221 30.511 31.349
32.221 30.511 31.855
32.221 30.511 32.993
32.221 30.511 33.088
32.221 30.860 31.349
32.221 30.860 31.561
32.221 30.866 31.349
32.221 31.599 31.061
32.221 31.599 31.349
32.221 31.669 31.061
32.221 31.785 31.061
32.221 32.158 30.222
32.221 32.158 30.276
32.221 32.293 30.728
32.265 28.882 34.680
32.265 29.147 34.229
32.265 29.461 34.229
32.265 29.718 33.876
32.265 29.980 33.270
32.265 29.980 33.876
32.265 30.258 31.561
32.265 30.258 32.993
32.265 30.258 33.088
32.265 30.258 33.876
32.265 30.511 31.349
32.265 30.511 31.561
32.265 30.511 31.855
32.265 30.511 32.993
32.265 30.860 31.061
32.265 30.860 31.349
32.265 30.866 31.061
32.265 30.866 31.349
32.265 31.599 31.061
32.265 31.599 31.349
32.265 31.785 30.728
32.265 32.158 30.222
32.265 32.158 30.276
32.265 32.158 30.728
32.265 32.293 30.222
32.265 32.293 30.276
32.823 29.980 32.993
32.823 30.511 31.349
32.823 30.511 31.561
32.823 30.511 31.855
32.823 30.860 31.061
32.823 30.860 31.349
32.823 34.100 29.496
32.853 29.147 33.876
32.853 29.980 33.876
32.853 30.258 32.492
32.853 30.511 31.061
32.853 30.511 31.246
32.853 30.511 31.349
32.853 30.860 31.061
32.853 30.860 31.246
32.853 30.860 31.349
32.853 30.866 31.246
32.853 30.866 31.349
32.853 31.785 30.728
32.853 32.293 29.752
32.853 32.293 30.222
32.853 32.862 29.752
32.853 34.457 28.109
32.955 29.147 33.270
32.955 29.147 33.876
32.955 29.461 31.855
32.955 29.461 33.152
32.955 29.465 31.349
32.955 29.718 31.855
32.955 29.980 31.349
32.955 29.980 31.855
32.955 29.980 32.993
32.955 30.511 31.061
32.955 30.511 31.349
32.955 30.511 31.561
32.955 30.860 31.349
32.955 31.050 30.728
32.955 31.669 30.222
32.955 31.785 30.222
32.955 32.158 30.222
32.955 32.293 29.587
32.955 32.293 30.222
32.955 32.862 29.496
32.955 32.862 29.587
32.955 33.314 29.273
32.955 33.399 28.185
32.955 33.399 29.273
32.955 33.399 29.587
32.955 34.260 28.109
32.955 35.411 27.816
33.251 34.260 28.109
33.943 27.527 34.954
33.943 30.511 30.222
33.943 30.511 30.728
33.943 32.862 28.712
33.943 32.862 29.273
33.998 28.370 33.876
33.998 28.501 31.855
33.998 28.501 33.152
33.998 28.644 33.088
33.998 29.461 32.993
33.998 29.980 31.061
33.998 30.511 30.276
33.998 30.511 30.728
33.998 30.511 31.061
33.998 31.785 29.496
33.998 32.158 28.712
33.998 32.293 29.273
33.998 33.542 28.109
33.998 34.260 27.481
33.998 34.260 27.816
33.998 34.260 28.109
34.207 28.501 31.855
34.207 29.147 31.349
34.207 30.511 30.222
34.207 30.511 30.276
34.207 30.511 30.728
34.207 31.599 29.496
34.207 31.785 29.496
34.207 31.785 30.222
34.207 34.100 28.109
34.207 34.260 27.481
34.207 34.260 27.816
34.986 29.147 31.349
34.986 29.980 31.061
34.986 30.258 30.222
34.986 30.860 29.752
34.986 31.050 29.496
34.986 31.050 29.587
34.986 31.599 29.496
34.986 31.785 29.587
34.986 32.862 28.109
35.010 29.147 31.061
35.010 30.511 30.222
35.436 28.501 31.349
35.890 30.511 30.728
35.890 30.866 29.496
36.005 30.511 30.130
36.281 29.465 30.276
36.281 29.980 30.222
36.592 29.461 30.728
37.133 29.465 29.496
37.435 29.461 29.273
38.861 30.258 27.481
