2.0895973171378834
1.1444260690324002
1.46256590300698
1.22261469599808
0.10914543739143202
0.3519541043786733
0.6483762861190067
1.066418307773032
0.11213670380763205
1.3612124710772702
0.9312632908237013
0.21874647419429802
0.5987626853502324
0.13784268475809444
0.34431381410341994
0.2824196990420856
0.42716383711252365
0.5401146364467527
2.165286295662395
0.32415029220780267
1.142837917938976
0.1630860386407163
0.3309238032777264
0.3155953120169841
0.3412937844344824
0.43065109391494494
0.4066450920359694
0.4130841653994087
0.7256811697427157
0.8979144271753575
1.2767750157229285
0.08210204768399362
0.34283517312557066
1.214129113490908
0.2936570195351874
0.20165782853854988
1.0132918612909172
0.6885312582639176
0.09075243777588195
0.27065265366892544
0.1746618494252533
0.019917955194420692
0.4762044953952238
0.3520952730726716
0.4545916870173487
0.8808356783608149
0.11285543284747485
0.06547773700293398
0.9778220640576399
0.47277158865571545
0.5719714482302586
0.8823444672600328
0.6812650075814838
0.21435430035815314
0.8998716192622995
0.028317293591699568
1.4551422230557363
1.416067863851917
1.1634077182260865
0.4847330596902544
0.4854904620265663
0.05956129965045082
0.34580707244371706
0.1462935299065544
0.3421494433858654
1.5016283613735317
0.6688825359896712
0.9473921320521543
0.454815314388919
0.35486693292625654
0.06421625654256867
0.5107261673105514
0.44780360028317895
0.1007196996349976
0.09793128609534009
0.7027459540541079
0.05274770126957361
0.05041875765310817
0.765345769966846
0.10981261178713213
0.009732638510086964
0.18239874525663127
0.3471608640851
0.18602085330540016
0.0640650067933155
0.3327110089508999
0.08791247639290665
0.2402039442642384
0.19012594562848542
0.14130964478756958
0.7975449899024966
0.18746019823661886
0.10623127094012663
0.40317367191081627
0.5527349147689471
0.6692190603251038
1.9697113801678725
0.06198567049714167
0.1633427016173598
0.7067642068358323
0.2958625581630863
0.5598506580077371
0.27602366498137465
0.650286248288517
0.4280029261474267
0.3550566909793481
0.22827028471782704
0.18460850398285641
0.8461866256717264
0.5119882197707647
0.026485754600054794
0.8146995730819382
0.9289701868089244
0.08370984269548902
0.18910765488255638
1.0452191953940453
0.7190983490025874
0.5307504197144814
0.12393736082136905
0.6191293122083685
0.6586280153229049
0.6162322346178595
0.24785842963274765
1.0671102582838228
0.2631164143837892
0.05363113303189577
1.4587510525797216
0.8068345873502124
0.3149284678885635
0.7590405256849313
0.19607214354655153
0.5441099107976763
0.2320584241353608
0.335742548113616
3.1789796419888936
0.8843964526353643
0.08904113399028239
0.4207120321296985
0.062090369361849494
0.40474621178209996
0.5484649328819603
2.1792093108463053
1.4413362007697408
0.11480553415962397
0.5029115590756779
0.05312821199609881
0.10184674854325086
1.0941371047765176
0.20469894131911348
0.2240135522779513
0.8844273023858198
0.2434961706924953
0.14652022331612224
0.20386471663866487
0.24110145073663422
0.130892842273128
0.46504237121469233
0.216407992644068
0.18044337718768802
1.1602993662402379
0.5329721773014635
0.5575452544819165
3.463529678184592
1.6479784364565346
0.322205244915694
0.3841335851751395
0.6395838824331918
0.8715917259029585
0.042295226548264446
1.4040694180815978
1.3621195408207238
0.9950297812199925
0.17778813315185313
0.0879940133268465
0.8915761490486888
0.2935412321350819
0.33692314627782666
0.09508790915958382
0.5507093579105246
1.093453403651818
1.9703715462379214
1.5002137633246324
0.20070197701307457
0.7324071060318595
1.197950105741047
0.2170320971160016
1.8786455404459177
0.21469001496450513
0.6598106032243256
1.8432615105217112
0.11158074872000426
0.4897045300824842
0.33878286062348933
0.016080753964212165
0.04384250138946841
0.2246563225589737
0.037628350481833966
0.42457290581974333
0.9205767975076752
0.8427027371159386
0.06270870665135998
0.6511367721971429
0.5563061313939593
0.7336442014531259
1.4676491601441721
0.34372787291613616
2.356187984514822
0.5209879685672589
0.02896307589787131
0.0983555032323182
0.02602323936740221
0.1331625164254425
0.3075659486724515
3.023981088090432
1.2064052541289867
0.30525259370344604
0.7297173571694106
0.18450574917506782
0.19378936179190942
0.37229362988252496
1.3239620998895594
0.33341209345899014
0.08446878868607638
0.7367422824193984
0.1440855271026532
3.085571322794899
0.14610128933179203
0.05512042808172815
0.5060307162336051
0.04288277170153134
0.9082328374253956
0.22692105066305784
0.42991097621826524
0.23022292675849562
1.8312411555230337
0.9311749057696178
0.22483942760994444
0.7917423289433159
0.04319088396361682
0.01665529698899731
0.3146071899545105
1.0698403193846318
0.44103735643775527
0.7661191125030931
0.8053954600642945
0.12522449315333062
1.4197554080584773
0.4095374286444528
0.18349971475809634
0.6182268835496711
0.11044699560215306
0.0032699272315246716
0.19582686390111137
0.018763781483065428
0.24479322188003108
0.8314204580318993
0.43010094896484413
2.314546142638365
0.8635472542623678
0.4865961376729819
0.3656126170540237
0.4099495563208055
1.2770963127513266
0.2668557666663029
0.591728025194157
0.4268257035924842
0.30039312834746046
0.5979764302111935
0.7247729265549202
0.03304458792080605
0.5070674100907182
0.1525744448048017
1.3849414856074516
1.0997528588666616
0.04418422105400468
0.05384261228545907
0.03780065342472694
1.0263042628968515
1.1892862406161493
0.358601895437011
0.02160999417370589
0.04614448111900093
0.44676692946730895
1.381798537124348
1.8139430235519864
0.9109301450438241
0.18451865740344048
0.6595922725974942
0.5489194258187657
0.7411917072369842
0.5204734759345512
0.7518720735863251
0.04782508250614832
0.1369928272609715
0.9525525152184176
1.8494574102696892
1.6182949095386114
1.0539860295184262
1.0771739052804823
1.695319813643455
1.2609486988169925
1.1618924506636485
0.15396009956770013
0.32846231989894137
0.015103352115850923
0.08014596966889347
0.33518752454144485
0.1920690072343052
0.3963066365323848
0.34224107855874103
0.739222192502431
1.2318032691283063
0.08716389772762108
0.3840961803633344
0.4156333126218241
0.9884737121966484
0.11092828689832546
0.1110584195544572
0.8928137084360814
0.2627609565649134
0.26318454355818577
1.7846926909797287
0.34951538376409375
0.023405240557362234
0.47747665429984587
0.8054548548364022
0.5835746206086102
0.6850913794610946
0.6949518178609182
0.1590095368302878
1.5608820505147727
0.3922844998632247
1.0981539358393557
0.32330234975042665
0.6907057482327249
1.9194646600686556
0.6685652517596666
0.02771336031626703
0.6955019284956142
0.008980116073160172
0.5450819120263093
0.1264261666760181
1.1855254611272499
0.051009811589435496
0.884540344817857
2.085627951789772
2.1296960472750395
0.36355249916616833
0.7822258444590744
0.41721857684789515
0.3257045697772544
0.5630363216628425
0.08441094273075722
0.0987054666067208
1.5959202783381354
0.35230984400498094
0.19750304675634284
0.9625495339896454
0.8464903956704644
0.1856008647805896
0.10872558473170753
0.7380079498548917
1.3583289190463752
0.5746338254748323
0.10840264996763453
0.10945132790656094
0.12127775257409366
0.6231877583849025
0.5396382952542308
0.4832564827404927
0.13569960642823153
0.40537861251471885
0.7310646597625772
0.5960113293129846
0.5869752137618705
0.28777216481800844
0.06545280077379796
0.03687830100370547
1.5216565518423144
0.1755352194782839
0.6102278411900025
0.10461869935928604
0.3220104783236732
0.039241443327799594
0.9336732058323728
0.33876147256016864
0.307950850012475
0.7653794479557596
0.349304949830879
0.37585551369533743
0.5249528081395467
0.23190874781245208
0.060496023586730285
0.09167693631881248
0.0074890933151426
0.8700675844943161
0.21753251882930302
0.0834209839565528
0.7475596871109096
0.19641378409770632
0.20545658984932572
0.0862463778492507
0.3442946835661399
0.05915201190411826
0.04301002131633543
0.8169986062616871
0.04067370473559505
0.042986396663611336
0.0039690136913927455
0.8458755740863281
1.0806960121795413
1.353607852471384
0.5626978428223987
0.8919468264942606
1.0701740166876084
0.48410999506910685
0.7719861311119817
0.9218580081297766
0.6019858755790894
0.4530830136102387
0.5769951909568041
2.7044858275836794
0.617296264119393
1.098897737981545
0.8898875571300879
0.6524258213193443
0.44810583759052425
0.06022352023473371
0.09638508102932132
0.3139319704225794
2.081298058397165
0.26655253189910405
0.7940421035246588
0.20988541102827712
0.29835928242022486
0.41453523468254655
0.31213074289765574
0.2156204323954754
0.22280284103164288
0.4370665875429954
0.35177789172017443
0.4528151727770847
0.1047896312545714
0.4345827166950943
0.2150205886332979
0.09356713289590696
0.23413331689199152
0.11573203026957879
0.4118381325491048
1.197847145939292
0.08145077926327147
0.08662019464750134
0.15952117915765096
1.0715173897603352
0.8350124649955819
0.5802378511684575
0.49085597672889114
0.00891331929656116
0.07718996670621384
0.6354703077768337
1.3492668605794862
1.1722430334593037
0.3364331611803604
0.06681307811632191
0.1750633593281205
1.9076550309056186
1.064028677740609
0.2314919425194565
0.41943183331869377
0.12803132786560592
0.16677870375825557
1.0369387962745
0.04200465664016594
0.4325273356980631
1.0054596897037504
0.4029959842679433
0.7352128489544237
0.6208867239447011
0.023329505439271352
0.00713261604402364
0.21664058222887156
0.41289514054204324
0.3078808253071203
0.4949406705762287
0.15606009495116102
0.09339707375649754
0.007397586402156573
1.2522845480826184
0.07042844402979653
1.064243589640105
0.0348317213241726
0.06058192620389492
0.906192769554574
1.2441497534386168
0.16225543148469163
1.1826771203028872
0.13414257425363912
0.5647472558951583
0.9110203812042037
0.351311536546724
0.24103995111379745
0.18257472248001508
0.4748891308050557
0.5326050478149346
1.800883907035652
0.029455151077433704
0.11909983741196156
1.7844369108106348
1.927478366931451
0.3318339546073947
0.7636537772517243
0.018254756500757575
0.6616698147805142
1.3678153329810145
0.6062764565556505
0.9207104185629396
0.5967459224118224
0.41750659558846676
0.20105307098076206
1.0781113776169355
0.035732400515760446
0.23498192713383906
0.3518572645867448
0.450251109291587
0.2675548015136353
0.15564695387969973
0.11000258928306002
0.094561705998772
1.1403434866175397
0.20421355083759304
0.1777441812625511
0.5971816785870224
0.5250390191109663
0.4442118738592133
0.474145921356344
0.8275914316516466
1.170198276604248
2.9763789055174885
0.8409535157986536
0.3199311167675923
0.9915082924480075
0.12126911020975384
0.5989390353175118
3.5075367836162936
1.1045911301233748
0.15400134831489481
0.07591854948834104
0.17331781277685102
0.3534950279995969
1.1590845227850195
0.062010937138907964
0.16309296411886368
1.3400342490446093
0.2698334313174616
0.46325396980422434
0.17952340080559342
0.9105310211875594
0.8115268770756034
1.1505934581551214
0.5445555738760243
0.6021573015034541
0.437771373902061
0.3970184638766469
0.4611270347126284
1.5858003897438078
0.22395387825064902
0.42177233501471784
0.402455183965797
2.3602285495043023
2.7632621462694873
0.10745197865202781
0.22065448893367162
0.1219895571861593
1.1444386996404037
0.23795022958845877
0.47385482173780014
0.33728826657740996
0.22390213455780422
0.02079002040889558
0.12356141688325982
1.3927751841788574
0.14366969343752853
0.220373009774577
0.08970333504541664
2.660004771596217
1.9531680542514345
0.6460076816725298
0.5423117468119749
0.405811754306628
0.2277497414866675
0.46444183307129916
0.471992952149915
0.7566595140463495
0.05447229408482211
0.3950472489930827
0.20708760792571854
0.2802545283095896
1.44611310590978
0.07446078718372515
0.3547739338309369
1.1180076775196175
0.3795544948409851
0.484354905083685
0.5156769285848487
0.47565589912540124
0.15797109626851175
0.8085284523622939
0.05593669280973176
0.2854079967244749
0.6965835976236584
0.028973681944318694
0.39916108564506375
0.6394081346079483
1.2349483715731508
0.42966025021765286
0.8534334566150046
0.08508455742406178
0.11146644934605973
0.18620504686903158
0.6661745906709736
0.12191943518842936
0.33090925890845985
0.8814854064450748
0.47613258956844295
0.3195938383784751
0.29827231909166224
0.1492302737610305
0.861918280990129
0.7968300831536019
0.2343848403072524
0.4104779284562808
0.4817539557116893
0.2288011812932842
0.5691346184449521
0.17816928520732703
0.2898718179563192
0.8749639498907076
0.7353894394205746
0.005289800361976546
2.1139417315627034
0.10084227288482542
2.4288067350148568
0.3078530726024317
0.07423525105309314
0.1407302731894625
0.6328588323817346
0.2871658120174357
0.11727356987567447
1.8980084227895089
1.4192172968833994
0.21738445948257096
0.4469384519487304
0.46611879006614787
0.030344315561935988
0.6589097913361142
0.4025340958304574
0.312844086673433
1.137947745100443
0.12664846243185848
0.2892988157641189
1.470172765377213
0.29265538802360586
0.3761450548897399
0.9288042934818582
0.07050586519813563
0.4637364823347058
1.0200643886971112
0.5936535502195817
0.7846614055851397
0.4692218299660088
0.020076406080966877
0.1983078858346996
0.4680736737860847
0.535721746310527
0.1317215252562686
0.9743742676590805
0.9087452670461935
0.6973818331212045
0.6109216203670584
0.5760486219662725
0.12444225494189559
0.23885816687580025
0.28874081097577897
0.022864888773398876
0.3111619953816631
0.15133602782411237
0.5124799346222877
0.6628288783578065
0.09773360824707958
0.3039462707591902
0.4619604105733368
0.4999459883423686
0.054905027722771185
0.4073942309079861
0.19442072789147063
0.19778064504601453
1.3482920541102872
0.2582460892292797
1.0644533757555077
0.8761236206502073
0.5871074534563197
0.24862546106632613
1.1327339693243164
0.05098199912295738
0.6422654684992715
0.13286924166176264
0.26247801612651334
0.41217561689477816
1.3182927157177728
0.6225372381708032
1.410508008259458
0.7492599634004227
0.735903479709372
0.1736532333752918
2.9420231036421773
0.5030384910698295
1.0637343389120852
1.4678309174273534
0.33575591596184673
0.02011534014993222
0.854524720582823
0.6708381249213893
0.7168790173464349
0.13545456363918662
0.7227420592825752
0.2721032422091122
0.32131658201693897
0.2306556095219732
0.03556552726983705
0.16239335838532168
0.5595982346667823
0.17073063475154335
0.22435983208390942
0.08347736412346217
0.057826377115104834
0.9395050092833971
0.5083708800807699
0.7746098411056611
0.1020311562872046
0.03103343054881938
0.006834582839483256
0.3032388094426626
0.06929255516949047
0.47265567906252437
0.8408101743144751
1.048411423302201
0.19573579511027048
0.4656108820655378
0.02563639572785842
0.08648549448648722
1.9544036343107534
1.5623633106745463
0.13663159456295504
0.8183827617967803
1.0298876654276037
0.7162428306256498
2.952678696673565
0.043944819925825246
0.7492780266669288
0.3178717217309857
0.05391574194134376
0.3725797684405694
0.2769674636153772
0.36211485134731963
0.08548553407436456
1.1523143421261681
0.10970877543764188
0.28446151552920385
1.894033234994061
0.20225601502271912
0.21458937933015038
1.9172666827074398
0.6411524408366787
0.44231525089191126
1.2416790186678113
0.4003349479386694
0.09057523042384559
0.8326564394865946
0.30685459975729584
1.754182708925204
0.45609542258101976
0.6836968078714211
0.9350438727436267
0.2526251658179506
0.4521344986191753
0.386154974085844
0.6950298553606842
0.038667449792217194
0.26903017496362885
0.1300777361536917
0.5970372804190155
0.432502267532861
0.4165765981259781
0.22428309308305514
1.3061379139560088
1.3922480913506492
0.3564626640777604
0.5167656341739268
0.7807329093482374
0.9795501079310645
0.7137022728922502
0.5347366167568917
0.08803699871690851
2.0521210384147954
0.28514664455390687
0.10378424954604817
0.9543862478017645
0.39580240263964367
0.6257850358627356
0.18726892562516378
0.6544855471661601
0.6779913490381956
0.10983462423309032
0.8377727926623462
0.8823193845269288
0.9682946728590185
1.2960643633435929
0.3144076663428641
0.15475852012640473
0.3873257692766806
0.22245925836610747
0.614164100811175
0.35298417647993724
0.21021837266183474
0.10530226796259166
1.1655323170955643
0.31587216861558437
0.7087180631470825
1.546158624788788
0.062238973009285194
0.11193362736028016
0.07250926130676201
0.3273035121518353
0.20273879952271626
0.44709573879345205
0.7652025796152307
1.2362697048751847
1.3284797588477901
0.4388082695859695
0.2707645900707517
1.5108124768125342
1.0411996023279726
0.16530914535492888
0.42866705460279947
0.9717758784823313
0.17678833486336956
0.18569815961690672
0.24937943059359913
0.25776303358803676
0.30471271376680986
0.6921563678074749
0.4815753791143782
0.8646961104479363
0.07914291738238281
0.14390234018527473
0.7328342972323042
0.04203336372335601
0.021891191788986682
0.30251223936180216
0.7410168649057594
0.09979183863233415
0.03946127652285464
0.1303633788050026
1.445408722939529
0.07376118637442418
0.08564121559572517
0.35664279724961145
1.2664430946128578
0.1191477817404075
0.032447754622975236
4.667385028190019
0.8015573721191367
1.054240234540597
0.6839190546479059
0.29232342182201565
0.05857946482888672
0.47941647019004885
0.0970006712849921
0.0060806270505686585
0.6906825261180148
0.1893855899052534
0.07508520569098917
0.5921198514073934
0.1625696462903308
1.1477996658553995
0.941257203800581
0.39881807286633997
0.6053134914311088
0.16284474650072972
0.02752332055393992
0.3273491870945052
1.4746843229223054
0.30980418056826714
0.04135558011736487
0.011391120822731946
0.8940895469281543
0.5009588916145602
1.540879710077877
0.10138446430440849
0.4636482971458148
0.6446482258538244
0.5537009225018522
0.016580635994597144
0.5686666475953677
0.2885134762923793
0.045133927289112696
1.321995897373025
0.2556024388938103
0.5221100671748024
0.5430284197408863
0.6617784515770717
0.36036874666641516
1.1950837440530002
0.6250339534141656
0.3475964421286645
0.3584165502072252
1.9563462766865132
1.9616249900955385
0.19644957321554007
1.7011900108483011
0.6499688787449116
1.879815103467199
0.16888866722571605
0.5561132420773309
1.0007632350428728
0.07356078125141689
0.28396008684511975
1.202386550428789
0.12077614269140186
0.24591106198979207
0.5907186403057144
2.667116355938616
0.48543151113736427
2.821870634609424
0.416485656068989
1.0950114362119896
0.5721061402187496
0.3414049977253136
0.31884923561519823
2.056562544104253
1.167647772496546
1.6667628300510484
0.26816614755256657
0.0176424781261431
0.08537643864723055
0.8284228334795605
0.35902428186124563
0.5195297705153474
0.6826197576580068
0.3514462480189943
0.1997959154115247
1.3808947488852643
0.3811350653191253
0.3255317207185925
1.8081513108441991
0.13648845099223345
0.17533210215053074
2.057933031174693
1.6546977489584154
0.23228969841993188
0.8872436305293832
0.39093634969467966
1.6137751652771728
0.12055505315960884
0.21204795357079717
0.3460011004885626
0.24722056960747452
0.4361236853765704
0.242548077978396
0.7016183110479772
0.007118493122418939
0.20073931630165445
0.38359357817012485
0.1499436465452724
0.5052933174729872
1.5540755185691064
0.13490376787072245
0.11513835564056471
0.5036503187321048
0.06985697822932929
0.04053444449310171
0.22327632825905
0.1462360755241409
1.098294993246309
1.1696691698963497
0.1650760246154496
0.07390676027446336
0.7926498475130871
0.3963160342845816
0.32906974931133814
1.5197095930466715
0.3515965711760876
0.20063521435715165
0.750360281828279
0.4314893751895439
0.38485925076065247
0.1553992359848131
0.23868877601371274
0.5627520057617915
0.9389720994125957
0.48368199797117295
0.747209051773638
0.5551147158133612
0.16170992642121398
2.836704228396932
0.21508654225898718
0.14372548002898503
0.10848349509273149
1.3950204251828833
0.0889814575991613
0.20245273958841598
0.4524878155900328
0.7553237429145604
0.8436451165739072
0.2517429315755732
0.2925241350112009
0.0430388697074785
0.13175785194384848
0.016103451336898687
0.13096034496757591
0.8936899344654439
0.22028233627861266
0.14922842309873735
0.03883232884785683
0.05266631189008359
0.35122953420639347
0.9318423147462188
0.09484919279385161
0.6833453445467875
0.17990431011226493
0.04752429767877464
0.18932077198025996
1.4810912512884573
1.0911591164846641
0.822942231315284
0.38870064232900203
0.09586474571693802
0.8753973895635598
0.42125000890759773
0.16854769724022517
0.5323518217398786
0.3507461299893128
0.11192766565532872
0.022372718245311563
0.57548577145011
2.597374527920299
0.18463766946694415
0.49658823847449995
0.0477626161812054
0.05951770843260696
0.12856778051660897
0.8144120113586615
0.05052816471623534
1.1824985648470339
0.025689354954197236
0.042839996849714734
0.125621052651776
0.45887484494981806
0.3542367932204393
1.874071820349192
1.0444795929099964
0.6893371676871938
1.4278666676711744
0.7285711463649359
0.8339133538719397
1.4960463075938797
0.020064461149759842
0.22654797177372263
0.13642915948021378
0.15505420863672362
0.09216103181336976
0.3122332729634974
0.2977873727247958
0.022167644550409225
1.5650572869792294
0.8521616799380518
1.5036992259678092
0.8456649493266689
0.8474834381203938
2.090831177066191
0.617040651310317
0.06608926561543763
0.031243322951427118
1.61028379084276
0.1071151411097201
0.36248931929674844
0.18508234320157735
0.18350029871745266
1.3945031591865913
0.9347011450940704
0.8821094057103757
0.5118953663413598
0.3928267404491102
0.15886210524025926
0.4779916200231594
1.2081903432171268
0.38283982759725377
0.2547007985155366
0.6411887300293045
0.10912970700950998
0.6060005290491348
1.3960360304567199
0.012488258227533397
0.10746892828456675
0.3062250570337107
0.06077615907808597
0.2208954333694884
1.100053434304083
0.7367907391960112
0.49386068723330634
0.49516143887784064
0.607716010559201
0.1306952820036954
0.5351197843830289
0.15211816269293882
0.4023876422811474
0.654883852523579
0.7765301230757825
0.28162138314091584
0.10174924131980513
0.07957993745752864
0.0607821749693357
0.9850180757758006
0.15597913551074324
0.31003789017075256
0.667726989155515
0.047564636021384936
1.1944467190807901
0.2684608778145496
0.1775313999136685
0.8303244134730744
0.5326735515599131
0.7499439509515982
0.5069567656531361
0.816597133932737
0.45872238924035663
0.13677694758830053
1.5386743255934943
0.09790694338075118
0.12422020538979227
0.610619788928993
0.6249941147892262
0.732165049090776
0.5954463649803827
0.4750498553977075
1.679376277011522
0.2301494929736892
0.46744241224403993
0.5477163123562608
1.9997738316202656
2.2264242522202577
0.11239296270155907
0.36477156097998326
0.5253343254497045
0.10788377273032239
1.515114000201174
1.0229401178228783
0.04132853892874723
2.2653995919121095
0.13180930755874323
0.17790439344149836
1.029767891389111
0.21028864936500394
0.04127414045835381
0.630061229871936
0.22207072654309082
0.31801741911000336
0.4980938324897999
0.37980316062817016
0.7193549062679349
0.48430159235906906
0.22245611305452156
0.01740056614285473
1.0111289410564477
0.2063033291432669
0.4518232935969529
1.102584282928241
0.872830747098237
0.26994594667036526
0.3103979676659027
0.5416777243367039
0.19254759470770944
1.386200639136844
0.07948111859226137
0.1924122646805641
0.25525291546603857
0.008807202484968697
0.7894036155892289
0.8716620345372332
0.3035168958205376
0.18903832730311376
0.0010401532326657986
0.5959568047101772
1.5428143254592193
0.3068075283074102
0.04145409152640294
0.9658650580395752
2.015823858687591
0.28416145067869725
0.02036532322824845
0.8319479020610595
0.41089321379249694
0.5349138646186697
0.4988028178565836
0.07034775005953474
0.7601546472772217
0.3106826596780844
0.7651320466278382
0.7612656471760129
0.3338352207392591
0.3213400080171237
0.777455674220074
1.5252369602451368
0.2508320690156428
0.3823337839797462
0.6379245393052987
0.5639745616684365
0.5048319539479633
1.2846606915499887
0.04998569831762723
0.15759624878171527
1.068296995322457
0.6342809650497779
0.5636375460491707
0.8846396984253213
0.2040422200210919
0.06079297849450148
0.5199077819900988
0.20467568891682825
0.3362509251324503
0.08125157371883426
0.3333991944123343
0.2539102904082568
1.211584327573546
0.7133561889318185
0.5585043688725803
1.9482447138919239
0.6184413260698178
0.5621397907520427
0.8519879863400595
0.26894038480976035
0.10786121848560946
0.21513230622364932
0.2651157709562604
0.23665397273094887
1.464799508416182
0.44523998376938617
0.5792374524987791
0.565016521821744
0.7709468536112042
1.6973474108547537
0.3678097142628352
0.21223191546448855
0.17366246432879892
1.094130281134257
0.18517650728294097
0.7688518286441717
0.722184106901956
1.3400084119625995
0.44497244843828676
0.3842895396084697
0.40815175485176464
0.5392324759765194
0.13794844289712188
0.46622542125756605
0.5006533597799943
0.5608720411826892
1.226318738666384
0.5809190986503532
0.7940743683691076
0.7816590361797436
0.18941590367106018
1.22575151619683
0.24859670625733865
0.16887224427074699
1.3629757435692316
0.5727792170174035
0.39252912728000766
1.0351384136329675
0.7122624961006803
0.17180347108538419
0.8345876417688738
1.7731486324096402
0.5523252885911206
1.0849219420905198
0.2955039181908245
0.3985024015575777
0.717334883729578
1.047424450737905
0.682195110638264
3.4767761728253315
0.2601614082673246
0.8765923960882459
1.4381204835952057
0.32802393517730205
0.34290984752026277
0.32187418774157883
0.39118525080884353
4.333673937184213
1.7053826131296046
0.24059306599200792
0.18969177676333682
0.10502990842806388
0.20596319308051803
0.004948354682297013
0.5200267437075113
0.7975881584773425
1.2681076829904516
0.11795186460919543
0.13665227316605427
0.3923187101346733
1.588092369236778
0.23937672453296505
1.5984045852212538
0.2752208186940342
0.20823522139143258
0.5712108589338185
1.1736048270455919
0.3114987757347873
0.17615211311008505
1.5835341193410448
0.16838466897265114
0.4546354844156663
0.22388187987042651
1.8743324094351965
0.8896857476509973
1.2272837514561221
0.7854612804265428
0.19952258669881132
0.1151228859875421
0.6056766547562653
0.737246466428587
0.8749758392254207
0.15601221584012245
0.6985132372157747
0.2999055329195747
0.159377323807569
0.1080323621400381
1.0534348285947954
0.5627352202057114
0.8290294787206027
0.5443861033889816
0.11079284402329899
1.0510682193243335
0.14037477666242237
0.053367442492846556
0.2240993062013426
0.8689500749362286
0.907062280891173
0.8068925670509247
1.284201719739559
0.3710050589559922
0.07275220176882682
0.14070160324833303
0.25678576426305344
1.3511411717328634
0.5012239365961254
0.2959922033949125
0.2516820730867736
0.8997366495516513
0.12309271152581781
0.5018542698959135
1.6814672386033667
0.5222029574997193
0.06831737901083221
1.2299036348090884
0.13922949385775313
0.4864067421953081
0.6703869395839239
0.24051364449229448
0.5692035370921624
0.9611200432805534
0.16448800605613043
0.09438775785169072
0.6053909337042777
0.10934698710742376
0.32845907241179906
3.331687510256406
0.4630316541137418
0.6123954562752979
0.3393915514664208
0.115382835622959
0.024010307591227343
0.6350012778455144
0.2961313030386435
1.9590191115614137
0.30620684430878253
0.03057910356106172
0.47427943011202917
0.2116600342025612
0.15948041076813613
0.262709624399099
0.2679135297470256
0.7978031137693986
0.14311246686076975
0.6706421527323261
0.16770102537723566
1.0539318657581758
0.8352328843697641
0.17308053681299815
0.2676817563609391
0.5312721700964003
0.8061818888352795
0.6970956200686411
1.363121990196849
0.11223398520844938
0.10844577059458803
0.2118731906196171
0.3524399210757388
0.08882349195510171
0.22247800986237892
0.45584149717506434
0.35384349113445135
0.8565097955141732
0.07064741026343284
0.10857944312119142
0.8038967779882898
0.15960964403802216
0.3465330400787544
1.0934831934765845
1.9754620914274423
0.4651767318453461
0.6610300061587909
1.4892813955841522
0.22845792815699728
1.4738980205804555
0.12216948474127517
0.46002040222803603
2.0336820217784806
0.5999005574211018
1.66988285072976
0.06201375640821421
1.312660891979284
1.532170506041475
0.6172845426405654
0.3102712304647384
0.15838826881017617
0.009603918687787866
0.36751900028834716
0.12140117273320707
0.9956306200627159
0.06824104106399981
0.12864804942736233
0.4042179192568665
0.42793808863083244
0.12437783119470644
0.887493645006057
1.1724452849030753
0.5489991068119904
0.20406071981851792
0.13263718920919454
0.25341806809960016
0.3327021926419168
0.2241262117920666
0.07584232607657167
1.0118101231435785
0.016254308433303607
0.21610164078088578
0.8829935208418074
0.13578678922546106
0.9450447839181751
0.045233378993458404
0.1595524028914964
0.13309507512423852
0.16089737278713734
0.0789721527816423
0.269770064460837
0.3302220669576785
0.5201060031004912
0.038650006974896504
0.38181786234103077
0.4148733309712177
0.7887534414913523
0.002324483099365421
0.1736708943132144
0.3580081713662667
1.1189703832581854
0.20439278817839118
0.15269546152733787
0.5435450051985518
0.6210268180005575
0.0929149662090917
0.7220544877743854
1.6758214750448936
1.075766446527214
0.12189039269961063
1.233640899309276
0.16121902604317145
0.6141853833116762
0.04672103545908198
0.014128877810919123
0.7055938141073972
0.32351473743748066
0.16348763229198862
0.7710043076015098
0.10901262261999183
0.09989710703625052
0.11902299741304
0.49985802372701915
1.0375994493448337
0.11495629961049987
0.1149290265181441
0.05238452245755129
0.14560231013827188
0.6039205557815787
0.19858193940364252
0.4671438502407813
0.2578871923104452
0.5189145857228714
1.0034759298139062
0.3024491729175978
1.059223876497135
0.21552996571833186
0.7287220696035532
0.39732629182112883
0.37647153193015065
0.6880170885324881
0.19842870945501076
0.5263833309737241
1.3075939892498156
0.753670819075154
0.2710298292586206
0.5543591257152095
0.0012814820812392651
0.3135449868275432
0.8767380726191577
0.3994714247838901
0.8902400525737187
1.0672850146329533
0.7015360155456591
1.362163714820446
0.0061009078007134565
0.6392905069314293
0.24433667751138408
0.3400864632659934
0.11564315802147157
1.5338142454747146
0.2598970849607861
0.04193575441408504
1.1882621956874297
0.039666065210654494
0.31625961280518844
0.5116707428966826
0.3344905426076371
0.1597997889188027
0.3892677213797202
0.5758804845832884
0.3618556588762612
0.152036268394908
0.5697495456192232
0.20181724008611204
0.9614160445485581
2.3315036926513897
0.058693731965424906
0.41331993796741917
0.709272156640377
0.3917802468472168
0.4712161377669526
0.310957890140262
0.7026651355918858
0.07418447250312608
1.1139366291597252
0.22217325157499865
0.2654453728478697
1.258727979328091
1.001854534432817
2.3085068009059073
0.5351884640175498
0.1806240780084762
0.23072950668916273
0.6639484331119149
0.22565412901130186
2.337488603938538
0.8438572495811411
0.6725911751373009
0.43045223633765983
0.12776861203462328
0.09544147553158999
0.17100906468762955
0.08620687593962371
1.330020673944683
1.0230738971097308
0.09556089242909568
0.1124644606266475
0.46030198941625816
0.3248494133153696
0.28268540747325593
1.9135870697780586
1.2686616944183031
0.6118786277010195
1.895703050486884
0.19599244545569172
0.5224621076382412
1.7393759700386395
0.22001185751199875
0.5629432951582735
0.45815739133470523
0.576721271332305
1.7456351966795491
0.7073394512259698
1.3553165680715855
0.6249491662773204
0.9264561614637296
0.588910403551142
0.14958188432468247
0.711010286968795
0.7604421599931029
0.09468118833107396
0.9262928399629958
0.912567959856218
0.7234187000858937
0.11446652067626224
0.2598206236247794
0.5723335602889967
0.5280922927711527
0.009346983191211992
0.19794671759914173
0.0903126540233155
0.48262268211642456
0.2697201364992451
0.5525975134347191
0.021903752908908284
0.3823614134502584
0.9372018680663896
0.19258224026275114
0.32018475306251554
0.8360560949950656
0.05154804272586258
0.09194582358238475
0.38899631550213665
0.5387397001821208
0.1657670091215687
1.27975796725826
0.05297635002028713
0.2161659123993676
0.469188301407161
0.023056917364768337
0.042616801431985735
1.4165203758127218
0.029898501244865754
0.3359762631126787
0.2095536840264419
0.30385403450460835
0.3511308309681839
0.880487877981477
0.3195024329680719
0.0959313310677922
0.49895548466875467
0.32760786041549095
0.4065311598641231
0.9044364441963549
0.15626087681636136
1.941666413275007
0.5659648718674981
0.15346732060501672
0.28310202577138455
0.313632684523765
0.04918304325174779
0.11555959813986161
1.3458137271264994
0.6323555119183326
0.338882827844004
0.9297555106771991
0.241525988578936
0.012619760598225593
0.09572890199905053
1.1390293351706522
0.1578200325877249
1.8265416811717146
0.3827180236448498
0.17437055647842759
1.3871279317687282
0.3620837497427022
0.6286836665237485
1.996687883770579
0.33761554384302384
0.3651316890476772
0.24521699768986902
0.15745993225600485
0.5809442285644851
0.2742288043135117
0.6536603273270692
0.1352286158159854
0.9752292209925174
0.047797095873334944
0.30030151597909893
0.8056565474296397
0.41761546982014874
0.3917013524948085
0.4829036984469781
0.012554125890924011
0.051253331991108986
2.612634259297963
0.20827637513086625
0.21510786133174412
0.5627208058913924
1.3871898891465562
0.19685636669423762
1.6014803981842682
0.2169562970904231
0.186877184880589
0.360920006358315
0.5427792655353669
0.1879288102651
0.7186162676925282
0.04345233576460827
0.05858780844364451
1.7972903758924632
0.299244949166239
0.10505774825041529
0.32882880732429376
0.5058985437822218
0.17220131256628335
0.22660424780319408
0.18846635277918763
0.02453568759562697
0.48974690064785764
0.13588252690099784
0.018947741573105137
0.316954563550455
0.20392874913402348
0.26261798169956047
1.424818408479173
0.6228236288020538
0.6046616797440123
0.4240725594391054
0.3579612236442729
0.4008800127198713
0.024428466762610252
0.8284763884796088
0.1099386545368856
0.4131398518778963
1.233088512674391
0.695207094320545
0.4827967960603057
1.3564704771725715
0.5563440968276354
0.7353254985655265
0.3144391251215083
0.7070035973614205
0.877157658282807
0.09733900863482423
0.48704688132924673
1.0461007215661413
0.2891406979423723
1.8314311712662803
1.8695944890462193
0.3591584115624691
0.7077137732249235
0.23895434940206162
0.9241581787180991
0.2626378276769956
0.7723141708283981
0.14344683134521458
0.2742097686472322
0.8236914480482435
0.6114698710104429
0.5118309744921703
0.05532656773719438
0.9916338612784155
0.03798613083336146
0.8160607836070602
0.6847898894583045
0.3140544591290717
2.432642053237782
1.7739503386070932
1.031155255455115
0.16963920277235042
0.24702085765394421
0.6111457413569878
1.3350150390814144
1.0013387853211626
0.30142569382150886
0.17936760649610892
0.1373911595037353
0.0855320568998656
1.2212987148659862
0.38905465311822085
0.07586857613619338
0.29886737701042276
1.257926873043853
0.5598325587540576
1.6752819240260768
0.7973631910471979
0.19934048339047164
1.3897468896828047
1.4857946248056677
0.19005139915580666
0.3732355216585161
0.8943563988379948
0.24330571211609697
0.2647011282803624
1.740582721082842
0.40117827970325987
0.6074289025478713
0.4341098678348654
0.13194473178751895
0.43745042542201934
0.5096406329707186
0.2584202957344711
0.274351460214119
0.018311621525511537
0.04935176420248398
2.0112327880572876
0.5206350303501465
0.29773138970298224
0.07263490480627367
0.27569398378160076
0.07319152252355897
0.8287080932416341
0.14749053042701146
0.02620163583919642
1.3618964850866688
0.2786702968339055
0.9056473279929609
1.0012644693429518
0.7429231827097942
1.3847581427468898
1.0765493763671892
0.2676000877270391
0.24986803016108877
3.013974335989789
0.36141011529269673
0.20592960481128791
2.1087659096565465
0.19103872638365674
0.20830852211625667
0.20483714633368733
0.5305374280228145
0.8652707315253638
1.4102811263410246
0.46812934537343875
0.0977598250480746
1.2917409033844849
0.9043056966694266
0.32269798368709246
0.7939688555550994
0.0810266927518677
0.08460960558167559
0.5156067750629255
0.3964300683771417
0.24319340738526438
0.718541572484213
0.6576057461083334
0.4422561998868379
1.2049184085743097
0.2604540715656504
0.1349048663841047
1.7420370162232788
0.47824449538342084
0.8834753654455137
0.31286649519517473
1.704492707498952
1.6850003823477004
1.464355041400527
0.16704552310282053
0.15729755556391137
0.3942271862897016
0.26898718294730567
0.1456507657215932
1.5303476864603949
1.2896121501217244
0.8167058269190549
0.5977374313838103
0.5868960221395485
0.8172569898224272
0.5846930388408279
0.1598424437891196
0.2750531136662013
0.942200896296461
0.17759022683469847
0.7532345884500813
1.1660954539077368
1.7369664071339883
0.17094640624381338
1.2080413802179697
0.12229523408050251
0.3480842087444044
0.29670669235796604
0.1532233330377207
0.43795267481794353
2.2578420111461472
0.016481366254410372
3.1583515276257903
0.6404089200143598
0.061220651607923594
0.6951627397327792
1.4240358904347028
0.380463982927293
0.6071170261387167
0.27876668649784514
0.38293643333316685
0.6255589928671633
1.4717482169466576
0.10744118445174913
0.24884932637013843
0.5892717182277991
0.04177025990217039
0.43656601903534353
0.9556880107957633
0.5488420485781326
0.8450405955650201
0.1342435565354328
1.7221754086025634
0.5435861512544652
0.9326355354696699
0.34363868552214355
0.7807952010508714
0.5653003731813777
0.7556956569775476
0.5236112356318648
0.35569923205777376
0.6295296155537279
0.2791939483425198
0.23675288051455556
0.8310319009444529
0.6529024932932812
0.30170043584374334
0.12121041825172156
0.12982517323392104
1.098904280329186
0.08512504432967725
0.10314768301462325
0.14267798796332418
0.238759765572346
0.1623036208424422
1.040860126423582
0.039758900768361645
0.11395336162018085
0.8430419901679014
0.009951770907705772
1.0394858828622284
1.5072036849947388
1.2318415528237292
0.3371795771729787
0.15975257008547955
0.12611479739036272
0.049384369113936226
3.14057503698175
0.46234242263833153
0.898327901300103
1.5187905600739862
0.8459505425163389
0.16351803714650012
2.271501863574764
1.8281243389194952
0.8324980509080222
0.0988468926656702
0.08353129065987609
0.26993431178525107
2.1017221217995807
0.36699783671642155
0.24158326390483523
1.3905651004656105
0.08809387926856432
1.1929606690279178
1.9018297796467423
1.4266922983488781
0.24528596501253175
1.1017646093584479
0.13783231734899476
0.16785722997535807
0.36521035710203364
0.008357634405024296
0.06064405686391732
1.0530949506676732
0.17045891114967995
0.5913699804608233
0.45444495634439036
0.11806498286428356
0.2432264777920247
1.299832351250984
0.6536681367431018
0.10584711370358411
0.4195132680518167
0.03327272695451244
0.09815187019426301
0.8598235871606511
0.15187273440092744
0.02166213803605244
0.42428724927429023
0.030917719118783583
0.4152744885672651
0.5230293485959501
0.27587308332567995
0.5909385802259535
0.5241980002575035
0.26208197564660674
0.9212883330648135
0.15780289488919744
0.6286567156639146
0.7521931407337993
0.7518787283133002
0.2249352131540445
0.5731840828434474
1.046215844522046
0.5015128365533682
0.10849369204858732
0.9663036181249768
0.03296101518041491
0.03731751488253501
0.4131578215418615
0.05511570788383355
0.10352978167553616
0.26034936266356906
0.4719294330327734
0.34316588654577374
0.5300943368417705
0.15596836515754442
0.22305403712374994
0.2571554508433854
0.8810543966929624
0.3804095247370648
0.5223681979025155
0.08442776479841303
0.09383985733269208
3.1013893039121743
1.013709037294137
0.3171557872206466
0.38880325936357135
1.0048258826463925
0.5276303947072978
0.4981014680153477
0.11128225296400955
0.0927259704932496
0.3606754316952046
0.9203971232793745
0.23076632190830168
2.254236543645757
1.9857081977871307
2.76345422163693
0.40253328881496914
0.125185849365383
1.9536817287988073
0.3617066809627561
0.32933516776592564
0.5093575448720711
0.24244331018630066
0.09871680590162243
0.1968481989286748
1.1945039245954496
1.238881071092488
0.3458186780545105
2.68775798825614
0.22679404805545061
0.3434505455761083
0.530745842222406
0.6650958476435201
0.6069971721717062
0.5680253292992535
0.9777222483398667
1.4715897171117458
0.4685654450136217
0.3910871508844509
0.3719050410954601
0.5518343600917059
0.051348241199860103
0.04145667734656525
0.525636904072339
0.007813173903911572
0.11763923129466212
1.1062892144848626
0.17630699663951688
0.2379468290271559
1.3988470350874633
0.02123481273910775
0.8451675385012597
1.415728887550875
0.15324962683234764
0.08163404326240782
0.348930676311969
0.7273278788401646
0.169935805180259
0.5706562232740369
0.101396280259287
0.2291093983839762
0.3524612858578774
0.27532748469554974
1.8190407345663222
0.7229030710376252
0.1893409515108517
0.5831448971714497
1.0626339260983397
0.2555111983405651
0.2845311452983006
2.1154527906561693
1.012221666585313
0.4341731816904516
0.004464793587542412
0.4017831064104506
0.41409853462799445
1.0585879348457505
0.31990017783674657
0.050114985244986504
0.9533880276323744
0.030256051664248513
0.3345244242505937
1.1557200946882413
0.11333640396411053
0.3449961612750875
1.2434335998506756
0.5254549590409167
0.2729751542903986
1.9330902169288608
0.32137706588183657
0.9138994956802948
0.1635800109333617
0.9080537752057776
0.05157804173764462
0.11597873725577823
0.34055284064728547
1.0601460648072059
1.1911270364454036
0.7384076845539467
0.52766135856238
0.3171287317510982
0.1486242463501022
0.23673619086950357
0.26402854704988354
0.7277387405737923
0.10146911902956336
0.24742168980102516
0.6614715598469186
1.4263216127169085
0.21114663003116607
0.3849049733824352
0.2548960101841651
1.7069298664733414
0.8391310773823357
1.287452605792275
0.32489031288460707
0.12261895263583018
0.3485012223854438
0.5920484417482406
0.347129658387956
0.03766099358752639
0.14459249582648795
1.21564070795829
0.11157236435716124
0.7706686552027212
0.05516450698899006
0.1248364918845667
0.06216983065686838
0.21240819763819213
0.8163119223867178
0.3566881719705951
0.5548707321883626
0.011619746863485374
0.7840778255282931
0.16270386063356246
0.11361996673388375
0.3326789155289128
0.9662469875761497
0.23597733522116315
0.21768561197068545
0.08429235845975515
0.0783798544796889
0.5863783188539448
1.6791928878649929
0.40476210125201134
0.6391006424545167
1.3157843893257086
0.6029277362054346
0.1022016538147684
0.32794516883399033
0.10940875198907217
1.4408457678279387
0.06468708819474243
0.16863562943479712
0.4643355237515899
0.16075361715341277
0.08447197441412442
0.03382472070022155
0.15973446155882148
1.400504856092456
0.46238818454806074
0.362902864439231
0.5318384654085628
1.3154236109963293
0.8653763592845908
1.5555653514632946
0.7327901040725057
0.6249912798587838
0.41614562087304574
1.569759020081025
0.08983193352404681
0.2552436876092677
0.752634952102014
0.6976718605561398
0.49148547564701267
2.4311848129786413
0.4360482319389937
0.13356639476038923
1.791802402111851
0.43998790218694334
0.4158495654061763
0.37270880182237187
0.026003435757290676
0.514183995365432
0.2805088457372219
0.12488336453165025
0.10605068709214385
0.5693596648337196
0.5284906500955613
0.18826348806642645
1.2011093788345177
0.08978593089155716
0.37670437238527676
2.1895996077082507
0.3838768036674177
0.7263803948703552
0.20761818794104664
0.34856765110093696
0.5224126709537292
0.6906005814134676
1.8894047050898282
1.3017644006575702
0.5264052345119856
0.34927195546636575
0.5738175801276048
0.5528363802598621
0.8439331750791607
0.7061162573330849
0.9825163073651382
0.12213984023472493
0.04018092383963212
0.23702298313973824
0.7552879700414281
0.13403654393426026
0.5704573300563923
0.5205201965504122
0.7255443219431577
0.5608614543918076
0.011789068555545554
0.4207625329710471
0.670078450705881
0.5334668696205086
0.893806095682508
0.3243039892865135
1.2415287361553313
0.19733980765998244
0.8917578820101048
0.6030133467413615
1.8839140173030737
0.7718075770782844
0.3817571360612504
0.06872311346667043
0.5833093985859705
0.2822236332981625
0.8933307886992782
1.3451532154330883
0.2399832821671368
0.4368153407674694
2.1823328441661984
0.03875407517984595
0.32005137881058476
0.5341263844453736
0.03826996406685231
1.3332598007349536
1.0942817731543453
0.5730320831072431
0.4185272051159652
1.981592005459845
1.1372086329609057
0.0336587444188932
0.42316541557075726
0.0032844597582160884
0.06024659644401554
0.07499928967684441
0.2417702318069893
0.3587359986048414
0.3147053789519374
0.03803033405998683
0.12479283790079355
1.401152079712053
0.4061219463028606
0.3319830574245049
1.1784086381893553
1.2209146155253627
0.5319281887320929
0.8607987726432839
0.6298098636902643
0.2964004032538282
1.616453791808748
0.09351966989749093
0.07463065091737488
2.017752397469991
0.7758891638071617
0.3444583586792231
0.8120752087777589
0.03800480466191752
0.35951178340396983
0.8670343921804087
0.9166456094671835
0.5063939574918715
1.4485058476391954
0.26698115789782007
0.06815594304225453
1.6750603758963885
0.32890045564622455
1.1427676938693268
1.6357552526874197
1.5573147640261864
0.3370291633684896
0.47484286383284274
0.16925109004429675
0.1567863697248372
0.8620722393294417
0.7632833866513258
0.219683151429458
0.8521817744324152
0.059593180072417276
0.05859360202140086
0.5939584358532374
0.040587709700099485
0.14446058311207216
1.1676899041409248
0.351212321571928
0.010542774576947382
0.07850792731299014
0.25389513763910776
0.14829309055174578
1.3885107597777002
0.11905008883973235
0.17116838220641975
0.2635328825785813
0.18862736364828409
0.062349251820980715
0.7133582266099914
0.12566689293602476
0.36397925643327195
0.26226353096005717
0.208890799195459
1.9129819377066366
0.3549277895139309
0.052116356771627834
0.9121207757662713
0.2722287614652402
0.047573263609051536
0.030606138604862713
1.862194179795061
0.16272454487126697
0.2908221397344907
1.1657352274946675
0.6389927063530386
0.6659559009589575
1.245087887243109
0.003820311610579162
0.11508821599572272
1.0562742172003876
0.34320168566020137
2.8524141102880867
0.10588959163201034
0.19947036619579486
0.21824926055103877
1.5500009865168487
0.6796856597748154
0.08481269479069535
0.4962497097084444
0.6808180906547704
0.45708607260352274
0.4647708318510529
0.09382746912342421
1.6181089190001823
1.1474061140001408
0.5121193499049126
0.6462357334585545
0.6868027594923503
0.3746187019194978
0.37225152295873043
2.6024957877755166
0.6231124659675774
1.2527642038839193
0.9166100206337594
0.15736580023834054
0.001459278140836131
0.4422643847518533
1.1109199527719735
0.2524837468110435
3.6250576091346054
1.693590452625065
0.5901254987551671
0.3406991706023091
0.033563459669639424
0.06358862074830551
0.881350517924082
0.12498492350148961
0.0593089340779972
0.8126661594388254
0.15766094695589178
0.08380435925690137
2.186920885569679
0.47957873861337913
0.7674930060767895
0.3243375390173432
0.31680650896742646
0.3556131490565094
0.18966499206634316
0.7950256299700231
0.4560759102083099
0.5449696542858434
0.1511287360860805
0.9854482594945865
1.0825176702760435
0.3348520146720902
0.12069873408146785
3.0877524869584136
0.24237935581811476
0.23711139622604976
1.175188597127715
1.2062809226700377
0.24704836323368842
0.6016389692960907
0.0849174046941311
0.0402853216818322
0.8143111950666224
0.9617142794169458
0.4415441098418361
0.9519425130947359
0.16527708503253805
0.3084223452395872
1.280222236424929
1.274222865211548
2.116146812969154
2.2231979931727346
0.15994552402768578
1.0344096436550214
3.0625910258132287
1.55686411338533
1.0090934441924841
1.361002394973503
0.10935916025417207
0.4812858559548567
1.4386363527533865
0.14711034099028042
0.15097572157263398
0.11411757860992901
0.25545763472713834
0.007210817402895314
0.12162123691733424
0.5282049040328629
0.4798262721294298
0.8412812393063779
0.07336956763279655
0.1810755129799383
0.7979019835459673
0.06560666445352109
0.057798376694491845
0.17837022559140747
0.4025898050374037
0.30711897809095606
1.888554289061515
0.229864667920555
0.21116842389498536
0.46091617491864817
0.4051710256849141
0.07218746263695933
0.8042910238938515
0.09953658855976075
0.23618640719222278
0.4026468193800989
0.7759711540302705
0.15958990531172856
0.14121494958099148
1.0465994320372374
0.13384525116862017
0.20865336132052958
2.181564509894848
0.5524468287924715
0.7986376092420053
0.2974175802489594
0.20927698416757523
0.04270214587361337
0.8042429582278451
0.21072931317629867
0.4115770686653517
