0.9466628140175825
0.08789491305123664
0.039376925397347565
0.6046701530961928
0.3445504074676761
0.00321890265137553
1.6598188180309361
0.3837303437864512
0.053560329396268216
0.7175237389004612
0.17939763434496234
0.040698981841184985
1.1438830745396342
0.042030511831251886
0.16238275372999628
0.3461467269626055
0.23701399286107022
0.1475168632315469
0.2591857502659664
0.12129525882495434
0.07397982314682208
0.12164940803688862
0.05034968312918447
0.03959398539854294
0.18629990211822264
0.07305713009264198
0.08579776688862263
1.0337090421968518
0.12550878143105965
0.0895020078298698
0.8913831825666717
0.25063907038364264
0.05718818631241174
0.7559293362217978
0.45405741807725225
0.21505242105929356
0.824794347015937
0.12496787293778568
0.30313781155677366
1.0094695616027756
0.07618908101015003
0.6525213604243344
1.7172084921596944
0.0313285590764914
0.31597299142420704
0.17060296670511477
0.24077372933657984
0.7737480465273052
0.655868917611115
0.22238645815911082
0.22685541966151906
0.6580050463986179
0.08438433626264219
0.2793551634041346
0.1543611144141483
0.4648353226426094
0.19786826210940242
0.04808256350449696
0.7971721675627439
0.38759683578776866
0.9350044647217224
0.0850989169029449
0.5545179663949519
1.247854646950383
0.6554459529570136
1.0497663584421462
0.11723995094031504
0.16165103607812784
0.18212592432528565
0.6353018381852922
0.228544571879812
0.15858228326394885
1.1152239792865783
0.1777923635219198
0.0030785145493154595
0.4942952624532507
0.763168005276439
0.15051686715239931
0.2270655268797347
0.08596684437123094
0.09914636616606452
2.069633640052684
0.25274517009153863
0.5100496790782288
0.6960666413933522
0.2012147473743578
0.07617437037117217
0.07935394622526075
0.0005177211493985204
0.06216252713125553
0.18184814493821574
0.1378510117941404
0.11565342568434332
0.33343323041080014
0.9145884639214448
0.1532659914026498
0.473846188481132
0.20441336382326808
0.509836029246911
0.9265056779898196
0.24173152226498085
0.19229167310003464
0.6961919634279727
0.7591039102809143
0.3288068400999631
0.5371841324556476
0.29672834203435655
0.23585930861736032
0.8267846032062793
1.2278870459930489
0.08568894985550092
0.307320103765688
0.04742444820517216
0.25875349567181716
0.4475430674985004
0.1322002390030907
0.46703073205255113
0.6513124054714986
0.5693325488422252
0.13103879867294743
2.30115490458482
0.10867320031727316
0.05215613202603714
0.17630124296322766
0.02968357712372932
0.8388959577644128
0.9524493327817748
0.36842101530945087
0.4320646700763771
0.25759334020413216
0.03887166679473141
0.23075208367482306
0.25600990906126325
0.7944385304446219
0.23978794075003992
0.2749162205700728
0.09028247598057003
0.21370046966540873
1.2098247180393087
0.6162708600557562
0.9427861169501375
0.8191372285988605
0.11198810380917974
0.09922658340407559
0.7085210446092094
0.4027630355743486
0.054067117680143016
0.26023425180279974
0.5910951091650828
0.42434499476058557
0.2664083114845601
0.19284690156178794
0.06666980505253774
0.41108276536820176
0.504268631549288
0.16358892887818885
0.6167514053544967
0.3031038775129528
0.3951885848676306
0.3720683017681147
0.5009684224113174
0.8004287759324907
0.30442738938357783
0.2665591672883987
0.2296500300083018
0.12031010732530718
0.055426366122855786
0.09465327152084246
1.6562702956917206
0.7091114425549129
0.15156372277706
0.3865445696805508
0.096874129912028
0.2300692854652177
0.08487588155977094
0.021200148786222905
0.13723813022499912
0.19455140423063513
0.043943746570625955
0.376227453162787
1.9454724834760821
0.05620617629698465
0.08193340281615293
0.9486808234195633
0.3135200149218072
0.3650398619511398
1.5198633106931947
0.10877223176226862
0.1365074144855317
0.38113128856601003
0.21051626197819723
0.22432779677947307
1.161090209893504
0.14562192035236296
0.10314120117277631
0.12190399194958378
0.1330503479880226
0.46750649904970926
0.02420106033983065
0.5891251836895343
0.3287681400162067
2.0208572627520724
0.0055388497583439555
0.22892923439910373
0.7974256236542889
0.4300802789619511
0.7754145323483441
0.8929678665725261
0.00832005948465877
0.03734985101120672
0.9170384246671199
0.11426480153500934
0.045845971959811015
0.4403739283628858
0.04570574781704146
0.39937234960913903
0.8508028076423305
0.024198046584930157
0.13588082618944894
0.5727003095518981
0.06678807279943307
0.03144012253411923
2.5983590030034676
0.19871863227699918
0.6406489473921254
2.191421056670411
0.3243004350804448
0.02153428421385223
0.4694121083444646
0.013410152254487188
0.5557078311186171
0.8531353400046621
0.14087897792700932
0.21173002582590705
0.329069391674227
0.019234512721799286
0.05269679548978638
2.0323064961257895
0.10900675724742097
0.09914478345432765
0.7580056256367773
0.8612024262499324
0.6101462466761244
1.0371289922948168
0.21946736453961121
0.20300017675891996
0.19673685613543876
0.955186226975022
0.12768578480488563
2.040084144554178
0.13397981885420948
0.3672950390238471
0.6283344391228766
0.14182646284810063
0.44414406377894927
0.7902878144353682
0.04312153215963861
0.14224376785439616
0.668588386704541
0.1777604184802481
0.12246329709621938
0.7179366481755587
0.14174368748532654
0.15245685177942375
0.19067592177811923
0.23527819964372315
0.12128181575277418
0.3410745166533272
0.04723575160217525
0.46805601413331116
0.23737537264317202
0.13692998311274396
0.10362932041804486
0.2900243199542768
0.4839125120451886
0.05839351637848065
0.18674743060089138
0.02213848604095807
0.015381827631857099
0.024604469152561318
0.5457636143966832
0.16046191777996308
0.6303311723782637
0.04549176992610867
0.03553304214112
0.6051132432983556
0.3612303145964478
0.35657732647893997
0.0908260436439781
0.29305543836194714
0.11509285012929597
0.6609214604770979
0.021701778512012725
0.05585870011496771
1.013214011729131
0.05183861837262278
0.24741079401399202
1.8722391277580903
0.01416852882846548
0.5655487797965781
0.5950185650456667
0.2595365004597447
0.2032392759650389
0.5609758294716366
0.4686994437075671
0.016729302841614366
0.1960740334812024
0.4194333844528811
0.8747751382322193
0.05709089392566053
0.15812436761762902
0.05679525427334779
0.24154883372397518
0.04368970813315237
0.05718250480339667
0.15546280488561767
0.061704507277868186
0.257102256558345
0.22113374030271013
0.01659618638223631
0.18575555011439115
0.21967507372548656
0.05244074518652202
0.42790576976993283
0.2717219647703519
0.02472014806257735
0.01663276050132412
0.4706634600246169
0.022844270274323925
0.026707026004709505
0.6979685552119624
1.0777170319606162
0.13550015669583482
0.950087290444198
0.589108694597534
0.05837179162371962
0.2898066452615475
0.029899645000228764
0.002045576277679138
0.8849563389273044
0.4592938959479704
0.31892390420876326
0.31591282502886836
0.0766615426857502
0.07397937193917013
1.0835990060521208
0.3514768277317048
0.5467796979830444
0.42610205833252557
0.013108958432486998
0.09648711877026789
0.34921253268536234
0.41280352695679823
0.6681148609769947
0.6570693838488245
0.9451037051307757
0.25309672208919454
2.20200478257711
0.2533833950586178
0.038528358116105374
1.4019661885173462
1.4959162127391392
0.2842270754656652
0.7997483944995688
0.06254939799158596
0.05494712240520762
0.4595153816560535
0.2995290177266622
0.7037785410425953
0.6371447481266581
0.1443871608021634
0.2947516806216188
0.5414984379091307
0.24972456431285936
0.2430982190988121
0.09936663515221271
0.07945035870899263
0.03448466461561273
0.6381022204609695
0.07978920052567842
0.10249651394451156
0.3383621243206108
0.3644553404532623
0.3718697589548052
0.6495002989035772
0.17715697760620389
0.16451635217136637
0.7911040247640048
0.1948692982566316
0.08300099018581633
0.5726835597813661
0.5092801967125561
0.07681800718825743
0.168539124200997
0.06313373236815532
0.1897458325360536
0.09948277987209113
0.43546038143587806
0.2076368747289472
0.8019151271542472
0.025780301254344155
0.20921582679815065
0.544400897691913
0.3451073166856072
0.18628605018650654
0.6332518126066425
0.35333414112894934
0.24768907270703325
0.8262191904273649
0.3278178571830044
0.3283362329209467
0.46758539467939364
0.2108764042103811
0.0335397398725764
0.060317389043463836
0.0867351461520775
0.13738841484836778
0.587434459090036
0.12673468185852335
0.019995393747383714
0.4508991315261954
0.09258463557693371
0.37185762016594265
0.23612042487240353
0.16626442926084234
0.14717264180131712
0.30209666043272126
0.10623430353206072
0.249302835847103
0.5133576084823004
0.1997617023306347
0.31318127788696976
0.0755850379568657
0.28934564856496275
0.1949386804388851
2.9498203544811035
0.17157420746572102
0.3680448638233986
0.5448650883576266
0.3106058677736089
0.4117469961874432
0.1293713510515462
0.015612747540254823
0.02421725430564078
0.3555982942336894
0.39519295362139156
0.7496566755083267
1.2892596034533357
0.47008520261315156
0.3576977871183376
0.7704479871029245
0.019221316037417946
0.10391554666872
0.8846492342122027
0.11875546122245034
0.008020822984647933
0.0698937852378142
0.23635627732641373
0.05128929152571897
0.8255351642104719
0.13627109109173108
0.4525341843393628
2.6937985818662553
0.11540440778000276
0.36903846630683984
0.22751251745766624
0.16382472993951053
0.5705577387906741
0.3966195307798886
0.20582396103446987
0.09591790187488694
0.8697521309292044
0.35582709343061175
1.0971444977736526
0.4564703558295342
0.01566178991794257
0.3442228631510108
1.6458645367579656
0.20301496548839193
0.2674133428519968
0.32580579247085584
0.8347580213651099
0.44571872300210813
0.19973718674377863
0.32215596736930996
0.31195714752783354
0.21988318441168422
0.1486840976246624
0.2126381259968326
0.42420084029958105
0.11854943536371218
0.11343885344671681
0.72596561965655
0.7883507401926134
0.08424178696450337
2.308745228286204
0.3234899716217759
0.28035327752067757
0.34861915075124883
0.32035601047024675
0.041664560596020334
0.34121147008211167
0.13109431660819992
0.7104838179302806
0.3241257218691599
0.008664511844673834
0.6544280610507621
1.52834855339683
0.14275049452766628
0.1902826447808266
0.1987528681486758
0.13560415550887522
0.1770922142709481
0.4985240986144047
0.2889856910834928
0.49194250760830777
0.9243461682528854
0.24408692455069592
0.12210931920361945
0.26987511575606055
0.2000963708618493
0.09791514633608875
1.0407293958859065
0.45069651343651757
0.4175157264448158
0.8931673453961937
0.5626553607301074
1.1241466521219672
0.45088709141042144
0.14723414681951785
0.37874011692751236
0.7748427756290894
0.08434350728493843
0.3689259665662472
0.3504217551654855
0.5762083672703604
0.815964821468926
0.2727454534830609
0.09246800043297658
0.13015236864553262
0.2004578148565583
0.0891037783636417
0.02702645303825734
0.6100510362215771
0.26808212386560853
0.2357563865273639
0.9567778919871732
0.16491411488573296
0.4084612222438777
0.4406457713374492
0.17954577760084692
0.2804985537246403
0.049676646614847865
0.13157810604192516
0.40837115533079116
1.0416338844876847
0.17250088175748024
0.3589480076758518
0.7500047849346085
0.2967751284859111
0.0734438703898773
0.46782606415165257
0.3101176059953443
0.43766828199204477
0.3752890809575855
0.5369013285750972
0.08092281274154801
0.6234123817766848
0.035117544335057475
0.023383429879876474
1.2386880638225104
0.15663770458401574
0.09626009479881702
0.22512668467486308
0.17297668020199958
0.230542299956001
0.1536021063885982
0.10484335048557657
0.2927001187427956
0.536268968894742
0.27976966843889683
0.3271281536026837
1.1122224752959757
0.19242559078595758
0.03574282310140022
0.9821296147371857
0.4152566783107097
0.34481630425246
0.059631789339194774
0.07539744646997511
0.15764632255199484
0.35485197753564773
0.13748361837179948
0.4420709096377329
2.1521500024180846
0.4745726480784809
0.17711118254638963
1.4869182699369379
0.41118239024121594
0.38025022949701226
0.24265058228917527
0.09601871729390159
0.13873269406681932
1.937186672464241
0.7822808612799359
0.2966968911427805
0.07874856389864958
0.028228031579238484
0.03772624552651851
0.2814794650452641
0.1395121120152895
0.08299083842080772
1.8359674650217184
0.07951925937792564
0.43990195471124
0.7584261687525475
0.10158886391070458
0.0573716738434077
0.18063379208796043
0.05313883230698317
0.1497290622526067
0.2971962592503699
0.1813295171236914
0.25047716837352824
1.916553131912107
0.3414444279340945
0.1621810066969509
1.0278027451894631
0.3165844160521072
0.1910247964950156
0.30880166072309123
0.1225793015048454
0.011048224651768598
0.15925035178322802
0.6921664559678863
0.5092606079389651
1.4031972648830073
0.14670847946169158
0.08784100303979328
0.07596407661578602
0.33128764347948303
0.1444545235801928
0.7187767242848224
0.7009771735593481
0.22564968158287602
0.09731752963626374
0.07551411549204935
0.03562794393696326
0.33728141200960793
0.15245016427350594
0.13204323111885408
2.091812984900496
0.4053677554073717
0.12972658343163085
0.267974566679019
0.42679907448656035
0.27714652641029686
1.2572419755671453
0.022702873446565745
0.1418408819024148
0.21609994116487666
0.26736838371274635
0.08816008076376897
0.5177869387094578
0.23609335494101064
0.20591128966965794
1.3591688978514427
0.040183766698073
0.203256572978673
0.2839737591241938
0.10528858468137846
0.2461083310407531
0.11223239274753602
0.1404332600913998
0.08887266386962112
1.1631945167683249
0.18052784783469636
0.1162842202627626
0.2564660089216475
0.061017268630062446
0.7740266420326102
2.097422999620127
0.16750794963892815
0.5600868761458403
1.7790922978404737
0.07375834583073716
0.09631741584715851
0.3006417661753833
0.09571468931090536
0.03472076507150639
0.572084875450145
0.5867078890666366
0.16018191157723335
1.587015127770399
0.11921589693367068
0.19923187381831317
1.0097548927252515
0.48718287904031604
0.43064689232048997
2.4983577098026943
1.01325952442863
0.1679661321516486
0.36579569602354006
0.02438578724530189
0.08100103585640138
0.419065525455042
0.31392471042383135
0.061721513959602854
0.45567280003325994
0.529291921954717
0.27384178144352955
0.9335840864997854
0.14472417089893175
0.12719888897952622
0.23346625330797902
0.006018056756904199
0.04753140541219822
0.41866232054943486
0.3106793026235194
0.606072359283782
2.5615166406677745
0.12100691405268389
0.21280762497196476
0.26601222545936254
0.025788015072481078
0.056256137065690326
0.30770209588207664
0.28073212765003713
0.9946731224832418
0.12667425539838714
0.2677014947580824
0.009150856379458446
0.11475542343548437
0.9500516635052075
0.3250257566568607
0.058022406455849246
0.2277137230180165
0.4559163048782794
0.5562337362246402
0.023012220371315784
0.03177266210984701
0.13132701132735364
0.02424811980725881
0.035702055299062924
0.9300777527112687
0.20439345128382033
0.19377277253965478
0.1197676788720845
0.7620125860309298
1.7542632354372882
0.139060027937308
0.8672575131254423
0.05261183340395824
0.501806752627913
0.23927782667283023
0.5644728883544866
0.9885039654840989
0.3342148117472254
0.17840091351220266
0.38113451669504145
0.12142959835688819
0.13163358308330453
0.5444074150243158
0.023301870995829768
0.3611089035992808
0.49174172784510833
0.3432000139396483
0.359393907513649
0.12824206571913288
0.5553232598560844
0.06547881689239911
0.30966758076982176
0.2110343161013142
0.5387488788671096
0.056588762528818184
0.15374006664564235
0.056891153231811716
0.06035044651151551
0.2678262246306221
0.18526137613569008
0.10311132162042123
0.009606194587122668
0.04210900472775607
0.6090358380335197
0.28317713873792305
0.5160963986801189
0.2718324241727285
0.8615330779672679
0.08578261218955195
0.6310545800369509
0.16231870537575113
0.07413676991726788
0.49622979835181624
0.20235753867965592
0.26843337701836134
0.8134032514956455
0.4385260518792786
0.9369880262280559
0.691240396393159
0.16814486077598503
0.045561780842129584
0.7016520191495951
0.06256973687276872
0.592413024467102
0.33984140589955647
0.08325622956455243
0.13736078222414141
0.5456569934333324
0.39251533990127074
0.24041860721438119
0.18275460976221988
0.08614110588456816
0.03231947582765236
1.3007569024961485
1.3503700659208473
0.020911374104522408
0.6413899273471543
0.07393567878488776
0.0877521630715949
0.13413318991997022
0.3550586616457692
0.055566890384638835
0.9998825282911692
0.1196767519942349
0.7556280798787391
0.09699605701917356
0.15126566157375887
0.1629604740070498
0.5486156666912991
0.3902153742122266
0.3422472823111845
0.7528341129785427
0.36899330764295385
0.36487409328285936
0.3158522673109153
0.12375992522802508
0.03663131736254969
0.3552280605436303
0.41923973094362704
0.054970262754750185
0.20490396316159024
0.26851187310682595
0.6379556000618473
0.4391589690930001
0.2812187595002907
0.6056628552944718
0.5485274724274649
0.07696369456891954
0.037060572088173836
0.3086887038074921
0.693743696333415
1.1463839153303645
0.9331271604586232
0.28503913760106814
0.29953384109664144
0.33553790671610906
0.15926347593800289
0.09954463418897365
0.27336136510127745
0.19522611306634757
0.41972409908287434
0.11568951386084755
0.22517926247373118
0.61044529025651
0.7428932408877792
0.37606957198502244
0.7101333892446293
0.14696987361529049
0.04495536995029275
1.1214381773867643
0.7873306974349883
0.28667268493600023
0.09855053923242388
0.31376526848996983
0.05369122718463877
0.009278872773227146
0.547414845716427
0.06519550423565079
0.1311572180126692
0.6827221207801664
0.031081934874937576
0.22031691010830848
0.2551917293609073
0.25777589525845224
0.08172892423039818
0.01843184560241225
0.4493965181842151
0.6731798658887824
0.1665435907253425
0.4264838025810777
0.2466233129962747
0.41901662069105966
0.07201831211604459
0.19218892761698075
0.3997751675363126
0.3379454654235116
0.19794062447688526
0.28982005324221133
0.10281662731784276
0.17411731235124042
1.162909228249926
0.33025757869546285
0.727369690288937
0.8634388883137573
0.028460180670637648
0.020433757133367488
0.1336802028702066
0.3938165628545927
0.3847910151895922
0.8296775144731229
0.3580015337686243
0.09664001402750658
0.063348766621259
1.5581156236878861
1.170049228859714
0.6534340543687914
0.12396324131438805
0.24621511145832048
0.15154259318431865
0.4259019257264881
0.5291448800815763
0.6468999808271274
0.14196346581224817
0.1789279702553188
0.3137285353607379
0.08766323423225082
0.2596165875325118
1.0032886935363017
0.34288861221972167
0.29238455542023584
0.3805099822365983
0.02142045036471766
0.21006096149925158
1.4411237058374375
0.2443079820003387
0.15927976837199712
0.34074706203242444
0.23408549959095126
0.18179722995699957
0.9106402120113097
0.03664331492547642
0.29300198961685464
1.2429887783499391
0.6759375882859502
1.1223391263412417
0.15627940222931935
0.0759239891244834
0.07516685213108446
0.27248913683112
0.247903787374643
0.23576715120490285
1.2073208609601953
0.2480047020698507
0.08052266910541986
0.5344647168099179
0.16313964253104235
0.1726926565047102
0.32415838401770586
0.2762249716688515
0.19623718291389958
0.49363755885442057
0.1538348789264462
0.08200822313707794
0.4666054334463919
0.33492523018516474
0.15065931773917993
0.7350964406343647
2.448883047407312
1.098792749686894
0.173722381505053
0.06544458638407631
0.04917508382650562
0.33825301460239704
0.04077461006723636
0.1054631245744624
0.9397886609999028
1.3202118708648412
0.19262068792827283
0.6836471483518514
0.3063746530483012
0.22285493368627643
0.39406114840394013
0.5833961516795324
0.27495751393754864
0.03771291091293934
0.7798600422962579
0.41876560471649044
0.6105863384964552
0.3220899059312565
0.23220977232061624
0.42914984676992035
0.4889530461738461
0.02795478903498249
1.0539429772817075
0.3765202757941488
0.2765643241966907
0.6716858603492335
0.4741441093954805
0.06415272454904003
0.7154839119254569
0.09501532974281805
0.07091083668395304
0.757825123059299
0.23718194653815503
0.09820260836263324
0.32903901050128087
0.10962412805525726
0.08021729378610373
0.5843806581292982
0.5400460104274658
0.2482934345257617
0.18466205211962344
0.23200692148160143
0.4506123699443043
0.07740950564684125
0.09979619657032371
0.09191610765211704
0.6963296660539561
0.5145369164761164
0.19079689849833206
0.3796836182243182
0.04702411120530168
0.033426544514594925
0.14393219795744527
0.019222310287125278
0.01983027624305905
1.2607334044075267
0.5629267165259642
0.18052718107650248
0.021946167323276602
0.01084879597852856
0.0574059976733683
0.2098923615842936
0.3056663779555801
0.15532123984530383
0.35925640420822175
0.3054416604105069
0.08856940445544584
0.2292064276944839
0.2770412867976593
0.22833634466192831
0.33066547207545055
0.08688117971346358
0.0860148723116075
0.7695326576839958
0.08002337384287293
0.35521473405833764
0.07260174370191726
0.21028765891782322
0.9613340500046194
1.1971939926621227
0.0667755184440265
0.2997519673142249
0.6697155653168753
0.012278059319433968
0.09403644971219337
0.2814003838764645
0.08880655229480966
0.6022673736946286
0.14571891646630336
0.6613541400564431
0.028460993699822412
0.5535956690065493
0.2476320608262092
0.04615004678007136
1.1060592427511489
1.1512877177699787
0.34553308341153155
0.6820923435420122
0.1275531463066864
0.2955239094764115
0.3181742853052572
0.019838856211396385
0.6138459386090828
0.36707039563754396
0.13145423937962022
0.1672177961883809
0.5618776787780078
0.037898956980214914
0.15918079597355272
0.059273284166901835
0.6718443955259593
0.8035925973868175
3.5353128090021153
0.37384912426316735
0.16821449418982787
0.2987782118890738
0.019153756027821562
0.2255933980850361
0.1458767621546764
0.08966322283414024
0.13414105566614634
0.32390901560945623
0.19161172024817566
0.08943604663994029
0.6864204648989101
0.2637720807135984
0.21870195348114288
0.5577371460089244
0.23960635949665923
0.09230947205387893
0.21562345279548534
0.10735420764471339
0.01088607596607741
0.3944981465365443
0.6447712159877381
0.5488091273618868
0.5251046244996219
0.25946599166262807
0.22601970978638167
1.888495894452018
0.46632626645328557
0.2744525397384327
0.5738168906123453
0.22872358966353926
0.2018721976293534
0.2668435764530182
0.43074707647022137
0.2836703083115369
0.6028260505327887
0.0358567635192713
0.1884585796779872
0.3972773692824817
0.33474145852424286
0.05887252737482333
1.5528714052918626
0.09086737137782312
0.5750923979447561
0.7408345256530792
0.33484817750938006
0.29772598215154333
0.16729823667994326
0.27972274844474804
0.12411692648970914
0.23754862845009012
0.025630918207855426
0.09546922524565618
0.7793444485744869
0.9588382331693143
0.671962267497931
0.9192497497329494
0.14834356198258974
0.3060532901184852
0.44976325033817954
0.3687199142315233
0.06614405380001594
0.49687290584229127
0.12959340965208563
0.38680756382360376
0.6117938252445286
0.1262567751835171
0.045840818258281756
0.8020738198089257
0.3297448836849852
0.635511299047101
0.34415800417916187
0.04460067139190075
0.06531204447211923
0.4781086243811161
0.32302957036711255
0.11399128995343542
1.1884009410014684
0.2211514516928242
0.0981893014825203
0.24880100881995004
0.5242528538661695
0.6610307912364647
0.3692389539335485
0.004472961055052359
0.42798855357954524
1.2950127797935347
0.06922248994586752
0.008107208349149133
0.3947663216974023
0.07226634147439968
0.016242847409758652
0.8704379908084375
0.37419855355824594
0.23551765045014073
0.2959565149165395
0.7168034795786148
0.2670053947526293
0.4932068289154298
1.0809540731351697
0.3050789815623654
0.5576269899961528
0.17680685459570025
0.23022522189258646
0.12015378525241366
0.2815086711634843
0.4162694240328363
0.4072349013805852
0.18844096847412595
0.5551076296405926
0.1717706044857136
0.24439969534054184
0.13101299675825928
0.8821926853868153
0.08653168552021061
0.11922118973351112
0.21538310006846695
2.423029041143607
0.1763805869501092
0.8558063001839834
0.372502244746017
0.7020365459876352
0.5402751169185207
0.14356163028401908
0.07748725222285659
0.42133549239071394
0.2556256825040672
0.5443720026215306
0.16665937923288224
0.1556266733822629
0.06713665394975199
2.130151628201875
0.2926941364245809
0.06317095059481147
0.6528177266148943
0.0449116408620992
0.1357742906309069
0.11870335450658154
0.2427322069170523
0.04237012438437286
0.44131531143679315
1.842045617465231
0.2868555872164316
1.0330163099343357
0.3945540456522124
0.18750103189290376
0.9579571355900768
0.34644073757420235
0.7031499314256582
0.7424783876013965
0.12315262663440987
0.2353612711841593
0.10629732338952964
0.2553563511742133
0.34590110634575827
0.520162392109629
0.12821573442009895
0.3509541745554242
0.17286830108898604
0.2989751611173457
0.15255070333495444
1.1742295030534817
0.1948608425325437
0.5563477756989083
0.33716952373783693
0.5500728944051245
0.01103183814860908
0.4892709677340812
2.0325132146440135
0.08362839574027742
1.4398660301663766
0.07555276756935828
0.31589451576442223
0.15261934445753603
0.5912482697222646
0.028353769515326588
0.6286754884992466
0.2766367181150834
0.041517468511146835
0.428128678600121
0.657282520822513
0.34639003150601333
2.2417453880606852
0.3265489588319492
0.17854591272896578
0.8481117287637935
0.6333009627853792
1.6678977155527313
0.539167278633022
0.04939289700339364
0.044753520454419944
1.0043428544555184
0.07732516233553421
0.2685410483063369
0.0733193282387401
0.2019645053046127
0.10106006964140606
0.09154350431034138
0.34531762392102305
0.26686395379942446
0.45865881811244164
0.002460525360488322
0.1969294389407721
0.3198705797598558
1.1221356438723504
0.8883373072298971
0.6226406071754151
0.10703020926766443
0.03738174770176575
0.4776908001768963
0.06866298789231157
0.04790110601993384
1.4992572879675639
0.09924132083559704
0.026994511314464398
0.05693844878730521
0.012755131809824542
0.024420258273249746
0.3624562697454723
0.08968485223245821
0.42813610963591026
0.24714814266971644
0.19726927751696027
0.2475588028911422
0.23741318577259446
0.04602659160221859
0.009283503721017642
0.37915360269923415
0.2893035808482985
0.13259120615166956
1.1198915502740088
0.2545810821562265
0.03502844679061308
0.05777773673590481
0.5148116354617106
0.41070711074930605
0.06755244257724044
0.48810975602276035
0.12453986203175305
0.12848444094455305
0.4373239124195638
0.12086647335907214
0.3341175056431824
0.14170463807167794
0.8248338136446117
0.03618751367497863
0.13693480903302185
0.025747903877753726
0.3273531128927827
0.007564039427881535
2.022554096193641
0.2714789605343062
0.050012736281776556
0.1645715538671834
0.03696275877497835
0.27652269426331366
0.38306575475110666
0.1990703331877375
0.16739521132075694
0.225878316725717
0.7972063309000732
0.27262551296843324
0.35584478393929325
0.9101080967399952
0.25692555709364956
0.15022867397562698
1.5680029557564317
0.2877776559531378
0.24697966323549286
0.7317873796785929
0.39615225296103135
0.07247335437713563
0.18650888616383604
0.08847722814653032
0.09459550192600803
0.46000515289060995
0.04266449025033623
0.13329102779699228
0.3465678633121581
0.07019854339170292
0.1314613399841903
0.0557846495358198
0.13403454105761667
0.08696863457897819
0.9740968990630363
0.031494754544585335
0.1649573571847198
0.8708825563070651
0.07914884561848037
0.13525929730925018
0.07414528900942795
0.049971356352139784
0.017191525579731106
0.34173839213555707
0.17328632276898848
0.09060899804852013
0.22151755454823296
0.2706418240031261
0.021604841519923788
0.7804438364744847
0.045381238564743444
0.05758092569239975
0.3770016756922314
0.07890949591295267
0.06344028890415397
1.1893673231983029
0.3703965293000707
0.3534260420711142
0.41586590668194034
0.7673554268854705
0.05043477106848756
1.2540336819234452
0.07790527234725386
0.07979711443691359
0.21334103923404793
0.2819010372679287
0.4866057082103658
0.8005257788371036
1.0569263881408857
0.3004366503082057
0.3658740375044124
0.24293112458487542
0.7049674364975934
0.035678512457939564
0.006497995191046385
0.06658922748866536
0.003332655835678414
0.3410184840594138
0.3633032946141259
0.1535130826332041
0.22356342492138745
0.11529795460870318
0.8293078218281572
0.07463931078626455
0.38247839237301784
0.4980257475027709
0.010379042335197831
0.10608859521016263
0.16916517265325753
0.09134541932538826
0.2000771896840418
0.048712425427682046
0.6638388600150873
0.26891134925594523
0.5463024539556415
0.5385246500721098
0.2460443298182742
0.20917936066175227
0.5236586391888385
0.06316741877974685
0.5468518810892549
0.022575049610935108
0.08005255369750561
1.99244479649869
0.38055182695215334
0.2760297900465019
1.026719665691421
0.6683347060523541
0.24467273108123386
0.19177450964608528
0.24616900426304564
0.0933832601292163
0.5066125535643847
0.31361354491004445
0.31171700975522093
0.2632824778499331
0.06222947642578009
0.19766204970336515
1.0228311907148635
0.1782785838348224
0.1222166655381529
0.09579525402797495
0.15568536116725928
0.3206281314167858
0.06568370439150442
0.046655907563548475
0.03456086827012061
1.1990886289027889
0.3280613098576723
0.13563381076549494
0.5698079074249274
0.13159813786467459
0.135892174372189
0.26685488480062886
0.06381702212845598
0.07593750962964331
1.1213384517165137
0.6662097036148
0.027798773378985613
1.3172821284766678
0.37244336456475546
0.49256730396039744
1.5870434427050557
0.3247040233172252
0.030657716522469146
0.300100671443009
0.12192911069304987
0.0030640253996703963
0.12639855031039068
0.00626855596157356
0.1695913926172102
1.7260819603493314
0.16322477751214426
0.4742470912387101
0.8436919837451514
0.11472097014807622
0.21337351093994292
0.17846090037831347
0.3313802257069039
0.050021210621617795
1.7294745328294665
0.0376006162255546
0.06846611098065661
0.31497752324151373
0.023774929128436983
0.022543903755546744
1.0663599627419489
0.125702951670891
0.4499821201120505
0.24979102498063213
0.3595703746821776
0.341211988670465
0.9876021835580142
1.127169654536143
0.25157020098212374
0.33796891953344493
0.12634313597407182
0.10724041789039622
0.23793497302656677
0.06530978912796313
0.056042402653314546
1.1677978990315971
0.5817133493755958
0.3627856325824904
0.14140191051935427
0.7843942592573531
0.5246658086095002
0.6311723235274006
1.0607185431989645
0.40166267214344065
0.1308807122701375
0.6447251877771443
0.16881022152886677
0.3031197603101827
0.2809630111964501
0.06437251614688956
0.2061201483922029
0.1199854985391575
0.38005692837596783
0.5365111621541702
0.03690748757497684
0.32023129793466226
0.5590306128960039
0.3732812489749152
0.48744512900212167
0.6836193810713824
0.5959764156429804
0.4123991992494604
0.7330858635146194
0.1427862356434708
0.1172598999452799
1.1908111566545565
0.07641299568422424
0.016921481086274587
1.3574443419646418
0.0968764090046521
0.12468444700914334
0.32006494548712383
0.6996095405193922
0.334552863018117
0.4755630672309466
0.19722696495844907
0.40314458897312044
0.7021568208839419
0.12845500586622616
0.31246456580423615
0.22970440353585095
0.6494036359097555
1.2556804018900811
1.8013247569675817
0.8666921861122846
0.02110639385023189
0.7792189620323149
0.05917451117122405
0.5503649360518088
0.2099850883264682
0.057764248107411154
0.02163675939035729
1.1594242909695172
0.49185101473844944
0.10643794141630725
0.45508742079244685
0.40336957165848497
0.3055649834607786
0.4282017887953626
0.271475838753094
0.5689708478313733
0.13177482188814726
0.17907438805778864
0.04501807591332832
1.3819515692605777
0.18567433370493908
0.10656249841076848
0.05306322975946665
0.31608188618109506
0.062298829331472225
1.7585208533674388
0.42564488834759334
0.3658593522307095
0.2819133477127697
0.4193549442960426
0.5409596906544623
0.5342289651263883
0.16867925640233308
0.0534996786526785
0.9674632091079547
0.13763601139395035
0.025466464363284584
0.2071956940925945
0.0333834569712573
0.08131600100501751
0.9899231835129074
0.6237404521607709
0.937233656385512
0.25866148103696684
0.023571227595518187
0.016944300944105716
0.6512009121616511
0.1145025254023957
0.04829209636491798
0.3503007904330621
1.5066544385438843
0.2002596477941151
0.1749257867912144
0.35945949968835184
0.0853718544866899
0.6940222518734503
1.2080086919552593
0.2885414221736857
0.482360192941169
0.34676590389398454
0.10881966649402594
4.535498205218984
0.1779954841471885
0.9487203207988804
0.015786628120237064
0.45702148089406663
0.1801916081699017
0.8048096233158885
0.14665876515901705
0.010616896592001908
0.6533567793174668
0.3547740828655838
0.11663119281298362
0.34387882474187986
0.17375001652203526
0.19205299021078107
0.9435661072468707
0.5324879190654767
0.062436182965306015
0.1888206730969354
0.14524335321464102
0.11709487365186882
0.45180576398340067
0.198197432840777
0.28048179845853266
0.2789684304622397
0.4338160791264609
0.008007470273055525
0.26616126170793303
0.7574581742094243
0.6618990350263928
1.6297951078169535
0.07438907288377167
0.561738843398536
0.6691044773828307
0.3228821589198836
0.1672992300212515
1.8196964088281287
0.41166694939266263
0.1445782149175335
0.33021072428842196
0.20727635350071752
0.3244577197881208
0.04855764654929044
0.21190190559727756
1.0759349780852294
1.6674042658547956
0.2531402314999644
0.19521758129841188
0.8792268390428039
0.11977141440196534
0.09908756760637513
0.5010205566679947
0.06505841986481564
0.03996712735364917
1.5081261158546662
0.33796550177978363
0.051385122502094115
0.03755470197277963
0.12402705786534345
0.4681343021049308
0.07865385696447051
0.07196073387027274
0.21207930383881743
0.7647608913671448
0.31370964965976944
0.6030012830098619
0.15180962429018038
0.0099460413760051
0.02907120010108507
0.42907983949393624
0.40181693467492396
0.021235825160369065
0.5340876805053333
0.2504181829229775
0.03442022811002431
0.5009925424598406
0.5664777191551664
0.027052085821076037
0.1641458731693444
0.08020929272650273
0.20611801301177282
0.4394862554416191
0.2753821436481902
0.029453858236061874
0.5804577984009143
0.15680449761208343
0.04757008242156476
0.983330806577386
0.47611758143321625
0.361246672128586
0.36055000236676865
0.4047359923484748
0.13125869962282374
0.24205777460172434
0.23093186530247214
0.130533433953765
1.6572438887332563
0.9890307691317929
0.13963140331331841
0.5355887602062175
0.61459898087277
0.07585677374548046
0.45076210194910565
0.3503814386081174
0.21742239572427297
0.5530919821575396
0.10687589569415847
0.15398345530214358
0.20495760229441212
0.1732786299231062
0.12948197496276045
0.3738050233519633
0.30904494099106805
0.349793847719002
0.16661360072598122
0.08862019118156893
0.07279586610603633
0.2640869226116464
0.7158967565852519
0.012962048689321841
0.5456099811901426
0.17205848329548978
0.2982113348706967
0.6630189533421412
0.520998140185895
0.14804473871903256
0.9450509061947879
0.26378160583778737
0.03484560553130938
0.17125695340744956
0.2536654980441131
0.010960615138231313
0.663313071044324
0.4166918385460521
0.2499206163979835
0.1965291847541274
0.20993083864906054
0.36546467493846335
0.8031276191273713
0.29968592745314326
0.2869861091751148
0.9935027880548101
0.20956592735877833
0.16298004908298352
0.9478085341824234
0.19762517532910978
0.13027890948801282
0.19908094160656062
0.020232597184375704
0.07518149014514175
1.1392091857116884
0.1404425174926667
0.11948495832359605
0.5692801282531621
0.3504800752898754
0.7790493284463912
0.17261434415660012
0.5398094750344693
0.07985358382763526
0.536817536692798
0.3502186773403892
0.08630870054647422
0.08011327933535471
0.06928250107830357
0.030694811201342955
0.20010771310994172
0.2559700469176407
0.24892919419736345
0.08033163854003254
0.5959211735643782
0.04267366128000544
0.9677967873380978
0.28210623639865845
0.5314171888294118
1.097779988428786
0.33298959357361235
0.03498188569343739
0.8404839007113312
1.1186485313538452
0.3651829435375175
1.313062579186715
0.10977516122909833
0.0714203442536305
0.09258281054178814
0.15055900898176042
0.17996442837736742
0.5955367140944892
0.18882636423735483
0.12389863942318317
1.0190331692772672
0.36870321057706773
0.157993264406349
0.05745089212706075
0.06268603340697396
0.07748763699678618
0.5981760960865905
0.058871017967560064
0.15400430169902596
0.6583600418278515
0.10830871440772884
0.20795145213537952
0.8830329528638796
0.015103718571093352
0.5227567544437256
0.16353723237820428
0.0508055859505201
0.11519515990840622
0.3039072602117447
0.19821643085809368
0.115066826523732
0.5136188808898002
0.07813156268594033
0.21342379579583254
0.1607084905419182
0.6782759145062826
0.7453961369670938
1.1493686525148405
0.08970993527833278
0.08854726099833568
1.4576748575665286
0.3260662500593043
0.08417628011364969
0.30390211845306275
0.12425038673283524
0.1364694282114694
0.4815115753332178
0.0934799082673091
0.031611241232325386
1.230327526205676
0.18512934575923348
0.45204759157257596
0.5371620885783378
0.05965662374618717
0.5148527298640521
2.7527760044703062
0.1083669361012324
0.08404378926610875
0.41904919075499386
0.11585220877859169
0.07201979058021886
1.2086656745135642
0.09033686279598514
0.07064011728893019
0.18075736768943096
0.14265734617490075
0.1765219625447626
0.31699635859903386
0.8578052367710083
0.19586018830477325
0.45671296992722876
0.08402741650117745
0.3637870041346672
0.6397159113441432
0.25999898871963445
0.23824990297336232
1.1807873139417333
0.7123155762453754
0.15633388200556364
0.6078689695739257
1.5923396126351057
0.2531743302440567
0.03331945515618579
0.07698695288547885
0.39546480494039704
0.3448189937941531
0.005354824744250071
0.06743752502395625
1.1650283701250108
0.2581629960591442
0.46465486175547155
0.8771451785790797
0.02324032429688515
0.18341511594414323
0.3092177222334686
0.15796904756884048
0.3897962369668826
0.3769859973887485
0.1550457231135679
0.5708320743123739
0.8974157143476281
0.4635610508528031
0.2611689086123696
0.17890108210991093
0.02835502935330238
0.17456851416771538
2.4221766951230395
0.17695771042615746
0.12431837953646209
1.4063203567628217
0.3899369487346118
0.2849024392230461
1.5855374469389036
0.25791005489914
0.30900458009294346
0.264000218547346
0.0921230618967088
0.13102733932756258
1.9374873225159124
0.3058421916267667
0.46861897221709214
0.384625510986826
0.22774099018526509
0.07724032528581229
0.5472295768094885
0.21466207565527856
0.021270140837471575
0.4858886427321336
0.1365827142761668
0.029211422716650427
0.9426625553640434
1.3529728121871039
1.093229519439067
0.8066083381770917
0.16039554186188976
0.4473988271964216
0.525434253066377
0.28278289579877114
0.030514057543100454
0.561761827311097
0.1282053080063837
0.48613753248384056
0.16313703806341392
0.6978499745004273
0.020948647454635143
0.1817432783503273
0.33514772308881385
0.5031537839801398
0.1381405613403442
0.07280156169676445
0.030934854116334908
1.1859324527417316
0.6065662028376815
0.17198229888210745
0.6048337215397476
0.03742382789615445
0.07212919353330866
0.08291683023713466
0.06726001664668575
0.09932896711844993
0.4440787390132288
0.024896177782044625
0.10054559812322904
0.977969968725589
0.9191167395125832
0.7948399395159852
0.1879894693412009
0.04886210340723953
0.08005283937937087
1.065603935402055
0.19589152820062947
0.7568215767209163
0.19044909071587
0.494661563899139
0.06757232751888789
0.44187293326013866
0.1790791823946969
0.3779200680309775
1.201128387627149
0.21190536087864098
0.047044686104027816
1.3108292462347189
0.23989341596554467
0.17112365861629855
0.2690623636356162
0.15186317498814783
0.39897803598022025
0.5706670650764445
0.6837088483649513
0.113928144464261
0.6650548768856287
0.1479978630104622
0.435429452495482
0.6932661067280839
0.05607855434870374
0.789604422745535
0.11744445745303908
0.7258168227477513
0.6084829124652507
0.31195446392005083
0.48112747786884125
0.018776136875995966
0.08663884995351855
0.06443521528758256
0.05942852423927823
0.321487431652029
0.07712946513619665
0.8083501573848256
0.3341989684977682
0.13983812824134126
0.09952225640663212
0.6373593768605815
0.01617449158169723
0.007949666596272137
0.7153917106105548
0.1198799953229147
0.037721115953814936
0.7269103971874133
0.5540258013684818
0.24029462449248554
0.44501860970598417
0.19664853304191524
0.1950820548444236
0.5211210001966443
0.08454184139280299
0.024140397943122414
1.2558036018939758
0.2714090767243213
0.22435694903246875
1.0900105811093508
0.5619166864493166
0.5472220112012822
0.9950616070959174
0.11749549523066721
0.04675671811179914
1.3567623812497187
0.08527456500651596
0.43479851691350485
1.4233313268660719
1.0456499329581523
0.8284622526196113
0.25177251757800606
0.04388622867187688
0.3619069818715899
0.9175942147509981
0.0594909520875353
1.3321259244796368
0.5151606023000243
0.1320887239052241
0.024157184235395215
0.119379332297472
0.13032380688630593
0.07884517741575785
0.8391310004249769
0.29115122016330336
0.062049613745803193
0.4481066365564553
0.2890697569955764
0.04631441274959493
1.2978988108635474
0.9959199298150454
0.3145435702469881
0.438082214231272
0.015207325082371255
0.10977178691121021
1.4578770893536506
0.2162371485268506
0.3855350623571326
0.3313190818145016
0.2059081242149022
0.16367764344617544
0.2668625903554853
0.07051009357485417
0.29640421895840846
1.1376997015600587
0.13591837463275158
0.025610860224622008
0.1349372154786032
0.6359588636298431
0.2355082474466532
0.8008917697630638
0.1258299859471657
0.006861365685541288
0.19362435888229917
0.02179994158834788
0.022510614821310747
0.7227756331953118
0.15194372467733192
0.4656122772033705
1.4229178504743982
0.29339814080952015
1.199962729617964
2.1388655680668713
0.4557026657688982
0.08123276394116784
0.14222720859992669
0.8429559328084385
0.6264849886021728
1.5454861675490545
0.09349903383893322
0.4215674373969084
1.2105642942477497
0.34293492312560026
0.33712769797437464
0.369155079008733
0.3303824848350224
0.19621842933819333
1.6984638402144348
0.14999264062971318
0.5358477591205173
0.4675692598652434
0.04891282509944083
0.08605672181315228
0.23254799449861674
0.5004494851274209
0.4232048045561412
0.8310667348347475
0.571357507521784
0.13911484760148743
0.18815082231145494
0.9110047490109688
0.6844187310427389
0.06616519750140352
0.3183879875838966
0.11101991526432674
0.3234631976872949
0.6038512894483875
0.0916727479864618
0.028266040112594613
1.796284639091001
0.28826228166189743
1.036391985392022
0.14651895434986223
0.2724126275496793
1.8643023672605703
0.03851404112657277
0.13676891929720358
0.2876476692264314
0.3545546855412487
0.3786025329938351
0.5283990421664595
0.027558469249179197
0.6776578953248387
2.967668155207786
0.15862488484525092
0.262453189611087
0.2260876670205572
0.6355393328414447
0.27025105196171184
0.15433813309210606
0.10325446170083727
0.09697408015348115
0.5880033647399694
0.06673683675875877
0.1143789944196845
0.18428835424469125
0.22849387670051433
0.2650185247868527
0.35877501382226373
0.3292449486311414
0.22536336200990925
1.0467487040238308
0.08366086433128961
0.1903269406169091
0.3689715304494162
0.005491069152369359
0.2656745979279754
0.4050349327395294
0.23580069763916417
0.026535661902213997
0.38585964429024977
0.12230133810611805
0.3686260533339907
0.0566118063494534
0.35676814598341217
0.3189296336016814
2.818296676020632
0.10953285472656918
0.3363603064859831
3.0406739239284546
0.05179849637450569
0.22988194453800273
0.5788788834686127
0.14715839213710388
0.08453179229724658
0.4990179677992271
0.2847723099939199
0.9088876122864722
1.129714126712349
0.45567981820713244
0.31827211101878694
1.1786308692025778
0.10441353903649674
0.21517980411217735
0.17240769761942826
0.026758736489944597
0.05403875540914861
0.042528398946149314
0.3732416050323111
0.69980014191556
2.1247954995166545
0.09374911484827989
0.041246588294307905
3.1846489227721753
0.20299266306107497
0.36299222462925185
0.09287042027055163
0.6092766609273467
0.6469191837551628
0.5851650789253918
0.03960272382477003
0.2776528066106726
0.394122773929748
0.05487853908390375
0.147342802413814
0.7528109245206531
0.3426872126440896
0.5638773886419894
0.05350072158345657
0.09130347746114541
0.017871276639796634
1.1517831317429874
0.13754628849182088
0.13822859524900785
0.9464547663945762
0.2109124805575509
0.4487740912675212
0.13790885558473617
1.3828687540730913
0.04595760736811898
0.5057834092512186
0.34484348291364925
0.14421748271138632
0.22390836145158186
0.06154505353729911
0.04810124362027179
0.7620996791865233
0.3738545682155214
0.490705852520559
0.15859602102658504
0.3131778829721424
0.5292118515036262
0.9287922143709667
0.9043485835701575
0.044909336512145716
1.354133077563333
0.21847798460513615
0.12677681843742766
0.10471016552306472
0.015305502767649696
0.024917443573886706
1.2966462298997912
0.19599408135864327
0.1557991522487946
0.3992751893876808
0.4572401477999532
1.0887834912945105
0.30520586775945335
0.1535126049119904
0.04856494015646305
0.017178627105909953
0.17622291490178688
0.1393363851603148
0.5993797424860788
0.06915442174668382
0.15689264111946757
0.31726699764454147
0.13638408522886303
0.048477967431528005
1.3298817916561385
0.16380401564582603
0.24883819015877504
0.2593793873308773
0.2595207423919087
0.5632408122137023
0.2948712865850834
0.2518453490016486
0.10308062623237148
0.1203048434351428
0.4842064532471324
0.0591080433640734
0.14404264836822525
0.08109650754070305
0.24894884440340473
0.3915509256816951
0.12633273478716173
0.0428672700371162
0.3462656458546964
0.6343340336877356
0.12939977116632867
0.1846292574628327
0.23492195848845693
0.2775276481436266
0.5239009771888862
1.1411714733694336
0.46690488421718274
1.3014675803857336
0.19876249068069576
0.06631409028261624
0.6248218185220638
0.09480215578366277
0.049289578077393176
1.8999771617695866
0.2401041357861048
0.11749044680087065
0.21192998681779196
0.07528236425385082
0.059751112003569015
0.3937929336245662
0.28263602311054437
0.07896394810930504
0.6392209803975595
0.13321347924945937
0.11258321911508302
1.0486925005525685
0.9318663812025161
0.3455867289032362
0.08244129209412532
0.2394680432420514
0.12978020071919139
0.4683801559370616
0.05788445924318941
0.15323579057908995
0.07616673152616338
0.21856376578944844
0.030866482149375218
0.12462635632180655
0.5241517587310461
0.4423006516867231
0.4508565786156777
0.21420879147981942
0.1651732355981782
0.17656429803308482
0.07874333735775474
0.4009793106803979
0.5664343931596711
0.2706015324634219
0.07401689610856256
0.3492277409986521
0.2316105405640678
0.08752561196191373
0.1960788479924092
0.5848520028632747
0.6444708726346468
0.27456095682971626
0.23194013511931355
0.05506126966310261
0.2960049363848546
0.5241941284713975
0.35290188425539554
1.0378065727548942
0.14343915069748897
0.1234297132309222
0.6894624400793957
0.0844509372746932
0.45345002814446106
0.3607264036619018
0.2615757711617124
1.6362329574110268
0.07369065266131163
0.516931122142382
0.14644976057392717
0.033838660115053196
0.24795084653201582
0.05730631796638878
0.6673881284640688
0.10047379629571854
0.2043646680012073
0.1978920429404511
0.201144440895302
0.007762577030895328
1.1479712090009793
0.3166636876774571
0.06784488022877827
1.8836569736487985
0.20170628224614906
0.2480588460882495
0.6939941157162266
0.23485459702516281
0.02108548476366094
1.079582652602977
0.21592115587138896
0.7566882602187279
0.14819801187117582
0.29173392869798587
0.008810672544756242
0.5387448394420633
0.6965176398516169
0.40362354731822625
0.4764672354890953
0.2466899784486938
0.0006866702582260595
0.6975126444467138
0.14064487631177583
0.30214633873603575
0.9216506797967899
0.10605785550480626
0.2605558316071246
0.6278728993159766
0.09063761238968325
0.340412715719471
1.1902769194707763
0.17250911165386973
0.08912026473087573
1.4553854312881103
0.4072886112513438
0.356367988278506
0.4063779769120108
0.5850067727122626
0.6327063539300721
0.24160079588361635
0.11364479140003084
0.18081752409456578
0.43071011255246455
0.124042546713377
0.04703346341546371
0.20743559732072445
0.06721918400120959
0.1602210404988697
0.6042291187615008
0.168120264826707
0.16421607148683678
0.9537386927643933
0.6321495538882123
0.31234691010174365
0.243618576265137
0.035881430861096554
0.03759842802648144
1.2180569877414809
0.2293091902354364
0.13700733223335193
0.1492616568080492
0.27901712752690544
0.12878690478730057
0.04317136492531314
0.33121388528432444
0.11434023537200419
0.5800346450251048
0.07035145562013527
0.11166567342985652
1.0582293422098097
0.47612115124560234
0.0672213592560318
0.7633273667421988
0.09572097769783172
0.07401710792709008
1.6579949626894155
0.18507124972953418
0.5073467927704466
0.7515570874430589
0.13156895533899193
0.10455338484788262
0.2440587590363991
0.1383168520360394
0.17663392580902243
0.9509115898753218
0.2564018474892278
0.19986276810140827
0.6056869469188565
0.013976752296462674
0.0855784025803748
0.5412390131320555
0.3553747346121249
0.10176640406791701
0.08168926665572258
0.1050513158874413
0.3523045860798221
0.24670668663987247
0.12543814583270652
0.11417944052574074
0.37718899623596197
