0.05973551385551075
0.1900093095659342
0.20528918890902464
0.9180284903709617
0.29303234251466975
1.2872442809022462
0.4440259989655177
0.1645103155553208
0.020498426999827
0.6441277567827551
0.8576090162220622
0.6082398014336268
0.02727742239372277
0.27833667781617133
0.5956731392726823
1.4840765555640754
0.6042493893472443
1.9848846823412296
0.5404625253388856
0.17325986367709142
0.08704467378664933
0.7861538462836631
0.2478862713992128
0.7283945732239276
1.8651050205257875
0.7691993533417136
1.283705431176824
0.6133037111520577
0.13781243919407776
0.07947898136727989
1.305421770193253
0.15471409626992205
0.08087736412441773
0.5886436148503804
1.308055030091937
0.7068411301377865
0.9463215344222979
0.03376149592028232
0.008757427424452523
0.6250582415580194
0.1750078911595546
0.0462710240094492
0.11427514960377028
0.27574097588878443
0.2116601319651945
0.5411152432891003
0.014483632252933974
0.3832330217066097
0.42325149362699166
0.24981584610905833
0.9106525544440526
0.26197019200672444
0.5464759070433114
1.537778908605779
0.840450001277887
0.3749583074729481
0.8586164824031766
0.6177811278791165
0.30804335757129386
0.11460956635100326
0.9912308969850581
0.9000554987766037
2.31134938693115
0.2650432270500539
0.10857582935982546
0.18523798686451917
0.14918946685850026
2.177962622522659
0.496236440549933
0.6435264346299986
0.2818687015560814
0.23766117602005202
0.35234276799790243
0.3619730304307893
0.076244083618027
2.7505218643602016
1.0871957094114009
0.013816616820946908
0.5563414939826121
0.6662508507657747
0.0035867852240544663
1.014602377523046
0.0912225841440423
0.19026377478817402
1.3955340285413824
1.3754063772616199
0.28493288044563986
0.5914025881786453
0.5742490886661603
0.8744371925601085
0.5922373933628607
0.9775751826961908
0.136066858162896
0.6585183074033653
0.5829207032118906
0.45895511217511586
0.400791040142554
0.13845207361410958
0.030783794194617863
0.7025375477158401
0.7367980638627787
0.342633269406862
0.43085476384801064
0.08921585455716173
1.048387101756963
1.6479616619771265
0.563613632170431
0.1895060693831686
0.10781801814754882
0.21178203504765206
0.12333074095681873
0.29808192221376056
0.008998752146105321
0.9697359935353035
0.03155826422098401
0.352898680939691
0.14156893695135184
0.3372957271417836
0.36891550481270124
0.20866066347454218
0.6154265879288665
0.22880732516242866
0.3827938127824417
1.1266358797720648
0.0808877164153544
0.11088431500930673
0.6196211770967057
0.13109319929643473
0.13473990357907575
1.585223777305824
0.16600484817817973
0.1250733694068566
1.5245113641873802
0.2947354298024164
1.343590859244208
0.5426433041818111
0.2775237661782556
0.3662292016155681
0.23765476251327805
0.8829830824750243
0.12858726961961592
1.0007250588268028
1.1974923768455517
0.03906192310481468
0.63055168489383
0.2742939869480387
0.24883996271822928
0.05947446534926735
0.12091766479764854
0.03624779934910991
0.5164655672230554
0.15589894728786105
1.0220239419823645
0.04524392494172231
0.23936700599864644
0.3964463859859478
0.39428884829659844
0.2083670095227401
0.18294203709660528
0.7252301910690764
0.288548505866123
0.6161645407851454
0.12663282551865476
0.16402137967722713
0.07285865983368396
1.3336045114319721
0.2883920243341264
0.3222961100892007
0.3482785375470079
0.619275706367446
0.8070584378603669
1.8606995233998451
0.4426428072918202
0.5067212128970108
0.5831011831946694
0.16943590650355253
0.29761157869349536
0.4724338390845558
1.247817451481154
0.10834762772994751
0.8141895835311459
0.5735453433865983
0.24532080819919946
0.4612721414430725
0.13125006091079433
0.035352663465310574
0.6028959344486359
2.3481668978067525
0.3652339050449165
0.2622276983343478
0.23906086976747057
0.18619438079264605
1.333592834920336
0.16036479862262398
0.06306901770207511
2.591113046826357
0.17497032149783473
0.902729314805045
1.4633047299916404
0.2734177078286804
0.22678464451403035
1.5498340718831385
0.5805147237353612
1.5078430781689485
2.5225941626622292
0.040700457950027635
0.2891397985633333
0.4728730030925486
0.16026306565686946
0.9893518486956179
0.032089742437360895
0.4796300332665461
0.755334379581689
0.4395277347834821
0.2970372051632847
0.40700196212556455
0.20673720141013405
0.27373535374746616
0.504588480188016
1.440571371096667
0.11732384854931219
0.3459925437209487
0.8979175833878489
0.17679302028362268
0.37246660448208974
0.2794213745214706
0.19270129709092762
0.8367570381222216
0.17093128280204084
0.0075850302742523955
0.2119448047175138
0.2846454783753915
0.17753926214550755
1.2934908793999156
0.45245857796888495
0.44851496211113745
0.3106004157617059
0.6974697174929759
0.07147848515335167
0.29204221061653735
0.7023759854301375
0.04814622778148146
0.20306770450770764
0.6038459802976812
0.0706444998661136
0.48776452617833344
0.31568652357663207
0.3398230310885202
0.46640123301984404
1.2736753583256444
0.22360173946563924
0.519797189842193
0.25135904935058573
0.9286820088772012
0.06857828268990708
1.5466301895352665
0.1101385197134456
0.1901502258130165
0.8196662004140964
0.850054460038833
0.44286611683335186
0.6905369368692365
0.4898305365061747
0.3748142789754609
1.0845844925011399
0.2918187373107141
0.2754121738751619
0.46608106409892924
0.04395890742061877
0.011072166585974713
0.36811485153744467
0.029473229595145412
1.6807746162753678
1.313073495903594
0.02454627138889713
0.22262920732446076
0.28606761334083913
0.10378782786315509
3.868481385771839
0.625380564670145
0.23665503475359445
1.0266012962319615
0.19846212750517217
0.5142260100037147
0.030469458761602654
0.4926729272399934
0.10933620657941256
0.3871422695082531
0.11433871656089423
0.37851076642617687
1.055133394261159
1.9775557995047257
0.9822308847932624
0.8260636353873894
0.06694609122282252
0.7176996222480546
0.13430932409404303
1.7823306242803774
1.5414157282027208
0.3032705439270668
0.3400148319402445
0.36318959376843396
0.20509749975342384
0.4091328111582397
0.7230478651956916
0.9684125254674131
0.42289306516471914
0.10790972638468632
0.17785814832284802
0.54448993094142
0.020051850283149666
0.23627070495019037
0.5786842818605769
0.3654717167846767
0.024761748942838595
0.054950134659266
0.18649170693915607
0.8072698921608258
0.7346295762648416
0.34799604955409436
0.10524269563536182
1.4252570498555746
0.07652292151996655
0.1400218632248103
0.2816226738921285
0.04539569486352242
0.8422068188634725
0.38797706266895493
0.015223694077572788
0.042911217670290686
0.7369951342916653
0.030394172053536738
0.14143023215114334
0.6522722909403362
0.16264280943971526
0.33708038260035844
0.6671429858442822
0.11650356028222683
0.8407824454135592
0.53433854584949
0.0671293091731059
0.09910758001480477
1.8685710823640282
0.48008169057955424
0.1664993963274433
0.18845222928498517
0.09875722372098186
1.5379202357736474
1.4961173896388782
0.3688715770368826
0.7382543796034734
0.7400526198338906
1.0748162952249323
0.29278866668989734
1.0036526271866495
0.06979321808710509
0.13627889776130034
0.7059161602455962
0.6661933180283021
0.06062838091021114
1.2933947893426123
0.06057472956231862
0.2306499620781532
0.1137947670876616
0.2307830157408537
0.16547545916261203
0.3978736451421845
1.180399682916109
0.632555985891779
1.125787478565144
0.4387697404232239
0.44585968596839815
0.12481630336125624
0.8930745309188848
1.079147011344675
0.55195602334466
0.01824697634438756
0.047456976673883045
0.6389480300779403
0.12165076519653134
0.07024899970282196
0.6360464277031656
0.09104764357183892
0.04920280505315268
0.7115949723302202
0.5719499921460109
0.16064885302218151
1.8034230070537818
1.0062418610365165
2.1190957191459203
0.894997008001788
0.907646413772638
0.22253341331211776
0.257369085345555
0.6800178413395916
0.3653801961276578
0.4950654179948729
0.18338873496854796
0.23155161702148908
0.5322247451803047
0.05400375757870429
0.6754473832125678
0.675405496805981
0.2000562738563215
0.865208267527644
0.1399875176305891
0.24853033455304607
1.0705505456890239
0.7897484307059802
0.12537302698326017
0.3171385686096818
0.22533318234365987
0.42432057383081917
0.967029580011347
0.32005653414167845
1.592513512733338
0.8217119085284392
2.3153690741728896
0.5445645647531234
0.5190654498759607
0.6392751936199987
0.26861943575814273
0.567183928298377
0.556777877644844
0.3976836768989034
0.06989204705035731
0.7438133761328977
0.3567138146417749
0.27691751745302146
0.4957708219543194
0.053805598023266205
0.2816781451813164
0.8094278162764494
1.387988836792804
0.5115607950557555
0.8948037482514941
0.2444168635472128
0.28300823775868794
0.8265706169866474
0.1897868686989139
0.09148109736688861
0.9951107590909692
1.9461293753287772
0.23114989783843481
2.2555271757126416
0.6441395064720156
0.19467873441924125
0.22397615636966364
0.005187844651174042
0.016971554926567402
0.6272057461915804
1.0037793199852902
0.39574894537673533
0.7140854806833813
0.09676880803517737
0.16408458335404968
0.4730205606909202
0.7682013399809497
0.2557776570577629
0.12010369015189933
0.16167688772302913
0.21789510406637785
0.13687160279490546
0.14071076426583032
0.1822773181145148
0.8204435165380061
0.15754333711055382
0.825412150053266
0.6153162932997975
0.4637354261382669
0.5461688525730565
0.98541588576194
0.022179361839634808
0.032741099384634216
1.0636179291470238
0.0800045713321545
0.3350774443655511
0.5088501092114496
0.030332484236774142
0.10500087491512101
1.3078453170099886
0.12017483112256495
0.06296193270793425
1.099377502599446
0.4620085057714419
0.5820790331831514
2.724740068377328
0.8001952089302208
0.22291538301099542
0.7151689837866145
0.24920239177928857
0.17028973017643975
0.8824133425807049
0.00723651902855036
0.3164429479895486
1.6382053376820762
0.14304504736719648
0.4711535658841276
0.3868262016490818
0.5077590486601092
0.4325389025747282
1.5345357332548872
0.30303851179303504
0.8320528379152706
0.19875167671839972
0.48188176431997265
2.4506837864261044
0.34914732323899456
0.20712442452045518
0.15940870349768446
0.2618617313293977
0.7566723107768913
3.5316556577090417
0.7198993584624565
0.34413817774528216
0.23317027605820503
0.30269035894541424
0.31273133973915296
0.3908747739364716
0.056296801720359814
0.8012230448214628
0.8325034107554807
0.2084989484535023
0.0020116753824022757
0.23549924296741412
0.22274972756231975
0.0437648640835455
0.02153420424033614
1.6636247001597995
0.29561093592273163
0.13732866094053478
0.5144811684280837
0.5148217898538365
1.271067830209187
1.2075731372399054
0.5245740962504717
0.6626465812346205
0.7001545359608334
0.1925667757067988
0.0212524111538509
0.3536962991432219
0.7060489239411203
1.812556681057239
0.2928674199316065
0.6263567047206382
0.07000970824547437
0.9197633965561297
0.8373605967784815
0.6042485243005361
0.5053137754948084
0.19573553132677587
0.32232056235461193
0.047544797166549545
0.2767146055339447
1.5656616155876286
1.1103354371458158
0.12685341150272758
0.2647060742092401
0.3413125682150574
0.2432491889218007
0.210284788698397
0.6115025806887397
0.4634479247902864
0.10002463215064533
0.13158507170501177
0.654832724949469
0.38591087217524006
1.9741942680130369
0.0573656537414844
0.48719766870203696
1.2846401218199337
0.6690499881315163
0.3765445524584967
2.077397550806302
0.24090027959351543
0.07093533142667818
0.6666368569492891
0.41247339172596387
0.5239194765092291
0.2686871630707196
0.21744312637944477
0.30201858078543065
0.09892885697789859
0.4781963421543255
0.07592445128050188
2.1096890392416805
0.7931294051196844
0.8164072356830286
0.7298807716843821
0.01470458770160918
0.3411420526647943
0.018381693237033744
0.33581858817505117
0.7397655155794635
0.23055385825072697
0.2989771539303159
0.00912533066454519
1.5929444765722558
0.44279193637702396
0.1335371921144809
0.9048643667861346
0.08776689167968461
0.03864200043109915
0.8278541147501927
1.242796090323542
0.214625980084395
0.8554328782472603
0.07101232860677212
0.06343464800676123
0.46946633063639676
0.3247421976110414
0.8281684213361205
0.30504481623037644
0.1534913546347569
1.1331047122811937
0.4594966341011623
0.639671627859996
0.7857618791760635
0.9841455729723411
0.07086432302430593
0.04438550864607938
0.2711967122205686
0.4925056886972626
0.07984861645540689
1.0986100077071779
0.44450164117299845
0.16774126413198906
2.216392804054888
0.9858776548571747
1.1706853825760275
0.6113714194248814
0.9231301876309462
1.4771072475363687
0.8159234095107113
0.1375077897383742
0.019949360607049927
1.9674215388327354
0.34368615931756075
0.12894565182674414
0.07128685726922075
1.0286003175340945
0.44968203836435977
0.9899737416978016
0.02925252161223219
0.08071652105881352
1.0100127871330256
0.14474419691354024
0.13890391936825638
0.7123509689188056
0.30253806752223167
0.19643432764448154
0.9846741503374054
0.2451632971922187
0.13453993530791766
0.5169643117592154
0.07772611347247008
0.10755804328039947
0.8468181069627676
0.6766511200231325
0.8817708857835407
0.6466443872177872
0.054931926846437155
0.5369112716374879
0.745624355904272
0.07089471266499342
0.3293996827334631
0.09858458811628801
0.27444579639250866
0.39817775939232497
2.5021619565547333
0.024110674370414222
1.1003778493129353
0.6459090885099006
1.6940922675914478
0.1803553168379107
1.1908192939303122
0.14857673416586206
1.4269453635519371
1.836161290324846
0.16649916007040774
0.3043810385189309
1.435904101679705
0.2734754654082762
0.2535194710680765
0.25972107324152677
0.3355725273215537
0.17670281483671244
0.7938224295672445
0.06703508750498591
0.1304218414826319
1.1244828377775422
0.1563730778694063
0.03422107959708754
0.4450816914301987
0.05215335926745206
0.08332497705388683
0.5291419143092173
1.0837519333342363
0.1357866915825968
0.10090394856456339
0.1272347336856244
0.1301558371152653
0.6098653333942988
0.3565403766085156
0.10570734699484045
1.2140763927061848
0.1886735647927276
0.34902948748208135
0.26965384587765007
0.048185856818532644
0.06087646663178426
0.8536571050903343
0.05873505676515721
0.279452102141966
2.2342968087503627
1.2502455040917941
0.4234821402982679
2.5873096847894166
0.6691857104290385
0.015169972273269883
0.09792173098822894
0.2843915343787303
0.10455077883992764
0.18629247206413635
0.3091823355990877
0.33961742050370985
1.1753317902885634
0.27458423270019966
0.6858667728008363
0.1398852554107984
0.6837314791954987
1.2586866374381789
0.4870304142079256
0.7498916029378766
0.09701047207088123
0.3858516285868285
0.22879297722042896
1.4028277732924739
0.5562976746434257
0.20454678703438656
0.10792898095612462
0.3334014116150954
0.6455120203261765
0.567323731615963
0.17460770317052218
0.22135156716252694
0.10367206111237082
1.3980288519242035
0.19276588520603138
0.300357021487734
0.4560199074934329
0.8249038494055321
0.5346569741533516
1.4150588260761812
0.9687548471847005
0.24606281007117556
0.21792275936257985
0.09797774698153905
0.17028047587996914
2.2530719055348922
0.6138809504915649
0.08886766389853121
3.2107733169162525
0.3292774714778121
0.3739027886441169
0.2908011268733499
0.01527953332725972
0.9216337817500326
0.45865537742269374
0.47566780242260226
0.1264279803303906
0.5594093588975331
0.17500478366904165
0.039767958386617626
0.1265081596555397
0.4998179317643045
0.3903745266101511
0.7883666401778759
0.07646572552781902
0.11040695328737397
0.13448565971762394
0.09200132267313578
0.00927282906445534
0.4099099973970151
0.4404506778681694
0.14447097661671962
0.2270488481246849
0.32713876215596954
0.2797364075860389
0.09289186764401432
0.12980310270245699
0.06476420113540846
0.2693000389308765
0.371097366268127
0.3983159908406664
0.6901200872684882
0.5397073649101212
0.20554925951568997
1.6421026547173974
0.9859684230834113
0.20992417454687828
0.7596403846636768
0.0174466896273251
1.233377533724928
0.24505906270339325
0.391913787151806
0.14399661768415645
0.1760212202723532
0.1736917919164668
0.1848351702538372
0.1949340917137173
0.20450236278341616
0.7566073429947943
0.39914169785674947
0.031139333423665646
0.47354651607468573
1.4317470821306588
0.5019899812559121
0.26783618827392985
0.4592388158016394
0.12794192532409052
0.1747479956717701
0.269890224856483
0.493645803041975
0.394881895818555
1.8801346161312142
0.45312525622866623
0.13055458085469615
0.814473082203619
0.1863703704058825
0.23474352401163195
2.676929957189667
0.07901409728716502
0.2095077121131108
1.179525737660929
0.08886629106980817
0.24101875606972986
1.162586258518199
0.6618118827923409
0.7580248151142264
0.6383007604869256
0.25624692618853195
0.05719419274112898
0.08528893469595714
0.15892069779252782
0.16317876605051304
0.3259763626116398
0.1597030163887694
0.26034571614048124
0.21043356800653407
0.19687145091237962
0.4733097126329777
0.7146871993566193
0.7226688926126927
0.3214027913161037
0.604457884294534
0.38041010063575986
0.33825174808451625
0.5649975729453061
0.018881641028469568
0.035344043398633736
0.21401970604504048
0.6176280735400967
0.5768774357387998
1.3922307408985657
0.07327855913375708
0.11980519660951616
0.15215854651400496
0.8974964666488782
0.18192392312571265
0.17417511981044595
0.18208816474085826
0.09034864820400447
0.3512627259446123
0.21149054523894492
0.39517254278772923
1.3651224553158972
0.659622231863903
0.18487712515905683
0.20184013406759405
0.8260829804142201
0.40981646905871466
1.3722347170978366
0.2590619023620249
0.9020908537392638
0.05423993761686291
1.0378612709456176
0.6194331058560617
0.20713185256076852
0.33273668223565767
0.5849958803501646
0.5421584559815531
0.5949777360898146
0.14597902528363846
0.11861485288277346
0.7780333880438107
0.34454760096000075
0.715436320800704
0.9123146095003991
0.2148132955031751
0.023716642453862673
0.16837654374458283
1.5163265380799058
1.0308476840305207
1.1294033870554925
0.4408485811835459
0.128999820364331
0.7569037954972465
0.27360409747794256
1.206530179393339
0.11067814279489202
0.22186585467983777
0.8171128451321722
2.326944013712025
0.2749703371576131
0.3804322029210271
0.2695277204502777
1.9462412914937657
0.3405982450426949
0.8646803410746128
1.62666536460993
1.4429144207244406
0.4319692795386149
0.053793366252099246
0.36067786563225235
0.1099845673473155
0.05063675752158432
0.5579082642746742
0.37424315644257555
0.6755094414756003
1.390978201539727
0.291538987794024
0.12117150016014039
0.7435223253662536
0.7856297885808373
0.5510813809938371
0.7829901257618396
0.29700371293237315
0.20344022625004865
0.13463588871096113
0.11870970030063331
0.0313515583880793
0.11451461893586268
0.788371024027796
1.6726039819178318
1.9961976427409398
0.6868541816265736
0.06170033576909859
0.9246067855200575
0.08724485827198836
0.2629307700663617
0.4420296724516849
0.1503481458037764
0.14338650221148955
0.3755764122997519
0.09843966246486534
0.1774027664587423
1.731216635511781
0.0624003490666355
0.8788951954599785
1.013333196366939
0.11982076521904551
0.020029835903853672
1.0477307891846246
1.0743837720063159
0.20082325987204327
0.8489025114648058
0.22347186349700274
0.8932131064927503
0.5840549153676543
1.5748149758904655
0.12045210260795551
0.04648211598021277
1.6279591981055057
0.34092016041209994
0.9035706633375364
0.9747864108840361
0.8258017072096864
1.410598211221724
0.5693254862669663
1.322472581454918
0.5012267184615037
0.16189438126412004
0.05855254988790104
1.980272059222821
0.07955668053786935
0.3442595117981976
0.3749969045713988
0.21694249823447911
1.8216098687198163
1.7742100765530666
0.1658564843774962
0.36744931131430875
1.1024645349560882
0.16018343541182692
0.24345106933874794
4.08039765786666
1.0247172496326908
0.7648699974623229
0.3697166883765351
0.019567368936353854
0.1325294993087769
0.10666771334642039
0.11696415893776725
0.1204978889162557
0.25926345198301176
0.288027582063244
0.07478301617251634
2.0018310383250117
0.013792460078824632
0.23041302934214622
2.073107366448441
0.5678686279548595
0.13729519761385425
0.3508842606441423
1.1756039501294648
0.031219529690710273
0.6839093935006894
0.5523406286834502
0.9151859759246136
0.6836645238110901
0.661588744011141
0.1452131848602099
0.4225920865764449
0.9354479800441284
0.43335650722106633
0.5002363832055821
0.10294841039421983
0.08237409774311404
0.25985331883450397
0.4774578100347225
0.4039640279664407
0.5554661430294912
0.24125202954938665
0.3818847784738515
1.4675928836803243
1.3463661476407804
0.44057083714595313
0.10818592614358567
0.4153788851989784
0.14693184695112302
0.9531705224294174
0.18146315902672513
0.1340668315755692
0.335338563507022
0.05631218487434987
0.021146207618161144
1.581507345544155
0.6747544339097109
0.25302219687195593
1.6096634908766325
1.2951121844077995
0.14512014926826233
0.3729654799625175
0.04182668053165975
0.1260786715745133
1.5714036497681962
0.24426076506586183
0.21847532637735667
0.8805882650832283
0.09432184414596094
0.09304343338455277
0.6513460711520203
0.024795497827972274
0.25493483145664114
0.6134634950046339
0.4551368567567152
0.26353308561385835
0.030547930694435836
0.09300060401378829
0.47465807802863375
0.18587498740307007
1.0918972197778893
0.11309213804857922
0.03467300777178417
0.17019940933971967
0.021285210178829738
0.2844191261375255
0.25524060011281546
0.5321785733365506
1.381003937273729
0.9782770397022476
0.28735899164980616
0.4704007987470264
0.8092704592584441
0.1067563828479727
2.7170496968793727
0.3675510942317107
0.11429232216002172
1.104516553573888
0.5672613891315634
0.8276661822718704
0.2927119594720196
0.15331040738305063
0.22648145683609272
0.8248104254293688
0.27298101811673825
0.32729435712102883
0.30750778169098025
0.019989218328670965
1.5383175365116097
1.4660332002685241
0.8595095602716314
0.723071124289854
0.4526636920466285
0.1905939109726482
0.46267157495741423
0.6120754298082703
0.6444713033487328
0.7476069862836381
0.774929648915052
0.06643329489904327
0.24615721426966541
1.8397503095121186
1.179124016391282
0.8698411532529838
0.5260307558139747
0.20520625997734437
0.47248146072519687
0.0966424727268693
0.2937643324603195
1.0681004613638325
0.11227522715125597
0.4497529532138808
0.012312725210976263
0.05578631521937959
0.7941846399086878
0.048118445779185774
1.670681597954251
0.22647776945855058
0.0920640304575463
0.21128651972485998
0.09698123739097786
0.1380621982744132
0.15547048156918256
0.1677435037451208
0.22350709416787126
1.3721627342357485
0.1630240501397528
0.5440637169414572
0.37910022633177437
0.13224469696527325
0.041733907391398574
1.6912363399332393
0.12201585575318455
0.24992285100971276
0.4328581558798279
0.09896296955019734
0.14043196530441446
0.9564935097118996
0.27861848473430717
0.30640507528984406
0.04387270274001405
0.251891263699076
0.23089183098119975
1.2106864907083403
0.026418536231731245
0.9129127027166264
1.1952921853492722
0.4155348503496624
0.19978569961318898
0.2731651939320264
0.35958191438914544
1.0043480379392666
1.6515910614184834
0.35677882043266435
0.6570311251030602
0.3465762087390823
0.22497985795343003
0.5480112958339871
1.6808364387727408
0.35256574358437454
0.12227509008940422
1.8116775250000547
0.05972220335649425
0.161250812099661
0.8197455903726548
0.37880583080447666
0.3080444370063485
1.0397275968669966
0.6268131423054093
0.1709129937015666
0.1185849420967911
1.631545168242681
0.0017704906142463118
0.3012667624504955
1.100178383022745
0.10836348892872943
0.1827681595330694
0.7905174476209418
0.21792747001652776
0.024093951837714258
0.30472472438831755
0.10830867380905305
0.8566615969185669
0.34933013193038787
0.4723222533196478
0.9752883939820822
0.20436927202556304
0.13341033015544865
1.6302087543342727
0.2770222959667972
0.36084528150714457
0.4547571291087879
0.34533505681449955
0.07777577179911999
0.203387931381065
0.8914257961808851
0.007696400702144449
0.7563450682326592
0.06979194008794898
0.36833928477959665
0.45967006663081866
0.24058156257894342
0.530371900622633
0.5069186067684902
0.1054958442666161
0.07793795421307545
0.8549149902412165
0.39630036263565993
0.3664093343244363
0.34242986818148047
0.44947216484422325
0.7034710307219002
0.3858370927067743
0.3953373453306336
0.6923695804568648
1.4121602103443833
0.4886892314428643
1.7353284553850346
0.06216135920200405
0.26092660802167883
0.18983058493127444
0.14563193989356554
0.03730782143628479
0.06489324909751275
2.781020738706572
0.13729651728608647
1.004784449882246
1.461915298512584
0.32331523205504575
0.23774131387909525
1.6634179900829413
0.06675666635460552
0.20268313451992648
0.9176460566829099
0.28318217591784933
1.534175177600813
1.1592825346959046
0.17978796507854358
0.33142209937656647
0.6757007711426084
1.4712273088920107
0.8115108287588148
0.7110745314109852
0.3481062607267122
0.6542130782971158
0.21592763726621095
0.12226431725899331
0.7848826366689233
1.572647293413137
0.37789130300394097
0.7736392102542509
0.29911045214574744
0.5848135810400371
0.06792998758374658
0.7487470143472651
0.3418653905343542
0.3809783018215063
0.08974487338029653
0.5402902644240886
0.370789045013808
0.4738744667102907
0.2294118145073571
0.06744746498648559
0.6097175001604478
0.5023838893361944
0.18536450404303978
1.5657652297018796
0.9033430970361342
0.8938295716991714
0.27550496082317066
0.0689857756741014
0.026126148137202643
0.243264127932287
0.016612280311323734
0.6626325997126237
0.41814363870813437
0.6571688087620405
0.5191145379959223
0.5721467385842387
0.07849022191217496
0.3845572984566281
0.25747140090837933
0.4850712831901101
0.14082529202770624
0.7215290288420505
0.0474861595031646
0.3205349877152283
0.136242490502335
0.7798036074318064
0.9364643055333175
2.4998126788075727
0.3502910235954236
0.2021301672340896
0.313210890175832
0.13441877876250466
0.16224013552974723
0.3275852254785519
0.11012086405003821
0.25054379272669475
1.7559440470163026
1.2224485915582202
0.7886485432698352
0.709069226852468
0.2275933186008886
0.7342104108478623
0.2940698594008134
0.33495252205976855
0.3231028633284704
2.0594700489371416
0.7936124642500876
0.027931591471910485
1.2447523293900509
0.18023688667030943
0.7135547833526826
0.14581577680872576
0.25926760713016694
0.8534054772825598
1.1067532181783384
1.280986791772535
0.05516074564377407
0.33049547295959425
0.3964015580000935
0.6020820882549222
0.41289057694642345
0.398680840767318
0.7248687322062244
0.4448834703290309
0.07785210204465215
1.2457436384542917
0.3609243480479255
0.08662008040079652
0.13053093310696956
0.6772600067473822
0.23416398955451734
0.2337619595926013
0.11707877310967106
0.0060505401075135615
0.20219909841685885
1.564362343169656
0.31602500815632245
0.16790907456897727
0.5329538806317176
0.2301632155399033
0.6942488623096453
1.4103283278311702
0.122344550322055
0.14921862878730413
0.7794575657280305
0.34843501876329847
0.16943840324725543
0.869098824421541
0.7654521846863322
0.2943380779607399
1.7695674294425763
1.3577251728247417
0.9228635871695338
0.6949671351341918
0.8460115120686756
0.11476778757526579
1.2257325370759447
0.06492010685492335
0.0148794637254294
0.11139415968495385
0.12973349897396924
0.014753460136941541
0.4461895850831352
0.0014447432866102933
0.9427875468912468
0.03659947892769467
0.6369697980928787
0.6556631505154898
1.4573985532145302
0.10332865845452986
0.178706977335715
0.33412336842107954
1.3259475725615626
0.9164529728090063
0.2245179726688901
0.026942149380574824
0.029146416763751865
0.43334157633722603
0.09407155073461959
0.4490088874230594
0.7108771270921784
2.0275337612123194
0.08586648927416761
2.9369952010339877
0.38404831613352014
0.06482804535964153
0.5676655165880212
0.08673922064086216
0.3802834375082634
0.5696847078520088
0.4113123754303978
0.2616213173435688
1.4780788251058823
0.04473377026434537
0.38797155138473566
0.5776676561612478
0.041986219636090734
0.33826912155582045
0.18398590503519105
0.06330019812977128
0.5158209295589372
0.5925895620297109
0.09720070771827934
0.07012215653819984
0.18353642986101482
0.07415240335084404
0.10162894972316615
1.0389100982867736
0.015810249831358064
0.09337585654366684
1.029359492475267
0.06403921547559668
0.2301722847474557
0.9548545730191961
0.24513823004191343
0.09478933943011313
0.9797999388521369
0.56131099738685
0.5534710095792322
0.18017417658388366
0.19772091072727846
1.4551739223650784
0.31061267862765346
0.1478785847439152
0.08250455433256108
0.21453229922715253
0.06915015494251221
0.3039382142092158
0.21517788390801923
0.7532555692119106
0.30364205252677073
0.6826512309902368
0.13871171780948105
0.05073142599972328
0.5456309948235257
0.16926283979091775
0.18851662797715024
0.26313947597189796
0.03827556837811182
0.4136231275272874
0.6179796969846406
0.26343968678485236
0.39492185205455066
0.5114640161345706
0.14387819241202912
0.184456368493387
0.5740687105004214
1.1867968098344488
0.5380306322407408
0.2769882404081145
0.2909255018797378
0.11608138086670694
0.3868047006613652
0.22885058079074486
0.5065023997543039
0.05824421831605159
0.5990787069637069
0.13697349508864173
0.15916219781554247
0.20940250893281698
0.31588858525933444
0.18922637267231335
0.42290511265410313
0.1135605436554508
0.39811197697065487
0.3857242111164396
1.0898824349221448
0.08881767635514186
0.00998713992294705
0.04307842107360954
0.3957491499321823
0.878811844267557
0.46791430646572546
0.26392797355909714
1.639810946653519
0.9013373717660362
0.07592968764888662
0.864362450252559
0.16327963463446593
0.4393361583096413
1.4335600279714442
0.9554818179941758
0.007406902894881284
0.9548471063963325
0.3180393619475372
0.4402577097993947
0.07938252952726403
0.06797424918727514
0.26842438582874906
0.20218525559658931
0.026726257497440772
1.2830796036734518
0.6661580216579137
0.7940895179480681
1.4865489824944518
0.2715576008932194
0.5886181850022961
2.131983447395611
0.10493080739222414
0.11414906465797764
1.0327052193627722
0.35646559984268233
1.2357526591216228
0.37363535245686014
0.18543618080132201
0.7193982819341755
0.2319685212233025
0.32551378078976984
0.9254745544572968
0.32425216736988766
0.5223708500557903
1.2073421323644193
0.2672549138218011
0.03276952517829012
0.6946842713769648
0.521701747359084
1.3705049837321055
0.24711470779775457
0.15976536087258789
0.24619128929400386
0.270212577927055
0.29039452350058476
0.4430951207122275
0.294398405016078
0.2743147045986869
1.0724225164417112
1.2336124912655666
2.634627173842184
0.2985013914486406
0.06921037551531235
0.44795820840522715
0.03241356364359004
0.034394856809808014
0.4732029068864629
0.15463078333781263
0.38096568053356944
2.2237877176956298
0.17191855299302267
0.06616948393365724
0.9043445491460076
0.13674131261938596
0.1335821284302226
0.5620185089988841
0.20608784381315046
0.3425455308176
0.4666182054351267
0.2717461273931195
0.042424032598352694
2.8716951222762797
0.5857840637144873
0.1938291611948173
0.9214454390427365
0.06015840668502521
1.2946072450480746
0.8367447953325674
0.10079647651534748
0.17231892451088446
1.6199173942863638
0.4550592394102549
0.3086875929641188
0.5805109464069532
0.26015501072403885
0.7836717986245606
1.7754573646578813
1.3897740801290126
0.3646731406304939
0.5348219362275412
0.15611584743630416
0.12285504531635588
0.6825125891186145
0.6532993052843393
0.2936518545970494
0.7455570402544953
0.044171336886820706
0.18217923418467757
0.8303568056420908
0.6591211479466592
0.3943880692131641
0.8469300175091818
0.24514970313008932
0.5089808858202364
0.6316198668950708
0.8897505863676831
0.11722603646248722
1.5048691032321257
0.011060210017045055
0.27002339542237286
1.2018774895007933
0.6597378825885243
0.5807289938525093
0.4625264821313549
0.29468942558194283
0.31881736277170275
1.7878201127687217
0.5702118524370836
0.23722753496204732
1.2388870272848447
0.6566403348292794
0.5953701666746918
0.8720769799512597
0.20016255048862358
0.6305123304748304
0.9462888830629468
0.31490871700533496
0.2089465231322321
0.6179935935285441
0.16474206694395507
0.13346450867892393
0.390324748188739
0.5150898212383732
0.6871602200493508
0.681828762900905
0.07487337248933572
0.20153156076671408
1.661084100474385
0.2946647425456217
1.6334184534418499
0.06908875440712244
0.1551600609314712
0.17133466709240092
0.7862526885777009
0.047092804321610025
0.018352796578642062
0.8609532019498394
0.07783963945131214
0.9928474621705305
1.2677475581049646
0.2879745353744056
0.5379219022866462
0.043441752092853336
0.22978352979148756
0.0984446534056693
1.823840610699766
0.0759936991615447
0.08591478261046367
0.7582232292720424
0.4502855248024033
0.3838506918613682
0.04039399190529341
0.5108528744795829
0.022762047791836108
0.2458090240814823
0.34300448960632735
0.22972957316975143
0.8143372841110567
0.16207761436758894
0.2232448574985675
0.37892449284730867
0.8056427640341842
0.5912590604914466
0.8838296010428861
0.3456557279686305
0.035322125135474836
0.17322677498920414
0.7111032901035822
0.006832446540392223
0.3678243566527468
1.130076281287659
0.736883181835129
0.7938226044554065
0.2744244089146799
2.774548424136052
0.3680574621377132
1.9729982042318137
1.2633153848457122
0.3020602777754837
0.17257639313185766
0.08821996085611226
0.3116210153532236
0.2807949189025446
0.405315621600115
0.7497555474684242
0.17190189091543054
0.030379508159977534
0.1507435258029723
0.07062808272237492
0.03335834532888835
0.38230296459581103
0.6414700578897687
0.03979568903741125
0.525302296286851
0.22070762316577752
0.49677488816317866
0.23770550287453157
0.0087540790813525
0.2842378521963034
0.3708673330939485
0.1522300260503801
0.10927532846336695
0.031228264692949172
0.24486849835192523
0.3517573280125235
0.6622342474012765
0.8582587504785711
0.1807607028835155
1.2240820330926372
0.727987546321985
0.8014421050169293
0.3195573880741615
0.5406701491238629
0.7184322611841659
0.5733990409630263
0.9856601961074396
1.2323740979131195
0.07274418916112296
0.20747365909544307
0.19450700360262074
0.019457082001839425
0.15143432182560418
1.338252540591854
2.2376930012736547
1.2373438540338242
0.08430788130569573
1.1288236624
0.19402337198910966
1.1696296734274219
0.5830877413879043
0.03212387980942133
0.952656535029069
1.2129531632935349
0.6671316494117676
0.9853711546787732
0.19003269921772542
2.007347529000217
0.07956029622260857
0.13362287463002973
0.3235740675302913
0.014876495186148262
0.09157738237657718
0.12721493001701661
0.1922648605514944
0.5934692287853209
0.14483988301053904
0.30843989853308135
2.2970018555906866
0.1742607496191052
0.18532911686316747
0.408043256443145
0.23427076429498261
0.6220510408516481
0.5251543457604948
0.11451327330771854
0.6466104895039346
0.49453714873584076
0.2192345445012981
0.14113314828385778
1.8617495317527353
0.09049294231059213
0.13450915230957616
0.23784291215785364
0.5887095062483
0.23907696623010077
0.5319592549370227
0.544254266159607
0.50555916265601
1.6370220057644658
1.5067887998569998
0.935082044675737
0.6484482938864489
0.06593615107853745
0.033139080172650104
0.42422068817639474
0.29858035517102705
0.8232509585728565
0.912310871541864
0.4474944564017042
0.14381870979247194
0.43097576656016606
0.3293081128245874
0.7836252124281494
0.8282036491848732
1.0065365706117848
0.7987238160439855
0.797157550212935
0.049778080325724776
0.4535674940843867
0.2622332385187787
1.0625052783203035
0.20864986422751572
0.09097165346466249
1.6160215853287718
0.5928892537459918
0.3222664757022273
0.31397531435276105
1.135900458911721
0.11741375024409596
0.6306960101706564
0.21287183513522456
0.7193336446235016
0.6266289624753557
0.8997351256108977
1.2679652637343035
0.8696523446302515
0.10002147706221606
0.7384986489762506
0.19039504608280067
0.5931760675351497
0.4078534940761684
0.51290575157451
0.2733890058900013
1.4801278332897003
0.11628586034287301
0.4345673104319836
0.677476187973131
0.35880117876521705
0.44927933717628515
0.0756568050238437
0.2506627933518111
0.17597841612502815
0.16588620767821358
0.14001127039979291
0.47934926554349566
0.5040571871106121
0.14700612243759864
0.24221585751072483
1.162426969782984
0.16172373000650375
0.5936831217235579
0.5357563700978326
0.18168730471192338
0.03087470078285841
0.4101370424590935
0.9666042671985396
0.7940427303590402
0.3750133385734957
0.06637698913258219
1.5001510839578331
0.03789228140313527
0.25022434849137754
0.1021397119852403
4.744228181560899
0.018457763769610256
0.1302781260993556
0.42951627802523057
0.0962040051196806
0.299846013899069
0.35977623965160527
0.14636178671658348
1.413541268353139
0.32022608431179606
0.09307927572962225
0.5195731970694248
0.593099094823481
0.18371478161164798
0.38659864263859
0.4168308727780618
0.4591974761159914
0.9606428296975537
0.1407441505421215
0.1011166262777992
1.31138416055648
1.4149988881416118
0.7116097263081403
0.6114763578316884
1.2601538896999855
0.526707932934421
0.42665411813830917
0.6991956186731783
0.46575842362644915
0.3148547911805281
1.9374317587355472
0.42823679998495284
0.3164633567392068
0.9013395266238658
0.055562923426403274
0.025356090036205838
0.04390389352332848
1.2761033786400535
0.10057525385239034
1.4086120910831577
0.07672491844250445
0.06555910528492623
0.37104166347445566
0.2004243337136782
0.6664423178344825
1.409302010897721
0.0532897751428831
0.09928255550041191
0.12104197632262488
0.15465776511309848
0.859015654447814
1.667396922151188
0.16171108082929467
1.247129851897512
0.9517536023609998
0.3413687959843684
0.318517172816608
1.4564726757940216
0.2764110859729252
0.41845942164473754
0.9885675685013307
0.42061647652174144
0.27469228425326464
0.1545922682430874
0.6044753375685067
0.17644837729843713
0.3014679361879168
0.12942245873890013
0.2252894090565377
0.3968665350834948
0.029187101214605438
0.0488918384629867
0.7827684431788894
0.1768876765020066
0.09094794755009528
1.0554826057946034
0.26235629781353415
0.4532647159478272
0.616782293892674
0.2249720168485234
0.1781166103525724
0.477807160556975
0.7279860904638139
1.0887987479269847
3.42290026615266
0.24409758665248418
0.1507925933500236
1.0354694101508617
0.02813032314705613
0.19172461419968453
0.26874702068829653
0.06247642641532483
0.1668459029034214
0.12047012973191006
0.3764242486694155
0.25551128966442904
0.835809741164734
0.7605253850586848
0.20614580207753194
0.3144174262515791
0.2706168490223321
0.3756518684071839
1.0816381808712645
0.12633704798901235
0.10764420327603716
0.7357874406214658
0.5672152251259266
0.035269220211402066
1.055620606137079
0.09814688422929643
0.7331974629834002
0.6462829265486238
0.17554830497641402
0.07317308247899235
1.1457984258925058
0.20930094570895005
0.09565973161152379
0.3434855143958834
0.3884059242834061
0.8742704845823519
2.168475466865745
0.3556353647090955
0.012639066084687147
1.666736941752691
1.279402181778548
0.3515721621662201
0.773380437470555
0.3152582573258775
0.48277048545188017
0.5088137546020287
0.48366251225833007
0.34142216767014893
0.6697710335153823
0.1420130002972071
0.598308912787381
0.19304603808685317
0.7397650443421117
0.10678990893320431
2.1930009916383337
0.5318786584890747
0.12111729163795958
0.09482924341489975
0.3798236154730493
0.6017257592560329
1.0713726704222417
0.054631460423234975
0.14926953505124657
0.5534625372106416
0.043369541821466066
0.1537360534246323
0.5027960863768367
0.14318395649768706
0.028511965244608153
0.520245441734121
0.36503104620972104
0.26827670437145695
1.2385140014926683
0.1333240689555811
0.3614060274700133
1.5873143581605997
0.6045786839441059
0.519107914087046
0.6656369591446011
0.18755940305582752
0.10289080798515059
1.8287837850856385
1.0540109734295362
0.7901186998661692
0.7787779289448165
0.22002881944093977
0.1204388844049014
1.5829707318499566
0.06314044069154835
0.12562734612506982
0.12052036404590732
0.3469956320234533
0.3628313584557354
0.17315154083450734
0.07934511357551229
0.06361622744690743
0.4419226575964988
0.33824875067518245
0.1708391252275342
0.21438381301522494
0.14512813680555062
0.14939411492159332
1.0948218271241834
0.15685701711727626
0.17282607350053897
0.8311462462571065
0.19487133065453832
0.10024691741425637
2.178318058488268
0.2184802962874584
0.45829819516483
0.49107971088709523
0.5068001568039673
0.3908090828182296
1.2921258694800704
0.09276577190696644
0.058822305322879756
0.3395383950820039
0.1050051607078109
0.32885892911477943
0.0825651878557275
0.12133359848670697
0.21255973652579044
0.33028240893930894
0.42987500935627976
0.33913074825862394
1.0787063894884064
0.2052647565005011
0.2748986090747602
1.0174241061555143
0.0551681234591686
0.5847282216148995
0.8924629642428052
0.383362895561529
0.5917088317111032
1.0785297793559694
0.5047304311064591
1.0051482540137506
0.4078609913517155
0.1855933887559898
0.13179559762666945
0.09764187354869841
0.7502847767500074
0.285027481641987
0.38612754207697236
0.9194315535038804
1.4690670299027881
0.6067472887490486
1.290926411705595
0.58605947587001
0.19528158915593274
0.02423114649393712
0.3800278105751307
0.8749189458630707
0.27615643454227484
0.4914315592418706
0.08742025456697514
0.04336680956796747
0.0887071375126273
0.06915725858057675
0.8032454710000314
0.9046292462772054
1.4203911598109953
0.3117661816747105
0.47787598128229675
0.41756623875271986
0.09493878787943566
0.035033838312787294
0.9211692219390154
0.33914199489083646
0.4289277621091698
0.5712369955955942
0.7096901200753014
0.17591723705578416
2.524493317350327
0.9547902611942891
3.016096035334713
0.14010683067980673
1.3305855821354375
0.12499786602895269
1.0214588249203027
0.31779412020366765
0.20673744939670047
0.20177049027562693
1.4765832263649448
1.0302879354036345
0.9269888520018639
0.8092911510492105
0.38524907522395285
0.3919694866893689
0.3682516945579058
0.24000241535687858
1.8497794520123823
0.28341935004176394
0.274653246932467
0.5963593685943346
0.1394113938165589
0.14343186965310556
1.9762092339861865
0.5207292294773067
0.2629523982307046
0.005427033310125883
0.7071502827480337
2.1028834047340443
0.1988911358178458
0.37075967070794597
0.303462117222519
1.0388537118851007
0.044791781264148615
0.10481252368954949
0.5255531651480244
0.002389808272088651
0.1423924651583633
1.087437823770315
0.36390683048442485
0.6737509229063786
0.7416650026352464
0.43512030328431095
0.10061838358717623
0.812960560729693
0.32144694600945467
0.1567196605114566
0.9187297566209862
0.0855055453936804
0.07355192459593841
0.37243012188626295
0.20876347625458333
1.0176394028439506
1.1961852119098961
0.3581474132533133
1.6109533927390653
0.41280109712526675
0.008923492280894904
0.7304314525045931
0.37040884145652253
0.07759016044454854
0.11521331898420255
0.12708718255937626
0.5661747778843923
0.15537976761829764
0.2086879204277197
0.5381055158368074
0.38655386673221365
0.8907614826630161
0.17179355782980227
0.6416258230843783
0.7631433996652294
0.09678831085863832
0.06321599781729778
0.21061027265202398
0.14641522185884895
0.04338570789560861
0.11277793478360659
0.6596680098846389
0.22298626172240765
2.0482986118987547
0.10319687713833403
1.0610785643971614
0.6206234143364793
0.06415365235899513
0.046207311357476036
0.9291185301670152
1.4515000766530106
0.3479094516678698
0.45672387254643454
1.2381225280102761
0.6826966536413965
0.5873907758857857
0.43942730750265246
0.7686124079433838
0.16503184707099589
0.739397875255524
0.16353599688366005
2.0183308295601265
0.2014250519098364
0.7169337076779604
0.8139790731081233
0.021792642916473003
1.1709848894443327
0.5333499810448673
0.1988198900264414
0.11670855669645426
0.7466006948741422
0.0405285458073532
0.04950402444941143
1.0639459698404516
0.22869456806574923
0.7565274451595956
0.5499815342146431
0.010707203378939613
0.23166362667324158
0.6962119077733505
0.18200702174740852
0.8025323528045083
0.8246421661699741
0.13628770926275957
0.16783921961584414
0.37966874398355294
0.9501005466777223
1.0242929785674209
0.6095887386987132
0.22319828744491696
0.03369302743295941
0.11853170387510616
0.8831516803267528
0.036973940839891806
1.184435381000489
0.017485837996801624
0.28914712454798197
1.2241424739024447
0.25154074625255535
0.04104102502093339
1.5422976845573533
0.5125627104158413
0.6929012596138046
0.8315944421666311
0.4269730514554513
0.6168945264490129
1.2471802923279816
0.19137349816840027
0.015365551516303273
0.6216652526497968
0.3797613767220303
0.19177432034137218
0.541315711317197
0.28575532560796146
0.2633525749036312
0.5430410856867836
0.42921370161483663
0.5646375480370562
1.9743185243120056
0.16239226090730519
0.5734328416297259
2.5924255026897205
0.6058378887314028
0.9671124905016873
0.13579215369130992
0.2205385872462847
0.28758163892342015
0.3621578497045499
0.5659888632535826
0.227530900935879
1.470653572487047
1.0625316553886377
0.8169217313937184
0.25759526820307854
0.5130977857466319
0.7477604013381193
2.8037651534030243
0.16683836501463273
0.06866136439387104
0.39060210862241623
0.3368383105509493
1.135218756884825
0.10084623183026335
0.18054588411185596
0.9416223005996504
2.1726232156121137
0.08149443209600611
0.10265452445494463
0.3597704943892356
1.1059962210769985
0.05735544513029253
0.005533685273114764
0.007228176061637224
0.010532734771351318
0.20461112871133572
0.6151165771126356
0.6887427026193633
1.0603377288862788
0.36372039926606436
0.09553759724179506
1.2822676063367138
0.916023949353157
0.7809827065860111
1.4625224962816172
0.02538607175416888
0.9799684506245442
2.394958075451261
0.32367568445068345
0.2942227326401477
2.1112036370254037
0.22768235370985862
0.32958943331023555
0.36940631360345855
0.05571438820416411
0.036775083267855675
0.7942944644300048
0.17880837009741815
0.6599860248832167
2.4256244004782475
0.2875415369170212
1.2854641732168912
0.21398908481484288
0.12920185070830634
0.23528899491075536
1.3738895517988283
0.161174432513874
0.13605390517691673
0.012958463524174844
0.3505676460736284
0.18145138948820408
0.32760809514284883
0.09914824247595361
0.6177515489530587
0.7846165850361316
0.5039930147206871
0.3685872559004985
0.5740893287630089
0.03770294714331376
0.0928663159751634
0.09811599905798996
0.043573647811526374
0.05239827261457995
0.9595634039449681
0.6616667414992689
0.5837434732462026
0.7484080256726342
0.35454025726864663
1.2282710979860896
0.41944916489171036
0.04594981957313731
0.35264628978097345
0.8657335244770881
0.5312667200537289
0.23640127061385222
0.6358254783639116
1.293878344241316
0.758174668103796
0.3762188689712534
0.033547427861765663
0.06986703059664312
0.522121755990375
0.12665516781412373
0.11865666300025184
1.295787385548207
0.6195952945231307
0.12141019628051535
0.21607622662155374
0.5971694683560363
0.4090814264530759
1.0374736565218483
0.3154982000836065
0.19049468972757772
0.4608743345423607
0.11396414128811284
0.7519660153293529
2.238701703136413
0.20635222042064347
1.5055472915095163
0.06129359533803663
0.37597007979991776
0.32427719276338673
0.8914683241686011
0.4544796077848264
0.7554218250095579
0.038004830065542394
0.05541616610103686
0.4615992262868708
0.3278577155371425
1.0071303643712113
0.22234084641452348
1.2441685522096009
0.040070466160448306
0.2857969375131705
1.2480910836341208
0.03554414355688968
0.2892527477535637
0.4823567554091715
0.2540343259122799
0.04876238045115751
2.6900320033937155
0.41234569794151593
0.4506365119452758
0.4920396932190883
0.4674300234644429
0.32687991122435506
0.9128510266696613
0.33036290460732576
0.2794859837602496
0.3142585170846811
0.1330396746187853
0.34947144050044937
0.7716938943048153
0.48240655505505436
1.3876834164639542
2.1458109517532944
0.34078118503458094
1.0837853646799354
3.6540573324152734
0.37358321295727437
0.31380749044946515
0.18787296167605008
0.06523826595734811
0.07660480114893692
1.1397836967256139
0.08406660175012072
0.1290394423958688
1.2217420329092323
0.26818859053379407
0.08467379438812273
0.6264494384927729
0.23553878153668287
0.18574502503265933
0.4045808528893739
0.17910693200737307
0.5407545108308182
0.6048794683565106
0.20726621143049195
0.15705166279599947
0.6327353844188354
0.3874056765216855
0.7778920935880653
1.0458790831682399
0.11429261333487316
0.03514988691504625
0.4200610317547679
0.37041113430844813
0.376156728039313
0.2899561189802987
1.5215502406860384
0.7561376105846475
0.8277295295402358
0.19374038524608575
0.05005626836676919
0.8992419679936707
0.11825122418200555
0.16039455292519395
0.5224473909599898
0.11377336735086387
0.2869680321558395
0.31171284547836353
0.08461587069140593
0.05313296682437249
1.2065297039292342
0.8329083909512505
0.014215105013859594
2.425479332042832
0.26153156648466414
0.1439506591033654
0.21656882964544322
0.2903390950370238
0.17511984665310917
0.42544133621757485
1.4809797692712392
1.080261552915641
0.27936276611728184
