0.42185271083982634
0.03811405836531119
0.6558880785299098
0.6325432779352028
0.22490021550142303
1.3658869246218976
0.5527496745824276
1.0859112864161324
0.30752219012266924
0.24883908829946952
0.10298790384082727
0.1225082982288856
0.7931185200428349
0.08771060581716997
1.0114285714285542
0.2841427566153657
0.052237962967953445
0.014278816593209199
0.11279163611795212
0.6559004473597455
0.7262389741423365
0.32010034755226874
0.27092981858046444
0.388971869294068
0.9259311904390914
1.827165440426327
0.06892114499763538
1.5121020475757214
0.18784579698783824
0.7101014485068607
1.4134972317551635
0.08122425327183709
0.21898530237994723
0.3045184635877043
0.8074194694334076
0.047217843565012727
0.5311601409422098
1.3426886817600066
0.6424892409706844
0.7408713466890472
0.3657692351124225
0.20687610261181327
0.2877311154656039
0.6885190377903441
0.6852566270376856
0.31612351577834924
1.9354296833820397
0.05008518046515491
1.0348843063956845
0.05997392154848741
0.10102360042445653
0.8280640151148408
0.23433072224291077
0.4293129267394827
0.679343773172265
0.1587704904387913
0.050987669043503506
0.12650976395540786
0.13585856962349777
0.16592818713703467
0.23690498706803642
0.19578859278375943
1.119927330227123
0.6710567427788626
0.07102682445723303
0.5069097642027683
0.8913244926116545
0.12168576184959463
0.17357630322049902
0.9169853669387122
0.1611061352673847
0.02947948812325215
0.1963648646187189
0.5887566845514964
0.42135987857845847
0.06270375504861403
0.5380676196487341
0.6146345744531287
0.3964132248022547
0.2520797382354939
0.2834915163239953
1.8536832862917119
1.0097159245292777
0.9888654594887784
0.26828709510800475
0.08674011839250208
0.2719069507678425
0.42995551356452194
0.46927585176813924
0.7120150650338569
0.2904935809987894
0.11868758767380416
0.022494877662172424
1.5243796193763355
0.15435599234728656
0.12191242310587048
0.5422206486745705
0.15498197676675793
0.05502220612560951
1.1902355874668806
1.1615832008922464
0.999816497263289
0.6293052577448882
0.36263645318081816
0.26184809993312896
0.755570422560527
0.2219158979018437
1.2770063979703743
1.1484014052961486
0.508332382151792
1.3982044948723176
0.9845749406513783
0.16230712380129736
0.7325872398577109
0.3732427602229915
0.054133042517768334
0.10595928339285625
0.18543795166994317
0.06821324217803729
1.118475658278231
0.09093466591735382
0.06651358360600555
0.043521703463913534
0.6735701886595834
0.7322891718236817
0.48076497214890096
0.405923523321696
0.6480895454197859
0.18938878625982625
1.112570821909672
1.408470593092343
0.41913322575250106
1.5384681105091766
0.11621674418263263
0.3786461275211949
0.8448270405648032
0.004531139153289964
0.05464158987143579
0.3083544505828747
0.41611806764822007
0.2806288237390908
0.4715984522908501
0.551454714660711
0.33625899913433127
1.6784133466315705
0.16827203376404815
0.19165599853342424
0.3149508219245768
0.5328804399632595
0.2883993096926936
0.7628184690527826
0.8324981314148763
0.09220902813610611
0.40443931829567553
0.2466498030796
0.17526510463653364
0.5268269512338252
0.3994831321578831
0.3430015853130605
0.8943552564576184
0.1378062485368125
1.3036072739836564
0.9713415129986033
0.8559017089756856
1.4376123397314864
0.11921528889393218
0.09312360019778868
0.25919053975179057
0.19316719654431613
0.11123163504342866
0.43746569295650933
0.0857757292476374
0.07077325342167046
0.06322465104817172
0.15614354463399507
0.5124259542000938
0.23202705990270056
1.2368774386986445
0.07440732394074112
0.14473649246558956
0.19207225670661585
1.1077413279368957
0.1974047920325139
0.24222299202032088
0.00974619132811166
0.16439257293704426
0.6291684317709714
0.10423615139123589
0.0004237238038552854
0.34909511854445985
0.3318323569787957
0.0904863840175211
0.5474903951168794
1.5591754219372174
0.47692500588825826
0.3866276162433736
2.13423835002756
1.3856811808582514
0.5582229923444606
0.7702761169403225
1.0617783227446975
0.1060541688468935
0.39445304292402056
0.13962208924226968
0.4687693170251449
0.31110482695678476
1.0087038978938905
1.2548290231962407
0.7093100117693583
0.7561941327416669
0.7083634337630571
0.6706244429792513
1.0472310893686005
0.939424177995528
0.4271586581151351
1.3140943775553142
0.620053273825499
0.12861910451395542
0.9837760386851728
0.10303274328934643
2.6092269141670643
0.16200193235027988
0.3964739712282427
0.25384527461190654
0.08306740920215105
0.834052670628608
0.1789435010778116
0.01975877667543673
2.2641297424033104
0.2671065269995897
0.41522569806815507
1.7604569140411122
0.29716042285379435
0.35691834294651864
3.917032077970987
1.6207396502043796
1.3457875648247632
0.8430605616782461
0.10639343262973022
0.26064637756414144
0.7176038641632642
0.15780796150932627
0.7209771981386047
0.40606646116900846
1.0273097266851188
0.6103415695037897
1.055554327440417
0.51668419360676
0.1548833533046739
2.7209913387154177
0.5066836849012494
0.8141912578866415
0.6768458245822894
0.268307660283314
0.2679127094697293
1.3900839759702228
0.292153502031341
0.050140853437223985
0.26722734442400814
0.2156747848794487
0.30423422222675234
0.42356487678026344
1.1081455062854955
0.022420711449592443
2.1603569349467877
0.13671533071790026
0.21821650323011527
0.280260355123553
0.515116444766092
0.04162478823605845
0.28876329958911495
1.8167225389512731
0.04219280235372365
0.574173596986541
0.144465706407164
0.22668294971389766
0.6866337165226207
0.09473938763845997
0.26343725995990697
0.5889270192653737
0.2951185376016976
0.40654213882134554
2.33374227581477
0.16768862211586336
0.26897305237112473
0.2134680418680364
0.20731974347379564
1.0030350706131965
0.4842925390189172
0.07016386601529857
0.09219976723596475
0.8981846575491357
0.9097577327586553
1.9905642796247418
0.5641211461347083
1.2038671183980427
0.19402360659693876
0.3891654238708277
0.045704105499043
0.07990274715514797
1.9171922687988872
0.1815267181216307
0.4526385137373742
0.6774311772854249
0.4089331636998104
0.45006716527697876
1.2129455697838532
0.34648263252384787
0.30339034044109797
0.7229360263481533
0.6305270232187112
0.44994510741472366
0.24016695848780645
0.29318157812648016
0.23166450982792666
2.2713374854002426
0.2531289999729537
0.6339904258539337
0.2508226087487748
1.2544858556217189
1.034930099071943
0.7998832838842496
1.3177249000674955
0.4264789898701021
0.38178116234820275
0.38258652278672867
0.3941429326800507
1.1146782767590189
0.46222513329007897
0.501940209915568
1.2480569351293265
2.392789444498748
0.19450408538559577
0.3690059723074439
0.21642454771263545
0.564723481457262
1.1216921210321684
0.10214757568971589
0.16957290804972588
0.3317299372185137
0.02326068541109144
0.8878400674828929
1.6866610916829499
0.5089252697007883
0.2998955303274389
0.7230771233016646
1.3514240876715016
0.07005370971820753
0.7954203477191555
0.07693892671027523
0.27407480027957604
1.6880350239615205
0.7055868470726344
0.8764003760876301
0.5348504105893199
0.11126989670060991
0.19100989058063536
0.36695774095522615
0.3045341947392058
0.17813098122971197
1.2584766779892655
0.09798961182134118
0.7644359111694212
1.9085046065019284
0.5219878444615864
0.27754763948342476
1.3105357184957271
0.7212248601002452
0.3052479115637099
0.6302672095960399
0.510201856247981
0.5208998359353694
0.9144462682441185
0.4871193176694466
0.14001088162325057
2.726316179557637
0.07158486270502383
0.4193694054907404
0.5910357316986734
0.7221785779998063
0.12839411763515107
0.27197074616409483
0.2798487966727431
0.010270414273232463
0.4309021695938417
0.15660010373646926
0.2569542898646196
0.5385338178168619
0.46661016025550656
0.7206643177010524
1.0609626767811546
1.047287818417001
0.8519029783876146
0.6028149025891917
0.3659467612527783
0.5034628018382025
0.3907709825963898
0.5024641699062117
0.3064973243311764
0.023218439334817757
0.0065791475731694525
0.04271176787009222
0.36851509788958897
0.6619145613812097
0.24841120228077004
1.5268955511080873
0.18398310740016788
0.46074209879931105
2.2886955773105173
0.328885084360309
0.15136525146784713
1.6706435516359894
2.424102416070663
0.290396178873378
0.21980128332318286
0.05962637516462413
0.16097064647324355
1.6585687634140651
0.7911548268434242
1.6460780494714582
0.3148104007747492
0.24957788961979566
1.2778302567652522
0.4288351162118679
0.5194622212460082
0.870771270900598
0.08395696737597313
0.1680090684473269
0.1736062133676185
1.8129297670003761
0.5698333123546373
0.5259157860300894
0.21897344159770626
0.254316847189392
0.39836011250176745
0.4721319849385181
0.461765171107512
0.49811800227585207
1.0229687177186313
0.15272988907640686
0.9337346787877202
1.1466443228309906
0.3865906941336612
0.7246464263549446
0.2931796656695251
0.448665873149518
0.30684625073827126
0.5818909633429242
0.21535797762265854
0.6431004061637497
0.5185497130019225
0.31408385044034914
1.7345009771502617
1.1798151045389278
0.4554339148208076
1.2589769769547872
0.6318441774067787
0.6131521973568382
0.5948648324776029
2.2141498191066513
0.1149701954068412
0.6976722554806717
1.2937185617885474
0.39583649713724056
0.47216549029882854
0.5714419146703977
0.9219974225260127
1.6150219716364456
0.37045747662833356
0.030257884806413515
0.07122380665445265
1.56122125011358
0.5443230293680691
1.1470135400873618
3.115392952095438
1.072789533514454
0.4170124845821296
0.3740245161664748
0.21625689336984075
0.6857350155212099
0.6552072844413627
0.33773437455135624
0.21941309570206416
0.16266867673582744
0.8716184800425165
0.7190423325507438
0.3338779769040588
1.1293610115869221
1.169412041285401
1.7367747971557295
0.26044860045564733
0.11006215532708334
0.13276506662069995
1.0513466125481965
0.6822554332990709
1.1602831165723606
0.2294020177469994
0.20297666792894603
0.905511025019622
0.3885305395663057
0.16398248151562878
1.9188485988117776
0.07421191020722784
0.8024346796989876
0.6357411007666601
0.31370293038242664
0.692133674337083
0.3919301220296305
1.1929595463831577
1.0470560748421767
0.3121306176639204
0.5910441171003956
0.5363273062173624
1.605328812148304
0.4081888371065314
0.12390761257817953
0.22153090876037476
0.5508994126022784
1.9151494907602606
0.10131735159164645
0.15672532086195679
0.246911278928999
1.0684350075980726
0.3771636439958491
0.25543532818100484
0.287472825553362
0.03231708936112857
0.08601233773951199
0.9482687479188787
0.12870043348692375
0.8377001257477146
0.8290489065810167
0.80449989196167
1.6199075326239631
0.024090029103838364
0.12957887686326014
4.039932625585095
0.8003858357585039
0.25238200856583587
0.26314281859803823
0.8525001659084949
0.3101686559169839
0.46264201896941237
0.9633580626225906
1.7028625434255178
0.5308720029467389
0.3825877572205294
0.22631808205353265
0.37169993401646795
0.26590482538522003
0.20818624450551762
0.06297091059351752
0.5222219030957816
0.8105718754790515
0.18720004314027808
3.264637474146731
1.3587324678840431
1.2667237335591885
0.14311132201021198
0.010823759534522592
0.003674315433831386
0.4730686362036715
0.9649577410833216
0.5900121098693246
0.5775731423469447
0.17960337972036824
0.043581186023463656
0.3004491745822855
0.20713909815797193
0.022746813894021178
1.1830966483266667
0.8910464365671067
0.38852818875186484
1.7629309901352364
2.2937115559796064
0.8454454689440333
0.6624639847752551
0.74354509456747
0.14319452809750674
1.3005770521981708
0.3266846478665337
0.2555350208028496
3.010677631110422
0.5059100811825806
1.2191386949254919
1.4230004820403448
1.9867261259193174
0.7519338428799814
2.6662744669356915
0.14475152278493272
2.046257243974771
0.5629744236439058
0.4965268698799281
0.7295773657114237
0.8630590424454411
0.6056121009308169
0.40640871718835847
1.53097785251259
0.9301252044246588
1.0117183414863484
0.43125939362690474
0.17403712532183024
0.42859310966041575
0.6306535351411294
0.929202192899132
1.5477794203593798
0.32232665741458383
0.5686115235125468
0.1626774876362555
0.48003410905150873
0.23797061074568682
0.07941981375637115
0.27091197193160316
0.32937382346311
0.2263182487128873
0.08068623697450646
0.0473024765787073
0.15163907208082622
0.5802627400732107
0.05201388988070187
0.11365312012002259
0.36242013567706804
0.4851844864219882
1.5048460784797342
0.34181377264668095
1.0565475577061048
2.521249336572314
0.448719439036944
0.7231297695550857
0.3105248190440489
0.5590411386834991
2.0376060611789906
0.7803114969392638
0.30872606187711715
0.5060824190157295
0.8495790967013412
0.3940463846343525
0.5376522707191667
0.05119676172265769
0.6396961424394642
0.47261392476813385
0.18499511974420887
0.9457550348621848
0.6854772937085141
1.04091229600412
0.24287017335328598
0.15074919579795282
0.26973793231267984
0.4292574103624104
1.1015467017632745
0.3409587203907673
0.13385038730284557
0.6810308838266846
0.8888217802445675
0.686930085060978
0.04245294661684213
0.2654299855447904
1.1937712717095477
0.47440135358906965
0.33067030630291205
0.5841473831856037
0.07379885396580481
0.6479894927899892
0.34428910186073586
0.008386585373279708
0.13084849916567073
1.1151334014007834
0.8682730678974686
0.7747479383503509
0.14202541014108538
1.611625457842094
0.6284327049467479
2.2208613234123455
0.5526506403459527
0.09808340838666928
0.38914848065975155
0.7484763289435823
1.3172883827579256
2.5060221541354752
0.28060581040946836
0.6747492027889315
0.4060379761497188
0.4045695052888671
0.5266161575281787
0.7668080771193018
1.7622941262514484
0.28623338153338485
3.684280966336734
0.2329255449261217
0.25629883873532344
0.4842331719373419
0.6564435424113083
0.5153978733406326
0.5051887037631025
0.28487297203146295
0.2116164580021156
0.5720268835160741
0.03505365289084007
0.29523001207406735
0.5589405707421985
0.37616970499428076
0.4028898043583941
0.38039254775585774
0.5598649257590079
0.5655242730903449
0.8745243046394241
0.16185009357870664
0.06154842912199522
2.0801833583417926
0.32865146797054956
0.3810596785622138
1.3677519996057996
0.2520495094567034
0.9271165780535625
0.23956286342188157
0.16710014353466068
0.07083787552803898
2.033792504955362
0.5458839845569009
0.39194234179560516
0.2839524222411042
0.8813670947585754
0.6118284903510487
2.0696602809469162
0.44481321883443536
2.0000500471476492
1.0065528166473139
0.38248530353472987
1.4088869477861738
0.24870195715475513
1.2218461191472845
0.7857392004787367
1.4501021965837253
0.1529499435553899
0.13433983609447359
0.6441389375950061
0.37103790433738154
0.24699431752963266
1.5554378034034613
0.28623247440604377
0.7755759621410028
0.3914519345141208
0.16949224191689843
0.04698537039333372
0.7631823568167727
0.085743569077134
0.18969183033236356
0.3948348760056776
0.04309059406432414
0.5452978860915955
1.3811880966051286
0.31217394823078254
0.1787327765393812
0.5935448340786587
0.3805153485779104
0.6434174803076032
0.4090197773600505
0.09619967001958231
0.7410205841999935
1.2375093360316858
0.3876183270479721
0.03069973382918295
1.0250108264064093
1.2528290285181325
0.33843235913761593
1.1778326294468768
0.2851950745496275
0.027376799577178486
0.9291572668774291
0.4585293393997818
0.571518553482035
0.049229843852832314
0.10606422296206336
0.9982829446936285
2.3676505428013335
0.29533220136927324
0.204773056601523
0.3281214282792029
0.828187137677415
1.1585131698940352
0.768663473045751
0.36174396090074
0.5667194195117208
0.49084442895178526
0.1525680623722088
0.9885846225087656
0.059403363274519096
0.0849192790467621
0.12225179953050666
0.4846295225087558
0.11638408559826155
0.03334431257833568
0.3143109103184888
0.2475848084629589
1.196205558570029
0.7722443404210811
0.0917930975734649
0.11283576221186573
0.4709559788182976
0.8029489343074182
1.2491326235269078
0.988379012768197
0.9265511604117275
1.9920739472771856
1.3082254855409214
0.24574372627178445
0.32641708984064094
0.5840001139242147
0.07082162161106066
0.1654326635061141
0.251916870678476
0.35303344727976
0.06799101959372979
0.08671008461405383
1.3604564651055218
1.3392658466974694
2.38411399369792
0.454536205928469
0.08587074840191304
1.2684260083296812
0.6315866266490041
1.639780970907858
0.654656928650941
0.11602608755351826
0.8815687861598291
1.673547571422533
0.15074928357688652
0.08874238275402191
0.054975999124738426
1.722477206394302
1.710030846294497
0.7560115249719315
0.3862900998600784
0.19213388534159376
1.283072902625678
0.04640847392904206
0.012580296827062076
0.7730568234501135
0.21006000498396865
0.29399691468714734
0.37653166453113934
1.4891020351326933
0.8470438244837226
1.5548547976655425
0.6498671627181143
0.1814143042002105
3.4458328619430403
0.16795472844689904
0.2598920019908173
1.9749760990700345
0.1180811870768729
0.5346347825398088
1.8056705966810827
0.10849397559743304
0.05730609417381599
1.5778728124850094
0.18322805175686802
0.0416302564369647
0.373527589704907
0.5662970907438362
0.5760157223630604
1.0219908818283787
0.047420078027781094
0.2838007296547895
0.6437096408331818
0.21039252718223794
0.11566765680495827
0.06820764759065627
0.2890816979361057
0.5337860058910783
1.4730826516010362
0.5127613579672521
0.25862670873048754
1.058988591449577
1.0474643670980794
0.6977074587558746
1.797067096631158
0.041581391148425496
0.9092637806028376
0.5260764835328328
0.7124532410312195
0.9014538297916233
1.5382104181788911
0.21562333125044042
0.20433346400180669
0.37308957206538207
0.3621931263664321
0.15418658676017857
0.33368839899566227
1.089562588205573
0.46928650806343825
1.9108652210853987
0.07892988888519875
0.22274885921279824
0.33295706023659505
0.13942661183189875
0.03432260341594883
1.0147546466364823
0.07730513932291472
0.2726340549536273
0.4577638745522322
0.5584149902203733
0.3904336099108048
0.04364742036027001
0.09648912474911535
0.056571847318012056
0.41069371960420087
0.21716971202248925
0.24049873940377547
0.37277706346131106
0.6555521734849846
1.669741390916499
1.1094021892561954
0.09177265052023646
0.11454302206557918
0.7511547757220071
0.33397488488967914
0.2523990586662277
1.1549012872691322
0.3140778152686401
0.8751320989114065
3.0199092435766794
3.238175804189917
0.22682602840271548
1.8918498281064384
2.6010219758656654
0.7240453708920521
0.13283606745834134
0.2106401940365568
0.1672680034857612
1.0369103964579234
0.6321205571016936
0.26142986578110816
0.13718003402365614
0.7562964649383843
0.4651929478340454
0.1996072759439978
0.0634781884020401
0.05594505428370725
1.2020246812931992
0.06074258921111609
0.5742736845987597
1.7101087447721897
0.1543689305607344
0.26690579832736705
2.056874763125939
1.0714867138283641
0.10500621484094068
1.0948815238490093
0.0962427192902489
1.3294389419358508
0.03319059537888088
0.37668141394082494
0.3270923574929465
0.947247469831821
0.7640243566500023
0.1131003567631504
1.1220448012453232
0.19266002352084127
1.0001736376400425
1.595401289327954
0.3844145441946974
0.5074259026381392
0.2850542909290582
0.1005355068610433
0.18953671316627152
1.7531834304280483
1.2959185932349824
0.07403306620807218
2.6260692216048493
0.045986974923889624
0.18343542099158774
0.7875437089697396
0.42000963666879987
0.15756463254428357
1.9250147199852419
0.23078706741498145
0.16032918853606987
0.4859511376132632
1.3456277567960682
0.02433084491039781
0.2578435364465872
3.411116478424455
0.6643921391916201
0.555354928164298
0.45805849724174263
0.4790401005681905
1.45847886881971
0.29092489827590506
0.023348286633164107
1.521179956783777
0.38630191362511196
0.30558401603110114
0.33307940142906073
0.8046390116548534
0.5924464820031837
0.48040060968963866
0.20305537129970916
0.10334974335269582
0.26766232951691377
0.07052919972482928
0.252991054726429
0.4405919200802323
0.21914406664442873
0.4327012476974214
0.7331140968339304
0.5967405368663875
0.724440644779972
2.1705721593183487
0.10960126606998402
0.10518301260597518
0.2404082061786076
0.35191127469105465
0.8757734701980995
0.07091639486595758
0.22848852402371833
0.01709924302005415
1.2930079382104342
1.1009246296516373
1.0046454364750848
1.0233547872907125
0.8481957702467814
0.48012601065285576
0.7764617051636673
0.05921868889653314
0.2741823408081308
1.342553140819156
0.7869605706816261
0.06173417546159201
0.4533742497766352
0.060170256224692256
0.45965238483008314
0.8449114925308264
0.07776959739961746
0.04109276379511189
0.26734264742563696
0.01022519507935512
0.08371954294707422
0.6047643344730573
0.4992368989505009
0.09943792301046794
0.5273278305579796
1.1858241310506012
0.6038981316243021
0.9837100671898322
0.07076917361865916
0.5353398985693372
0.2341766852256948
0.4688083306766388
0.3853296628516168
0.352224896690291
1.2074948601385584
0.2687081791571819
0.6937500108084589
0.4652436223310196
1.0642465608738247
0.5147446135914291
0.43724349840937254
0.1432826515337386
1.127976725214691
0.12827620797206915
1.0350045532908483
1.4451395880841154
0.07201880257204482
0.17033397020853128
0.42751034151583817
0.20578059155413478
0.0341589924810173
0.20753310763407046
0.2957224265904613
0.09126581224476858
2.1429757373426037
0.568378693323638
0.43970665498843864
0.21304604945342062
0.20483678114694567
0.3964355712260864
0.3139859185151247
0.23467127037346122
0.4610392914470167
0.20949774600721877
0.14792440052103448
0.2653672865843325
0.8597293774393272
0.32687193744248927
0.12220298754679684
0.6467024775127076
0.14409057999916933
0.5251627085481726
0.36576603635636207
0.1619680711982894
1.5149765589197324
0.2629827712911458
0.7807486021544559
0.5527179767929208
1.3189698565019166
0.321305428432949
0.1434135190769889
1.1003680845383872
0.48315790084796767
0.36096127847196174
0.18504227002134407
0.0696150565699092
0.0560812133993632
0.4473331538724643
0.12002355272456311
0.04424031178774634
1.4493243420454642
0.35999515898812645
0.34064486306129027
0.9671145158051315
0.16976932108437015
0.4216805634063665
1.3491921210640376
0.5962694704124415
0.1981585848187036
1.5377908261952609
0.22537435827943855
0.5318153921446134
0.8586339843349541
0.9163286359075191
0.6686002002382031
0.7055771301060924
0.11785106261801569
0.4604565125339176
0.3994378970942485
0.11953632064130089
0.16861816948468786
0.9860025274082075
0.1823519806100766
0.18451485534655176
1.2324512344116128
0.10675289611367382
0.2968170046153154
1.1897749149786392
0.20385510076027272
0.02955088124745725
0.9249257220438489
0.6528754582914804
0.03355793763365875
0.8520527245923496
0.09812652816130549
0.47732973284061114
0.44858812168700996
1.5806096424671756
0.7237322637125168
0.16475367707760868
0.35457727345011025
0.18442672229492724
1.7554982805699135
0.1613244784054807
0.3175438059668378
0.9466711031361161
0.056461310646036204
0.06079236965504392
2.811366616994644
0.24048119091970976
0.2473843019974013
0.655733817731196
0.828063884804404
0.45853674203703565
1.6976902615910074
1.6754229842554065
0.21750584600248063
0.09532796937586177
0.10281921877891918
0.11282354821465611
0.42420145941022347
0.3998201440833786
0.08692489576131993
0.4384262869101302
0.02297495729920456
0.6001672360976498
2.5609638965922437
0.06296040193251871
0.6678945489884645
0.795042882642448
0.07247195830219233
0.179753531575277
1.7478181944330304
0.4314069034464062
0.31161057773620465
0.7751370866412325
0.1586056187194321
0.46758604857650193
0.45029687204990737
0.4985919772345825
0.10442995499697437
0.8700457777327285
0.44060799969017445
0.4245528498860011
0.39357671987019444
0.580409208408413
0.5643378602996221
1.674504008181652
1.326903805417034
0.7905346090424848
1.735440755437549
1.6214265434022426
0.36172220335586686
0.4264634266681656
0.7336144093563355
0.9161749701030698
1.384180202695155
0.9327307519763066
0.9334034856108404
2.26050159288064
0.38353320356956355
0.8070679764382894
0.2610450376382424
0.2994347708889694
0.33177812707938686
2.681128809489267
0.46199376546231014
0.0908672376702921
0.04650467119398155
1.228868910411985
1.5444296951684
0.17174488286196796
0.10370061928990339
0.20191972010326603
0.3795686682130649
0.3544694446704994
0.08381643820226282
1.5973602757513086
1.7352160157053564
0.4081227982820793
0.012505523529850592
0.23218463587467417
0.05985957934564804
0.05615905301094654
0.43906492165227384
0.11368141735927378
1.2865815207973783
0.43989724498712984
0.8085229407882355
0.6639750538897635
0.13441434390489068
0.25607948464789126
0.27562647164417026
0.6450956193649517
0.3170571734937065
1.020833033855253
0.6306987403250172
0.3254435007549161
2.4256299081842903
0.27529365797710004
0.2161184542716953
0.5314883144506389
0.6220118915037898
1.194315251467553
1.3871213966953102
0.134921139043856
0.050072195638474856
1.9565176416000938
0.23452516585973007
0.33217348021238735
0.8015767908507108
0.6099161613360684
0.10120747865419885
0.3560193076991509
0.14240716958376284
0.2828929157965765
1.6946900786808874
0.4193711190131263
0.9652448503824778
0.34898651675458564
0.10313478157709496
0.8032349177388777
0.08314609526472462
0.3631532069591006
0.7497571228133878
0.3738353633589136
1.0702913067664488
0.1865834181398462
1.6360575248993074
0.3106680995661004
0.6139007637202476
0.26808964451355316
0.0156536871575567
0.02046516408250004
0.43246993704296627
0.7764007912455403
0.2384879408109153
0.47397132757189586
0.1823181580322835
1.6268814956260553
1.921930714979995
1.2549862930563311
0.3203366903255041
0.1815730071553437
0.5742019731919756
0.17611468952776616
0.3241867139712446
0.06918623670137648
0.6171232140652806
1.0130392522614342
0.5907468726245463
0.06613820860856177
0.24169096387123143
0.4433352701482011
0.1776769782942921
0.7934385891846077
0.32484103223771194
0.44411589258352097
0.6517309404326035
0.33176221842995984
0.30626850470430916
0.13408403131277932
1.1098781460407656
0.39291532088904313
0.1840264122278007
2.133314481370848
1.147693565398428
0.41927289172183513
0.04471818698593464
1.1761211568340049
0.8971088686965205
0.2881663362810267
0.646399466069858
0.6309678540695676
0.12139436242957088
0.12351578428665641
0.6150927045544919
0.8325075378490038
0.7219767673356625
0.053922265184792914
1.044131525270821
0.060190284843416056
2.9503716454724236
0.5629630299959686
0.9565053370997031
0.447072044041563
0.17910702804931328
0.2782236253782293
1.2194550328720701
0.3522173556203152
0.40443603879648987
1.047596390777935
0.42199564959271507
0.06491340419037356
2.1386636666329566
0.3255261013419337
1.339314708963778
0.6914964742779298
0.031335575130387254
0.13002801700660666
1.3549386775815682
0.4544742096145086
0.12907665542871788
1.441671976119969
0.1560208171864628
0.03181787087077333
0.4685799465418781
0.4284010994106586
0.09755990247689325
0.10718484205398807
0.17257676864383314
0.13563181549362113
1.547531789877531
0.6813415874258737
0.11801522078662008
0.8701463269533789
0.25298000255646996
0.1506896179671239
0.15648953047120354
0.3039320441648619
0.010968214428495491
0.6796363448499503
0.5138364216586949
0.09436603314692457
1.0112934153600046
1.329710292500171
0.9629537403032824
0.44154152019751475
0.37956538507929277
0.30676837150866965
0.43772759038953885
0.4064632972088889
0.6806749616783733
1.7362445432016522
0.22439378968460338
0.15632729234025944
0.15026229083375223
0.050224079641570184
1.8804085369191137
0.40157806510245336
0.7971530931225161
0.9910230241260178
0.9954813853505426
0.9011991603763699
0.594460534111158
1.3347485104677619
0.06403583810765714
0.8200529118138118
3.162320909228247
0.5579749100500959
0.7837996774804258
0.1721327850461063
0.1749192674735608
0.17128791417323422
0.1533001488041419
0.7182414739885982
0.5289285326914588
0.6980787207408397
0.8497145927544598
0.7476912526921414
0.4303459005943182
0.027850029375697666
0.08454464687315331
0.2671092035397104
0.19834438257206424
0.2855050888688777
0.6278307177884931
0.8600492168221089
0.35962592143394606
0.11454169197527704
0.02403244568087977
0.03984918929390967
1.1727671704178615
0.06921112166476528
0.4155725012969649
1.4030633882701782
0.052003029298620176
0.2092452605717166
0.48160612748552906
0.5808519473240209
0.11665974889849748
0.07608387682206424
0.016729024141607717
0.9520144864499196
0.4246231971147062
0.32565529507361557
0.3274160718568265
1.297938593687933
0.3290707629016336
0.09146070626052111
0.7418513143991623
0.5665401493182008
0.2928951448984175
1.5080433985591246
0.03335106454005173
0.04425093590074268
0.034065428552546594
0.2574821610112593
0.19656493905167158
3.137275979898804
0.10960581546142965
0.0665826071648659
0.1278671754355453
0.4069380911881796
1.1735935657284646
0.3524495161801657
0.2839775588298874
0.33136961244132435
0.37937339236115886
0.04642688905053165
0.1751541057444394
1.372727647213289
0.17622394789397286
0.26663739895150645
1.0002637645888528
0.5763314631108082
0.29445227075532143
0.1257192477160962
0.8879028175562408
1.1190796590426255
0.5041148624965281
0.14401963496887346
0.011456618256015908
0.8045586068472508
0.3446729944293719
0.1870581840158349
0.6482534501023764
0.34481095439118414
0.036703089982259046
0.2372287658662229
0.168135054958149
0.0961046849663743
2.223486301698902
0.6425887180562008
0.0867772211110182
0.435227846645164
0.20300769089019607
0.13133609545486236
0.9428940762254211
0.08474135141136271
0.1466119395251925
0.41426881282827144
0.033349072865404485
0.2998763039239365
0.08190450997224204
0.19391222858451732
0.31727508283946454
1.1833870173918322
0.48318669556509364
0.21777746124908
0.23825227874683802
0.040220978634954684
0.14790404283085
0.4729888308232498
0.21824385257913473
0.128804967265827
0.4945605562818742
0.24173282039730462
0.0794630008483283
0.29599298777070654
0.6690256839223249
0.42845614392576026
0.47279369932216064
0.12427505887906878
0.05382061293364454
0.1359670282367466
1.357920678421597
1.8576980538591727
0.95596528621162
0.3752554655668248
0.7572025114424519
1.9365456681944015
0.8332814931138842
0.5891548812274431
0.3632889439481897
0.28126921354425694
1.9072901531555764
0.9102722669947608
0.3597675531315488
0.7153219413590862
0.09019708184794249
0.9612646475758009
2.348668502513994
2.596671020107859
0.49456514797766504
0.8672470454954541
1.5608964478911223
0.27665836850501363
0.8170707102905571
1.453742789310628
0.730489726449735
0.8006607944988773
1.5099735663649774
0.13828454975978632
0.5171302648390758
0.07550616110900134
0.7267433749856799
0.885542256441794
0.25953298075375114
0.1647039289416389
0.35409983031021974
0.18530537793859006
0.20188411462446892
0.07656924587411686
0.2599688105665291
0.8340775151740513
0.6297471771683388
0.8768497223586078
0.5771091140446835
0.7601935737117169
0.2017698741243686
0.8514770636506506
0.2144533185683449
1.6510291525613752
1.7071168953941374
0.307814434207274
0.7472450507338099
0.8279785971084354
0.15579777607728118
2.86673379597929
0.550640807380908
2.0499617781806423
0.4310538487631133
0.3006190305051002
0.48214423677150453
1.3725988199953147
0.6674072929704307
0.40813610799233935
1.6476873172618924
0.07689866795501239
0.1454688618302336
0.32384603540698964
0.19863450392276022
0.15059186211943074
0.24212358108441107
0.46764111829516974
0.763988628379391
0.431111630991569
0.2724970113387048
1.2516105340347867
0.40173359997751124
0.053562474859317984
0.017815041831990102
0.5674968255487329
0.9847069238578621
0.2837750263824544
1.2944243961882824
1.9731449486188424
1.2811994290796838
1.9093786874009162
0.5970268203076128
0.8453545988865663
0.7902868882619623
0.09331482463842902
0.27705854667590146
1.1365192312007455
1.6224490420116355
0.06275710136736733
1.1544720168885938
0.11452169119660012
0.3860745245537474
1.6511255110790288
0.15622155845295996
0.1523133913358423
1.1190171579925927
1.9065886964671488
0.4661420101132664
0.448001430872688
0.46119713985362165
0.2017338674371535
1.136921352790746
0.3189392933291859
0.3192593018673134
0.39335160011614717
0.22577451962020756
0.03667447405522426
0.7255450872759132
2.1771086278548584
1.0931197941476711
1.1512967560455558
0.178890304473505
0.1913763383792003
0.48892544194016535
0.03460567258867698
1.7565307762711184
0.4001055273502766
0.1448485547358156
0.08814696595228866
0.19380181191038764
0.12756011721049906
1.4715707144815697
1.9837622870946456
0.772296397386663
0.1511337260555044
0.5725423093564539
0.6321546301520284
1.4017947112492926
1.1706333212874482
0.13845955531502932
0.5905887834655424
0.5739874863020037
0.11693639742478595
0.0394116531446943
0.47910672039728625
0.770925233997905
0.45496421164623424
0.7483010028214985
0.12729916927622031
0.12217482168132558
0.12153380557674218
0.04734493564563636
1.2552766320461555
1.747823423953833
0.48700521062302937
0.452195687397002
0.42954650963801855
0.3468289673272008
0.33133514855518253
0.31703468591654627
0.5104226866460669
0.25218875451934286
0.9784359041211083
0.08641609219526869
2.1312131879981506
1.9407874829802385
0.07117910909291258
0.09446010466067674
0.38889110983553454
0.6106796120748731
0.083772580483454
1.4329730187936724
0.7199010055554351
0.7201504045968867
0.45082014177406043
0.18302661136355344
0.08722569408085554
1.1388506773052585
0.12093714079213437
0.28403859934951275
1.837257274727411
0.09326673796324406
0.18036578298764666
0.5954254087361291
0.698770226767347
0.5695840878137451
0.3112526235671429
0.9239957536897393
0.22607570604376875
0.7830775730951844
0.14289465178906613
0.39174346408181443
0.9646224721396867
0.015120959611083763
0.950993114352714
0.5980817386014048
0.760851351154528
0.46119709573068457
0.2846830501272577
0.1822466602406284
0.48536077457725757
1.2987598235756288
0.8189617272877123
0.7205529930121826
0.4678653780040207
0.3884668422952843
0.5070931664102712
1.371397389883359
0.22868627786257023
0.24486165617470657
2.517440536807506
0.004860832432714529
0.3369391043207295
0.7200105582795883
0.5976591519534379
0.8372050848006259
2.618595680515592
0.14612339056997378
0.7549876356060183
1.400644459631836
0.12540198787292
0.1258056739047002
0.7807520887724554
0.30764050874303217
0.006985368916017601
0.5815635751741925
0.49222690219406606
0.007627984854167004
0.34143673331274005
0.43671106546771454
0.7643499546464405
0.3164832637154115
0.0639057780186357
0.45889687263001616
1.107709438804341
0.9181018169592915
0.6773692366795415
0.06224072566066764
0.015509726309304363
0.04416672817112051
0.9526427694194127
0.7538150933370217
0.11551421532386241
0.09191692469035372
0.18592331393550002
0.45838488735179234
0.5847659869737298
0.08670936907765059
0.3992971943749329
1.1856749117621903
0.061414130420922156
0.06890356132014873
0.28566065202910546
0.058673040326113556
1.0358349041089447
1.5345142521057318
0.204246302894895
2.6621869052225664
0.10158265542208346
0.21686601806605232
0.29978574767592847
0.7402287328292171
0.5225670091671202
0.14739424361586997
0.21883235521331623
1.289325967478248
0.06420361502779828
0.7994277361581096
0.5119553239493159
0.12609433774340806
1.0690052856035666
0.03799123390360892
0.5921100229934388
0.20376512063276286
0.15442138459856064
0.1728141397923723
0.7291821398257162
0.28717389582396136
0.22942917998742948
0.8676775748950519
0.014871102147160595
0.30509960610561687
0.07648252132564283
0.39648610715511956
0.018685210009197244
0.7838871778500223
0.8633254559272914
1.3335655125167203
1.741757907223047
0.10229396459737335
0.16744445575707564
1.729698836262
0.8008410241965377
0.5649745358155284
0.8138587230844211
1.2328083978372812
0.09862422177850513
2.604015515964373
0.6372996660879251
0.1368686954323646
0.7089263570428953
0.7075058930307165
0.2549017613802336
1.7443527707003044
0.7058112052228208
0.7452239783978063
1.8712550055162422
0.5349968287211453
1.0665190724109297
1.4305425065637691
1.130702928627416
0.722003272688027
0.495366256236149
0.12494258690484009
0.648232283246626
3.357120493840179
0.1972444953437483
0.37034993280545897
1.1087103889908418
0.7697685895636742
0.34992867498510455
0.5513535081017154
0.3934020478888859
0.448356903072768
1.160758925510789
0.6732539808817353
0.11849261264248925
0.8238969760820429
0.5942570392723618
0.24749413234968884
0.02346631949272055
0.06791484344422932
0.14117753661017254
0.2452000096171014
0.20702021238460547
1.4381995311750553
0.20627401500309875
0.14541643921393269
0.6732316592520966
0.21388935489666155
0.29268069945283554
0.013341656005531182
0.7353316321254755
0.3955300777181662
0.33030728738001586
0.11053988351785547
0.5908107599142473
0.03627388461143016
1.1287966130839577
0.2843141508181802
0.13536971284380286
1.742700208522778
0.23697594137886901
0.41688213425679005
1.2013983477027406
0.2335781679715127
0.23809350344502286
0.30875224852320476
0.18042081379108088
0.18192957444182833
1.4205432011146402
0.1581399087258334
0.240003355605257
0.20896133963619698
0.5372347504524825
0.6203525540801689
0.2594012136498075
1.661091411964357
1.1199215286267088
0.759727854871377
0.050842902217282625
0.1210061509917765
0.3014488285779882
0.8081339528754399
0.5403272479784793
0.14647346091227803
0.44254496322738507
0.5634189979292219
0.30410538341897564
0.39575367490277863
0.4458559798370759
0.919746002513152
0.1256217512662978
0.061130517286185994
0.4642040041896611
0.020404921268389893
0.8878769314461317
0.8637798004740017
0.12705193487584931
0.03843757913062416
0.7444157567545431
0.3637424835096972
0.13690488935277037
0.14464832926882387
1.8392400911866145
0.44050139801426064
0.15094134761605665
1.602765891490381
0.21233979307815085
0.819387025833227
0.17141204774474994
1.0100225950001438
0.7727259998510146
0.37997867974303956
0.3517266775794196
1.0869419972212109
0.9823016671740955
0.7135563982542111
0.8868691423545744
3.2477448615343807
1.4916009049954395
0.9117983405711807
0.06274348874341237
0.09983480509733583
0.21293958300900123
0.6436360186318534
0.8827305782162747
3.0871570623185396
0.5895944952578814
0.4842261323652736
2.439126630421204
1.4226876220324005
0.9111350388319184
0.21340601747907878
0.27213101807756157
1.70258217644478
0.7056180250175836
0.4290267698745253
0.0601936947609016
1.2767293180872645
0.7210073393435419
0.24092506378820494
0.08858699777295781
1.108007833885837
0.46494302394886156
1.762197980614423
0.5472911968969928
1.307928240234306
1.6721349292047951
0.7135457148693354
0.5124765707788109
0.442685802030756
0.3995316705305637
0.5383336301813834
2.4914780039785454
0.5786936329716035
0.5204258413958673
2.347828506543221
0.253028743986234
1.505302311743187
0.17226000955444823
0.05376074540616267
0.25787991234499613
0.45152153964790365
0.17294682658188168
0.06683962431227214
0.5473443900307207
0.40314633842358866
0.01263754661260084
1.255164904609336
0.17992058779328343
0.0734613017424354
1.6760861480116702
0.1491667811760365
0.27526596521140057
0.30559619632812135
0.08439399551519551
0.07975000238543445
0.755840157635471
1.3032870952003666
0.4545072431933415
0.661262033843993
0.3401835892776597
1.0231703090662687
2.059951236382178
0.11658126180976107
0.0708254402111881
0.2549782277133207
0.22156673149960995
0.06461916366405553
1.7086488099804447
0.7794048229429168
1.0892943896269554
0.881954088192381
0.2698740745704758
0.4500362623368315
0.41391829819992776
0.03383478566224903
0.4014342920270922
0.3355800272593685
0.7018233019763975
0.4276179295517501
1.372962775800519
0.5568777108422928
0.16060860855839015
0.5001973995357896
0.007297474196617472
0.11035177422653893
0.4993046926125469
0.5864302303860129
1.0036571650542179
0.19751224005523885
0.16194742386243016
1.004106295773835
1.6924353857761367
0.23011015824177247
0.1438220053862174
0.6819974244889592
0.9947712127277749
1.2186516533096994
1.0364779019953185
0.051108966978977224
0.422153727934926
0.8293544121781323
0.0826181834786261
0.23310130750280206
0.029016718443258
0.21942314678026345
2.0472389750196585
0.6315004519472306
0.049174186285195085
0.06796435063991248
2.544878722918775
0.20484096712250888
0.4943893224618809
0.27200738734417057
2.095182816868043
0.05355849965652036
0.49967155804018926
0.5402257240496502
0.047219971731406046
1.0639056645354978
0.0808382562201902
0.7908428481139769
0.7356560031112198
0.08580056565411028
0.44237989887843004
0.7936760853346613
0.3198032250106127
0.8353425424420942
0.3311599107956475
0.9992026187057604
0.5518761450728182
1.040451950912668
0.1384360309986598
0.157419625187768
0.8384034082809005
0.6338856867690389
1.1989442504795664
0.06280563303429669
0.33281104063840083
0.04917830691759083
0.35222504040461855
0.33758849180364137
0.27284482375288976
0.49916826885758747
0.5037473591083443
0.6308408121636249
0.6648803704875109
0.34182873522055096
0.3476004811329363
0.005775025181785387
1.3148641189625396
0.049144149996554476
0.7207800593503804
0.13611519627484794
0.29785516515639987
0.5357234877008208
0.3862764011726096
0.800574113461572
1.2122713296829206
0.3938515338076155
2.030449573625458
0.7488705731568678
0.25493380159841145
0.22672393089864679
0.979805941276553
0.09018439721107431
0.06462091319796405
0.5664594366401405
0.45623059334950267
0.11367559167626122
0.3391811441408992
1.1366124309931436
0.5625269732458091
3.355743943334748
1.1430429315858501
0.18163253856294126
1.1393260568542753
0.5521044827353708
0.9940716272053635
2.062761647945196
0.36276465224847904
0.1499837267273419
1.2903372009256473
0.6944191284445423
0.1675279215227241
0.518376715577801
0.2518692355210041
1.0753436791852435
0.3042294168907981
0.09516595145377
0.6562326494353804
0.727696341813663
0.46881801351015384
0.44340406282036554
0.10724900932473301
1.8580938135752414
1.7136021394598675
1.2268155165395387
0.4879873459221938
0.18433378803686218
0.30362441178540145
0.03955962401186108
0.019746018469777905
0.5464786572731919
0.18261895891813945
0.013480014430874194
2.1491131628669597
0.2112299407437189
0.1843042890708629
1.347926601051096
0.8848902398573445
0.9624746130585345
1.0505174993024213
0.15149803643034035
0.042484787998725716
0.4194203109234333
0.15890612900357504
0.8506976960371792
0.9015173308995348
0.05664027409995086
0.40393210752018677
1.210123256323353
0.3318917338650122
0.4789984602978811
3.43289710730437
0.7628895875708346
2.1115295385544317
0.46201194954846725
0.022073562987582816
0.12692021588551886
0.565059803152866
0.061663427678654084
0.16835475549254206
0.9933183258201986
0.4721573954207853
0.5412482478011769
0.4042336035019475
0.4149202555094832
0.9314243425149112
0.7124984599561043
0.18359233651454163
0.5461630983400475
0.7897849606723658
0.8808101571032628
0.578901238817591
0.34480486088667905
0.33681560499049795
0.2039149332535357
0.04802507608946876
0.2075968374357105
0.06339888939054081
1.4115247069314947
0.04839433276320173
0.42646820127681223
1.8617664155909002
0.03837817159146095
0.19170438017914204
0.2362971535943816
0.2789135289360819
0.2072401740575835
0.7988250437939668
0.15209690588817143
0.5157857149231586
0.08645456017339608
0.9362398879228316
2.1239556731892457
0.8692531270311057
0.09411412732584229
0.1849980856139074
0.8472902818583757
0.06049742357199033
0.07628525829742609
0.5167074436319621
0.06719197161233699
0.20303008023939906
0.6618488381213276
0.23532182265645724
0.5089291998109627
0.5160926189681653
0.4758113147028694
0.3324534863945022
3.3382235051981204
0.3755469890166253
0.7846829424373211
1.0752085254760868
1.022270218208832
0.27704683256078166
0.017538882556699945
2.0767080657919927
1.1389220643655318
0.7465680464784725
0.34199071723436275
1.8185299536958097
0.021811051216024387
0.5765192870671592
0.7839723257323366
0.11761051343310787
0.20143097114035952
0.6241724201821832
0.1471724571116896
0.2261701882977142
0.03459482151757534
0.7489732597399688
0.17995791990143142
0.11539163815171327
0.04947931812734525
0.34570881396459263
0.35520451251566365
0.023172560364283532
1.135810819717576
0.26316197853466483
1.559097498541399
0.21117502982153372
2.2119494835809137
0.8479440248014312
0.3227766649328885
0.5059442883980042
0.20984643480719567
0.3730256119982751
0.8794741228979388
0.3179654517078045
0.12239571940989644
0.30897279457070104
0.6422722105945143
1.0092416708710827
0.901471881038121
2.811879347881041
0.5710815112604335
0.47664538283222346
0.7701916558846204
0.36762162503373036
0.3411502563447106
0.7674499540014075
0.6298260006337326
0.6416011266159211
1.5583337452080217
0.11957638634994029
0.15899209688449892
0.5861536556209407
1.7498464406909278
0.6959693252318854
0.21791175662322165
0.12720374142185303
0.06000605917738252
1.2261711147864072
0.053026565923703854
0.1354668835923602
0.41126258654566555
0.24620938179342042
0.06197304952215328
0.03478791334606623
1.4901633626678386
0.3834438174132885
1.571692409056331
0.5437739907816971
0.33210931584001546
0.14924239172831172
0.5605762339145322
0.25424786347356987
0.2755847434933202
0.1045967300303361
0.14072649602657517
1.289657013808442
0.6940913764747968
1.2687133452374941
0.051601691684660375
0.24035786913198487
0.014507453026138041
0.13766332778503093
0.6402822718760217
0.5108005057055912
0.37016059938943385
0.0780158155014599
0.5413744753409973
1.0739182719561753
0.34938535901056983
0.4233328193510598
0.20592592496082338
0.2958524959591546
0.06948040234507916
0.11071487329449292
0.528285083012302
0.2989474967045345
0.2803931038173584
0.6563028582177943
0.11849076686620402
0.1461754586186078
0.10244494941549216
0.1328541703578406
0.39574328167830686
0.017993425704879683
0.5040259574825012
1.1428013851092318
0.1010692685227899
0.1668464075202193
1.3786129039012323
0.1322482218627352
0.37918391511859245
0.6559391521610113
0.07241734547302081
0.03867671995934492
0.6095160184723007
0.08559553106287499
0.11707187576613068
0.8153875861210959
0.2609635972561413
0.048057992251928056
0.3262327033323214
0.44538993163479396
0.2904863905014224
2.9134599359424858
0.1593102792193221
0.524665683478641
0.5000331445825977
0.15236902209385011
0.0526674504030276
0.2570915444233766
0.017652918204438286
0.06018465578695168
1.495398900739531
0.5201374931982123
0.520468640690044
0.06009613297126754
0.46589444119963225
1.3587324822573261
1.4560669041386467
0.9638244063856573
0.46047069829193515
0.3704012148072279
0.0176224538301638
0.10574912074703346
1.8703100975889146
0.5382396351090214
0.017308282158591388
1.2046336315788155
0.5612203080045062
0.07878065938549235
0.38237550854423813
0.15925369335347114
0.0116648431095543
1.159914713180997
0.64430639748782
1.9856678841999897
0.27337360541504274
0.8909488605377206
0.28376286345194873
0.7448250999203788
0.27916529638244275
0.35701475202150984
0.30891455843274856
0.43845081063486535
0.314746995536533
0.7180002512272705
0.7199760217355575
0.16562485162884594
1.396908067130872
0.3701220451244413
0.34590660801566997
0.3236691476703464
0.5028590394372839
0.16237145499778824
0.9971007962078022
0.05817956679706646
0.029794816123361715
0.5080914175375123
0.08906666117049336
0.2460461862904245
1.8759485167036805
1.3606071626224603
0.3254407610539533
2.2725783169529845
1.1776168110098957
0.4873275950898379
0.6514700969472523
0.25431256128534424
0.3114561670371782
0.5683763624873804
0.21656301075885556
0.27624141247079087
0.4384257997450888
1.006000674610002
0.3777115215318467
0.2347901307227094
0.03737986974750353
0.2397075558281566
1.0419990877069996
0.09874023591513036
0.16834839002535334
0.028647037988450093
0.8588341814675046
0.7290472232492857
0.636591127384443
0.8297127766294492
1.7459465370373635
0.4907493226931592
0.14376274999573335
0.1822506472800575
0.98118525444318
0.5003799940294231
0.5426596156792648
0.7576597747743639
0.05764327802493014
0.2087647233995763
1.1690920325569212
0.3251124931949459
0.6425043045117684
0.4748284220023005
2.5688743285782496
0.17424828031664996
0.630412310360948
0.6843201678614722
0.7006052653584989
1.992968578155411
0.1596558491623956
0.7041834885465337
0.6654007225625439
0.7599893453556881
0.3568059849824646
2.406140634988608
0.03349969695942344
0.6736767253231671
0.5930279789497711
0.10255959341786597
0.7555479456626739
0.5627445005185538
0.3428900484438598
0.2662943088934536
0.36263355360389155
0.0023990010341756363
0.10731321328904128
1.1438124070166598
0.25888275984288567
0.5764985596311475
1.1639049202295904
0.006314078072470049
0.08552834288994265
0.403508634613759
0.0012549056886967187
0.08534257771487977
0.3685887954835535
0.4464683912497057
0.5744269515553452
0.5856970766035272
1.0884199244985902
0.9808751114989485
0.25320761491759747
0.1578961243565808
0.542485231467941
0.3281478965155922
0.2601749326946014
0.11955559059418153
0.6540810789102313
1.1312711655002827
0.2434878837572684
0.35438762940636864
1.6107181217677857
0.1232255161651871
2.0523461443961635
