0.6083619099611091
0.059088041275227286
0.2058602798059344
1.0362176906133873
0.23690768719146546
0.13792384154536488
0.6174280575755188
0.13919942701220545
0.030922928675245643
1.2767079027299528
1.052541658487817
0.17410574267949372
0.723753811252404
0.9306322636379126
0.9255351574164625
0.6959972652293306
0.3512157173411978
0.8210674247942223
0.3939833257624941
0.06955276881992438
0.45067374106462765
1.4652620916090373
0.1444726602682079
0.14781420371229942
4.375194103195423
0.33480012688013755
1.110189636344061
1.2644474808886423
0.03649585402124288
0.06787587669344769
0.8518361245768765
0.8048337790692761
0.2597642839534746
0.3579645107470032
2.484471823556068
2.109438459727045
1.6196649606902824
0.5491750455334518
1.228223835631974
1.6075096366528525
0.22605477290158846
0.5395219885774977
0.42836119641448783
0.16136628204857206
0.20615143603723485
0.5392546879368388
0.2719267260480399
0.6530412593004462
0.643405267498447
2.0323027375568206
1.9834441007001367
1.8891234367017318
3.799682267348912
0.37482473037934244
1.0922055703080638
0.8200215834267868
0.5779666423203653
0.15863323929360776
0.5428564824844878
0.5685383944348754
0.08640849629404185
0.7452761746205796
0.6056927906985816
1.1114789029617047
0.5586146305080449
0.10977606100834479
1.1162653706466665
0.18503488787983757
0.08533636135241586
1.3629044369175494
0.3004195219453104
0.4542034131419222
0.6929674863100549
1.1122504595755482
0.3161237192922869
0.4052723517225338
0.4101276236779954
0.146003877979349
1.9199199191952305
0.7553614994916997
0.26837489159011907
0.43491498987407773
0.37098021802860787
0.283603649524811
1.4164478066185537
0.5493702917633936
0.6643859983993983
0.8996279028326731
1.2697862939496036
0.36340241447507077
1.6281236367472915
0.23949720928480767
0.06349641801804251
0.007461861726288583
0.1242401630268227
0.13250359332529166
2.1903174285233256
0.8369818755675559
0.5315887048043345
2.148664614734872
1.5939137531768994
0.8854305102881208
0.18954506183774245
1.1404484687336847
1.7756011851628237
0.15232967566711708
0.24954957378509743
2.0894697042443298
0.10275133340893979
0.2571570560366388
0.3704253739862404
0.9803973862277559
0.045438811521546205
0.11263709183730458
0.7845954900135952
0.03541160067339718
0.21505458011972525
1.8268761795786366
0.1221883137172767
0.2967636726474729
0.8640474915477849
0.49947957908194623
2.0783985743426223
0.25831799169884917
0.5316096224319152
0.012699180941064522
1.138141879967368
0.7606617689704913
0.13638242522931845
2.0950892059486517
0.68882123985547
1.1337673710942202
0.33352659133225077
0.13727533709611936
0.27246231588384023
0.14979414188030882
0.7872229839507587
0.12811030785444816
0.6123214751585969
0.07556359740911169
0.13279467025010222
0.4003645058334547
0.19729326711161307
0.5201302465287484
0.715122974833713
0.3412158206682986
0.2829699247638798
0.4378300814964717
0.5087624043949475
0.5806441540530145
1.7579636046673486
0.13297990018009495
0.11825748183472955
0.40673104025021245
0.20238035373399857
0.44198345261606653
0.8057291455876118
0.025466634793867612
0.737633835865985
0.9553245009587944
0.4739601477390809
1.4742052577839053
1.047329420260669
0.7710663662694975
0.49493115793889925
0.4154329883033777
2.093261217453806
1.0608986355589185
0.281442665660141
0.20105225774429164
0.7497418806805596
0.5881301175971579
0.7086497782494449
0.01677184114293263
0.08501832670976714
0.16637669433449553
0.3615109533638046
0.595771965871157
0.16917629295174097
0.12164699308575654
1.5502680249973795
1.1823037661650961
0.39211427027955736
0.22691998974783548
1.1179723169559947
1.1964294442078083
0.5848529524455346
1.1843871295798627
0.7867347284495421
0.5014253807735018
0.30187885990117824
0.32435555639901675
1.2359809415242493
0.8014086695429218
1.0028930952803323
0.8893771658788546
0.11010730645001152
0.15119253035940552
0.31351126717002215
0.09230865259719356
0.15628418085409207
0.09446661357270524
1.1066142441479974
0.11357622180629351
2.4178516503271523
0.2866208749822157
0.08041629207631855
0.48662733418003545
0.10982590759214524
0.03849588338052214
0.16757041234053427
0.025175566395038717
0.37217677020003237
1.1633314917627644
0.4033485362628054
0.5136529903278108
0.967753107506275
0.024578312715323687
0.3483329167919692
1.3440447734825207
0.08039826944739271
0.2749972245023689
1.0643090939895314
0.07521863607722694
0.0739701306031791
0.43897180281287945
0.20841380588087127
1.124691412922228
0.5907026408381127
0.16130344501872546
0.3145690812634548
0.2791428494881727
0.7815013194136013
1.874571539678491
0.351981346594051
0.13845078428536897
0.44819647450216826
2.9327858473357065
0.8626958821804185
0.158223674948161
0.6681381562174514
0.165924839553747
0.2855783516163516
0.6599524268370563
0.3515855558929176
0.2347809416835243
0.49772964929952473
0.09489326859875334
0.43530907582126893
1.1180483417929676
0.28521849340894806
1.5952411879052915
0.014254357669627456
0.14620848198402686
0.6021751181399149
1.2771129779769985
0.08959363099362047
0.015025881034678598
0.562582046374824
0.21814776777671224
0.1958504623689048
0.1876654112160365
0.21224748430016574
0.4667335135199909
1.0756537911831519
0.3716311705505182
0.5485037205052058
1.1875033555014827
0.7559433527874879
0.17126986333245914
0.6539187150313255
0.9932057289172781
0.04766402589458766
1.2917831265243649
1.0639044249737033
0.23510151366133758
0.9008179216106244
0.12238691812706157
0.3580361686592218
0.3010311303309259
0.39374603958102167
0.6296116302457433
0.12935806620406629
0.2719444661984797
0.16943191617336933
0.6149822691698292
0.30713292513162355
0.1930207651452037
0.7558842362372187
0.34948660778621604
0.3828254909349461
1.281733972151452
0.4667910664805152
0.15920399464122098
0.42138867048640577
0.316381804293736
0.1299614105086145
1.0004609576295667
0.2635851262049917
0.026722118228586198
0.23570592794385853
0.4233300237080844
0.9177316963061851
0.12089142756442199
0.12227084107305801
0.5729653317285744
0.3857568305805121
0.5456908793398901
0.7976811479247402
0.17095196501521653
0.02052000297414261
0.2711520310602418
0.7452848895041991
0.3401556496615472
0.1841369325836874
1.354864289653624
1.1355340971074093
0.24785662108458636
0.5180267933350275
0.43340485105786813
0.2764410583704094
0.30782140440649736
0.4128014022561473
0.19398121342307562
1.1373937495923372
0.5267718803299873
0.22061255975726676
2.9272899841787803
0.8626597911791364
0.818854796896807
0.23474332810922807
0.22613155607173432
0.29755070429453456
1.1265005858322559
0.043953805057189516
0.3017486113527857
0.08106028967301714
0.35217150316543616
0.4001386174621914
0.48036661426024707
0.07042020567710756
0.045423124888471805
0.5635386886368932
0.04392076717482625
0.7433228820648868
0.055559684786650146
0.2300328099477877
0.32533356384019746
1.6402104315619346
0.7156638357469529
3.5775979245482605
0.439622850744283
0.28954387068492643
0.47441707828563595
0.22688287519091155
0.22635427914348077
0.18847779115918645
1.3516848889824815
0.0950431130206474
0.21618105345942518
0.26598125127489375
0.7282361015714227
1.0481005255522193
0.2875591322767969
2.1169415120984687
0.14706332369263217
0.08878404402765414
0.03130020306053436
1.2995004370166447
0.19884637590889967
0.3374283698472021
0.1370559280260172
0.14244994631964913
1.2340893272587399
0.9699970762410179
0.04620909770243768
0.3626950496837209
0.22517709038064568
0.23249767830803306
0.3215370147217651
0.2557281107250219
1.245081644016192
0.24147218081833374
0.2633437887942479
0.9780738990508602
0.31909556332933947
0.9497186042190346
0.7740595133078546
0.1887926576629193
0.013008962218965142
0.19643258717590753
0.19655842163165332
0.011105156540051694
3.2040445846602905
0.5111107124147483
0.4189772208200653
1.7226089767669437
0.3327465232841293
1.0825693080095782
0.3144256349364119
0.2844696088591652
0.3267212189934642
1.6414132561091057
0.05886125096102432
0.12809382677221437
0.9559998860065166
0.17653237767855062
0.13487695627146412
1.0119416348284087
0.2940001951171298
0.08976449351737753
1.1030358325951957
1.2302476915726657
0.5126337757437557
0.43063535149732624
0.10429178234869492
0.058648715984613194
0.3920892024741826
0.5431822106173714
0.43527162039518785
1.5443432345463355
0.18663946731963654
0.13399660363262186
2.2446839783021364
0.2535482767677051
0.5239739049310717
0.554423911254993
0.24035902145118607
0.6787978478704668
0.2625843376873769
0.025892883787255145
0.24854029106156553
0.9030040879528868
0.16491987589496215
0.013970893414081947
0.42314072151056953
0.06843907431210236
0.031941541643530066
0.47216297538420077
0.5367927742847051
0.12893077738515732
0.45822122209218563
0.6053599175076972
0.08696816229640274
1.2749734375538888
0.06185914124124043
0.030642704172483586
0.3459629949724618
0.29423541623581834
0.35548151540712636
0.5246857682638337
1.1131220079769746
0.5358769756526737
1.4134444635747851
0.23038002819213332
0.040347875221870756
0.9884906879849187
0.3721699455724311
0.2590318904327931
0.5069465726288294
0.5052708583076817
0.7094983883400796
0.6711797548815639
0.1678120207825875
0.04191497867584136
0.2620662852460012
0.9251927983407578
0.1563768476132226
1.066343352087655
0.4111916158297715
0.42568481895983545
0.19630213820273898
1.279778694249205
0.35804420536453313
0.10356617788862797
0.29594594252626516
1.2352995557684565
0.5722953768456579
0.20192594703751804
1.7675252389913305
0.686083322480037
0.3734587328097871
0.39574145736298594
0.0967810705461121
0.8679184978805009
1.3010261710160853
1.438664757505826
0.08083409072299705
0.25170201846260604
1.1143046271464352
0.17479232575092876
0.15123623179162943
1.0675413372425924
0.06411026451883546
0.37681359993600577
0.369806438219587
0.6718175390475349
1.0845135872614848
0.8524538319710055
0.41694559844539986
0.43313490849555053
3.9267344836147506
0.01664383209155033
0.40372952386969924
0.7599006190347739
0.150635506105348
0.03623108248721005
2.156104802737592
0.307075299012446
0.06670401250314108
0.2812338107731946
0.3934088226371525
0.7928346728996641
1.6304872745871057
0.2934103237904324
0.33184630724207553
0.5227696376455353
1.1424402242154115
0.8188533054581347
0.21377531186230753
0.09042658264409642
0.09627850737698097
0.28655592080080927
0.26002745972322566
1.2183702731168238
0.7726106031350192
0.37164440334696586
1.4493228427683926
0.4590114436242609
2.8745664013941234
0.14597386821176747
1.0053136655879387
0.0620876048601145
0.06798468070075535
0.6023172616465423
0.6585195593125165
0.04084445325262649
3.276998637555777
0.5961022575181175
0.679533985492222
0.16161122664515448
0.0843358049590464
0.2403641651425481
0.717217193225176
0.16326744947964855
0.20813161644836806
0.3945370715793217
0.2937131467467502
0.6958407120996755
0.16001921893234974
1.1810454321002823
0.48976465281409703
0.6003488454728425
0.09971818741116083
1.039940175099983
0.025096143711094938
0.054269575026561066
0.14988371446478735
0.3893026962720176
0.840911571082591
0.1395678934659583
0.1617533883846476
0.046783475336114856
0.45644900180570874
0.1446187621108154
1.1286696731630144
1.4526592171305792
0.1779474847065674
0.5553428760013758
0.3801741274877918
1.03109512421742
0.3894908289773053
0.01187138555837707
2.675812945631887
1.2869709678433834
0.17686418349576563
0.6171497078456599
0.7265631874237471
0.7303742267461835
0.39056435888406477
0.41225679189497116
0.1548336422616063
2.813909331459244
1.2164436453394765
0.20526156486651667
0.5340077459110644
0.5101191717553538
0.059891453008074275
1.0621656255916476
0.0014382175097943854
0.32894022203980816
0.7928039807552073
0.3205487576147611
0.31668743468880645
1.019600444350064
0.5670722008991362
0.23727994305850283
0.6554096191362732
0.10277358836389595
0.5230036808451524
0.8869870490394004
0.11533033126006595
0.04957241625067521
1.4692332576728775
0.31698806469096913
0.14442663597961983
0.6402306290897182
0.18041788109561546
0.09765723901277693
1.2978480811234685
0.46799415271081435
0.08251316462671375
2.6920608271416606
0.06653667880587852
0.5351175252183833
0.04734912481096788
0.3835255526278039
0.3123335828794215
1.0737428813882717
0.07777657443922885
0.0152493308501802
0.2455304770626027
0.030688577045003548
0.05987636652144154
2.1355301658291235
1.3440081837862738
2.7304682096354562
0.6087063500951958
0.09743957485113929
0.06385481505890893
0.7706005323556957
0.22337566371866138
0.29228114074642075
0.27191597457391103
0.35791750670456535
0.013164694606337566
0.7786374289494267
0.06419488200415568
0.4613388576997675
0.09585108932179374
0.03606575575981943
0.42652851060847097
0.6692392431640192
3.171209291629386
0.16543045712357324
0.9983061770663033
0.09707502778767547
0.09718274508328903
0.1553273944260745
0.948687183933402
0.36702343341987836
0.5567821559502638
0.17754692084722518
0.11456265731926017
1.4136440822818337
0.23665779249576208
0.22983413625412497
0.7985014606925861
0.06912420031301743
0.4491795453961943
1.714692930681399
0.32462029797256475
0.13253429556305496
2.338713618884589
0.0950858374335972
0.8003266063370413
0.8248862296913597
0.07292527867559113
0.11614595462978092
0.38900663266215413
2.3002093235321808
0.5326677327417751
0.22016196297057736
0.28595839274519863
0.020148642867646123
0.7791084594407934
0.5466454910909863
0.9638139313092836
1.1670731731161448
0.23356955131666507
0.09978514178587608
0.038465295957590614
0.1825673104507657
0.1620714708329616
0.44638166923013967
0.2089045196786073
0.3299926949860107
0.5141416192720959
0.17521953807057497
0.20516063921090172
0.7259106861296871
0.09593345375362682
0.526010965720853
0.09391413462303166
0.397568178306842
1.1663097451532443
0.47014473764636705
0.5374600393880111
0.03667621295186433
0.36155310913309247
0.7258333592085353
0.6783642953622618
1.925264196763667
0.2463030827246629
0.19818541278199858
1.2052907107290238
0.16986647662548718
0.39206299395229766
0.73269459860536
0.6489174541790658
0.004046074611859394
0.32374324393188386
1.2117525874399375
0.9646832578992024
0.16632213404328766
0.14776386007882497
0.016736226645615835
0.37974104411796245
0.45493170030096797
0.13513125494062758
0.4686358008162271
0.5423525354915808
0.17124676990837717
0.413982388546795
0.39527818947867804
0.8096109612607529
2.0436472152615655
0.028496524493287018
0.8711050199616045
0.5257001260940878
0.32275862752074264
0.06802998753610469
0.6084677626500062
0.1279608286786992
0.08596659396421331
1.7169475505141
0.2543681261199886
0.06974779863199458
0.626745264164713
0.3581492913004925
0.8961301068589494
1.3578556940147897
0.1506063115411805
0.17687755268322494
0.9378275588580709
0.018480235094855784
0.27774699148732235
2.1043186046563354
0.5290246167489673
0.5281758914125809
0.1488295292505459
0.4334935421583084
0.9411748943082798
0.498596037978745
0.9880968714922536
0.2556862024230238
0.3692164340514142
1.3600801020614728
1.4470626347350994
0.2319184304522303
0.020388559006809075
1.3355508734227268
0.06471528853510107
0.9352976459258922
1.1308717937628672
0.7155759539812084
0.5670395057614931
0.5241074315227242
0.641755454144032
0.03145388208813173
2.5734271543072516
0.1481032434484489
0.39497451577759446
0.44583190782061394
2.2926443805230057
0.11316945181810555
0.2126134874651157
0.057743222747003824
0.08113757865137944
0.39736229310121324
0.6190138831060676
0.6117025385094864
0.09969902063880554
1.5041571494061878
0.8586075665318739
0.6212550718555819
0.34930606080759635
0.29684499166892364
0.42735263461768697
1.749429654801596
1.0223592244652864
2.3983486840085333
0.39804107050141596
0.12410662972002291
1.6617496130659806
0.42239151181702533
1.3060328443309888
1.0033687430829403
0.5453157672352221
0.42093415131951084
0.052074374532513665
0.6773339946412192
0.5599633294045424
0.7660632221317121
1.4427340187319657
0.7181592653326077
1.3974551011714715
0.20270382999978004
0.33330435756029775
1.0906737629910457
0.050840374033605654
0.0797039181969582
0.17443340865595774
0.3452626224360219
0.29608964845381364
0.2169884536878054
0.4521569880491602
0.42588643347474037
0.6306656081491339
1.570055124770063
0.631923915195381
1.1506543976585868
0.2914906330947131
0.03267652664213856
1.5270452915616937
0.9133389201161757
0.1924183020179186
0.2874022556729473
0.8420260243914185
0.3789212874999121
0.9715276418531219
0.36259790965215416
0.6776579344916328
0.3839644750960238
1.6619144724401755
0.2564917203665073
0.6042613095094326
0.13720352555276047
0.07921177489154826
1.851406260089087
0.2949690297185488
0.2829638537919351
0.32146531089918673
0.25385313624421824
0.23462751145605648
0.17759127424821433
0.1090275082873799
0.038763937280518614
1.3893167859311728
0.8957221762401216
0.35489305634122786
0.02749867781681367
1.4170744243501405
0.7621059515964478
0.08798464271970519
0.7513262581163859
0.2816160504891214
0.1132945155539674
1.1168174777864748
0.2710313921365328
1.5503507845455904
0.6254951873311229
1.6703558031239278
1.01664282591927
0.8019948683224897
0.8839409675690274
0.25451986026227547
0.7773568452295528
0.5805177470378595
0.25453413140978565
2.0735864709395053
0.4599881179619287
0.029125558930673204
0.017453541487003423
0.02595497739036382
0.14852893706152337
0.42355445618406357
1.491562230940445
0.14091572140197473
0.32053378789118414
0.011806922676950474
0.19655151423159672
1.476163304571609
0.3856366200820526
0.40644577560365175
0.5462910823767347
0.19306093491040016
0.962548057859374
1.900925871799025
0.16183823125183608
0.2732196121983474
2.6211668314540724
2.1147290708947755
2.120094590255576
0.4230838732013494
0.5424168571315329
0.13771773615434924
0.6544829786942654
0.30260822027362655
0.15311912873435363
0.1343306169981235
0.4387456880583814
0.7531133235330062
1.0092716457317983
0.17511808267005927
0.297372355526968
0.23804396849207807
0.2253030137350015
0.5873879647285227
0.6411366275739584
0.7625264718897509
0.23864892006564775
0.4635598776845838
0.4404425084847362
0.2318100210526438
1.2017791259412434
0.21982537442493277
0.13823508202053547
0.06587587316435684
0.679990351406101
0.874723168302213
1.1166694463714384
0.1496562612499198
0.764637382670164
0.11892359131315107
0.5428945633720972
0.3775562340783365
0.0979824579805921
0.3013470408959144
0.23319274258964698
0.645301536459548
0.046527293039244993
0.09541237320062536
0.7171556104067047
2.033920827221793
0.48657330599624216
2.09745261454773
1.272255274525537
0.2782958557729797
0.02195383861475863
1.1585580649170972
0.2872072219981879
0.37568497750629914
0.6257266882126399
0.026958717704529584
0.3229726766879581
0.7867192285112854
2.0566779604715197
0.5225254070215626
0.269669604497587
0.2886341957403543
0.15115275632769426
0.3367880409709387
0.03742419758609132
0.07188128449185797
0.32405941834317487
0.17984282263181636
0.4031479473762731
0.340433353518666
0.18776668422850573
0.9391809771449455
0.2040435307102478
2.0862570360223507
0.007398595252600275
0.36473379791981475
0.6337781504356933
3.3683268749730506
0.411293988044234
0.11473768006009448
0.6903363988214746
0.543092256604276
0.41103732891436456
0.9131861876504686
0.2919081601154096
0.3002692910800987
1.1770002901689514
0.3880378888301672
0.4007595360536013
1.8198485155982371
1.0739667103235109
0.5244258047120726
0.45801741113639804
0.5519253403971013
3.400658782828458
1.3103781134937107
0.18256354154873175
0.1864684317282898
1.849443099592604
0.12377368874961567
0.2763506427687131
0.34740730193190783
1.9349919631875159
0.2437729995657294
1.7883472446717128
0.14994075460748124
0.36321688095049864
0.3694646615349505
1.775097780891451
1.7057481746311303
0.22540133581342717
0.13129865664970453
0.47725852803947677
0.6505811214268217
1.5941771318342142
0.4769492786727863
0.038582120351740176
0.08643154916847876
0.05621232222913932
1.8596414464548596
0.06835392912607562
0.2846573314133446
0.8796698327120095
0.46300256466914413
1.2144213013809129
0.23301433997705853
0.3596468418976374
0.02895935810878601
0.15666527218942966
0.3638738574780619
1.0533334639065777
0.5318357869018193
0.11632963015342625
0.34091938296477425
0.20663838867771606
0.48212101085616105
0.36705223468203846
1.0779439270296955
0.5319339299608574
0.13860942543825164
0.11615176486421665
0.09352551852098648
0.22770124307400608
0.15727391461034151
1.0772061212259842
0.0730024307654054
1.497180358414112
1.5742271260446363
1.0886468426629885
0.16494304376407626
0.1351536698418707
0.3113704179405971
0.3674659187260808
0.908777200713511
0.9228253320332666
0.4680254289486882
1.0061507919582608
0.5568208999959166
0.4474279260492211
0.15955589852025828
0.07963503878743508
0.365140930220972
0.5098341268140753
0.2763330146202938
0.6851001753418214
0.2711356998073871
0.12173837398285801
0.2915609322074993
0.0326736446544354
0.9215182675938873
0.1345997227713192
0.474955155282218
0.2697058768774383
0.6683554746268626
0.11227735193742494
0.2382055050771351
0.2234195579944553
0.7759136997377778
0.05250658251022328
1.246360705390656
0.14785621803461083
0.2849790062910553
0.35585231265429973
0.06793232663580016
0.2144638349679853
0.2976494678874559
0.7670102435681921
0.3115871405455628
1.0851769709852905
0.020914886763467685
0.2141288634401885
0.49078949590852883
0.37411609617848224
0.1697489813525032
1.0608468969884217
0.019024819151578543
0.0645544994209956
1.513126906886362
0.22969580196957712
0.35948457103009895
2.8319221215824233
0.8202826646918461
0.24220315057845856
0.3733519377456884
0.015336396637339971
0.45749519378624687
0.14308413872569295
1.3394440545629545
0.984807022522709
0.2599536699093245
1.3802349993301573
0.10822334904854385
0.41145826947719694
0.23826344204211458
0.44899127113558956
1.0362784136945986
0.032970301543485514
0.24144747384386034
0.7866764915061738
0.29881010985279083
1.526418439946221
0.8311882720121038
1.1377200771005491
0.44951182352381863
0.15305204877105366
0.2879754801648106
0.45174532359030933
1.1728273387339536
0.1501630664946238
0.12155982708860869
0.977049999577448
0.6775390208895742
0.23435448349866636
0.607715241874064
0.9696611962775443
0.30230297480037593
2.3651639751176776
0.16662205056359639
0.4064915725182327
0.3777275669114967
0.0776401945541437
1.3936196703155543
0.7092508590483828
0.8307897697387526
0.4084619762111621
0.7164534162966794
0.5797593272671425
0.19580478130660586
1.0382262033153777
0.037312883945198945
0.13655571266892094
0.9385188879525546
0.0192760248485649
0.1909412996425173
0.7204015711033903
0.35801929015094935
0.4889073899320554
0.644849889497012
0.16232416312675513
0.7815118881307541
1.300059524412292
0.36420568003559045
0.36852487901439523
0.36673415585154456
0.17656562661960415
0.2913959678141707
1.0698537417405145
0.013798371395199432
0.007100994230173364
1.2735882798163098
0.20370602360151424
0.5423147358257105
0.06723148612915865
2.019497798811509
0.1899077765888407
0.24567603671489377
0.08234841421948128
0.08286992438382905
0.2466078675928732
0.6159129476858571
0.08233285337146827
0.19091343416069456
0.19395923259753103
0.03662674030409184
0.7008494222365681
0.13102440478868838
0.3072673638761913
0.03820859952485414
1.0382509301355907
0.3388227916055012
0.4817120705929215
0.5958083565665697
2.843651850781735
0.9079880848225828
0.05350937423737234
0.07565377907626543
0.10520459894332013
1.6161047808450484
0.09508880051836215
0.5543505759728836
1.1499078585294826
0.24166999273649664
1.4433739918920645
0.09205582769501462
0.7747272376659394
0.8850385734590281
0.8708548736392283
0.41462667887565235
0.5698113419452226
0.34172910870793005
0.20442453419975692
0.4181327722307317
0.18309467392534173
0.422540135209917
0.8636093672459555
0.8527917560735262
0.1818451099894635
2.2663422717679182
0.6032832931962896
0.506288460472533
0.5085777655966998
0.5544183704190649
0.32604066602571113
1.7292341136692655
0.49411792324270276
0.22579821120724095
1.3417702691072355
0.06139632752559299
0.0825483357673168
1.9372164559259006
0.3860667365558756
0.9703959756860401
0.6176457066398321
1.4139817171769042
0.19851091209313232
1.056750584139434
0.06448338779467824
0.3709048408828234
1.3572196751469645
0.9939755940923536
0.059792447355198744
0.4546081165305403
0.1334504483967831
0.20741749665000941
0.2913182594564794
0.6358462835416494
0.35063225423587635
0.4581394680412024
0.4055561944457787
0.0249188118354668
0.26783635926699834
0.11279251876810809
1.3469653314309809
0.8595969850641892
1.554011497904086
0.1296402989151018
0.2728422795524933
0.19264544657104996
0.06864787058734748
1.7018775051688069
0.5235311405636027
0.9123660183324143
1.4056598449480138
0.5386357834012052
0.2566583316797382
0.7516412522046066
0.4968241194295509
0.6029522394403842
0.62224146697369
0.35959197760242323
0.9247039625542934
0.21650380854887705
0.3258434376490042
0.44802904425916645
0.6105741797187478
0.15804011661391856
0.30305958580196546
0.7217878529413904
0.647316831358115
0.3983890089492261
0.2828211420005517
0.11920743707811171
0.04407191120801047
0.4591765931213646
1.1364175928920044
1.3789374572225586
1.1140265292424407
0.5592067156700049
0.3161101668672576
1.7851442744925865
0.5722109039258351
0.24717787434362035
0.8269037391776214
0.09726289840907658
0.04758944864892233
0.935996983656019
0.3260739179044301
0.023515220296754125
0.40667461993880905
0.8263345273160068
1.0258123008997837
1.0361787265135103
1.9576127678705482
2.1514496084033636
1.702398752756699
0.4148607148767997
0.28938853502651224
0.6035500334234903
0.3136743807970055
0.7398337244246445
0.6802421806807962
0.2564020926846344
0.5324760112513678
0.5262915880217157
0.05402669573427931
0.2938693114722016
0.28465826586149423
0.14591944418604286
0.03816047790088658
0.7829413005751592
0.5550547238189496
0.3763026924622645
1.2760647356966643
0.22251609830012162
0.9140453363237457
0.4384541770139517
0.10555386215549811
0.7714541356826603
0.14408711269675117
0.1431524084306819
0.5760115218510672
0.02416123636262827
1.0907872815680393
0.7407159176444492
0.07455837314297309
0.7063771637874755
0.011724475057336023
0.4187939771061344
0.3107670809828539
0.16541666273850436
0.34861090644996956
0.8428159498355691
1.1339342860764496
0.6449194079190952
1.5145800729907668
0.5102368914598331
0.22780766957378507
0.26309887150239175
0.02216319212320191
0.5686530950169031
0.10100012697717545
0.1134355930455539
0.5472174524376792
0.12992845065043088
0.7195108505820806
0.24922237239479145
0.8222045006337172
0.683045129632013
1.187999182268823
0.15357346359515792
0.09063909112512974
0.8383470981934734
1.1619276806521122
0.7779052558867818
0.6218173741905568
0.577805853477999
0.04397864024329523
0.3151006881429544
0.5865501400060751
0.2560206921526763
0.500106433385182
0.08144451472579226
0.6499604921315686
0.4182812813391675
0.9660683268823907
0.6857959695175233
0.44872985023193324
0.47447541548908984
1.3215386558433102
0.11725039769504955
0.7070561962963382
0.35219652991436085
0.33398619422456255
0.06076583194410909
0.996936739214856
0.6297036367679766
0.15407570204596377
0.3826913358602035
1.4458283880898695
0.12144659527276429
0.28103091339458564
0.7487381627355172
0.31790441566822564
0.3955399927960197
0.9632469425430817
1.0380556926617892
0.5238520310184952
0.04076518260397239
0.926287692386231
0.744311498262817
1.161752215732585
0.4971799084677178
0.08052190192478985
0.49396077897633245
0.08683108426238058
0.6162883868798954
0.5751371437955418
0.16798403655320196
0.2927808143509229
0.8855411045816549
0.10969932233379001
0.08935435364596361
0.33555398205502107
0.8038159770422282
1.154758084394062
0.8361630177498717
1.4373845108944683
0.6661212577378669
0.23874574807994195
0.4976325837956165
0.29656964249338963
0.03335301450067185
0.07058598745193109
0.059091161615474966
1.2775936185973908
0.6290958230773983
0.40484092972059904
0.1460255595955762
0.5583398608065382
0.05359436046686092
0.3177124085035238
0.16413691563040372
0.6295683713431207
0.4081973226206662
0.017110228793736946
0.14113901694616357
1.579664425137871
0.2704479564081815
0.48574952180813147
0.20893438633285558
0.3599605099208484
0.3591362686580974
1.114760698477233
0.04554886216003647
0.23570401488155157
0.07792411899154496
0.21393772061224373
0.19704765375068348
0.4031952351199249
0.4988576226836521
0.284801243376744
0.8729435970054845
0.675418327211538
0.90760645197435
2.948501461510205
0.5223769122357911
0.0891180604755853
0.9671975008904804
0.8041755481438411
1.1984822948609257
0.2261580260588807
0.2579977892153128
0.514886359148662
0.9568881116064917
0.028753081541755487
0.0195324970945544
0.2444760968717541
0.36835338496141656
0.26043630788968225
0.3024429453328934
0.20712878210699565
0.5150712589522398
0.49707534006019416
0.05642903500774505
0.31203965275240486
0.6845753807657702
0.3415055149591682
0.5758421024332867
1.1126050859458103
0.7147154878116295
0.7727498006489404
1.1291094231364778
1.0141459904920254
1.3812890647856504
0.26097717855355235
0.11339496440918871
0.06975170304209707
0.6706957398537416
0.2578340638162095
0.08849077674760174
0.8032534279624591
0.2879619812121977
0.2723467563556675
1.445100119406566
0.44739920150060103
0.4078518515046379
0.5925497059492563
0.2229934658055037
0.17557955011640264
0.48355524627003066
0.07640520353275111
0.3214502710681723
1.1777692430951967
0.053310191662673416
0.18789091418665504
1.8722712109022996
0.2560925892085686
0.2271212124877236
0.5828059067506713
0.0026751077837951945
0.1661861186611738
0.9231512423690641
0.1683878719707663
0.4395870471360307
1.5740723376468304
0.07162170839960716
0.17313142114322744
1.9353009675693147
0.388024383530576
0.27511072782924184
2.381898669522907
0.3467781514747575
0.5480681776024321
0.18780332929364865
0.2308479635066098
0.05079994400750039
1.715610265325983
0.9631933443171454
0.07345842487134042
0.7127819016719951
0.3196933392976609
0.11587510952343855
0.17864519502903434
0.3077725211010402
0.40011686022310444
1.1622119088184317
0.8886406703444765
0.6125119844812817
1.079744793652987
0.042102815723736364
0.31715866300081924
0.44481629047192656
0.013771647146988093
0.6846639166802402
0.1784888190830862
0.37295332382877405
1.143624113836409
0.6439579680850193
0.09962991883841502
0.3953867998824021
0.6291617180896193
0.17716117533373407
0.5487991401330813
2.241200051418972
0.5584430199765742
1.0282926517817577
0.5566485476361351
0.36008707209412
0.6978209351685258
1.1612764272009342
0.11266538817864435
0.3398695290022284
0.10637646678240936
0.02307024170459656
0.027561035217039974
0.4909489540831465
1.0620883638593739
1.135468658908443
0.39716410263410273
0.8592111497960198
0.1342997463168468
0.8659496131922024
0.25617769205166585
0.24487431384530658
0.29340982992212933
0.5735713458226381
0.5728302326711237
1.0077240258192541
0.08826507378031946
0.29535432147313434
1.036329583363355
1.0039883331792978
2.1780098523156632
0.3407300893763101
0.06466500433666106
0.19475088324410092
1.0108531915013024
0.6795030857484889
1.3138774185187183
0.30413969620299136
0.8142369268829716
0.039867447982472236
0.05989380001808963
0.06137636287419265
0.0506090085033553
1.2288194031187134
1.822506895095582
0.5872276434206699
0.09537634322871859
0.45164776069074525
0.4365925638243068
0.1611265265149335
1.1396758633339623
0.10444071304817971
1.6163466135141569
0.6390771261302856
0.11198442918071415
0.32894828416232497
0.4318530703638175
0.25492963544246267
1.384147126506035
0.020102185975726113
0.16301632213465922
0.09239189393141747
0.12025377891470058
0.13617476088338062
1.103028749779631
0.22084352301955099
0.3519927621652778
0.24176525775066315
0.3764054444711841
0.18269955543879446
0.15608010186937793
0.12975472806548982
0.05139764908726351
2.3546272455300237
0.21105668486875104
0.5389768379423661
0.658087800882527
0.1469478214641508
0.3085726340771322
0.33687406191358304
0.2776086475649421
0.13222140004284205
1.0884186263722802
0.6463564101236243
0.27740450488828766
0.7969417366718767
0.2766869987370846
0.14830526260615148
1.544764684531855
0.7534311616559068
0.3656551476692789
1.6734212446153647
0.13030458509526327
1.645919030766247
2.5977377372969017
0.12136074223489839
0.17638762203216127
0.5267020190108656
0.6459689389819839
0.34790218842444864
0.5508930932152182
0.4277374007973869
0.11594965086615203
0.5148382261035565
0.18742402201187902
0.09351557667191476
0.2903593687860882
0.8953923092338569
0.7542087882965288
0.29524073431013614
0.44438831541392837
0.3236045151680362
1.9620839837636452
0.11214917544754231
0.2354787418156859
0.36764078033754044
0.7698348081774378
0.7493143027708316
2.550690128663164
0.6397640057047231
0.18044576253581496
0.711800132779657
0.40023766054784743
0.7277034681051313
0.29997639082683336
0.706752761201205
0.608715689815306
0.4751410031695749
0.17980087293879835
0.02142273124294568
0.5724297846755358
1.0561826351418797
0.5794868705781747
1.1658341081432977
0.05770110931872714
1.113083313826184
0.554420311463259
0.33097661690354796
0.31466687525844805
0.9516494562641284
0.2865334779328223
0.16915722688994253
0.7149153662104041
0.4207472086378263
0.13853128812333304
1.2681743616604804
1.5288367767975999
0.7416632099407995
1.3992042356643064
0.13105961571625938
0.10227106156061723
0.9373297123059987
0.16645441665275096
0.07404756880238983
1.4588143718729765
0.11391273058582639
0.054238622969024486
1.6885133505629222
0.4108212487081018
0.08092350949660052
0.3855761845192098
0.03320434169478127
0.09168428515869206
0.2890623738052467
0.04923241247340785
0.0365021597641867
1.138600153118743
0.20309391443722324
0.018008999879863402
0.26763121551163505
1.515180323891447
0.9339648168931822
1.15503118811426
1.4559172783786765
0.7191013545233013
0.8882092604840179
0.32202758020424954
0.24019196964871403
0.7892602381342758
0.287830424374416
0.4035461943498721
0.095633461303926
0.04347640386375019
0.13985036586703006
0.45567927357252447
0.2690111946541
0.6442936964103949
1.3216933023805804
0.13318482582539487
0.43375031187390223
0.24136046670407216
0.07067437360481384
0.11023530071585466
0.4970347551260769
0.025760667544514344
0.5281299697824599
0.40854514356122024
0.3363674928591905
2.99567415540853
0.5500865957937183
0.40369825055791453
0.06376283635607967
1.285661163613339
0.38148194778486155
0.5411019851468044
1.7788898708330125
0.44648606980406236
0.24440620487078918
0.2590589426956882
0.6840785017052035
0.16714513298801958
0.35103860630989403
0.151060668802979
0.26337315031747205
1.1175393288862259
2.311352983876248
0.22937691634888802
0.9558584957420134
0.3958762903846268
0.7277645300994887
0.1166790727369063
0.2662890872640997
0.04707910220206981
0.40540355559718755
0.12148215667648245
1.015625445235288
1.5976374999103493
1.307204213619067
0.20121257039081775
2.3913187656588955
1.4415168775421705
0.2667421497441825
0.48388593281809394
0.5868055765922541
0.6439829136076417
0.29982645614075415
0.4755695604305755
0.7534500258533661
0.9543075886561936
1.00639128659094
0.4496915170541018
0.48662303575287913
0.3532520395811622
0.3966141156394441
0.17917808539648095
0.15265751756704718
0.25980220826688105
1.2069804075407455
0.2689477513281843
0.24935079650800882
0.950191888581302
0.11527189560074018
0.9754262907045701
1.16729667695104
0.32017427142554516
0.23287371802197782
0.5096098255316917
0.09142485065759738
0.16665496455008097
0.8836110103633481
0.31474464015445097
0.5450739531443749
0.24868822379220926
0.9325446029008413
1.4190331178907878
0.9675261479130685
0.14730068499772264
0.8659115661560383
0.30998401768883954
0.04436273787696491
0.41438102401080573
1.0749495040129513
0.14331464010043823
0.47375163194954767
0.13456072806467345
0.661240036753158
0.8525982503372623
0.19201165504718443
0.6318658038825301
0.06240119561642741
0.33092764052913765
0.02712460452871627
0.00916409046274097
0.1958079198312788
1.0935291664714517
0.4539563237797513
0.8780616924505295
1.802590975597961
0.6879938951137521
0.4121177946697073
1.379747155242628
1.4137457589014637
1.4709052788620778
0.27873284526466807
0.03076704825030494
0.6402331110543102
1.9145454339694743
0.45317160405235957
2.172262503193301
1.272084174218228
0.367056951409541
0.6234686219986507
0.08562700366235748
1.2062437678982527
0.1264323396727345
0.48223427572928196
0.2141625624617947
1.4309228881247926
0.9370936392893597
0.07920753383230572
0.46898352642961166
0.5496125958121262
0.48411445156028315
0.18411944479657186
0.020708099984068157
0.044581473627656104
0.041386982882970345
0.094883369982859
0.6050503932949495
0.9372438021704519
0.5092827603001332
0.23407977418314554
0.8896517547441173
0.03917278950117263
0.6705291641086514
0.7752402507757734
0.1439104892981584
0.09342191056953064
0.061270967219654825
0.012611137799695403
0.012041672533957472
0.12912718266896472
0.33732571624456126
0.6467222449436523
2.516361629992889
1.1773086177313057
0.994803219758233
2.288375830131663
0.1725479713602341
0.5228680606538358
0.8057410851183593
0.44971780722195226
0.32926766304159244
0.16282939376292532
0.22551229890573707
0.4102106812434258
1.1646958001431729
1.689645342987549
0.2820707021029271
0.24469151883358786
0.37576836246556516
0.32598318425514544
2.075703159176026
0.612545566538913
0.46619287205766907
0.7689620023703522
0.9087769416241853
0.16586571794264776
0.6307820456385778
0.47392286715254495
0.2171567238164845
0.5400139300445782
0.33852575376099503
0.2192497807141448
0.040023233052935335
0.2033438098235352
0.2994700227842946
0.6837285074766081
0.5612341999562811
0.18155591895923395
0.8824654248257756
0.011881546388844354
0.0022539647979874303
0.16445061117043067
0.71823757832711
0.49781900432761844
1.005337066238086
0.15254096908950854
0.2537260310641902
0.49810217616993524
0.26391621041934515
0.28196041945202266
0.5477512839435498
0.12393282022857006
0.9178354204025593
0.2714854382785714
0.16618086606979796
0.15626087893426108
0.35672266558375265
0.25517177536388014
0.19773327742433444
1.344898033183091
0.44324284837693667
1.3408856783081282
1.4603576106688354
0.25771717146384215
0.19360291409306324
0.12022227217457628
0.13975637345150274
0.12957683851676446
1.9527742166380435
0.1619234605005949
1.367306287861337
1.1454793481338608
0.17223956196912238
0.9555850607730354
0.31664238270301076
0.181373483964068
0.26256608992818714
0.4768068807884688
0.6339466037360185
0.7103869613288932
1.1411913083980112
0.4682071017905701
0.21447835259143047
0.4874212583539155
0.16154331766007052
2.1164407272520482
1.5226472646347593
0.35253277426541985
0.6254105678316315
0.6848492683200157
0.15827408687089392
0.16300049731833227
2.7410844618285433
2.3686165818025877
0.44458327374874684
1.1515111865330114
1.1187510424407678
1.3776138574024865
0.4869248025128353
0.8315009483824364
0.44741388751589695
0.26075452183200437
0.5107235560332863
0.036615615387949045
0.23141175526864952
0.07537986425810418
0.07843909835812156
0.32384900540405764
0.4925242523657279
0.36308060011685345
0.26728289589985743
0.23156795232892002
0.02317047932206556
1.490720989475779
0.2414910165631245
0.5887708742771606
0.294371847738812
0.15883427120038277
0.03258499896856565
2.4973040490997924
0.0751133013770219
0.16033107500893404
0.044562397589158066
0.11393643173925404
0.3209723388420807
1.407462050152788
0.09514596293640826
0.6528770977468434
0.5792464342139236
0.9346047931521212
0.13745839378522165
0.681718239981992
0.5205540514880391
0.09726463312794899
1.3879009258832735
0.051031954084961605
0.0665873133709989
0.06552409421804538
0.8691642544747111
0.8065141387173516
1.0901306067390755
0.2167234000102341
0.29013064605900146
1.0316378776071689
0.4674648506980617
0.29452626676314425
0.865044935061623
0.6071010764339902
0.18678859952902072
0.1789002961514589
0.10647196666317067
0.22909126265716523
0.9569172385764863
0.4938720990390017
0.13626567968868283
0.5506191498413433
0.1891199713843482
0.8422883817521869
1.3361288556720643
0.043574547832348286
0.056248940634421686
1.128599247672058
0.3608708563799818
0.19698616412593692
1.9075340980980495
0.6421713606019142
0.9991592446557525
0.38834595907738406
0.16264472024557605
0.014167628593640767
0.5576293758776457
0.15426519254642632
0.8324350859304587
0.945800749661827
0.11269863924422796
0.49845810219704323
1.7240999295277326
0.11999372001784385
0.10951689083320262
1.4055394596154778
0.3645677042683585
1.323671000731562
0.21269123825358804
0.12355560098329643
0.11270593700571252
0.7159389894598457
0.023789358700575112
0.14882852900186092
0.22193504620744778
0.22151196184265923
0.3586644792373456
1.6726675554662174
0.27988785759462287
0.06642978501173943
0.08686239399978897
0.04732661593800782
0.05306506047884346
0.5356979668566223
0.26744384645274427
0.7375323676700488
0.5320902847710901
0.2919745072428885
0.0964833537964341
0.6032935426394147
0.25837318529744135
0.5924843304124896
0.732294463393954
0.3970903124229163
0.08840080629094048
1.3911164621229581
0.45131235118565627
0.600966208355366
1.3132108532356614
0.07784438616415292
0.1672684327937381
0.3263023785453468
0.2803880514269606
0.2217700956142528
0.3352549199005139
0.48568742836580076
1.021435763031582
1.5698618441366856
1.2295447355704303
0.13204669738578534
5.1865113516105525
0.5396255925293415
0.2894655916226275
1.1880320090722547
0.10380657406016977
0.009243048311851356
0.07471777504728841
0.08972033495011714
0.32044684599996814
0.26234199909282385
0.10587285363559837
0.8615428664457612
1.6952030080462688
0.04122162950352422
0.3950166943593723
2.061638196709625
0.10767615715940604
0.5494949632747795
0.14373006389037246
0.0026743197174064156
3.7373993170777107
1.1581737436042048
0.17091764222762795
0.035125939264990774
0.7054121064334462
0.03600745453911405
0.13031564583369637
0.8059387699686278
0.5985138649233492
0.034084413006565076
0.7867434686165
0.8654022161369106
0.7104465733721647
1.3139789107765252
0.2950299352253494
0.5163525351013262
0.9469946044111414
0.3509100817255022
0.1573345770364108
2.1337588087546187
0.7848940963436553
0.5343159316573199
2.7096296543748406
0.18791266866036727
0.40296989758019597
0.30818073395614315
0.7428696095724241
0.7385074870192526
1.7484533903476105
0.6153846484595101
0.2089298752576143
1.1955562498109553
0.282997106594484
0.14197828043861124
0.04334242139629068
0.49720988551366385
0.3682359393666587
3.0818691797198774
0.7400397941478012
0.47641397225065435
0.06662453808143994
0.2092827122189852
0.4518105794556032
2.034984588084211
0.04873564084356912
0.23836248608853344
0.7558704411356078
0.251831487346913
0.6365919147489592
0.5253898801214018
0.1284510225930526
0.14987988208980632
1.9496747258904128
0.2175642840218617
0.10305182885810711
1.302183189326541
0.3162128533936367
0.43848494888988476
0.3306091640859101
0.2562908776201368
0.09498029282142521
0.1458320254204961
0.17859902058862545
0.07034777478747438
0.5425549687201718
0.2906605170962875
0.40050079699841046
1.822233533339988
0.9501212169840887
0.6362654652072992
0.4878168671211457
0.3324945955974436
0.062372302722876014
1.812258780671234
0.31267679486407435
0.360736351445779
0.39316131819768474
1.4582684924515443
0.3870698916285713
0.512716205846781
0.22099124844446946
0.36727862192008803
0.10985055436427756
0.5825193247233289
0.4622558075200077
0.204810125603915
0.5653579187966766
0.6190295535026437
0.4516979827307129
0.047756926163557076
0.20810697597342206
2.415744669261752
0.4144248198032461
0.9390756283460308
0.157280239666288
0.0740789525599093
0.046644389534823555
0.162289058406973
0.4644765912238218
0.9867742252469713
1.7505445435663205
0.32871937578398985
0.8027686554264664
1.8145077337504227
0.17813829191050615
0.14202187832847527
1.9917478029652553
0.2309973244502046
0.4427716923179329
0.42186994981884174
0.8520675980578204
0.41864694220346876
0.3384994264955128
0.5960816243314732
0.4321227389432617
0.6614382411603015
0.06604211768384662
1.5492637851658242
3.0070827127201976
0.8287855577256482
0.4970721946942329
0.6093751607766641
0.2503498844586862
0.1511689319162523
0.7364992017203299
0.984942251465471
0.46746097957660043
0.8088476200388603
0.3645052090275441
1.160111538120534
0.4060913949925617
0.05454291545376887
0.5847706679839597
3.3951686524551845
0.5373279996322284
0.1723834073747259
0.8851632025199451
0.6448191744740196
0.9578265508425822
0.34010391383821303
0.6296493311340937
0.3691395579653901
0.9122373846061733
0.05519027905627189
0.22388403299526072
0.4759263830422241
0.041102413344539915
0.595800481784551
1.2840160780011503
0.3005351958682193
0.021119996627576968
0.7937370509891298
0.11210449659677436
0.17618807350003965
0.28911081703339525
0.6900480265926945
0.19414601480161572
0.47415975482040296
0.0542485142415523
0.25731431793286197
0.021265643135604726
0.07938023137883894
0.4120932916000139
2.5014185267219498
0.21887949801219256
0.6046439675797322
0.4859059625174222
0.7082912477790865
0.581018340975222
3.5264536698921445
1.0771694798232558
0.33390182238443866
0.6588118191812011
0.3510825561334948
1.1530370310228377
0.4793819700891518
0.9759284514872327
1.6665679778494773
0.9165406381201722
0.08568472233383177
0.42235300087838346
0.16029203772983916
2.0709459308764955
0.2545351064231336
0.9248518207696473
0.5689578130943266
0.10674699111076769
0.1738038936512355
0.3908876877226272
0.1704484737650759
1.524372196560679
0.5496309919028767
0.3854964067357243
0.21266304547861342
0.4756927893042771
0.6807137155122893
0.7338735288475847
0.11805256773798818
0.14012236430382732
0.3165766023947546
0.03497545712396225
0.05590589999947235
1.1466854685858843
0.16674647105326276
0.8511938168769224
3.38935873244862
0.7195639356188474
0.19357379064557054
0.5319252894876891
0.034393122448463834
0.4333696096439651
1.4056656759461632
0.2110567308474468
0.10444439345693934
1.0269490151389866
0.5741396311119277
0.9297583557616228
0.3082513642371855
0.10341368571071903
0.04327459341985211
0.5712125956911143
0.2775566805785382
0.2815104228533227
0.6371219730496027
0.18953656252168982
0.5025517587839844
0.12299154227013319
0.09337418978002046
0.13298907613455246
2.3961753512390147
0.3982644175116339
0.07730265432315583
0.8434822308080006
0.04869059369050396
0.05311871458009961
1.208198453594139
0.04486183898103876
0.3343220407837377
0.4585656672279709
0.0251020993039301
0.07170206175184043
0.6492224963288276
0.13444670777395146
0.17309657617704224
0.27363866913582013
0.35456522715601796
0.4150387061658551
0.1791000358575768
0.20231006909616844
0.12912697595381056
2.2290137867178808
0.5113873247947934
0.7290298751813227
2.2561291636675214
0.21373593252759474
0.23914016405632108
1.07658816527938
2.2344045844534297
0.7430861715386736
1.7689648546162444
0.11677748590141972
0.057389501333114906
0.3051128565365484
2.097037986404713
0.23269740845840411
0.29367616907099037
0.3410140663897415
0.29548384259025545
0.5431519256964569
0.60511944654384
0.4407042062541842
2.2838587250207714
0.14840353561758096
0.5526744220416606
1.132339412795988
0.05867275280388707
0.12493521976865068
0.8715334566047297
0.3258917140561401
0.0874693822668252
0.8914402832624874
0.12545408565196717
0.14701193805567533
0.9559992534284423
0.6020498690907905
1.0427608335208842
0.837798619309279
0.4752221115101839
0.7779664032872851
0.2401641884063912
0.3543301743216712
0.612119741268282
0.7644370577045932
0.32439035110659625
0.6854969910457988
0.4132105382487856
0.21430468996673746
0.3179057565045451
2.46464292151889
1.1060894057380815
0.7826552597758469
0.5761921337397401
0.23730442102961963
0.03119377165140121
0.10290152138683253
0.19151790606688093
0.13484373441436293
0.7690619914560318
0.0646038749758018
0.7541007836757873
1.6485121531464066
0.24515993459941843
0.2960667563328921
0.34816816627038205
0.04458103655535074
0.03258526247822313
0.5211586814152874
0.19100455733762403
0.24423528971167013
0.03878892875276014
0.2656769832124719
0.17051877315676273
0.5776811867700103
0.20148279303551403
0.1994725097576291
0.5758140421821158
0.0800646499539323
0.159474127184811
0.45638670374250395
0.47704253319168594
0.13569896330097525
1.7765743119009088
0.03730294466769183
0.4131405697285789
0.20990155463989138
1.367734787497815
0.4005482445633577
0.5590357416360997
0.5043063636266105
0.10001860269867485
0.05349401487299091
0.04904512708988548
1.4000332570947776
0.36758077183397897
0.5734042198043584
0.043775637191492585
0.15939921562407705
0.3176819843144152
0.9921356965099473
0.8579360388217666
0.8623951489508233
0.2795541492378221
1.0286624952058945
1.7003017067166843
0.39707600037760943
0.9801775590576489
0.15450815482374702
0.9911471546495334
0.7827738283296732
