3.1422238435173315
0.188452487131451
0.356024491614093
0.8338855437695892
1.0694167778500008
0.6500134874432444
0.16655239869372357
0.4999616923642896
0.4485940319576762
0.15817243857332716
0.23725019000477876
0.04844760357005236
0.07435579677711611
0.4295194288965939
1.5458743834864184
0.35297828180775476
0.8321708429918315
0.7221860886837951
1.0861495578230291
2.6450838753706223
1.3064136537135511
0.21171268259634296
0.46049280633208706
0.23224308603014227
0.5568027510948614
0.2828882935265766
0.44291547131231973
1.4731807269706652
0.6236150612064653
0.13431722205533464
0.41302874182116617
0.12989162730902284
0.8975737712435768
1.3474416486160048
1.3615421970951436
0.8632509028311947
1.3552021621041122
1.4264667942361957
0.9970994915407895
0.2459226056859444
0.27934303697331275
1.2021824319511565
0.551371910035208
0.1042568947141744
0.548505182737242
0.9803835616113991
0.8561323958200096
0.519842223689321
0.42632039437329533
0.09761439397557747
0.08370399009946972
1.4646735335658276
0.9816122327712197
0.28115818683641874
0.2613394536225337
0.6351293287594324
0.12275889456166122
1.6794556773507516
0.010461107772789604
1.8081957147602516
0.24196295900277281
0.2162807688331594
0.5663543067067344
0.3464698573035406
0.5005323587621949
0.37733546827988373
4.141916099731267
0.40607935443172066
0.41329394775500633
0.9902846962796671
0.40503659416684773
0.3028407096170726
0.562375272184315
0.44897297164099953
0.025403578085043666
1.5346196254597697
0.3585010681942394
0.8858993733279443
0.23908940606556361
0.13241778809379268
0.08249344632964326
2.4084190677447306
0.4554864934548375
0.1454176412029581
0.9516245776183003
0.3214202932802084
0.02910814637348522
0.2078914461708151
0.05712654269087102
0.3575546231514059
0.1610864559412804
0.2383177466186892
0.1323241404052972
0.7769186533660998
0.46735723128627993
0.2779416320171244
0.49358336108197043
0.13891057058000836
0.3501995444494215
1.2613067001075295
0.17651973491235542
0.2926836145717103
1.5994902973910614
0.6720842248238783
0.29515823821984355
0.4642287264590981
0.43197986685724366
0.7262773132417706
0.8012319942750338
0.5048899806929179
0.5200329413775869
0.13819358308553756
0.08209082714983658
0.21691203779076376
1.449017677376808
0.07509786319603368
0.21619948900496871
0.16651715427030897
0.5320564422644628
0.08419678123708553
0.9742286838495798
0.4732980392267617
0.5762413199890387
0.23239752959136561
0.15100001554146986
0.03320172742764222
0.08334565441681542
0.4775339363387164
0.45719001738250015
1.3305284214193525
0.13717455454276584
0.1025144903184468
0.11098345742745348
0.5946559744550233
0.5441421133281719
2.6318807389624213
1.0467545018312265
0.11390747876655145
0.34939664684860006
0.14293371934518723
1.1076292573019921
0.6298429814700678
0.1458870373765142
0.737072299700686
1.1038327897676459
0.026836319072518305
0.4136072643793066
0.38983832952300984
0.3092820403589234
0.6963230871757522
0.3500431957542073
0.24034396953952097
0.24762943853115335
0.9952635504455578
0.16680857991332265
0.3439660210047142
1.4444382259763404
0.46980312079185355
0.09017671402476726
0.3665587647993316
0.2696874005923968
0.44706518438143605
1.2219721858338968
0.7146875919542671
0.3648668061101798
3.7643853187891505
0.6888011731897267
1.2100062838021461
0.25329946957337207
2.003712452169252
0.3768843778246266
0.31658157055991654
0.3131930777794544
0.008551002140574273
0.4852667550102845
0.7331657707008903
0.2456058916417289
0.7367640561939527
0.26550179809271385
0.8037115597278903
1.3337917630813771
0.37367704616139924
0.5274667521609229
0.6623780597117158
0.5859425492430089
0.3814087108933274
1.5967368516979012
0.27825751699108914
0.23819520303828975
0.577428341055706
0.21649206663697515
0.6296697225912326
0.18657339639479126
0.7229730836545274
0.0729467057408362
1.7303788151429584
0.33985078213169423
0.24638174507184016
1.1039629343097912
0.08810095107521378
0.009969108241899383
2.1204158170617653
0.1352060432225661
0.06517306838465768
0.04813241433161806
0.5848703125031502
0.3461561657601809
1.891164939510621
0.1538797656368827
0.10534856165330281
0.9429068297938703
1.2344860596090623
0.7377011313766704
0.9570308653033257
0.7805233380881774
0.6395137093670689
0.9576901210387102
1.5249369700883129
0.5005311747967061
0.49987104888398276
0.6673717089377234
0.3369395224548007
0.6811093096917095
0.7116049079750254
0.3956303855323399
0.769393118864272
1.0746091073184896
1.088982267403067
0.8426733056765479
0.22132836805923906
0.1966526751867518
0.7609805137376647
0.42826547765925727
1.8151770934591607
2.1689765709633777
0.44495782437044024
1.8641992818827744
1.5154534231163275
0.04910615631152495
0.24839505070262294
1.0107499870230967
0.421447406010134
0.6190516205339323
0.22226061898699928
0.29774136568795484
0.14015841958123365
0.17666920186287532
0.03363278003578395
0.2713508198364948
1.4557822340896567
0.8448437622569815
0.30229287001767013
1.9313925249845816
0.46382573522973336
0.4468227864923564
1.080948489742681
0.27967193373841787
0.3893837569873767
0.26196279536523837
0.73085703535673
0.07366192015505149
0.800014658619231
0.10905237166831892
0.15448268146764685
0.7844698490908532
0.17524736706844055
0.11639737298139022
2.487646234502284
0.22461541511678465
0.3880421591027271
0.1455079477927524
0.4503145861776014
0.5600596538364847
1.4275482180619665
0.7875175018853448
0.07073415234793021
1.4236968532251537
0.8360582105944174
0.5584241509158978
0.05492464497366311
0.24143785772905743
0.026564737872388545
0.5006638401891464
0.08942177798770476
0.8363321448513484
0.38649532940594034
0.13777280518960316
0.09989243193489412
0.4476254244673797
1.0485676483868274
0.8473790976334615
0.45136700359669496
0.6622866555871415
0.6479303484073712
0.2740960416017378
0.16189155697525986
0.16937637361952623
0.7416532650744353
0.9715383994145059
0.19540539634176335
3.001119457775136
0.1378055109521179
0.040549561963172255
0.26988247910315777
0.46374703221917324
0.8996946693526391
0.8374293274074889
0.31759293131594096
0.5507654630845955
1.0862897794430673
0.8072110402541455
0.7813967702596941
0.6596102401612981
0.14795281825565015
0.056258093235584145
0.7108930510997654
0.2853481764505931
0.0854856318137432
0.7353270061403017
0.12417650305152098
0.06793530550955523
0.4915165374927052
0.05707960159530918
0.2710348987068105
0.08047029999090623
0.020541517040367052
0.021702062309066524
0.2833143704975891
0.10563509745401962
1.2544383811760862
0.3556872323169329
0.2435846244969986
2.5344061628761123
1.2167274169009568
0.25932746352920727
0.25345068522274444
0.4283632011775087
0.05726114020675349
0.41195931767639954
0.4395511623551565
0.07865382855593203
0.18039815652662383
0.9484838182339114
0.3015805917458892
0.910393840459382
0.24179021395505612
0.27440812446721974
0.06699089964863288
0.5002245836820073
0.07574475808679075
0.027701229757342988
0.1301905988435268
0.18758845791858064
0.23609955984133293
1.3923938186708644
0.8509068403722185
0.49277706682885863
0.5192766842977958
0.28494582128785234
1.7717120206594759
0.44556903228866485
1.2391445865039252
0.616709282242877
0.053415510246113365
0.3163082088727588
0.6563774542560858
0.844251476401909
0.14930396975904894
1.50519694877028
0.09438016456158614
0.06428115456174197
0.0852607090959216
0.8604341190216724
0.19680118307822766
0.16877110024449518
0.3857752011360852
0.2142086755250977
0.03778795125224459
0.09743700576694057
0.09433246902460594
0.9894570004707125
1.0502775023824762
0.7865563504524278
0.13613105647898452
0.04560934186113804
0.31587794803139896
0.060052511872378415
0.17833742731250113
0.8618887864834212
1.1431214960735643
1.3730351307094653
0.15833577672946217
0.1353077921729549
1.7974451638701179
0.5217520169886817
0.859979287541042
0.8387793499753842
0.11858313562732031
2.008498418132464
0.23367063304816432
0.4388228619225941
0.7560315038890378
1.963230951180184
1.0746470897035216
0.2102766589566487
0.23984146996632516
0.4108703038073846
0.9191595914171945
0.8938134847885029
0.4923440714937351
0.2289317964113846
1.3843298030473452
0.11186784353483259
0.4560442845798138
0.39764526237100656
0.2877603182313697
0.2408211576919053
1.7426048699003185
0.6258842014975318
0.4402074529260381
0.4694210112465693
0.2248600138800847
0.16044791390244875
1.8803239783053691
0.08654640312483568
0.9093904645142603
2.74134661654159
0.10158523624145271
0.9526693787566809
0.08639829243378244
0.16238637087619773
0.21828267232305995
0.45704468077524757
0.057073859971806376
0.5288144933186214
2.5472428556565916
0.6320159384135675
1.0204162710539324
0.5620946627688839
0.1900839109780929
0.2796538983272228
0.7917652205333255
0.30634658781632124
0.23215517654151885
2.835401724566565
0.34781333247577784
1.0516653573548878
0.40070841036393007
0.3326169129268521
0.2893120451584024
0.7237474574115654
0.04347148755081842
1.01130040718418
0.3025832802012953
0.019880683816889073
0.019717924391200077
0.48772106499851003
0.4484319205363003
0.28132293548644116
0.783344974060482
0.3770524764959218
0.12295476730852721
0.8570548197757436
0.3569727319979432
0.19796244239232583
1.6934240227902904
0.9593531029423824
0.5792873099426946
0.08979843087574459
0.20730815707528608
0.19398896674647914
0.45636215447418405
0.05278028353590639
0.006658754447662679
0.21632709498224995
0.3748305414590985
0.4790746902674931
1.2132655687242762
0.18399624179777754
0.4105068535020585
0.49771919631038136
0.002231532577871916
0.25180531538759676
1.1284145510176142
0.030602127823368026
0.1332206967829753
0.4291401138606839
0.500521630346997
0.529476760215055
1.5711342308298657
1.040806104421027
0.32805910260600524
0.0946168574473261
0.20082505640532972
0.0887979905539331
0.28184521230864995
0.1666765232938596
0.14499677883973533
0.6221652842916464
0.02835294575468185
0.28769873852858224
0.26856417439936536
0.8309624851973558
0.26216160126415455
0.20650591102342467
0.40986176944329133
0.26880163801822243
0.20848081321556083
1.0901975761167346
0.7390342888843926
0.3701157002311099
0.5603020262811619
0.9886597480026116
0.8058901680692949
0.4740869801561159
0.35442898074844104
3.7914516447379802
0.16314199769859392
0.22138315604307454
0.9079041347565147
0.6113133211285784
0.32989566070016707
0.9277808271454168
0.019111644708197886
0.07159758719140792
1.9623694470497108
0.1776057442796477
0.17090936774913199
0.8825852015530388
0.2728246660948601
0.0878878332527062
0.2890104126938372
0.3980981480540901
0.45239134908227846
0.1913633900450665
0.21727525619367155
0.2901046660453552
0.6611326236951786
0.3916275829507517
0.6264541127039447
0.7307759824333702
0.654716654662101
1.7880517164875664
1.9849111031406277
0.8326602214440474
1.2539203893364514
2.1429056104818027
0.06382087172191159
0.28745180166337103
0.47964122559158484
0.21238175390316533
0.017601483673540197
1.1644554554133595
1.7813450432130065
0.12401506823302813
1.649978350880594
0.05596320081520578
0.2835783601354559
1.6028408156249452
0.02476035433958811
0.11282364731131343
1.706602392625262
0.33313600046947645
0.4642195084516686
0.21232231091695894
0.18990982580076485
1.9140093779917782
1.3931970653339385
1.0665216173152505
1.2344457709882972
0.11560918741685328
0.3151603697035095
0.21870313976505962
0.14898937389031747
0.007896058345301205
0.0768472464180826
0.11444198073371169
0.039076512771777844
1.1171328175826807
0.4873628357238763
0.4586304173021295
0.32225914471616873
0.5545062044966675
0.17947734906170615
1.317373221529007
0.302657405032027
0.02872240491717986
0.3410223825979777
0.5067177573225318
0.033864971103752646
0.5205777186873236
1.6904931013277151
0.5866345232125507
0.40846423357148154
0.056939717348812036
0.024373126401958184
0.93197271243298
1.546597101672386
0.34288108279726787
1.525313208861486
1.088979878855041
0.12765059112977856
0.0860763345990355
0.6700429066304736
0.20203126587181858
0.23116508944540223
2.448117742822612
0.26246912313630827
0.8889905658801753
0.1177751131730118
1.5201779412314467
0.6716599859341996
0.6985747581301751
0.050939650785129555
0.1668069593174388
0.20171829157046256
0.06516821884335168
0.18304698961625088
1.320866922749592
0.27896006721741745
0.12097067894124157
0.3499841594971555
0.5709754198411691
0.5275064490741325
1.2242036581764733
0.29078758332967247
0.35217074184603586
1.8119675193497498
2.2229213970938173
0.23098938894134893
0.3245818836877672
0.21809851999284488
0.14895504004337987
0.7549491353267139
1.0946212303575442
0.1575232661816268
0.11305519219973093
0.8124590417235208
0.24568529879174636
1.0165250810053674
0.13410641737240678
0.3406146593435461
0.9946460481785041
0.8384473878341249
0.1150424816573261
0.9430073865039117
1.7743162487909117
0.6727658125995022
0.09452890298903023
0.22215036768562824
0.09971644891676637
0.7765763448946075
0.3041094286034548
0.1660437557776707
0.4418781072535093
1.34260729824054
0.38963201707964223
0.32377132449099694
0.07431900015772885
0.18956740666976424
0.683353469852193
0.2530863703406605
0.22220978502920896
0.3177004084049024
0.3141516952220428
0.15516067437457662
1.193071783994316
0.12501789915607547
0.36741647463972416
0.33631623344837575
0.10350205394096341
0.05791427975022419
0.11713947943037524
0.2889423298306563
2.5835954708269324
2.5068530451557938
0.6990207815180652
0.23494541773712058
0.15830789253503108
0.9303246914321867
0.3697575169664331
0.02063204103292451
0.44725545179684617
0.3941652776467021
0.691154537597815
1.8059733375425988
0.5745969994934729
1.1021868455327424
0.14008995337810726
0.3259137969042212
0.9242204835589293
0.834981891417002
0.11825624485375076
0.34109399205805313
0.7166560323663377
0.9051463811487395
0.7875029933249157
1.1984910967994675
0.9980620017921812
0.3312419862329457
0.18589353418535084
0.1343037576049389
0.0643075935926317
0.07891883670434703
0.4493202774744648
1.405641513854754
0.25786571755169074
0.4765329636307597
0.4550836498724272
0.3139695774733897
0.17663004037910648
1.4317498393013453
0.2963828138492218
0.35980901394062687
0.544311177539645
1.1253233433352399
0.746988419141925
1.5164745565357736
0.9645790413506836
0.12301794569937972
0.17985746093507562
0.20868096035746084
1.0966317189240273
1.2987274945801097
0.1386986061049486
0.2835586814568789
0.295397270747408
0.22088945812307156
0.38215486869851273
0.27628965419648316
0.06397778496173039
0.8222516473868777
0.6188676471022642
0.3681527361948565
0.044047151995839744
2.5934557624085426
0.4029973518639242
0.433834371342401
0.827074317055063
0.16837355719120833
0.26210108419610917
0.08345621384186962
0.01159023679367693
0.09836478494210114
0.5997093341748536
0.2869068263419272
0.3391838165986372
0.7693011117576356
0.05925508089287512
0.9791172296162621
0.258044685011008
1.0166661798172214
0.1918027522486662
0.3703773967991074
0.708687215224966
0.12811293336571042
0.3546098735440824
0.5325254507433399
1.2446303595994406
0.5234470158174354
0.5135630376468349
0.32723913546503447
0.9954962035171216
0.1565276009492933
0.032690357582717336
0.6771393024654964
0.3541310950120563
0.4019611116529839
0.4232885101667496
0.5046212708447942
0.19984953369816566
0.596385051399274
0.03885641575433179
0.14843095138611662
0.5396390909176458
1.3931699987312482
0.5226824462637619
1.7643077174711608
0.017207150376763947
0.531719271607279
0.8027025603968965
0.09760944823593147
0.5442483596646265
0.4122334855854628
0.03898076275002097
0.028378350046809935
2.130622353410272
0.10765437841800371
0.10754142640341145
1.4586928163632247
0.11250029029928044
0.1888010282382569
0.7825718888019406
0.040820106784661164
0.8651627682255908
0.28503575951289284
0.02583569156314135
0.09484087412276614
0.37209691350106255
0.5354418443980479
0.4659994804547851
0.2790662434217111
0.21521742968383742
0.26374862960627693
1.173880388353388
0.5403283566538678
0.5647171225237497
0.6932532539405497
0.12442005082564014
0.1142898630638173
0.6343730444274687
1.1968639020407057
0.31547398343334376
0.69199709855298
1.1260823811274931
0.20160729159352622
0.5929640679350155
0.1936586950992983
0.2378453557205326
0.4964491654771692
0.34292177659088485
0.026250423153992355
2.032232718933364
0.19877059038736597
0.7096895389018651
0.6861775865706313
0.6681288385826676
0.8991493817646549
0.8946785329510727
2.7182264954737074
0.11231951421794319
1.5767850244528996
0.22278601627996342
0.31417590835437276
0.5246601800395335
0.13860912444943238
0.7290295481504284
0.611247600651773
0.5805099517885042
0.5935688270601904
0.1917136105016989
0.5838019088238594
0.8505594027022925
0.5012476783729796
0.29144391853609547
1.1678987252320792
1.5729146993775542
0.02877457379490246
0.7043589606225131
1.0681684568957395
0.029399443550896524
0.43404753033762516
2.2425177293576177
0.9382845227793389
0.9159717195241501
0.9156212615543352
0.22010300695339408
0.2965996382106135
0.05043780826697063
0.9678352828654448
0.8466724481582033
0.2517205510868991
0.0018780758925118878
0.2451822558154817
0.2154249583166203
0.397168880010554
0.9175740176391181
1.3919640622838585
0.825184569358672
0.21631433833799502
2.779188418484577
0.7173935775521639
0.7211811493933982
0.14669389162508467
0.17974138495239175
0.038981180659409864
0.25707159193304224
1.0793433924853695
0.23836418852363087
1.4452895529136367
2.0201583744753715
0.14340597762448834
0.20540360486147727
0.18710517020159234
0.2503626152281582
1.0937417297059706
0.08817444341588258
0.8904197394260239
0.4934695653327491
0.1366172396959129
0.1430221217383739
0.9556429941705336
0.03019972282162963
0.14689312192842957
0.9215193654117029
0.08538075259608668
0.6585317043028031
0.9068609973774987
1.538803655095113
0.6378435516414938
1.3874261407203567
0.052986355418037354
0.07575789895290805
0.38985685689035193
0.3768937602028093
0.3553060869389502
1.2265550588040004
0.01242391430461553
1.2218141617739893
0.829044460983689
0.028236054719240067
0.03965013403485001
0.7962258566733436
0.08483449613316495
0.14219257575246233
0.3237235063319664
0.26659759566379915
0.25625091793148125
1.5057007217476766
0.42034126574240704
0.07680984115579684
1.4636015839537304
0.6493676505549109
0.1550500990153649
0.8833536018068702
0.26361078025467183
0.30694788958850233
0.2935599054659062
0.7257330228596235
0.3547149319712162
0.5033003630827781
0.19560029506044657
0.20269988351544357
0.6088360272036208
0.6377819456026658
0.03843229197284198
0.03972606453877815
0.5200095705847101
0.38974849676953366
0.9539933431704039
0.5361899263237093
1.2316598446846678
3.0279699917848952
0.3807189398277575
0.05875055156743614
0.17599295722657363
0.7722519312889771
0.061546918479885325
0.4450434096124353
0.12234411918829673
0.31692077791878814
0.2765687477820283
0.7308834839255929
0.549599823754691
0.28150719364735016
0.48780724432315664
0.1682647659336461
0.12036188388462478
0.07477919992288685
0.02401578980655575
2.1774055065824904
0.5055132765990433
0.8874438122188198
1.5835043557131239
0.33707287394565394
0.2561137650487736
0.8564902206491086
0.11857255703700607
0.938612733620881
0.2125178223949161
0.07304497553888394
0.6178776800318603
0.6154319058233476
0.5079095342978371
0.3523246607009629
1.635155019415383
0.24814696292965568
0.5499542609029121
1.1765523739011756
0.6692115699718154
0.5939431149234524
2.35184683409303
0.1266300237402457
0.7146208107489144
0.38892519784862783
0.4700556932939809
0.3694467254362818
0.2900676506658537
0.26033938233046994
1.2078679870624234
1.7706431085600163
0.3889372204092778
1.6930282130934116
0.4621930058718767
0.029202921569093453
0.6627459236012384
0.7354527502662304
0.10651021858637365
0.16258558043584784
0.664953518773002
0.4173375913063925
0.23973925183816067
0.5199592274058161
0.14165859980320608
0.211752794029693
0.20855997774275856
0.20913370631922346
0.27274683369288155
0.24842525223103146
0.09847757287937867
0.2231750763657677
0.7713441383458997
0.12728600181103145
0.7448177216493228
0.03922298849912302
0.7692102107653846
0.9975876633528736
0.6326217451379075
0.10431705539057348
0.024836352055580053
0.5839916501122557
1.3501795010779183
0.3309774430050037
0.31497117997666707
0.11942272747005299
0.051806437653143404
0.5796477664583097
0.3954101706704326
0.2925152921589304
0.17740187084608935
1.7055087695938498
1.711391649364748
0.561364656019913
0.648443284877254
0.2274613327310916
1.072478407520793
1.1189004259445294
0.1689296061361975
0.4618182396727192
1.514482149293384
0.9731249158731891
0.8788484556744526
0.10927193929650071
1.2983824389904863
0.2685665911179957
0.08655268268095351
0.33289564955137574
0.43958910003671225
0.2250312785722932
1.2820061616718967
0.5936888843060035
0.03619964011870667
0.04657705396867532
0.2860015266762104
0.053273187819147985
0.006232063291273215
0.4720239435935031
0.07655461517731718
0.0055724786973762475
0.6399711110686356
0.0877594679463696
0.2112141691934581
0.18171172113535425
0.053158062430802275
0.04858412997684579
1.238929004634526
0.8968827931523556
0.36056613157825
0.29474465826517765
0.31606987408190745
0.6394965419041986
1.4229464777173078
0.2937057678420365
0.24300066424517427
0.296172595960142
1.6577687569624868
1.0990130884628804
1.0471655867263354
0.15286274892534088
1.2207184148984838
0.35245581983931346
0.06642008708150203
0.022950887520218087
0.06997939613335584
0.8841748284857833
0.6008782907051657
0.19327508144614847
0.15672056815687568
0.3884906592703464
1.6601945956383337
0.96761673310512
0.05707969201985366
2.9813893603245005
0.1150764902880308
0.5217076567544837
0.4181609496691776
0.6461072287032109
0.6203549155837157
1.449998595497824
0.008952781329213046
0.4023731406281444
0.38772975979177404
0.4383734756545509
0.09312449578273285
1.1153693369325028
0.20924722667213488
0.20360677208606046
1.0737219445750985
0.2627975114366091
0.28257215969124877
1.4014343499765742
0.6734109523419328
0.5203447872296629
0.16467741181173545
0.6976077455343312
0.8084098558539738
0.48461475022168615
0.19022561152403364
1.0813371221414465
0.1952555556112944
0.22239868216829226
0.3608755358082869
1.600609172797109
0.04781129908296347
0.48664104955548226
0.2075674339776038
0.39100068320856723
0.8656181122385925
0.08730177712770308
0.12615430733978833
0.670123806551829
1.3879876617666498
1.1171268714655977
1.008770527447929
0.2094854583589711
0.05819411246684516
0.3543266750895625
0.7028592717114205
2.3449767582543743
0.13830082906913502
2.472731279177633
0.27575984949599325
0.845288083628205
1.4986718193544364
0.5302844105416028
2.178933477146759
1.6271294100856273
0.08621218694856767
0.11985579397854447
0.7098844806341637
0.5127120743688277
0.8730743900258839
0.911678840766018
0.015555108411594777
0.10383054561620562
0.9244419572601441
0.3809080388647913
5.394302844866819
1.0120182855888533
0.2659685414399368
0.16927184739196005
0.7224099603529931
0.27522540847422616
0.1344309284807598
0.651141274683743
1.3636218439891392
1.4196205767865664
0.2585023206367087
0.17625534692366496
1.184283394032295
1.3839452540191353
0.12458884946363209
0.41078650687341234
0.168760513271947
0.21708780426813876
2.115336166546891
0.6414989910432172
0.05475827794875168
0.24421981491703035
1.6890004701747157
0.3177882362926653
1.9410690613092938
0.4107749578333571
0.08173579737810426
0.17127043262984107
1.8662536502845113
0.2810768046835335
0.11678367682454979
0.06342982984891235
0.07156070073603722
0.07992318977968535
0.5260050462814914
0.6395265696043152
0.8445963385071392
1.2130437466797563
0.25287007834999914
0.44142166794919535
0.40271054600627243
0.4239937004445945
0.6858412412728616
0.5153908149706423
0.5136764493227957
1.050271277080611
1.6500970892426017
0.08454664067664672
0.1696400645854525
0.9965497154372909
0.4477994029125526
0.08641205496117504
1.7059102687271448
0.19457043069587474
0.044451059101497686
2.5575780141681395
0.3614477497297162
1.133997097927801
0.8019350101437449
0.10855993641632862
0.22959249241444882
2.130906085405182
0.33742239757589804
0.06859467800579126
1.8274580798641804
0.21126341721606012
1.0052705344609636
0.944748383579238
0.007821818591128462
0.3056718900346341
1.7407254499608562
0.2361600401389933
0.35997429498073474
0.8493696994874042
0.1841727190919233
0.4937567273675504
0.2522042186372489
0.22011328679650743
0.6482999036939278
1.3239803163891912
1.769366547973035
0.6978746165367611
0.6317282227446531
0.6943422618905115
0.24646928112365166
0.763486626523971
0.25757690211390394
0.2697183708233845
0.2280173595709217
0.10412837949279807
0.20767284446267142
0.49875209452770664
0.4164362062261177
0.7257446463589079
0.1476837661508945
0.9823815807148716
0.6794760160360798
2.430852869873866
0.4800288934223396
0.3328181256024671
0.25067457455254816
0.2868806173597281
0.13626288249145152
0.0974291520491086
0.050158370724772826
0.33780208126687583
0.3184462200143927
0.4582487217050437
0.06317423481570233
1.771978522800062
0.1572077696641869
0.40159993466063376
0.2052328393473707
0.2137190465107017
0.18200456778599652
0.09938721158472014
0.6289819575167603
0.022694193894336717
1.6655147102016754
0.12183610386902959
0.14418368842548995
1.0312655110628053
0.09552595264941219
0.6287017365637689
0.20533890799124246
0.21165532338383095
0.5658094487209498
1.0781206511543493
1.016319527992663
0.04518299427571313
1.579004177528891
0.1593520318922811
0.28245879037702104
0.7135019153626067
0.2541601519529632
0.24294378256963106
0.13625324890894128
1.5371269051566478
0.5166031720510014
0.22723909709269266
0.03513638212643622
0.3171930490285618
1.2922977343313908
0.8171191452440141
0.923170223532173
0.7854550595332264
0.05767151000030241
0.8254623740660898
0.41390849987799927
0.13792567676571718
0.018189044089443655
0.14549390665799117
0.1726733229713287
0.5689713464992496
0.34419043198781524
0.13292152035159419
0.039590598646596496
0.4872927849985868
0.12689197045377054
0.10157444439134342
1.6098063778134764
0.6806602055532205
1.6754258501174624
0.7435180969153111
0.7438062678113849
1.2555909440684259
0.4110446327530618
0.2975593372264092
1.3993099019086293
2.000064468677118
0.36217373166385686
0.6509070685698334
0.25262286552444485
0.29367286504714835
0.4786751908113522
0.7174368132539108
1.2649564999283653
0.5480810367698877
0.5831547064881042
0.9294946676882062
0.2885647671701958
0.4145494983949348
0.35161257519412403
0.2794913244521018
0.48616611530571163
0.404515838198721
0.8893394981307378
0.18342931505640186
0.5719720436992776
0.4058387734455233
0.35916492209651985
0.3054652539492466
0.42718092746174724
0.2933962295897193
0.002405756245654345
0.17801332417472898
0.56721854321994
0.7859932192733243
0.12564486519070228
1.1842419077038313
0.04248408444874019
0.11381951149849384
1.0794703348237167
0.4475782720880942
0.24550178449584753
0.7831892908830341
0.1099539928284771
0.5407987607551329
1.5791600614443906
0.8589420026664248
0.18642259994771082
1.9204013787674143
0.5282127475449715
0.18883068383897852
2.0497246652659045
0.2626338522183132
0.6209383781760986
0.6744725051878909
0.08577367548151675
0.11093833074926958
1.1068876164087176
0.6977372360478838
0.2917149195151721
0.14221384151154756
0.1831845632990876
0.11257553327769375
0.4172614288547205
0.38054903375026744
0.49290912523916786
0.8995773992384895
0.12870060943919637
0.25366415834816636
1.3127992708761362
1.9843925318490903
0.22681535120939886
2.846544308505375
0.23922732103228037
0.19063558164307756
1.175445146379645
0.4703868842144376
0.07315367521841779
0.8149931848393254
0.11492210571627283
0.872063420034391
0.694939563603969
0.4151568531842771
0.648417467448448
0.4747553968255576
0.10692472006062635
0.36522112239959514
1.1169852211054339
0.1744173581345783
0.10612915643283267
0.995628299205727
0.20018365479834868
0.0626851020101227
0.28355006630532276
0.39317926402145925
0.28410980858657653
0.5777661165263901
0.14779107969615557
0.20487120179105517
0.7898818211949147
0.5670652677503845
2.297750166485299
0.696279166987408
0.3630766351110083
0.17650797050964653
0.28350747451443226
1.6449171685526196
1.646710209141971
1.4998803138663448
0.5940052112164482
1.6606378483994828
0.82369251711207
0.3032521288618458
0.2710169757968136
0.3683342951752554
1.1250227154580772
2.1279234070609316
0.6004958399859581
0.005989278122981588
0.16366342588163482
1.138758343204981
0.16930136389567202
0.08159613516904718
0.13543903592051262
1.8989887845594102
0.03415275980024166
0.6681314404468883
0.046838259840531284
1.7504052769422243
1.6955689366779039
0.43957399454589396
0.5015922387683727
0.6305819807452244
0.8328897503698085
0.8686260402912961
0.7717323364728543
1.3934665425263772
0.37371162362778726
0.23295124051205918
0.25872785186717173
0.3082215005300993
2.917681311773209
1.5229068186826882
0.12940492641895993
0.9737879560577074
0.23471867043133313
0.5736049624733641
0.4173248483529113
0.06552896634431991
0.181567788260492
0.9587245293466352
0.16110134276052698
0.620455483331391
0.6550164832484952
0.41455043733269564
0.05210191361605956
0.40429525834252045
0.2818735801290061
0.04056723223128936
0.7654355838635819
1.0712835291064122
0.03300918457127106
0.23952357690546836
0.49131525764078693
0.7688345188135379
0.849573218640799
0.7372561229715937
0.7570660390047989
1.063259894359085
0.17101862861911166
0.4448931597684171
0.2793377334229161
0.28629594044767986
1.1011210209982984
0.622751405525814
0.10739415179528584
0.32700080462304393
1.1299023978891984
0.5594085039622303
0.4784733176914557
1.7527881435451886
1.0351508478311913
0.7039563975530623
0.5743561745087165
0.5491783424124272
0.07038846571615154
1.2993809350473529
0.3208509190125238
0.03677025147922714
0.7825136869197317
0.026892683922729498
0.08297748722015776
1.5203479829024547
0.34491446235659334
0.7747552059800779
0.7925844595869366
0.0659956326964444
0.09425554850760762
0.14703105447135356
0.25186444236990185
1.7333160033814636
1.1613730763556607
1.1840113263272691
0.07614942823052652
0.4468392687605148
1.0685849904952744
0.5590511175596421
2.909400396712376
0.29435351265307397
1.4821117151378858
0.126513708172715
0.7883918242043371
0.9088016477528646
1.3627661267990692
0.8209230075269992
0.24131624030207816
0.46664572388569525
0.24753491772171896
0.08785801877492809
1.1050141399086892
0.6736793611312092
0.5799065929639114
2.1136865991724423
0.2098209406442161
0.739315888178539
0.2153156760933596
0.16280236039409673
0.16188487656901787
1.0909897246955427
0.26428223242791016
0.04572206114911451
0.4073727104216586
0.4283382188977015
0.3125315041104574
0.35238119758146386
0.08506204182079213
0.7444179756816018
0.3200680539878486
0.5528278598607597
0.1625744062418708
1.0179839282050949
0.29399654606632036
0.0769674541319908
0.43382128339634324
0.7394645622692365
0.26870321628259486
0.06567910940419985
0.16989556781103474
1.686663617777282
0.9854697670115871
0.13201013428284256
0.17251415978467186
0.0940601103803887
1.2648935143521511
0.5200766137410482
1.4249565768429793
0.12814426931759507
0.08213490891451224
0.23834952453604466
0.38881636888605275
0.6135686917963463
1.3593315425982093
0.44537858425030175
1.5000060401405269
1.8115490718560443
0.595979933402866
0.04091600621368452
0.7230809718712109
0.029342749059065924
0.1556959599812454
0.1906557368686105
0.5673752357256856
0.13436427991063982
0.20601753174800094
0.1666770250221866
0.5434660946058221
0.3674120295782103
0.9603396085461882
0.1300706790118242
0.6139065039665483
0.25130705904704215
0.12342631379087256
0.9352140852056104
2.0550657809195787
0.20304770123405916
0.5633040684335165
0.0332582851760914
0.16370636056697174
3.2092830316962075
0.26956786494795604
0.5360714734691848
2.9369797431384077
0.663720894904508
0.24359537148388777
0.9245495228588338
3.6724034310790907
0.18846055839518597
1.7932086718946723
0.14688257075575026
0.9079200287078022
1.1888319362378956
0.03597785655686973
0.07832209623420702
1.09188670716182
0.5493388409695729
0.1392159960144385
0.6049381400012519
0.049528693438598656
0.04841768717206693
1.1440590711573466
0.5127716133848479
0.5106420229719085
2.54995657436761
0.10642228603911047
1.0648451757256117
0.2955619939040614
0.08073590009056351
0.18330489053412338
1.1312191618836565
1.0976221217568227
0.10347067651005375
0.15422370566039978
0.7548342822411397
0.06594232719770353
0.027025965105740877
1.2670511845455033
0.057577160122171914
0.2131218990538171
0.007544666436533842
0.13136403628520033
1.1343895472348162
0.07068844990286875
0.40488900269991773
0.7740109275993563
0.1043154410343821
0.04558313554824797
1.6248591191185273
0.7092655592856966
0.2960051476349896
1.214768724614257
2.2499950308669554
1.548936207804129
1.9140603757708574
0.11589357263040537
0.4948220964942514
0.29988329102417577
1.3069870623191056
0.4283420563254976
0.41391181579577335
0.6319049877801072
0.4211656455806829
0.44045153184528046
0.11371875380346884
0.34280712608379527
2.66863590875593
0.820254835836697
0.06819210030488078
0.20825580067046173
0.0839909916758331
0.06131576814899137
0.12403437186706663
0.24052401191829323
0.6016314479461564
0.881198186784513
0.2524484796026846
0.25305158668976635
1.2645109732338686
0.3638260463069049
0.739148106053514
0.3568960351757008
0.0936358219672835
0.6652596906896749
0.5822196165023386
0.695811957227049
1.368200469125439
0.1559572176867518
0.42351667969138906
0.18360698968507042
0.8855883589402916
0.41108811917155214
0.7313537668516139
1.8118644748973154
0.42957738647361376
0.03926505208051966
0.15966649808943273
1.707039496766474
0.49040113643058186
0.44721814312758085
0.14339608460500125
0.14109501434818547
0.25146475817587727
0.509538923565918
0.1882043654770419
0.491497377498287
0.5526726702525538
0.6327055085798493
0.09221670936872564
0.15267781508062972
0.3042849540597152
0.33861666826972775
0.800355533867345
0.18223223193687862
1.5162083156320845
0.19997770483287855
0.08945554285208507
0.27260801466632323
0.035780757303565926
0.026040567022026156
0.062035756877369036
0.06400706541321545
0.6964132572199422
0.3660365097669063
0.008851699733299934
0.13595092447113233
0.30361846716477925
0.38166584723288377
0.1426577625719755
0.16623325442757353
0.13849076041519404
0.3371014062990081
1.434176825193021
0.7085517801214959
1.7973400550890086
0.12011642838815102
0.6473109172162061
0.007101308627940081
0.09084647298924915
0.2703751393823919
1.0158169243207358
0.6616392885791594
0.1668678154038081
0.6047659758616675
0.6004271210109956
0.03468307196676314
0.07160065938126334
0.6576957692743491
0.2653404034967258
0.3794989756753186
1.5063060350236561
0.42140344905314586
0.2848163621200676
1.1341236944326718
0.4482134514438382
1.6168018767172219
1.7341820670275667
0.0789647010851465
0.09800931735911689
0.7130594092904401
0.04564774787758615
0.306666689434703
1.0522708234340936
0.21978702617221482
0.152082272720159
0.12047576838737556
1.4139687419245286
0.14296936913585334
1.4616399181937718
0.2889698230970308
0.05563370252425714
0.863255392639925
0.39795840355714546
0.6464671025811428
2.3533158262438962
0.44897837257597084
0.9581214355891067
0.3520479043732966
0.5326755864215955
0.23891024830542615
1.7012042817190833
0.19801557017295096
0.8171556798823452
1.5374309819803578
0.4683899935831761
0.5737016866465062
1.5734680474374092
0.49291169830244763
0.19349019333986706
0.605573769675717
0.36274943197667053
0.6203910205889474
2.383097233630826
0.2307056700934947
0.13937635070072585
0.763389383272316
0.012212557669632976
0.5216146866764702
0.11210305586428745
0.38827636516503095
0.3246937608365987
0.936125314007848
0.39857748928883585
0.12773198006098926
0.08329415126798746
1.5866322000750892
0.20211096144494572
1.2705792563350742
0.04843256761892902
0.9567525848767675
0.31002851320198394
0.1520323678397571
1.0501046795506892
1.172357817548518
1.0843381472126656
0.2515405826305572
0.44843074758758306
0.10349076220047347
0.1326405282473478
2.360922306314914
0.1913842127994769
0.130630984743473
1.807301261453913
0.46776389834746623
0.7462133740810316
0.8201094477088526
0.09499264824237913
0.28233021738042163
0.45639599075110815
0.4199212870483812
0.08671258571027986
0.04306880180119497
0.10392562139597955
0.15514609871742147
0.40222605273137557
0.2910449398780643
0.09026690184176912
0.9326912565969653
0.4226324985715368
0.10431143210052012
0.7761370011973668
0.464609199741346
1.7282681423069741
1.569580517606946
0.5046125246643116
0.8727503332336549
0.9257598456800655
0.029462639597857394
1.673227303507883
1.4687925690849244
0.9974309106815101
0.3369869284175947
0.173679077540157
0.6095395740627045
0.049182605814195625
1.1311106401640232
0.09663578930212925
0.11353740195202805
0.26967092243220286
0.6885320476423779
0.2944235837662612
1.2426662715512096
0.2771841196904654
0.5139910773104496
0.21826182197949098
0.18212307049411489
0.25130540797428835
0.8933377789907283
0.4387142035616508
0.4988332750712813
0.5178634272769934
1.4245608608305238
1.7027375268168028
0.37997648138106016
0.13566034880028638
0.6999301885696747
1.9202894229199796
0.12067822332361944
0.5340697738473038
0.9091613218596989
0.18349867261842093
0.12570112830358063
0.5487733567322213
1.195809457003412
0.05446271276460401
0.516620293786472
0.02758636624255172
0.11783595058844652
0.49206197966711834
0.31740241965533605
0.06480187704191544
0.7327347786757753
0.942980769485275
1.2009886615443086
1.742688008038475
0.34131904665202156
1.2004281815155067
0.6759790673029841
0.1997088718721084
0.6732937348082405
0.23772034059376204
1.2999503909374848
1.11477443195902
2.191339323391221
0.15259677750584735
0.5345829082740481
0.5221248211419094
0.08455815193028565
0.963423596550871
1.4514833681098935
0.16849588551382236
1.9463073510096516
1.9279750135319527
0.08542521975000632
0.1315819926848835
1.1560480075202655
0.20056101044129918
0.08151522390861109
0.2813478863112532
1.1163627484570304
1.021576081865093
0.5174272526059901
0.8543264434321151
0.3950373977641628
0.46090783676148445
0.6300597667443101
0.21528062330948014
0.5414603302732598
0.1163170754719121
0.1774281617739047
0.07321738872265068
0.525400261085751
0.43157886865404316
1.2871161338872479
0.45694235044860904
0.3333755951685164
0.0768912707112455
0.18080644628074138
0.0593111642906053
0.0981768091037319
0.6781999047273746
0.10874324348623973
0.17625914176522853
0.15352978874139186
0.40297916127397293
2.1510232579047175
0.19349439572518232
0.0860821673585801
1.0099289559574152
1.7914218938172115
0.14492130558041108
0.9779194761615324
0.002946808016248393
0.18447983792133188
0.31427158490554036
0.10837513469101598
0.18124001558328945
0.6423088013828554
0.817153623351835
0.4855807711107408
0.5156808156828446
0.5268923988328545
0.31586796754503005
0.7384226524562252
0.641141061201938
1.1331231806839
1.1665912885602256
0.1654902585228924
0.24082958838563576
0.1955080574700953
0.12228362718553405
0.5323488950525067
0.7401576328693283
1.1758600335700902
0.06012578602183506
0.9923246426740613
0.5295656587389158
0.13048504580174797
1.282409316518619
1.5806879982087734
1.534023904648215
0.162037599051111
0.5243031760314638
0.18051047697874995
0.5655902848515648
0.038435486206030295
0.19457768633573758
1.5682157970251833
0.30541724247044777
0.8717775999853722
0.5635832274618467
0.0707729414317834
0.5114100516450029
1.2353618436428986
0.3409347745363765
0.05556395980511573
1.4116482103027215
0.7553331282542759
0.49328726904511816
0.6044474565007673
0.4878905404548417
0.7001493521323933
0.5886144569095315
0.3464416086767032
1.2280780792906112
1.2544563138243416
0.2127726736167412
0.4591685310607089
0.2241551425770573
0.26739053830637516
0.03672988614356404
3.101114205045157
0.1392547457862314
0.2792917711818459
0.11753667147963831
0.616780957972128
1.337467724695156
0.6474481937231742
0.35573299310603984
0.3433459445665848
3.043735695225189
0.051249989731726106
0.684476287670733
1.1846124980110386
1.4120734906540848
0.19813724501344052
0.05784722631056299
0.28173459054075095
0.03785509013144886
0.8344635490126131
0.04038446019298629
0.22490073824571097
0.24386587225460848
0.368922209240738
0.06267763663754498
1.498905817618411
0.6190657930038167
0.1514268068552117
1.5739231193863548
0.7782220182381689
0.35335023525903425
1.6030773095221558
0.15210339756448538
0.34511677512130096
3.0949182178108616
0.1851046644787903
0.32291100989880034
0.739410242773928
0.36857655216246016
0.30511181864768666
0.22097749013994872
0.05499207722645853
0.31414526425562495
0.7484536903842388
0.29993261410354416
0.08266548156887527
0.45592243000240507
0.020324181651072425
0.03599777145631424
0.41038151324192323
0.4613976271412234
0.32431160824691374
0.8465509452855775
0.07538698635294057
0.5884443379761518
0.1358287685896805
0.15485655306744986
0.12534141654623546
0.8754366849387035
0.8512930696276448
0.3891172218980075
0.8121032282502961
0.05540397060671397
0.7280113998439733
0.43660686415391775
0.11294199636367333
0.07856463746867803
0.5589313388321222
0.48877677187363494
0.09727719998315326
0.4004851952642817
0.05733557432093261
0.3710266961854419
0.19606841210110998
0.4055763274437631
0.5076513929341038
1.3022799790841741
1.0866429268926245
1.44538998433651
0.6274792365279905
0.11633778671079666
0.2633551108490411
0.5964765949484527
0.8352501073277084
0.6013055366123037
0.8001164927214381
0.8268797699369507
1.2878046920557324
1.2261044172428126
0.7979851515543072
1.9202403618267854
1.1301933566845483
0.6455281657350729
0.6606311583730673
0.31323351065292077
0.03072646108684282
1.4220478089200475
1.1998106234578816
0.1113904177291293
3.071110955776459
0.8526873980531464
0.016060585635418737
0.07634572985330439
2.6364959336880336
1.0214023353393837
0.7165310476016074
0.498724202420153
0.005915037158886749
0.8370329060953338
0.3626773948263674
0.089867662727023
0.38112086980471904
0.35606897948742955
0.10253904977007311
0.6588535091947275
0.6679252243352325
0.6871022455921322
1.5975995652881905
0.6630618154547396
1.0448747413115578
0.2507513536699513
1.7850018277545854
0.5617347069530092
0.7944554438998904
0.48125397600670444
0.558533055238962
0.1459986238807898
0.37794407595582374
0.3665640001488345
0.5859858640602239
1.0563785141363313
0.1141668781621145
0.3516096611208887
1.9487815866061038
0.25051455136240625
0.14716364963482675
5.813174091402846
1.2914905592159902
2.667165441948827
0.3558456354560021
0.2502065686765911
0.15047509454221852
3.3300795191785184
0.5472800272361601
0.2590139407510021
0.42043971797036056
1.2154494058718441
1.0994274128539145
0.9888406822136457
0.0339240595891381
0.47769564635182304
0.9485112266297903
0.21690474780812682
0.24750202448730613
3.037662964359942
0.6476622017941832
0.15952682997113868
2.1013010180102016
0.24025986906952246
0.1416901383943837
1.0335131581281558
0.18861808922726453
0.47959408028581124
1.1216264317684197
1.7748501309492177
0.16341345800693946
0.4515912368960742
0.09281720330791036
0.015293041492705073
0.24763490226183824
0.3155231786316228
0.3018127237492219
0.27103468001056336
0.6480308360816327
1.3259201824732325
0.43001542626980227
0.0999999693989153
0.15376229462181237
0.14556105851755505
0.28105602093220045
0.39744021609718777
0.4136387888321808
0.12165864922381003
0.3512605278350694
0.6939679533360678
0.22409297539087702
0.075506588964935
1.2217861188231882
1.6918478386388818
1.468760627590555
1.4617799945713323
0.21878302527111246
0.9775807866922259
1.2681311245499807
0.08671036083333579
0.10000199785285395
0.9358642851742905
0.24826383701530155
0.14750889312163945
0.24802899138763995
0.26778439264555093
0.4482214331667757
0.5111524954255853
0.17018297549369005
0.5200332574264378
1.440585432253663
0.680012947748327
1.0438731056972623
1.3831266566265767
0.6107672638171208
1.466596328070551
0.6854964764546002
0.16106238317935648
0.31411463796071065
0.3445316917777295
0.07511358012159847
0.7505820407144272
0.43304955249292776
0.21103949388530863
0.699390388962195
1.5110709634736206
1.4510658952292463
0.4905031529767199
0.6037837466699829
0.15393167448659822
0.045010958926661744
0.13309376522964694
0.2094203892850865
0.42008888269351435
0.3604551840285921
0.26630428612988083
0.47334404355195303
0.06349915850294585
0.13294952314750258
0.32693980958698327
0.3422929190859696
0.1364559998744085
0.07651021111782727
0.6913898856308337
0.28470428961271244
0.11326218339162168
2.4859226402278947
0.3583793801857457
0.08792374918691269
1.1489441995691674
0.3623134595933412
0.1596743106648751
0.07996165544198568
0.45108323225981906
0.0807830007760503
0.4435525340336871
0.1127067205952549
0.2868675404387347
1.2970298769713142
0.4532581738447417
0.6320590161030822
1.1245728184007495
0.22325996883586186
0.46776948322368544
1.4632795829972671
1.0096769020008394
0.1163729119422191
0.06943276185633335
0.05196843874069893
0.43711363495840994
0.9295182202128437
0.9000276790441245
0.2322848411831755
0.23202501960741076
0.03149620264502035
0.20739373322664068
2.4724711016648477
1.2267165052175761
0.6981068053459687
0.1462970471900706
1.0348251409598526
1.2227735654499345
1.0238208327854743
0.7448591427021648
0.16276713935154521
0.27236354625198256
0.6706871066374234
0.4153515550554665
1.2364111254672043
0.29780345043626183
0.31932572751819877
1.3610259081181104
0.23884524838644097
0.33050953940043587
0.02613866239241755
0.7450907860781435
1.0285914533107288
0.4428222654277582
0.17658889591641413
0.6851421118661286
0.3014231512002991
0.07372679429074067
0.7587789706802043
2.030236345401545
0.15762231303516896
0.22012539499858141
0.5178740960759344
0.6589701936761916
0.17123738765408053
1.1919993223270788
0.42560218275316697
0.24504771400795824
0.17281014227972036
0.035306510312820095
0.052994669836463136
0.19879535657866917
2.219159510294667
3.548905505708222
0.3458804544226565
1.0977787613667707
0.5010848164218581
1.0154616225292938
0.8635671419184701
1.8564464229128326
2.469343488557177
0.343391284116183
1.3396442624233684
1.8725361245532164
0.2188745894491655
0.5570050749892099
1.6896787756975709
1.293928096863268
0.642195891966162
2.0497635908469456
0.22711325435598484
0.12951191540790408
0.26049833415542734
0.7725146294083147
0.05433374686822874
0.04301376953494413
0.7087022744725786
0.800171641282222
0.06251951625665449
0.15514274873595973
0.019853649996385482
0.9567345986175919
0.13647922356416134
0.2539595060054713
0.5598251455698835
0.6338815408071169
0.39377645763051006
2.4880384883296895
0.5565609228138122
0.4062475106605222
0.9726570219417954
0.670165710698886
0.25402707048824846
0.4485195411864254
0.38313421889430443
0.6317991896952174
0.5500044065269217
0.30656640001482005
0.6221969499429596
0.44252179822739507
0.4076684446308062
0.1055419937557349
1.7702694969087245
0.07990392704704939
0.5091194173713991
0.3538216766303936
0.14183139357309363
0.6576156742263838
0.17513636299324023
0.08927843619776195
0.18857186956074518
1.086478845549075
0.2529119035278497
0.03699192661685105
1.2260519297946428
0.2744146664530242
0.9369914445383798
0.6611159005696591
0.363757545302097
0.15259869202607582
0.2561759876857102
0.07249152232462784
0.13675805134607444
0.7951536186177609
0.6261231448065832
0.8097397649938372
0.8239716242171661
0.4005578634784324
0.49271400548626676
0.36175738762520254
0.28060569917618755
0.15555453256956756
0.5653376008364562
0.04414804908320108
0.1098792473061268
0.9744986593253145
0.14365764952492574
0.1602122903681342
0.3582150699593512
0.943771884059613
0.2632576574162236
1.0986361458449596
0.0051796599157639955
0.6459560311150985
0.30112347650356736
0.03580849790436083
0.12209720304325872
0.6169805183989865
0.5947505077030699
0.05118799815910156
0.43151499106154806
0.6450865179038888
0.17161358596761653
1.0554640574407537
1.0037399187938234
0.4871774354154833
0.22198293195691285
0.05264930880909336
0.07169532695619144
0.1730688170176622
0.25189668422476147
0.2818207361557726
0.6052073833102163
0.09861151597690263
0.2741147362892309
0.9883015952298001
0.03030357580866815
0.26464758199533495
1.4508695355673704
0.045335736543446616
1.6155182864318316
0.8124694926157003
0.17724793776722847
0.13702795115068206
0.31855840437189503
0.31245387037838285
2.006939692512027
0.1644707792210442
0.020213142897060967
0.33019100294542153
1.7226988021940348
0.37835069716712455
0.23322926397741833
0.8535071916686876
0.2467299747226139
0.17692072809829953
1.591180350102234
0.7093372930759512
1.0300313642184247
1.1668613633936782
0.615590601246636
0.054953256786385345
0.42105020941422533
0.1549574680201862
0.202503984566685
0.9941081212924245
0.43391130722333804
0.39850606807355704
0.33803806000138764
