0.21289626217604984
0.3830852075659258
0.4250022418213934
0.30124468592430453
0.2298166756465814
0.20468102302978278
1.3862836078730174
0.46648513893182747
0.06811744432535718
0.43437928937688103
1.739905964291597
0.24653904685691166
1.1827210885216841
0.10063295114462659
0.010480133686756935
0.37591207462835063
0.9263616857796461
0.6028459939747395
0.22166913842451122
0.8603931088458384
0.5177835654768965
1.3672937792927804
0.45616605980668545
1.0694011083807904
0.24279014514410996
0.29986096997857903
1.8374942135943837
0.15731528173594328
0.17963100773203874
0.03572711577430026
0.1579524201535111
1.6964556968443054
0.7427209561969528
0.3249079755808898
0.36139102736741063
0.8461974152724453
0.51027486640508
0.021995644403727747
0.026496553408901266
0.20113728056479932
1.5027022621166082
1.825165851162182
2.3414368662015637
0.4106729200435188
0.3498764451146249
0.73546880064523
0.59302133692314
0.219437642565756
1.4515086917236473
0.35309933548582284
0.08940482488890712
1.489466089061904
0.5878463849604606
0.2905788311261349
0.24313376965976058
0.5924527182330763
0.6017205571181193
0.3258168060861499
0.016873788515257657
0.08632866416392523
0.8921142414141661
0.14528071536813364
0.17183489502236826
1.3989543381837657
0.3447790507469693
0.4871432584117086
0.6571696231067071
0.5371321238308636
0.3500407556370643
0.8655048229633525
0.5056224703577328
0.25698667896384364
0.5732826623191059
1.6426348114987135
1.2193905151837812
1.3439988742904978
0.053908009627583124
0.3297616190386186
0.2582844116891878
0.3945745040309058
0.46779648254410067
1.0659156177358888
0.002332496987659359
0.19866984906287982
1.0739446121208247
0.617483899690241
0.09946023611009867
1.5065377860026234
1.0413999257413087
0.7765287825672597
1.8100977137881462
0.03142108484477304
1.5523207948755757
0.7178239414954256
0.23192048881865265
0.5145733348682398
0.32159125677724487
0.16441774466116593
0.1714940262333147
0.803756079131233
0.5468867312586099
0.08539642909415493
0.19139207953972867
0.1141719069332403
0.12107132272374609
0.31627221170554826
0.5256157744038193
0.30495044086749
0.8263056584841327
0.02690834139355959
0.09823023729519494
2.4224770604700923
1.5099321386050508
2.0289355546328545
1.0108606238144746
0.534832515499608
0.15813584401759634
0.517225452194979
0.6839144025455868
0.9277300193166795
0.06771289816660417
0.8699542237940108
0.5670114945639786
1.5887158312761809
0.1966180295821113
0.23298707488664053
1.3124895866297228
0.8211511614421559
0.7493896465018165
1.4401130718299022
0.4740887502295107
0.41279932407994485
0.15077142914776862
0.05768894961430883
0.010998343882916504
0.8621302826243246
0.015747681695150565
0.4392072960158386
0.29322689047862477
1.0711487164064235
0.6262985547680398
0.6745621418164903
0.0780124776660745
0.16641818051834015
1.0751012666898778
0.16106855672139705
1.439999325252876
1.687398040514618
0.993631788442167
2.0905486484819185
0.7713336894675806
1.24460512893242
0.07900646270645424
0.6295766843125017
0.8022202472895891
0.08247492951615049
0.4491184423394142
0.13332082368343562
0.08856670956326856
0.6285140083646912
0.5251140654006767
0.6591725499650305
0.5035788090930513
0.21127126485894315
0.026642007042283634
0.7763095964054768
0.10637106406351707
0.1725342117486919
1.055257449250217
0.0043516657832032585
0.19890492641432625
4.69448981198666
0.3322628900816411
0.1591154070682177
1.8453743249178827
0.7880182757959651
1.0407578514085647
0.49156850552485537
1.0103565858559307
0.12093424662175942
0.352328336061173
0.8102049613246515
0.5137051969258564
0.22833230448389547
0.0293247878449698
0.851729097739187
1.4032206066835258
0.5475950639997775
0.5632133793245786
1.0110325834691594
1.4996906807659904
0.1741479910736515
0.28681005658172
0.4839402044963944
0.43941870591722426
1.231059058520564
0.46659248927976493
0.41386049717456524
1.508888155075243
1.7546074338037418
0.7565451739605183
0.023049656472597862
0.07129273965459716
0.09735528430296128
0.1946796590388764
0.09010831814360283
0.3583578393272174
1.4752243983848468
1.1993964336153229
0.23868292491117096
1.0556839830114428
0.7526630297239165
0.19700869975589516
0.12457528046767985
0.09533230760629835
0.34326652247530337
1.6680800664626516
0.36508974477542633
0.908020357397656
0.21767999341096905
0.5196544354188004
0.38739773956209067
0.5404806719313339
0.06343251984709651
1.255099621272614
0.30602784410666833
0.4458264340682076
1.2335373263423988
0.12112913991440377
0.28955786419025775
0.5636522247089131
0.871954655011105
0.1222795964854029
0.200153348122958
1.12292840922126
0.7830631103505995
0.18165115949878047
1.3102084745527198
0.2656023896342478
0.11284543440566756
0.20666487759103205
0.638090684775114
0.21875169850907417
1.5071830005138334
0.536104369401741
0.26426931643277835
0.1352662247037886
0.6870303962734101
0.8772846698331561
0.8753631520152751
2.8254353766103013
0.40605098005131274
0.05168754673362234
0.786113930855455
1.00248266075328
0.8134622101081929
0.03444206420794107
0.03907960875824682
0.7652843630550332
0.025160658283796888
0.08807909639529521
0.4328807523729138
0.026893811876030183
0.050357658456611776
1.106844435171739
0.06457736286261924
0.17154632127573968
0.9744549643856613
0.08236322736910982
0.21865213019588664
0.31796067792411253
0.09215561858432275
0.5987614589739408
1.1233715954925632
0.19999229099997948
0.6450338460165318
0.5638873922801139
1.047778988352897
0.27544712403825955
0.06391103451364284
0.1155357613700493
0.621606028867133
1.7561614174569178
0.1431688326191633
1.9611461629205031
0.10852594759272152
0.21622676937444527
0.21221749784019348
0.37657910760765456
0.31321200535779614
0.19719410699165443
0.4167839289159512
0.08595359623790974
0.11144760861932923
0.7975565232953797
0.7938487647877617
0.8910060080355633
1.2764576415986042
0.5161365057986416
0.6552188418204239
0.45695188492433725
0.47493660281513295
0.2796384377381212
0.8525969275539101
0.3074077489092427
0.026041433833528492
0.547506385885667
0.29521870270268447
0.16040546335238728
1.857584883705864
0.278113125004333
0.0010684975686007707
0.6528483950172449
1.0371345673402197
0.26452160979749384
0.20922606498865065
0.20492409266956832
0.23254679441125095
0.6863283281697165
0.12534757939414887
0.12469813745870492
0.3974760845988638
0.2753130047839978
0.315672919255143
0.9806340220817769
0.9645208810982344
0.013097736217534614
0.9050463744171153
1.471396477605999
0.40984261331074917
0.6318564415854555
0.5950183089163326
0.35514156670953906
0.09714697636129055
0.037010776117282214
0.14958280669216378
0.020041147251190012
0.1673677950900156
0.05090742049893802
0.3008532796274419
0.7430819843101006
0.4662170874169678
0.22411868134316376
0.26697626088768656
0.4761863915810077
2.6710755151400543
0.19933702114158336
0.4097705081772665
0.8362338730158188
1.4839382671520402
0.34836478758517575
0.16431543073771676
0.06204718495522118
0.9676346159306705
0.6019665755906776
0.2238943679959443
0.2953340203359276
1.0678433758213506
0.6940955268402018
0.5285910058043922
0.24841878292640804
0.8073275127544236
0.07793132877227255
1.2145598354429508
0.5353434576549185
1.203959641861497
1.3899125481964603
0.7467969171976648
0.0033993253161040357
2.6188112401240016
0.637093714267512
0.23700496598052448
1.7197383157649544
0.35698943108470216
0.11829681748500989
0.8791229133119849
0.9246642918278971
0.3024388000295311
0.9429633853953482
0.8488480016204667
0.6422277762425738
0.7423862213368987
0.27352905594147264
0.04243000622347636
0.3417449813933078
0.04822706458351137
0.10371966367590683
0.48121215229126235
0.6011524220551978
0.4912507901326767
0.9149174222863368
1.6208019372988094
0.9896649048246497
1.6745907227281143
0.17372764597280985
0.4080899881206297
1.1659482062977733
0.06918612888599127
0.3690936586730464
0.2513124712900242
0.11980000023029233
0.5236436884511647
1.160020353957584
0.008750158489273175
1.6346838221227662
0.2861484960223835
0.09658659621752018
0.6843157917151325
0.6957826870102158
0.2683654030739142
0.16608671523021826
0.8148873576263543
0.3055864332832838
0.057309985869522566
1.2037252231141524
0.32417004386699205
1.8811088427832128
0.36197222056607603
0.7499951469510159
0.3962948593893108
0.20563911551596079
1.957748411821216
0.08930489772312843
0.5832699123754241
0.11751107391840021
0.16220571828668648
1.417801663254367
0.2909615752509057
0.4774946074453376
1.5515796467030727
0.1367889016978985
0.09616820800528465
0.22426171295330363
0.12259593566822333
0.7518508133481623
0.5410029711125319
0.05750981229049915
0.5177666156545297
0.5368477167710718
0.4011039615993548
0.3423623679195787
0.7234865750866912
0.30344333949038466
0.7368622700237778
1.9037785901135102
0.23173588685103866
0.5277827042514017
1.0994162683936848
2.0812513866411253
0.5253548675548824
0.3550225616460987
0.20339063697903895
0.2969112968585385
1.2353043993464032
0.7484446197551208
0.45859775842113437
0.9596896840928413
0.3494400797532542
1.127843489606493
0.11151606552249044
0.42956375610104114
0.3362121522840518
0.04929800352904944
0.33703153753603815
0.04752765701779304
0.7399128146739871
0.04817031172609062
0.30156895382335497
0.1773111431384503
0.24726488805657432
0.7016202361230739
0.5392163171823792
0.7852911683109406
0.06774368957871853
2.6529641056051285
1.26787361029849
0.5698899642270693
2.9075887689988913
0.48222143116061555
0.3342560882940084
0.3789732123052442
0.04877070517867425
0.3767026137465685
0.38465444339503885
0.2881194266821128
0.5031321186414082
0.27251996966487835
0.354291289412232
0.37029258813994403
0.9028063472207845
0.8300967723985855
0.05152849103133832
0.26657878481784425
0.008002360129436953
0.0443906223741774
1.2855877426088285
0.3087094326087116
0.03554360410364261
1.2689541850506787
0.06044608725343186
0.15241162017246812
0.7880652013616404
1.860700611362018
0.4174837150107522
0.5151800756308399
0.2656388696077277
0.127902672109677
0.1116587286005266
0.6064306574133557
0.08761451059379313
0.38797283478040095
0.20944917662053675
0.0763974871621517
1.4256404881921345
0.7281324054630887
0.6850463245787899
0.8169155175201135
0.25027912672534747
0.25133055800988646
1.1265260964113273
0.6571902665740852
1.2693710216474865
0.06425760224778446
0.1720536515560282
0.3850881566959056
0.14901349838927136
0.20848072839924278
0.14274000898487443
0.5582538113452787
0.28872858490127845
0.3351641482669115
1.3952546115885682
2.760200158695056
0.420456590153763
0.3629328991353077
0.05987319643886886
0.05547416682829122
0.8364752800900545
0.43950010674903955
0.24864301402388142
0.07676416663618214
0.2837717127409972
0.4265396320822146
0.12454819775962304
0.29908240063271896
0.08439168763187395
0.32595562738379064
0.18667392930918747
0.1211478361281664
0.28080707057739784
0.10782086180174692
0.8918707975105071
0.4480613629617748
0.3592043647616728
0.20749800538461763
0.17416035839324268
0.28237474966258713
0.8837480183264909
1.1330459937380846
1.5169220807605015
1.123346226351448
0.5047942683821601
0.2504913137107105
0.28397127840039976
1.5719583723363872
0.06901297584928472
0.7191658357143055
0.7599441764802567
0.09772608616526744
0.19272661748958939
1.246482729930968
0.23146011392847599
0.46397884567513475
0.0458875451917691
0.02001878138265824
0.016019059469679724
0.5064434108744406
0.6048940350278369
0.8405278515663681
1.209864087862715
1.304272429530451
0.9047945896442774
0.24304186894874158
0.3251770037309541
0.24437357946017949
1.014085511663107
0.3633669834656774
0.4299493827913074
0.9996002828904509
0.43013485104010607
0.16925760348929206
0.15435363706252572
0.2658253777610198
0.8885026326216602
0.5489557972669409
0.23743346781161717
0.9604797134842696
0.8993022416681588
1.2440868111820704
2.155140697929707
0.40384343018954755
0.009262896294183783
0.44868551456905187
0.9643495135775729
0.7184816892143219
0.41342662310907896
0.6820064811033604
0.10726980320991644
0.15918359442124294
0.23671750786906504
0.579949250346608
0.9329848967894626
1.5478729207862436
0.34040308267660535
0.07108074655537402
0.21564025797312109
0.8917635854083336
0.20148122048950487
2.5257760097025814
0.6422299432714932
0.704367617907543
1.2156934153325931
0.564656135701958
0.6093370108360219
0.47341758545335244
0.1537721032926917
0.13548214810068399
0.31470524739043676
0.5433072557791844
0.41219900121578784
1.3499203409481586
1.5380160426885658
0.7093966378963553
1.2175481732662163
0.251074877054309
0.15501963991337442
1.0524031355306156
0.4847040723413321
0.06979194329189452
1.0477846956605084
0.716310849087304
0.21360467294343619
0.9319137160709646
0.4522675107853079
0.2179718541862199
0.41189846417625336
0.11934410992457639
0.33000122500035967
0.9443069045192438
1.0819765985073995
2.9086511439803546
0.6622760256901846
0.3988949596687269
0.14432200834211373
1.0405589982659118
0.6482937403392174
0.48648693713936353
0.7898950683956063
0.1455406840508799
0.15245224134470273
0.18420317999038874
0.2352584337946382
0.5048401016712986
0.447046908352831
0.0399456098755224
0.09560995351652073
0.5776585724043751
0.41058361076299116
0.45422445217483426
0.22320592001020054
0.18687173874151367
0.011179008851031041
2.681371646396079
0.1270954896507418
0.43119933706365193
0.21117273435786357
0.1864829549982345
0.4529060756267576
0.7546107011879446
0.04706486167897995
1.4515742536534861
0.8858210778495444
0.7998218677907202
0.8646667637951826
0.6013495058579321
0.507244447782424
0.07641947267007551
2.357856318339852
0.7972325687084069
1.0532953383003851
0.6759345152931876
0.7197460857408783
0.09216143661654085
0.7530643983917711
1.640711344417615
0.7061283895595248
1.5938714537572305
0.4961058274475537
0.16513928630629612
0.8018749534825627
0.0579167401779838
0.19226889580940315
0.28168269799656287
0.13401184520788156
0.34067548171961864
0.4208756875004266
0.1864371570479781
0.8221628303553319
0.9615420081352778
0.14342602800371418
0.4908974679811339
0.9288070629594831
0.46863657680096854
0.06834009274491369
0.9096253700461536
0.16717924022713018
0.025005660356409297
2.943779253591248
0.06261069451313053
0.6027621622499375
0.2131482939034996
0.9094876293682811
0.257999365879226
0.4973263377161232
0.2609140057569502
0.6287811777181723
3.7728798047642824
0.1367003087906936
0.02420618817844391
0.17424770270233594
0.5195875083820215
1.4722243857785091
1.9005930494904664
0.35466177503237906
0.5973474115523237
0.4548886077922344
0.10518401291571176
0.2568182455988812
1.2406436132171783
0.8975980911562035
0.74887475858002
0.5490336929982129
0.05572660229562781
0.03444681922467451
0.849846391357406
0.15767952652227524
0.44463553598611477
2.4545814361376137
0.34214531666849224
0.21531285194701272
2.039075378954099
0.03598507907320829
0.12060375499664891
0.3450412802723926
1.4541041422395005
0.4296031175384707
0.3451316111309953
0.07413037571173739
0.2686903621097331
1.6030104710672215
0.6454945242107833
0.27101171612385855
0.4589724012744329
0.27252035914530087
0.1285997187924286
2.4546058233919457
0.11737995956833427
0.4882303741765009
2.361767313670301
0.48200772262981034
0.19325394919737285
0.21076958891512404
0.21602290122002776
1.0657311508511214
0.6793748538193143
0.15448777442864373
1.3179954449176936
0.14552008808836608
0.12899973635497047
0.24821241188306814
0.21274201512528643
0.19134934120225763
0.052379009227690725
0.4884034389269201
0.5067417882657073
0.5118136551181423
0.9534300121438282
0.28442984154462597
0.20836687499273876
0.936804637115229
2.357067151337645
2.4066812333243752
0.2540354309036135
0.06999373196536171
0.6797025280535928
0.5153188757514006
0.04381878506679894
0.5551372960237642
0.9757493657963756
1.1660560984812998
0.6880005571736152
2.61784183274621
0.21422459446449216
0.20184236045772022
0.4198130825429137
0.7795217774907773
0.007631543229798916
0.9319009489957074
0.05479639397096085
0.06394296395467045
0.2872617112147373
0.5515660918721749
0.38922008123564555
1.095356003388003
0.31153148386661866
1.134561867213916
1.4726809337485223
1.1799164853818433
0.9606520183140538
0.012092714945853527
0.2947568614833773
0.28858450811071207
1.6088892190050106
0.7729064327388049
1.1761324991022006
2.0533414219312536
0.09902093423716787
0.21985040683495585
0.08726454883002108
0.006995020925545372
0.030482098548718868
0.8580894821093656
0.08846055351557197
0.11234709983462005
0.13651244697546686
0.48216219096678037
0.7746578560195626
0.4817945857513131
0.33395304981934276
0.8857098308406636
0.7313662710798013
0.7413871475075269
0.1882103292317534
1.8396878360383737
0.40177474476658603
0.2715732816339827
0.6486362910592176
1.5145389628687695
1.1228809272743685
0.33186953867593183
0.8255635436166879
0.4983930214066643
1.2674277827478946
0.18589220197983686
0.5898252983251612
0.731831707933879
0.14635547814771957
0.1252244907431432
1.6599777846898545
0.2678607193168515
0.4768604423647893
1.4929448290398928
0.2924208162500709
0.1606431013966658
1.5433893558288194
0.18912657212959952
0.19338704102086612
0.2878781565080025
0.33457236626678166
0.4206277122516773
0.3028250077998208
0.15584937317026576
0.40798306834943476
0.0014556076820966346
0.07474197210805421
0.1629780312775415
0.20292486317681355
0.6131612824444245
1.001733361566615
0.32572019518491363
1.6085438941619896
1.3833998370117795
1.0342420224081739
1.105755312316758
1.9552170760663339
0.18256425136019905
0.00433288598175803
0.28290930878035425
0.5389240659053349
2.070956066171311
0.5888763249182433
0.6362442284086086
0.055325279949517255
0.1757058136321373
0.794207222407354
0.23377202399595978
0.3177205108893482
0.606080003715514
0.19625059423388602
1.572679928514836
1.5744673161955318
0.44850339580100207
0.31782921629190736
1.4479299508846148
0.09926486175177399
0.0721810351511338
0.36465396599302585
0.39460134660691504
0.849475168129135
0.31432654316151
0.202107588397723
0.10594125443895215
0.5404462908251474
0.11174856531949455
0.20237859662429503
0.38891131091663506
0.7115277256896518
0.1900072533764192
0.3165952704215656
0.28483786835899993
0.16039531275912786
0.7716067154976101
0.42707289624112194
0.34184146962985557
0.23770655865750184
0.8248623174030627
0.1034501756781794
0.11987957091399438
0.7010318456604169
0.20186322285548564
0.16398424747303017
0.4436792852513315
0.006110333697848875
2.9478200114695814
0.7995921342109188
0.2433876748924471
0.022925209683215268
0.15802254778646618
0.3202439592626299
0.5471494965231891
0.30693931042339473
0.29899441960670053
0.6572107680407203
0.9737514425277449
0.789735324450362
0.1131906225238531
0.44162448606388405
0.358494192982219
0.08668870537593104
1.6062396617691646
0.4947824411403522
0.4261560826295373
0.39472817946734
0.46487691444238244
0.21552985013604553
0.15247615276639148
0.4369706269639362
0.850267103945294
0.14460099214227168
0.0390658980478735
0.24794441640839868
0.056587961360786226
0.10733293696657395
0.2521848011540662
0.25790140859327065
0.12001667734110001
2.4865361804023847
0.6642097093892588
0.15678018808381028
0.48548893640988205
0.0044985191050359126
0.27725327915465775
0.05668684461815503
0.011913714497378686
0.38030947822188776
0.9567136768995932
0.5271172842003368
0.662143494345003
0.09227399946306576
0.025441165055333975
0.6384017397373476
0.06166509173123583
0.02702838358387042
0.1681077659562342
1.708501587346537
0.0794666999947469
0.2700482355667223
1.001417329802695
0.6561555818983599
0.2628121830117267
1.247217075608538
0.9516727483735378
0.31576526656937454
1.4569943963009357
0.6097423534633324
0.48408739607362977
0.49475826797561123
0.15320186298296098
0.7618542028505552
0.7244059548529329
0.8664953738398211
0.4491437569509088
0.24904175002323226
0.35487301418528866
0.06003132273861061
1.2283546302275952
0.5624836026242334
0.43776916053698905
0.610389644085685
0.03031871465651244
0.09081052494208097
0.6763417950773055
0.4691949275164208
0.10198442027219314
2.031916522637761
0.7148332915536681
0.250299954873685
0.392999646568591
0.24598278177252333
0.10032820251302416
0.6493079043557821
0.21619083801777766
0.1011867731099285
0.6258131552027771
0.08314519852280888
0.019995314808210714
0.49250739189008874
1.2329482232412856
0.14291426103546268
0.5905912669435759
0.2646242530573571
0.15448904376869615
0.6265560527038477
0.7739299887850015
1.1149747287696754
0.6753084003505473
0.9469616290328947
1.7478468803258198
0.08676311169544317
0.6277326103102862
0.0222024204348671
0.5076248832095613
0.146548217569824
0.1561574326565749
0.6804961733642219
0.023278960713772206
0.4159121498828408
0.4174704347863915
0.11374309850270768
0.0759304308191125
0.20447283614686693
0.10096596103881204
0.17717758184046717
1.4307416635247434
0.08837754591040303
0.22220695662891765
0.7607329090249371
0.4218058007718864
0.1293919251402837
0.5671623907030118
0.6227705347867151
0.1322219143857079
0.39009285210586864
0.4411727887001961
0.1359763054347645
0.33558784828421667
2.5081990795899447
0.699781559936113
0.44182381548307975
0.3104932170257227
0.05213310343962769
0.7641273937917922
0.24072696973260418
0.05864450539833483
0.6485916630025205
0.13809294447642378
0.46601108885608417
0.32763847317932954
0.030330312931333828
0.02429489494509448
0.33976798753018383
0.6360936933512935
0.3079189439752828
1.5414410787730586
0.2185833396769421
0.3230701308139403
0.7113622002180364
1.1157690240468026
0.5672288303235454
1.158868749763267
0.5328045981907759
0.12569031013190435
1.606076382089988
0.9954507711670041
0.6409420266895316
1.3104665484463767
0.7176073787025197
0.367728122031089
0.23527573778459154
0.7306466923437808
0.14460689577849434
0.9220286648705001
0.608243809596604
0.14551695643584545
0.13685607708644593
0.16883944884678995
0.1047154409023486
1.9513536848924178
1.0008328322542783
0.05520685729656865
0.1791984156148559
0.6417783857297179
0.14589733672411806
0.281464092547518
0.9656843152145387
0.01595199767905595
0.16576444841969928
0.28388081220589567
0.49559408272942596
0.3966622812060426
0.2995277308639204
0.3264745140854548
0.5443097371746695
1.2614871306802309
0.13774907949294035
0.4354947901061892
0.2906710418263425
0.2991777831634724
0.5227962959043819
0.07143437248459956
0.8536531224356073
0.598144378483357
1.2509708815075782
2.545570782146339
0.2869885924049667
1.6984833448500354
0.12303947920890913
0.5722206472196214
0.69467721302203
0.8268067055288914
0.22390651553725865
0.9501833149142783
0.09054310213587913
0.08313636887435659
0.3619727842947091
0.20778494855577156
0.15595399715073038
0.8371573306260387
1.072049425497119
0.2906465257117407
0.23099092956633288
0.09894678501631089
0.37028577646824834
0.8017331695674283
0.06407634725486092
1.2542367474702374
0.17106848171992547
0.46927732648246456
0.0492166859200867
0.0986956738152353
0.056728173620067414
0.6560375431622885
0.3791618955463213
0.48201940198549587
0.6533517171605749
0.3911957003723362
0.2824542476344211
0.4143335146752917
0.30214004775942455
0.04497570777211659
1.7891626995358982
0.3553496392729448
1.366744068113128
0.5920925798234912
0.5490854859110328
1.136053735315743
0.6943864355809465
0.17773337108238826
0.12994880264320952
0.14298457882648188
0.44234710603477895
0.32759512487393816
0.6399158378358514
0.05565080863810401
0.009534967333080555
0.6291378890047047
0.1406755083316282
0.3996122169128435
0.6002271518708697
0.037051792540885684
0.5713328223229841
0.8784326766897125
0.42740011195488103
0.38664934676495183
0.16295321016286907
0.4373378518699954
1.146016924872432
0.11171534762998826
0.7281759611463562
0.017922820712737486
0.7777839620113793
0.1665928180767637
0.008773013343049196
0.2707636798713298
0.39342315201094813
0.4625676805864521
0.42968096866393485
0.32015294464438593
0.4078384347218875
0.5091116133679151
0.3460537639227574
0.44711478994934745
1.5334962539471977
2.1011529062010688
1.529510343026666
0.09719156678789119
0.13098646783488604
0.5375898073053944
0.4506714618107708
0.8816000179914294
0.06552963627598513
3.577046982484113
0.8078565712479401
0.301851447416949
0.4958631211983176
0.548981464214855
1.7641837314966557
0.8973929816149454
0.40009634753185647
0.26700317912136284
0.4449972249938034
0.09449784606221204
0.1956571750529473
1.3687270770113742
0.18339848866976538
0.7103405025855696
0.682017878396625
0.3239516349183406
0.338485975842352
0.5545239543771898
0.1349740085967418
0.14761677301039358
1.1188210901479756
0.7521562216713381
0.04532367239880686
2.013278725319301
1.0791946146775153
0.6823662997994914
2.7446517810839732
0.22159460713777013
0.19280470210348483
1.7487284127414977
0.20482566854725032
0.003773089096076608
0.8374998288560512
0.2655535122473322
0.3671802798461414
0.840191206264713
0.04066207926460246
0.12850132567118175
0.4740899714588007
0.26050506509897375
0.996024421695557
0.775735367692972
0.22532828399473007
0.08413347741796849
0.19771725209098073
0.22982634828339346
0.06188076750045421
1.3937156187968893
0.11537464565624507
0.23332116495149252
0.6143409243034692
0.044766269476694265
0.006982025298584484
1.1862789784028913
0.9438298326262022
0.9891934333582155
0.26981545705279086
0.03306229549049221
0.3838034870260163
0.503794023910564
0.5016484120034014
0.27777556265218667
0.3333173629086275
0.3119999885169703
0.25029461445725787
1.6258669998304667
0.47085180863014625
0.3517567113335376
1.2672143041168706
0.09237075650000859
0.08779291999564394
0.35528530600047775
0.35085222455052817
0.36485334412916737
0.3190048075447063
0.005678817548197573
0.15473497565371314
0.1262857844151557
0.3230791218370346
0.2124599316597743
0.17982758733455215
0.8778416291073172
0.20346673195366313
0.4286601691964635
0.24466845953369468
0.9639381244855446
0.6011564503821555
0.5996023223344188
0.16307231849692802
0.17999289194375612
0.08736214814985678
0.03465704255230667
0.2611775381995652
0.45927399274067005
0.32593919108667796
0.4225158088325823
0.057445496566311885
0.4207113407942261
0.698727740071784
0.4187256393577906
0.2714948459880639
0.18334821090976017
0.5908213169056129
0.23275450839789777
0.5317247273508869
1.0922798267407605
0.9874869988490986
1.2420023779053107
0.6809502882870246
0.5694636684398429
1.2452497660676316
0.12344459270825232
2.3780384756316746
0.08587256388486927
0.06127700668848626
0.018181905049862827
0.12316892294463706
0.14914894732843245
0.21427644021567108
0.3527310659224158
1.0385885786573064
1.9248749428939431
0.5541253295036807
0.8547087018776157
0.3095555973602711
1.9091759417987924
0.43518147047581845
0.4074994025652265
1.9752461153846197
0.16484288129763308
0.08933902759618292
1.6891487354826382
0.3971397790360131
0.15098677116768328
0.30810492036833453
0.3728489273365595
0.18674683074119344
0.39865470334598335
0.1530704278622457
0.4713070822631329
2.38275332313136
0.21044786009266828
0.30344755409893837
0.014381070360457661
0.22104353673264043
0.05580778357896431
0.41717544873287693
0.1060732336626882
0.2066271219008116
0.8336946712728462
0.08987634262695392
0.27794867818345165
0.8097475348020605
0.2822877628470894
0.2549745773623259
0.2576609571291239
1.6576712655259207
0.15627490141007805
0.49312550942736455
0.28704003182618226
0.11016803217624908
0.662129347232962
0.6009059824467564
0.08873672130510189
2.5373387971335215
0.254782937694803
0.5281483118692035
0.3323473880142924
0.13732999619310807
0.05218151503492436
0.8394576402745937
0.5607727498369436
0.07389387582410802
0.08908508877868
2.796345720633055
0.5467359330581962
0.8573767084293114
0.49926704676308586
1.146424678681339
0.7426024207851089
0.0576349675409309
0.031206639864575846
0.290251286329748
0.052356703370293266
0.030955589628920047
0.44304811924616144
1.4552876357855862
0.34623931867776453
0.936899533751434
0.060101547977045124
0.22054502568694628
0.5055858358870146
0.3793786207063312
0.06392418623657656
0.338964348714318
0.3844829335919668
0.06912418263473226
1.052285127619699
0.2179347916221431
0.5368781898063727
0.1979296470303258
0.20562303718208247
0.3450330536816349
0.20162576275482605
0.8260134406238511
0.12968511986279424
3.3936522068189428
1.3997857311948974
0.7400322961877517
0.18836020734895753
0.517614746075522
0.019558905737348375
0.806487807449347
0.8070910305672091
0.6861865093420428
1.2157977481638262
0.3749178598067012
0.0504373462738204
0.8535540745497159
0.338661062904439
1.6488160929433955
0.13161435636038055
1.4531032327166766
0.21521039665904343
0.22295182701823862
0.9266443320792008
0.12739417079879395
0.44475780304848794
0.25341167708310763
0.08032067983057524
1.0639418879534877
0.4021615518293442
0.29977980602179466
0.43186817180956577
0.1516549415103603
0.024221443954608485
1.1014527902097317
0.22111711941742382
0.6453207360866934
0.19487211250986033
0.11869709384395864
0.2690801303552173
0.9010388068492989
0.27103347299476743
0.520294415403727
0.9097655282169488
0.002449478470590451
0.3355772426806578
0.11866714818259733
0.0685374221222589
0.056838856066639916
0.1957719483099168
0.6669205515511755
1.462476218591232
0.36922930838960366
0.9659065814582245
1.2905703366605241
0.796146759507921
1.218647450876504
0.663426321094284
2.595007663752655
0.7240320295389273
0.650640799005517
1.2375874704418353
0.031890365483936575
0.25193255273970316
0.19761634315229346
0.19110099506976855
0.42068763805870973
1.2059866426371992
0.05703713574505405
0.09351655179767301
0.27596215316229256
0.19725294772484644
0.1363383698340732
0.1875958261025408
0.15296749156175987
0.28217947835560686
0.4690347955237238
0.2564779992439422
0.7125268891736638
0.2754603655837023
0.34675011488761204
0.15585871820535294
1.2067816701103107
0.8242848375640802
0.22951710484410648
0.2420977272268627
0.05827701455861853
0.9592297917941202
0.5392367083709102
0.23134024521991836
0.24008727067016605
1.1118494147280042
0.5248407906771542
0.38758206820477403
1.6422563064812181
0.6267248325213406
0.3710639133069977
0.08366078240401502
1.0505541138104362
0.6646107920637663
0.5462528325951862
0.8329109564098903
0.627383481337134
1.1932039569966129
0.7499612369783931
0.21103758260787156
1.7286869303177492
0.34710577103401263
0.6322129488514316
2.481078973700372
0.3509319077827117
0.433432317879794
1.1789679127591919
0.31328025141247895
0.5254572264773237
1.6219769250985379
1.0204557560823302
0.7984996930822211
2.593448576965947
0.21248974485644118
0.4315056797037588
0.15966578517184382
0.30528753763440003
0.32809435972633294
1.15120162988936
0.020330013465583625
0.8187244716338752
0.2746640652016444
0.7617831606048574
1.5578674972735185
0.5615326446664342
0.7059116902817434
0.37144626203501746
0.14225250401918452
0.6262942035782257
0.907201558085785
0.5129830898055601
0.732634653145705
1.3837164150365153
1.4404504967774787
1.6342255558201286
1.1770388337288342
0.16132101963937423
0.8945164867045214
0.2439171845888956
0.1011110358624057
0.04137157809202295
0.21474970285703812
0.550336726742852
0.2401946664221958
0.2676794396066124
0.5879023343040397
0.050126698831636195
0.04159772593821453
0.549328342872631
0.2665248094836179
0.4291189829290779
1.372981320338767
0.11785604137749339
0.5891467613300538
0.1586572512450173
0.2596281413393998
0.44930387496658575
0.6317683232922066
0.5937150631839619
0.36087658527752636
0.05617310053307337
0.04289456006782567
0.2701937753116038
0.42565416400942496
1.422417542627509
0.7085904258170083
1.5499583304461086
0.5089507838757635
0.7262677920368071
2.9707348257935364
0.09075310518028058
0.0844287883151735
1.258288292368247
0.4422858699163953
0.4824040884357134
0.5714105400230535
0.3087812551313406
0.2046919509671353
0.83664481104575
0.3555747964912449
0.5056856666043886
1.7922528057276539
0.38539097904606456
0.8372558421302805
0.4558040614316057
0.22558314343536384
0.027955368149197808
1.0335256908449098
0.012298194481305872
0.17689071065525358
0.8048566919110817
2.341556129327026
0.8146148892339102
0.2604302715303295
0.3699390937744795
0.4465406515680441
0.4752177514640913
0.0624185882471859
0.7135256493042622
0.26437589775997833
0.17285191082612117
1.766899107446255
0.3291040669023923
0.027150455961838814
0.4128830941862194
0.6004405782417805
0.04726842982205919
0.19279033272817325
1.0358899202085476
2.409929360669516
1.9051200460696465
0.5603008501967607
0.445101244154244
0.27557308864891167
0.3296201144004692
0.37483295143669165
0.4148142023281617
1.0249805816824218
0.7115771243573178
0.06507983150960654
1.290820475674058
0.03939153883720947
0.07244139355536819
0.45559786382398
0.5017545962181895
0.10850661545572096
0.4169850508564419
0.44681489214993847
0.09326723940209619
0.7390210237756469
0.053430178424319553
0.6945263156531997
0.8166180608714197
0.8160241304703512
1.4109717055626634
0.7489567765091774
1.136514782350814
0.8365716237697665
0.45002807549020585
0.14588721382368455
0.0350384669273042
0.1173342940088195
0.04277779524297687
0.3138777005810556
0.23982074458041405
0.28764781711673965
0.23704015180051294
1.2760000740822406
0.2505383346959016
0.16434013920052434
0.3962045708925028
0.6430108539842323
0.35226361441489434
2.2595885973864536
0.4237957540978561
0.22570461201674744
0.4772108989262035
0.3034846759651788
0.1955570499836926
2.82255945293498
0.19095783884208464
0.5561942737040017
1.7684177960074412
1.276173990181659
0.20748708304886365
0.37802850104428765
0.1373420095061229
0.031294212628665385
0.6737464808426323
0.07361384057596299
0.17435528081058038
0.40002323941289936
0.21596959374982655
0.9022688842296133
0.49183385586730466
0.16722396811641024
0.45209640042712157
0.18934076169195574
0.35884789478877277
0.23376663060069022
0.5718177417322923
0.5095090511356853
0.010660980493145792
0.18197384998747174
0.1076364244951791
0.055408783392872064
0.5175444374445557
0.586253494218168
2.045753479804333
0.5041803203870537
0.15720331891344347
0.2713311303182201
3.050966298858182
0.759635427126114
0.586754791116735
0.027266098836836082
0.11832653759182456
0.6121277619004746
0.4846633824186714
1.2050856154245968
0.2797519577223283
1.7591216198390347
0.3736634543542816
0.3619017114382497
1.0157274011350714
0.2224248285433444
0.2896232703318542
3.448467269379581
0.07820493506100828
0.6830809555144128
1.310770747307194
0.28116202648821376
0.3137443115973587
1.2395522756332518
0.31452539521458933
1.2886845649263574
0.9884887572709418
0.15582184437915092
0.08519589106903032
0.7744413516275188
0.5145010597865165
0.8539734819641952
0.20297028178448706
0.07735318256957432
0.09664900269794933
1.6117335557343095
1.336667754709608
1.514339000483964
0.9417730944205808
0.29144349680706383
0.16604838210614323
1.4051991606209617
0.5993722946578568
0.1795075410439473
0.37779885015651377
0.3969181450733404
0.06423594987537375
0.2329483307406477
0.18683817375854328
0.22649424478004693
0.08557309529125151
1.0278695339771715
0.5821614193883825
1.1672794090535656
0.9970584394039119
0.07333388731005014
0.9800246202663447
0.24489489328496966
0.19018149148811972
0.37505073069127726
0.23558372527594526
0.6439701307770519
0.5858940739210328
0.05896866790408085
0.044064435290237514
0.49223487683502
1.3494939658937428
0.058532929531343904
0.1290893400199558
0.9758001675746426
0.07589915881556503
0.9596622350601395
0.5891253690635719
0.6640743587724616
0.4904249027155505
0.4477300094970951
0.11404770831560342
0.16279980135598646
0.14023282132185005
0.0588283076078184
0.385810170119517
0.6241673573400284
0.32178305318408196
2.2643883660819575
0.5272491912859535
0.9017302168155491
2.142685790731329
0.6598430215893988
0.4100028145587726
1.685183465461936
0.0980202535648599
0.7886788126973843
0.6980078766202834
0.2242201346575192
0.22132450806127976
0.437097865881334
0.47802863546173713
0.10470255984547854
0.9129643282066295
0.29003108739110606
0.41026122569489903
2.039960260947276
0.06014546421417942
0.6867383730764717
0.7603937197604745
0.027435719616612255
0.13856600303719344
0.8268374308928066
0.8239824660412479
0.8840170812671557
0.8491502410607616
0.203194599429315
0.5058735110102062
0.6474854601813397
0.343157189248643
2.610046244232399
0.40203117138167843
0.0450061917070264
0.14060817131392017
0.20058267357793982
0.08990833338236104
0.2629262385196286
0.4261173376311262
0.10054997376995177
1.1305507007984714
0.9411385692293801
0.4008518448284185
0.04350278453764793
1.3908730776543448
0.5519590362498612
0.44038928735636207
0.34655380371513783
0.02192434403539762
0.07130890517553896
2.750533021925723
0.4492779293176096
0.17408206446370716
0.9273385351872862
0.220304845604625
1.4088842189645308
0.5895498993834714
0.8670646280793077
0.06819769678445273
0.35078382483967063
0.06619455548825814
0.9706958068422662
1.017279087494318
0.5215434887578614
0.45601675572272554
0.32969154005778
0.37521992508788443
0.2474673413887702
1.0595494525701319
0.598508176091501
0.16576101501314564
1.466958540391323
1.1329435356537034
0.27029722046816995
0.4570794265566319
0.7919894178844515
0.1226295077667158
0.2471248301383134
0.6523197725639956
0.21520425232581053
1.19625937690241
2.9115646208124453
0.6309325128290785
0.6800788182303985
0.21596528738123363
0.17942987159985233
0.7004910509594446
0.10620702568045207
0.5175873330790205
0.374964603222551
0.028888103040113303
0.1752508926664402
2.0308457936989903
1.2600773055478802
1.7374668438649756
0.11274929270238276
0.1426230701036976
0.22568885212073997
0.9178489623860663
0.20756806100667632
0.25038711659336527
0.526712180653973
0.2561894417602659
0.128045640537383
0.4337824910012192
0.1375789147507963
0.13611820761460477
0.3840700391145519
0.47985844160814456
0.7188669905544677
1.2715941495474212
0.20623128787048012
0.15033857158966174
0.07625602865630814
0.49692642031420337
0.7444367346399594
1.406739370953598
3.1573201330136023
1.2767383915011237
0.9432276950649505
0.9150879805442824
0.455560154404834
0.6629836684488232
0.13428782429516778
0.7376479954236858
0.5251369025296833
0.7509419062867592
0.5424994607143063
2.3284297999981893
0.05098425264301998
0.1710542890091834
0.8940745833618331
0.05654237959207041
0.03416735147406429
0.6682429190002546
0.46347971277987504
0.09140359686425215
0.2471519515922901
0.14675592703252283
0.10744991717778339
1.5516653445993593
0.5734394443466815
0.6232100027536985
1.5916499700665798
0.18293443395726616
0.13952832596192372
0.8946347731247111
0.02724744741981901
0.25458718585149714
0.4948774303829143
0.26967127638511984
0.28443173263081994
1.7028714876714084
0.27160722085757644
0.12489846019561367
1.1718707602443905
0.12089381379075656
0.42449408064857946
0.4713035339968944
0.059316298604831355
0.625352729180705
0.6586842020953112
0.18617506683686066
0.056003533300032105
0.5745388068398318
0.06188005569040927
0.0643173215436115
2.4919285693248177
0.05157922591744999
0.3834463004747363
0.5485775024967491
0.10188706895386157
0.31921773858496666
0.6329975514059637
0.4682364156109098
0.1378714193046503
0.38632889952589494
2.0322675050949
0.644697118893766
0.66318176909542
0.12279455201853617
0.29923140248089297
0.2695943529797467
0.7617130132184743
1.0330892183223892
2.2843208849821237
0.36959579307489776
0.14949275538672224
0.45625944928921897
0.8255986330969032
0.7940537145537523
0.5122357067099949
0.314423628911292
0.8819935311258685
0.14092596863276619
0.03723773153434142
0.2699624356571958
0.32845201483110054
0.06449803979924847
0.6144790496193784
1.9646611365119024
0.1937893829865085
0.12325506440853838
0.2736053217870411
0.503233682407795
0.4391425563776275
0.7398976021243431
1.4326508132270708
0.7722081375666994
0.6642452412968931
0.05325481613318427
0.3787533153430963
0.0922115386296295
1.5138030417167077
0.06713800025946663
0.34535444987262315
0.10206232896375805
0.12229307103061336
0.40195278826333725
0.6420860049199052
0.37207085141723345
0.22990009188271757
0.2600821169263487
0.6355762485437628
0.03374662740523486
0.9242464443444302
0.6390494129650425
0.12777120888968055
0.5994148938564823
0.6847983431443512
0.40327992477880864
0.02808266340207957
0.13608132134017265
3.069313386400674
0.6593994455780853
0.25250279427458194
1.3246997210561218
0.219533617903588
0.5485696843538101
0.4974961111796419
0.23089362885977643
0.218240370146949
1.404150396255823
0.38774929558864457
1.1700466913750847
0.1689941424472184
0.3561478734001535
0.5926426472924984
0.2724337757781589
0.24834947428594387
0.934355876932515
0.35110063723756846
0.19038573690948613
0.8269293925956234
0.5127854170644552
0.9336058039013984
1.1393221994713134
0.08212579309627441
0.031184735751973714
0.12313801842084066
0.8424940011891038
0.8916428740650828
0.2746023447103387
1.4240423847192227
0.3372428425686101
0.6699047938756038
0.37118913960504324
0.2272371818931153
0.9103587370895103
0.9721385028618472
0.27080576797613215
1.0699781011314602
0.9333685510339043
0.32280257563357173
0.5509004080255268
0.4776790917070284
0.08239729825542214
0.46821357433577876
1.3673095229045005
0.1366009123066184
0.08511260853803625
0.8000341423012284
0.3519776192813559
0.27792844990786053
1.2484943958899448
0.2395418419961867
0.27616638730804827
0.3585704328634449
0.4338407615297311
2.2892921753934035
0.34063296117120856
0.7097191105034512
0.2429503766515204
0.2205852603327555
0.12577745731535334
0.08066886381759583
0.4929075575353199
0.3108715497161633
0.4302154291075499
0.4813242111015834
0.2576245872394786
0.0268162322164485
2.163316214477471
0.7393401879928959
0.30242301311319
0.46485005999026413
0.1391549547242182
0.05489956584952722
2.1327895460958604
0.2706607221811954
0.20492111670148355
0.5779149632268069
0.703331953141952
0.08028613045104384
0.3901292294226199
0.44249108350227734
0.05155809544452871
0.26744208685866394
0.33967954446736737
0.29644306325962977
0.4952723666283085
0.036895317426370776
0.12464908607374849
0.8953814067553161
2.1887586020025283
0.3471076474855721
0.16167393563791388
0.04756084046374768
0.299813140002316
0.3934055726543669
0.6446450781453044
0.36957552615958184
1.7674255419081324
0.13226958587064547
0.7188095008405695
1.9197611576508977
0.7423527077782563
0.0939351422157919
1.4839522461431232
0.27899248484322875
0.4940970163591614
1.1244575887785644
0.1615806343338929
0.1559282918615804
0.1898376640384462
0.49500699472952137
0.43744448739527314
1.049362577023918
0.3213187600670796
0.2968910999078057
1.218750347626031
0.2812740099646623
0.4039163432602649
0.35393272323407204
0.379807671233697
0.7937035271479816
0.628882823828788
0.2366919151878581
0.0414853688974245
0.22038470082765985
0.0252084417233351
0.10074789770055645
0.6934352446581427
0.49231114137398296
0.04458297867786005
0.9367199003424505
0.19038408933892223
0.12772621177307364
0.40968480677647695
0.5371542819115331
0.25261466930634546
0.5735850509083767
0.12973224358987923
1.2083571474944752
1.5011509851755913
0.7071331513718498
0.3880179130485743
0.5335623570253158
0.03878078090431463
1.472111489637225
0.9666735078733993
0.16850000506726853
0.30016278326458823
0.5124524021376603
0.3627196102479739
1.23611938414052
0.8004523986688856
0.15825927757820107
2.256993100745757
0.7860441890407268
0.541418867449928
1.9260986886524631
0.7580691721467407
0.23801718085006562
0.35343781270196434
0.3509860599357939
0.5680630776382269
0.4502769760230048
0.8726636710739404
0.26467702530642995
0.257494258431002
0.20079483889942829
0.25326162614082254
0.10867917253426723
0.7053632225809429
0.5509258746599157
1.5158469308621916
2.3662008281121953
0.9030105453251093
0.3328415798755898
0.4880081556532323
0.051805887102753294
0.11545402932930825
0.2133882843741153
0.2465253727564477
0.21879302877613158
0.7780900551883713
0.10524208790918188
0.18154271243913173
0.3729610193526238
2.3651913544555265
0.2820474618773689
1.7555474436193168
2.709613390859228
1.5008618049792066
0.2982877319676499
0.050426114528188064
0.20804779167758738
0.5818319955542466
0.20707147200195045
0.38663833971581024
1.8247056226671574
0.8310942435624221
0.10774298737995969
1.6299651057892413
0.13383120640508558
0.1653513760745507
1.8582913682215212
0.8636884418401204
1.1501307821176345
0.4321298480141799
0.300952844895589
0.7550800288399494
0.026631247409493585
0.7855987445153843
0.07966334118184573
0.38606807560210626
0.8684262322475923
0.8592289034528836
1.4077697343204363
0.2869879757327535
0.12423800078929141
0.6857082771020305
0.1250828879608085
0.14195058762869794
1.2970104693018525
0.1873401169237538
0.6608874633054946
0.5553670982379872
0.2308558389532125
0.12596186544682006
1.209136681712505
0.25819587594178045
0.14680354779959653
3.7116662017443063
0.2510485251814087
0.2867104448468376
0.7276657180333285
0.5693381736691736
0.155843956136202
0.08075484212936646
0.962811209695689
0.11353664965279246
0.3627347840850593
1.220358225874826
1.2809553726178289
0.9711187312218885
0.024515647500908247
0.10989859034758807
0.9483064889104101
0.1471805958270299
0.12712883241131587
0.8785231562362084
1.223619274994016
1.191176068855013
0.4804792837543644
0.2645601494916146
0.7187043125668482
0.9201015598005744
0.20672096080910363
0.26623543972350017
0.2070945039680818
0.3223172284125438
0.2197222481505186
1.1380862097752824
0.3382135224076945
0.15325031130383435
0.6273765491733806
0.22302667473528034
0.28109473993163525
0.5363869637302817
0.0875861661590143
0.17859759019701008
1.0386732247845536
0.3680089245395334
0.8586505923831893
1.3635094437680633
1.134074504385784
0.9669640384866822
0.11869903264198597
0.699194672290416
0.058837946434833116
0.5970200867932648
0.4649901110995008
0.14954636717375092
0.45010592204474287
0.570152806043854
0.7057975869523392
0.11174639423677253
0.3177456589346487
0.37660811282447304
0.11505020870898862
0.26438480784149004
0.09702798958475926
0.8584464649797103
0.03011606182981068
0.12278148862834941
0.47135061382826016
1.1828781292061505
0.8293091444917431
0.1634734441351003
0.41741815320822057
0.11637446166080653
0.8413962775095121
0.17508954725454567
0.2319290654862725
0.9719784415226116
0.9342059058648984
0.6094394451773405
0.3858298750752945
0.17020860844285515
0.10593283029563036
0.9673738698353235
0.18194662755260543
0.45265151062299847
0.3765346806568433
0.30093118211117453
0.18497516604301517
0.3241396242891515
1.1580402429643104
0.4482289394537207
1.8219550544068186
0.7401712222668275
0.7067258744626728
0.24919488381364296
0.1781689043241663
0.6711225202652851
0.3235456793251971
0.34915697684801444
1.0149466626392596
0.036233112918867515
0.24060406491609182
0.02626867513992891
1.4897636584599452
0.6272033455266812
0.1719272318625313
0.2835762632446126
0.5719561498321838
0.017078055822911078
0.7385306977955393
0.7820332608350008
0.08244355333494655
0.5369502866767045
0.10770715969095118
0.0395227739046646
1.2293132547000811
0.24646873839152222
0.5975140712321042
0.44668734896509876
0.18335337026974322
0.05490622106517954
0.2101261102780788
0.4263620791525379
0.12191775822783374
1.7510623914807724
0.20608327392822365
0.5912206524884203
0.543589497262315
0.21543426218660727
0.07415950129516402
0.10312380434457027
0.34460173828345514
0.5762728989496287
0.9196914077108869
0.6097712419999343
0.011438934279103793
0.26410272762924175
0.5799498773935255
0.13582474016932464
1.3270174919689925
0.5574544030883789
0.6584697408214286
0.17776006661988272
0.5453811470953507
0.08196307675696053
1.1339274665143317
0.5823757945742944
0.7620700832303843
0.5234260013770179
1.0393977307432227
0.5288753754591792
0.04191677657039707
0.1401381987467526
0.28517282910216885
1.0216712629131715
0.08783123940043838
0.05880808551841669
0.4037492364528782
0.11361731146764711
0.31638922796204405
2.024580777852023
0.6186526777506822
1.270710764228236
0.7684743147712709
0.3207750538098123
0.02519532506429123
0.5879950247115211
0.26119223954768056
0.03966718580857523
0.3008484815588148
0.07818940796871456
0.09381761009110809
1.8562176083995119
0.1360038159093815
0.04725221494500755
2.047688447468858
0.33299606178267543
0.40987084561182735
0.5332983980568813
0.5798305783474829
0.5878508573001925
0.7376556134323536
0.6077203468811999
0.46821758061273183
1.7169013816331582
0.11621781775198198
0.17383144337116171
1.0672090086959292
0.2281712717759168
0.6297090690214315
1.3617256906621034
0.14306638931177876
0.14909369925699428
1.9282976058684025
2.1524572378524662
1.5604410857207984
2.092471762420765
0.7654240038251237
0.07574414262832564
0.2346004944440737
0.1426385532389386
0.44267141864236825
0.45750113286635136
0.31791139987068173
0.1322809715046506
1.723572284179494
0.9418029732182287
0.08028733175827332
0.5573195121713762
0.18037043998182264
1.752539672657731
0.3960283026513769
