1.3035177297332197
0.015190929192302072
0.5726805690377842
1.2743650059278466
1.8730608227422982
0.3233683103568812
1.6868584482094526
0.534461134910067
0.8639160840981512
1.1517184288575346
0.09427521219436148
0.929438050162075
0.6925107891474613
0.17346319927396797
0.19726366493002806
1.3142769514756152
1.0164369447530743
0.20878383394981712
0.8974072314284872
0.8285072212258797
0.05512383695779642
2.0827153907196285
0.09101696514446744
1.8549834653686093
0.15812368128170104
0.5481628930294639
0.7191774407713188
1.0270103675185231
0.3432683756143291
0.28888001781127653
0.3272520292872755
0.05359434377413449
0.024148778765472494
0.36157080442620554
1.7715360348389295
0.35304674082854953
0.1296189920356663
0.03249564387116548
0.3774092312478402
1.3100952858090789
0.06327608464045736
0.0487487326264849
0.17801515303840434
0.042128108973698335
0.25410462286313396
0.17005208000190553
0.8953674713935607
0.014853711305322299
0.6047609385787018
0.19368848196836072
0.23080903260570554
0.475405551046952
1.3966429984831619
0.21629428361777953
0.9495908894849384
0.19107860962047946
0.28431058088733585
1.1804187078962796
0.4557634613808992
1.6934913008961376
1.722874393144534
0.1391397953005485
0.30230605411743694
3.575791849248347
0.2562354181348215
0.27734638523941435
0.49318445232616226
1.150846947931361
1.008327844010452
0.8356105415190559
0.8267152092927997
0.2105711577647988
0.5203317887243905
0.8090752101723848
0.049059995662594946
0.3877933200453456
0.5586887056488216
0.5010490422415342
1.3141870745556175
0.31428173758144934
0.1643488483543912
1.375086135044265
0.07516997339294491
0.6661255802262995
0.3035856353302131
0.9842639071201377
0.6118211852015006
0.9686100494739898
0.40063555959391145
0.3445373377648472
0.11455792507331283
0.023257066992720288
0.6306397465120872
0.9310742865090392
0.08051685174214407
0.047069433339440615
1.3191649718582308
1.8672814314419997
0.21410451707940262
0.5054226176331608
0.8959590037740495
0.5952943623289911
1.240578052090709
0.8501549126545982
0.39697130284134347
3.887660614206106
2.2431034401091074
0.2978582908112555
0.6185520894026763
0.6976857030041462
0.4289811309585924
1.4510841739588922
0.21667628893634813
0.10922389678664998
0.7766111752718416
0.7082845173490085
0.13214319056926385
0.3183558556922773
0.15674638889161419
0.16793292581160355
1.112597959074585
0.5329147181345085
0.3957317387154436
0.6690913211378073
0.05537247606581477
0.09737983233985564
1.2276386631235632
0.6169978087891235
1.1471901077315092
0.5561560351275225
0.3033041591362481
0.40780818886126224
1.0697632464175226
0.3053288061877664
0.9242219336557415
1.550039169024436
0.0043318182706061125
0.07201281393630628
2.416645798142426
0.17708222999576226
0.3996202758303841
2.7228669691654166
0.5627004730777663
0.29493806963820407
2.0278611477078927
0.7291176863077528
0.42420304576581164
0.27604224829425916
0.33215645722487425
0.6320467988000675
0.4207165899639858
0.041163313101848786
0.9582152615387232
0.6083366921816752
0.4636954453246447
0.17976914776243605
0.06025844680663222
0.022558842148426513
0.11853921142108759
0.09897927257454567
0.3360334074967154
0.39299254632631336
1.7141768889197875
0.3420695714602193
1.72764204948052
0.22494313303744837
0.5684657235232179
0.045828981619173384
3.2341299050185204
0.4877389831543256
0.8517715195019483
0.09478445440503755
0.788781507859002
0.8341907155986549
1.7172948799497045
0.26828366836660494
0.898348385578572
0.2141372809660528
0.6530469627297734
0.7964099390514414
1.5815474632117914
0.16386366324195079
0.4218245555557758
1.2809135331357162
0.31337957586307436
0.4200780734401739
2.254218905494937
0.6405003332857542
0.7623491326796065
1.135126358635692
0.1968616346017615
0.41612359604204335
0.6573767423279729
0.1322317816772308
0.23697991410336788
0.19838703842188235
0.3589295798663647
0.16660390170040176
0.25995231023284077
0.06732848010596006
0.09982905051441954
0.28746659536436114
0.27112285948337583
1.531199589774055
1.0871898522467964
0.08438792289056453
0.09959265434297845
0.632282089294551
0.665453607288237
0.36236366107698226
1.546739765997778
0.5330938340620227
0.882995928585162
0.8381025758815016
1.115600455640549
1.0774103727608975
0.23611954189410686
0.3478617965631571
0.3928097394665943
3.992856777709388
0.22966515534506415
0.3711378323743848
0.8085030053521581
0.027127940704023936
0.1012858087603902
1.4540946327219482
0.36393610780606706
0.5355051159242872
1.7828428639303362
0.26066812923574384
0.19750116361311146
0.6066097590432619
0.24997320056762265
0.5767908273536331
1.2040733473501892
0.15136276409461052
0.1926577990554137
0.8594385946204511
0.46264876153406226
0.8713560604251184
1.1295403393735528
0.0941469219574385
0.04266116884290222
1.2408054839482745
1.174954227571553
0.3177531848656382
0.20961532688446874
0.023838863661786693
0.5381182547281584
0.24075096564868634
0.14248539913680164
0.044997694235018995
0.5587799747866925
0.0159624499053104
0.9594946824777181
0.17896001364566352
0.26939217598491066
0.4202613111202617
0.17252313078548764
0.8895077498618676
0.4019716107460426
0.3148247012360805
0.574476930308688
0.263654265176144
0.8342631138720163
3.016614887496628
0.14485927756104824
0.414145886633197
1.189195522675505
0.865507115008821
0.9705461293577712
0.11900790714236506
0.06586542832992191
0.5475569236163463
0.045666058815148604
1.139693463564408
0.39521852027470283
0.024829447406234356
0.08129257600896497
0.27489008417653715
0.2660426159294467
0.13592264280344504
0.4651756460182899
0.4737027618815824
0.004890782649180683
0.7490707178710201
0.104148298590576
0.5275767660339522
3.815652074716233
0.09945820443077072
0.4268075236759289
0.15709069655465516
0.5874521536963607
0.21714787466873445
0.8399411675916733
0.8915234874595918
1.2326818306216945
1.4248977124727051
0.20319907523308542
0.5558240425085484
0.4807047629807369
0.4606025301191716
0.037904796760475874
1.668102817091073
0.6790271141894896
0.6744332682901416
1.1907733893972792
1.1374556071022754
0.14687811376477178
0.6507565151041174
0.21273196369699424
0.016190052672740155
0.29474644653480175
0.34966450985206626
0.2043379004766742
0.15879221883260353
0.05128359334457871
0.8108019151279743
0.9200248640631455
0.19731235053916485
1.9646126916620945
0.22079349095418482
0.8926554536854571
1.4411084518539825
1.5636568099814827
0.39158591040205715
0.15667905129735582
0.3827948519757261
0.9478201248425735
0.5511382942476603
0.24690583165331811
1.1911091301994685
0.2187398462585065
0.09971665646117765
0.5219857184250541
0.18955805030717038
2.416036310010612
0.8220617222140696
0.8403425277762631
1.5780641455855142
0.23605612355471056
0.5408877010087562
1.0891990360940327
0.4734364058512482
1.8964156135994745
0.3734125607466453
0.09437000664212944
0.21248556344382963
1.9259105552645113
0.13232647504522085
0.09618096685069971
0.18228886043814863
1.8347209716999646
1.8927435806357642
0.4935922404684005
0.30190222971013275
0.07739571474305484
2.0577716838123044
0.09605158266837299
0.48957367850194244
0.47693077156370894
0.9658459538506704
0.15617246699836657
2.560146861415539
0.1641163555589215
0.6253154672908383
1.0556789499015846
0.1362327132830212
0.014315538385167656
0.1404830808725068
0.1269401393601633
0.02156909617483958
0.5913803801799515
0.5105178648001808
0.3079564912491366
0.7617833658170152
0.6997024651879575
0.12460237770111621
1.204007065482146
0.3839831806139977
0.09123421084141796
0.896645824304187
0.43636043976277616
0.15498216948064675
0.3499410350502618
0.05598577830582899
1.129809466634317
3.5913999081925527
0.17461300294882867
0.3223109187472112
0.14960135189388635
0.09526183898614762
0.028857032799069066
0.26588598917255774
0.9507239238081553
0.49649335922307564
0.6183392218686738
0.28202674549552575
0.3243081363491639
0.3532320809287841
0.3104260177688627
1.540165024936237
2.449432291519152
1.0154598122814031
1.3419115446546566
0.3412399836814899
0.36741414497291885
0.6685643468939424
2.4373516443834835
0.4069777319476504
0.4470075513801079
0.7068707433647339
0.5861666700066853
0.2924692974759383
0.4047063112330148
0.1468954999555106
1.165135168228899
1.0007556821398649
0.0619802239074957
0.1457936884002127
0.3787974349976616
0.42816202690040345
0.8058620726785943
1.0018399987924134
0.00880346275219179
0.17215612149744253
1.4225998963248372
0.1378507229930774
0.11144066912218263
0.5443629916495899
0.059474042660873756
0.08727433634598186
0.20748904686493475
0.147225486312276
0.11840863686684323
0.3086947513660801
0.18544944952327777
0.35326927849159895
1.4490077057782527
0.568377366224854
0.19384736114942488
1.3436938999045176
0.12623252625738454
0.8291629145174849
0.9504218284164303
0.5438058539706669
0.4051343168277586
0.4159466188361138
0.2787280417819604
0.6298869858789633
2.5602928169277304
0.6122641074810571
0.2931423334187389
0.45212509154195024
0.3069916164073114
0.2733986247603262
1.3232921237861521
0.8984990860190992
0.6002394257561277
1.2165932663598478
0.24629873159986365
0.029818416422229838
0.3201934484634398
0.2118814056878018
0.11466145341772241
1.494514797551111
0.2398738760538923
0.04720075558601961
0.19716903630913118
0.21891015199506492
0.5521047159334153
0.4305308276813383
0.30416474345802225
0.2711020703866379
0.2190372539336841
0.015509651308481765
0.09523958111210314
0.5281014716166328
1.1460947298729194
0.2823498191377229
0.5366324151380515
0.15861026239857876
0.33303759826850465
0.030522808054484714
0.23261347540634655
1.3777163379216675
1.7408926326366518
1.236958563432026
0.3130244227254987
0.6973908730138816
0.4242566821862492
0.3239096025589011
0.30012779996684136
0.25898104029046587
0.12164237245667614
0.4543031943817026
0.9085100552806379
0.008805869235692055
0.511345217570213
0.34479756526842775
0.36749465001878645
0.6143610137679725
0.8493547570171616
0.5566614981160068
1.1139238826701012
0.20984349831145432
0.35008709167481267
0.8678821589421665
0.11834114892306148
0.6212172429569826
0.46675095685071
0.3174180832252606
0.964579189308138
0.552422559340598
0.5829805807527066
0.1411447169446995
1.1158960218840794
0.0650923526228828
0.07965325833542451
0.6867446753483292
0.5098620930284418
0.2934853600321426
0.4691773047641177
0.3404078051112571
0.024468008138275932
0.061996231202430536
0.03964609317698858
0.0421173464289874
1.2173781046185306
0.020828775843420022
0.061914027479540314
0.8315969617118444
0.41797288855448433
0.19090022412124502
1.3920367912582927
0.12648242987604857
0.37299676033119383
1.3878660887817897
0.09476550136417962
0.05757713775964181
1.7114727078033403
0.39166716632424475
0.45642005206668734
1.338402064480503
0.6988888181503634
0.13394784198496162
1.300738967115092
0.3907043041769915
0.06579286416059088
1.1798495686685637
1.0667057992691695
0.1733324972252266
0.5235598140361285
0.28140351021406196
0.5899332257832597
0.3280698186335806
0.8441085084646701
0.08082052840456853
0.6024668968878555
0.9416354663764708
0.6282663570220842
0.7196913305343413
0.07564253155881091
1.6363291772820352
0.1493338995262885
0.5696029741397807
0.12066786451559953
1.1250257612075019
0.25928739497592784
0.3511252773942312
0.1595691323877132
0.9361406016887239
0.015479196871718047
1.1784220641980259
0.07663921071210882
0.11211319089871405
1.979749184415507
0.6720672894925014
0.5582819940400348
0.44373843894690873
0.28750302949748807
0.7751153487421253
0.6044516140677247
0.5523288531738704
1.0153186336771156
0.3854705899394051
0.3589105676717025
1.1606930645321443
2.404287873759866
1.3399294236350787
0.9538504131281211
0.18589973957913772
0.2021433130955248
0.11251264550161585
0.7116173120629259
0.8864771188190805
0.12017995409213185
0.9783033659347772
0.8899137910497827
2.0265929970514702
0.3963470910061727
0.768818840063627
0.3390889549890595
0.8343344749858916
0.8786577197568022
0.3450301529968158
0.162050610063164
0.5822049350200548
0.5484055300128567
0.5367241915331629
0.7115324551919863
0.4447046484405259
0.4751580722163817
0.3377628091746382
0.32687252267806927
1.7795561937599287
0.09857115546746761
0.15982149338000592
0.2874382043954061
0.5510776897715155
0.4992321294642935
0.840186356315367
0.15810504317479146
0.31489021663863137
0.28116812631497884
0.09354665659656618
0.09796536751915172
0.8280815361513021
0.08084197410845491
0.23595313558988593
0.3444172464993871
0.5572507004172113
0.6253660589137762
0.35409136612041353
0.07099508236901708
0.07924151059654372
1.9409272085667602
0.5131950483916788
0.06606373994363493
0.695916027366739
0.48084295964596196
1.3060116978201743
1.0702932008535417
0.11463562408044599
0.26360718462873317
0.28327971145110026
0.22529267086664803
0.28188009378469003
1.1743019549570015
0.9942626443695305
0.2848335584361224
0.2336620361256979
0.22985969803870934
0.23839293312144988
0.41831490840695257
0.349204426310072
0.19796487463266094
0.3837290611536009
0.5748903229506834
0.30549723300817383
1.3875518937287326
0.08737672745193645
1.0720648973877276
1.2473528888167236
0.39037215485835053
0.17208799348227594
0.34419527475559397
0.9486160133728343
0.5120391404270549
0.08671972707049136
1.0254886061249406
0.11693532352825517
0.8344486130100108
0.21863079086748524
0.11790033618045036
0.7361138303919482
0.2737033253455255
0.4718260655112018
0.4533311102977267
0.8134026455850962
2.5472869451877505
2.106921451168195
0.38578623995891964
0.664442007928336
0.6570263291299134
0.28743807353158657
0.1969236050800264
1.448635212346248
0.4499326741085688
0.19088132827295357
0.4008903131740013
0.2138573714560858
1.8147815876087072
0.48898474155140925
1.3284339246789507
0.40724743303761607
0.8053803833848725
0.09723353534495392
0.05296234797777673
1.7832204131682556
0.38410562169636814
0.266419492521263
0.43742189324396846
0.029384404294539014
0.621464973330308
0.977873589937184
0.6447598792641207
0.8012138673325644
2.018594770403546
0.08233899774311843
0.2903752738400858
1.0650404917540806
0.020566122132700627
0.13485694953359215
1.6194795722310955
0.24590988983404627
0.21310211041790886
0.803006136572434
0.13574891361961458
0.6539761208173411
0.18490435774910288
0.0656033632506553
0.07347362299169238
0.6611603223598289
0.05071589911533934
1.0314298705704439
0.11966985346688774
0.31032244577005624
0.19737543428075383
0.3531744307771762
0.14468820235416566
0.08962533406571321
0.5576322252888118
0.09990811348845956
0.14157658333229864
1.1755697900491546
1.4109860011812407
0.1484027295224782
0.19432992710256083
0.13809673781820422
0.14403108864058475
0.39106879239875125
0.015941016828157944
0.28251743404048874
0.41158352192004805
1.0217371824356234
0.18089575473502634
0.29537444504863736
0.18038013185526608
0.6083706461831879
0.8168154256222453
0.1267888206425756
0.047742140451354526
1.950369789237892
0.8672504045909886
0.3542699550865069
3.233858010886143
0.3341267914964288
0.06093007877030654
0.4301180907938601
0.28421207776051005
0.13489965027898923
2.0516446751279163
0.19249204481327734
0.18514992422729687
1.50825828306096
0.5429894033129378
0.8036265533468503
0.3259469457785347
0.11563962013116294
0.6052945124559292
1.0822444171812902
0.12837421082340372
0.2592630532430294
1.873013431290207
0.40828561163711513
0.706129103763618
0.33741298792827046
0.4658782415932149
1.4399073629577628
0.49910223382395186
0.3096097357398875
0.27274939221706845
2.319417193228068
0.9560932249992119
0.3531546762706249
0.7800074858079837
0.22884655313323624
0.3202515345715995
1.081072872934745
0.014858860980799055
0.2185052798349041
0.3858104832236529
0.8993858618338277
0.07617009624475891
0.5829163530320505
0.2510849750569527
0.1874060383730588
0.20480532865325582
1.1567510413348463
0.39756340923131467
0.5281094815714434
0.04322369982065114
0.1957560800914046
1.4818142065087139
0.39232705845285265
0.2793957191464744
0.3098121966177123
0.9394037111321987
0.9774231423900193
0.579991733441727
0.14229007233180122
0.17455558211367253
0.6778750468358664
0.2450367474694596
0.22138257552656085
0.03322372443240994
0.3108511018654352
0.11426207404014245
2.075695818034078
0.4521146512002129
0.38592004210758585
0.9780888987775487
0.1630116495536606
0.46901717890136885
0.7954593932393302
1.0828636331292223
0.716902466166396
1.0165653770240761
0.5755990071689843
0.18929017660754252
0.0980943524112522
0.06903386878131022
0.05875609352610587
1.9092622249069227
0.039160202342464735
0.21676794778069425
1.0152660001884355
0.18332080336056586
0.20662896803172187
0.31972046870216503
0.0319718694467808
0.6033674734505153
0.18688288819235785
0.5020431692155485
0.6961020350430037
1.3530515729429804
0.6739766678721765
0.6272369753243662
0.42786689505859815
0.24187864246099633
1.4678795778925007
2.656727792979538
1.2362671758707686
0.14519073544864292
1.1759307699246406
0.06637172992495907
0.07244904643458928
1.2690769004718911
0.24323874677276888
0.1798493449787364
0.5699155946195656
0.26049026873719566
0.1017300604180996
0.5274145171199973
0.8126311461906488
1.383335845629269
0.5510478786072585
0.4969740841928011
0.44940938478487336
0.4994934273050417
0.5826174382607502
0.8337589781852729
1.2087211065967813
0.4268354743432338
0.9771065291615338
0.5638936942374081
0.22461881450471935
3.9182257489161127
0.7107787817285086
0.5095769922613078
1.792662860337514
0.8374895831463228
1.7937104518312665
0.026174838361537917
0.2381935482511574
0.08452334112636174
0.31813251862502967
0.08076302906332931
0.3536820863880444
0.6886556929228679
0.11193716647137253
0.3677765272784295
0.590334166787914
0.8566424305125082
0.30626663444622676
0.05093600383270746
2.699139353437343
0.34985547775739423
0.23900662961038469
1.7367891868957006
0.5159531422954607
0.1152120984241955
1.8605476232563518
0.9537545258733062
0.1220942113379736
0.338965378142755
0.05968549430453126
0.20285169071831802
1.2207194361303433
0.5087635592941055
0.7351128519316412
0.1198739171471626
0.31147523076594824
0.224156285249137
0.3027716272726166
0.23747693751144197
0.21293520051196116
0.25751036592904475
0.12913224761680886
0.048316757180095773
1.2852927143451987
0.8000568964813012
0.0020906951800234875
1.2804292886046615
0.5084979941354227
0.214506737325623
0.1218933880803577
0.3510714800233298
0.12478235020167806
0.7374803615107687
0.46556423025514293
0.8514442718559396
0.7678033770308853
0.39722112516936564
0.6958086418572893
1.0097371239160997
0.586552274945053
0.17707872698699648
0.5190139003632255
0.34096256365041827
0.20276639148246184
0.09449684453188709
0.32164528475258203
0.7078411166644373
2.407837386706174
0.28578982677490083
0.5538446077058977
0.19286185115956211
0.35407516385834936
0.9977678583469376
1.1100501160152343
0.19776980285817447
1.0892667738905275
0.2153357937660479
0.5403764159041567
0.47364922516677366
0.07296255423697054
0.20996446812434788
0.17086463636083063
1.813355134635793
1.1297184505593008
0.9407238432934869
0.36800055919683194
0.03901365672713603
0.3028939580634094
0.458779956309516
0.11068947311195093
0.05082035298961332
0.4569356934229629
0.09484116693790673
0.19541870480615095
1.223292716402539
0.12048395126948241
0.7598985165918384
3.3236715829974046
0.8463223349526446
1.7925487023632518
0.6015455131720298
0.21158736966963224
1.0646434851236697
1.1317965488978223
0.21929262194415286
0.7009256009167735
0.42403153685126366
0.2811209047450319
0.8334911536435862
2.6870668053799753
0.6087157270704004
0.4329385306180306
2.1758377020544626
0.07368712675556793
0.7783273574677236
0.649754531670624
1.9832899719192572
0.5418467689103035
0.45864681259579076
0.16166142638233932
0.11734774751746227
0.5433536414093872
0.5067045093434
0.1079824363796821
1.294862042768906
0.08594181410232844
1.182877052654452
0.9981961729913011
0.195235738141875
0.24048881071872746
0.7226343491635304
0.7852692788821957
0.5655619868985579
0.8271444372420905
0.2869152158730583
0.2810123566285193
0.5276790318164531
0.413196165431148
0.6184744893599176
0.08170722298238894
0.3885111843629546
0.33911276888823705
1.1308362616961152
0.06480054121579114
0.6480739001233844
1.8727431623698998
0.09440573730125035
0.22482614196715092
0.5954938133482334
0.07889082753154178
0.489128620005997
0.7703696844021393
1.2744717687559626
0.6306583602125125
0.8650167081072107
0.14154435048536576
1.6238536307804066
0.02727248141078355
0.16584124204401351
0.09819061812494836
0.9640057869414593
0.6736577647699341
0.674163896774263
0.377469671349708
0.20330763017728018
0.03183416399983573
0.8485043193486284
0.3100520694722912
0.09995057600333347
1.0602373307622923
0.009931810049186982
0.5069260894047539
0.2995436864571051
0.3912892826811812
0.8014263811305773
1.245657909218058
0.1467286332133383
1.4075722673986617
0.028782790391967926
0.6640400758503882
0.6604647550988555
0.5972470900750776
0.13045171227177446
0.13874644962552096
1.0177063776445074
0.2328574538792025
0.0433993505776827
0.1543407098965796
0.6044076997718749
0.7627739081383105
0.11885949281194635
1.5615382938311073
0.3556157455254661
0.057811336032634726
1.0942825762352908
1.7632154358847403
0.8292473672280877
0.0928224465939174
0.2761901962466173
1.3558499209344113
0.49841632602859437
1.8995330712516074
0.7913851405106369
1.7566392804715554
0.7289773171348434
0.44635093454017083
0.7865160556649381
0.17978846687412653
0.25042441237155416
0.6264928585301258
0.27488325913259004
0.7679547875235961
0.40332249939690185
0.08571148808694415
0.9542709357036194
0.6664709600569929
1.8460108503341126
0.7365677177653686
0.015821719079374547
0.1809682158933015
0.5350680252971828
0.2139337645828103
0.32543200534757577
0.6668933974327724
0.24273546778673324
0.2470417924229335
1.2049415128977115
1.2959198566424963
0.3909700067354764
1.4533851059911023
2.06998157586072
0.47009499635334945
0.3001196678230848
0.145692625970715
0.041505572204522855
0.6982413488705567
0.2974202991616472
0.25094305054866
0.9445911164850901
0.028260662568527776
0.7037665146857437
0.3791334404479643
0.4854997312540134
0.27777337200123425
0.980121235084897
0.3158245927248194
0.27428750815881403
0.6777797053430187
0.20092523882777766
0.4858030312821665
0.25052128565731463
0.4898423438988847
0.48955468918845374
0.9483954771157618
0.3020771852052897
0.21122891309854808
0.16430328185317114
0.6506745679626577
0.21882824281599897
0.059802260715193734
0.2796427799513589
1.8258662588993857
0.24237673482787003
0.6026661392475465
0.4474430673811955
1.6169482508790625
1.3409952322639065
1.198327931795123
0.4546003312566294
0.8514040585179116
0.9582979432878067
0.6966429376257981
0.41000995012823543
0.2758786891776724
0.27299197657405216
0.47728890230231535
0.47093136742636155
0.15687665817458568
0.5577271147224352
0.31546777943376725
0.5073369040839565
0.5136936280311014
0.2122127427733013
0.29044050565796037
0.5694282281987199
0.05850892805648728
0.4243614719777258
0.874792768168882
0.5696376973183697
0.45513042430638356
0.5583626870746179
0.288067644112995
1.41275623860407
0.214923453256736
0.5133263110983056
0.18784794327546533
0.8918586803282705
0.7740828049270869
1.26054326161278
0.38144035037865803
0.7260608074940295
0.07948662138654874
0.1778158206880865
0.16642272837079836
1.1554626444626546
0.18926028850876858
0.3919087043804362
0.9835442197278248
0.7059170617689405
0.023895874565674477
2.0977148023750227
0.23055105368203085
0.2916859508144167
0.8290308823553186
0.03625017362044013
0.23444493943072123
0.01706644387499229
0.11941402406406602
1.1377207267053753
3.280387338597486
1.4013806392820505
0.5367276854528306
0.22858142139699153
0.2949721212003653
0.5646296069431559
0.1506534489710083
0.93606782635125
0.3805282036504676
0.15788962417944574
0.06330368304210772
0.021501242577247365
0.5848512903003129
0.1156283110292365
0.11206866323202107
0.7748135871779186
1.1985193546142843
0.8751514464615777
0.9426042707355645
0.5643348784860218
0.6423953600107629
1.0658542485239204
0.028323810208579395
0.41069880211674836
0.21360023859645583
1.9008052088993668
0.20212959984615708
1.2354338543081425
0.08584819077091999
0.14199678882073083
0.28008913310495254
0.10795452346616756
0.16218109048710716
1.0123275781300602
0.3261285305508809
1.0213342524987576
0.4558288975915217
0.4822954761001074
0.43794907487562096
0.9820252634398285
0.26004921731970043
0.29907458042253776
1.2364620048632131
0.3367410255540848
1.438183029076321
0.2922680588172967
0.37357462514689316
0.15782468426211146
0.8643973835900923
0.30816574094252874
0.14826532156309724
0.10302055182401547
0.9876678105095393
0.14129160996075066
0.6002326222900211
0.7371431717407965
0.8078627899962153
0.9323539440154935
0.7635316142207026
0.18516897329531942
0.39721155720080215
1.174305683921814
0.19980124718155737
0.568327167322373
0.5315324776415222
0.06569878600894842
0.38967358963261145
0.28778600554772815
0.15343911476653402
0.07116713806238972
0.37232320433759003
0.08572696715745395
1.1657551058378859
0.041282287051138795
0.1263721740251263
0.45803219132689155
0.020026279794594603
0.21069369553207856
0.1692237292112239
0.6051814919145296
0.4977177568447191
0.4068261122645261
0.039552857810669174
0.385687527987757
1.6211422921892809
2.070192508009496
1.3512476341430644
1.0419609586221112
0.3211637674344936
0.1356648554721133
0.17904138953019824
1.4791070597905132
1.377652450538654
0.6647940392175639
0.5278665732986463
0.8382213966662873
0.8401618731410787
0.6946987488856415
0.5123761261195797
0.6548760265678151
0.5615422281016297
0.5438678344151207
0.2714653271256018
0.08207400117453546
0.9975044287682152
0.15747766967568996
0.2921711716111954
0.888611898095578
0.8580798277365451
0.2524519925759461
0.009806621412626467
0.23558561433823638
0.11760865453641438
0.4966186713058317
0.807658232698712
0.05535216619560654
0.1773656683691078
0.5074288876768306
0.5321061040554387
0.06389916899610855
0.6815273882506375
0.487534245520636
0.15186251700786627
0.5237120118064962
0.14748364846529657
0.29862387359856724
0.3387898070953338
0.40264672643351296
0.025093785863919502
2.773528231713359
0.3246471165351882
0.4874060184161984
3.414770245019572
0.9556658915867249
0.016790104996495154
0.17023967331462994
0.25678070764352606
0.13932152002456202
0.14833319254302302
0.34283484168893796
0.2058621595994842
1.2460277091348024
0.3839153724457932
0.3037880490450858
1.2051328844784877
0.11157676485074884
0.13397696420781746
0.7140122313774859
0.36731422488287935
0.6928963652881764
0.3220612142422726
0.7810606218047206
0.8275251203827465
0.47930601980531246
0.013070776348353361
0.6878675400454355
0.22897811918440156
0.3087170606191086
0.16811677073905504
1.240141012008388
1.401148022825639
0.08789505793016986
1.0421990773456054
0.7276433173506932
0.08365626133377017
0.4316610847507438
0.2966712094736375
0.2769413417241604
0.18374108974472494
0.10535333456255185
0.24313803646659937
0.40616102796874726
0.04795254882303254
0.12267530123701002
1.5664580205315386
0.41862940554875405
1.1548488830451895
0.8239952721791618
0.4444076751524894
0.19117461838214023
0.4484003913662401
0.012344224683625437
0.38169396336121914
0.19136373404616286
0.013586255905835962
0.024970620619060524
0.5298705132105533
0.8631529569221675
0.6503945969387636
0.9478197229105554
0.03618704146771663
0.050108809625400846
0.40282388889824067
0.5038548593119426
0.023328968574480687
0.32204031062902416
0.295539066489086
1.06659356463027
0.522201604511826
0.9021756861991275
0.3850306937879348
0.35147609242789
0.09135533843482598
0.06752612279815944
0.2418474412703085
0.309509466927371
0.5825709475707238
1.3331181625213915
0.5246109353795232
0.4845431191158496
2.469303545020509
0.033996176558498334
0.3091700971840522
1.0702365479673706
0.3974495021403885
0.051841903175536705
0.7049634671823211
1.2727935043201801
0.9697586719346407
0.5032045517261644
0.4216346619362797
1.340600493856019
0.8967206266554424
0.23544779091869963
0.1490264076209286
0.8138915171268033
0.40832619891803135
0.4933713521630714
2.10818227671436
1.2248400451204982
1.4571542923510026
0.2762440849446852
0.013167080768524367
0.3491311864002479
0.6617212379665477
0.5431314396081888
0.3777059556587262
0.4831519905988872
0.9048919511089725
0.3738360625371885
0.18487350325537813
0.01631913931720566
0.3807049244468475
3.0315713613181945
0.6173782943941616
0.020081195512058954
1.1311330142072813
0.8507831199973895
0.10795075284003815
0.545981305144943
0.49771498462419594
0.29384557532600813
0.8581033650010098
0.4241797876212941
0.31207295087718817
0.28174783300680317
0.11608303745554302
0.4466839626321783
1.15426244644356
1.6265880531038803
0.1746509674668831
0.9258386956681229
0.5742291240568733
0.4180914597141638
1.513612646252732
0.19991831462345144
0.4273093079150954
0.39046813494482885
0.7970467218488599
0.8862599430908625
0.29125139539314293
0.15954467035281053
0.3412062647397367
0.3736938660474248
0.31092973260906853
0.19979785918263165
1.0280664483446191
0.07671841100992385
0.20669238089564262
0.10547665829237794
0.6249816946265848
0.5386031437485228
0.2666160406485688
0.8323618532585009
0.13852417863806796
0.2097299057360547
0.09638883301657176
0.9017340791226506
0.548340515683255
0.6897907026067576
0.42311122960647257
0.7223481119243228
0.9180749440895783
0.12576363185591827
0.49702546509387663
0.10919295858620015
0.06942071651668305
1.0565338850876551
1.4866882216703587
0.1617869543231829
0.5111024185575199
1.1301587225888885
0.27781880034290907
0.31407570984117794
0.05404696981639997
0.06248313096435627
0.36805046290340854
0.07872521492250296
0.1387374622511453
1.92065433371438
2.0332049777143344
1.0296522754078374
1.0101281933575008
0.30126691306548425
0.07126908265998856
0.28946549886427153
0.06173706518524263
0.553697896462981
1.3573389637605437
0.2685189653790553
0.10720284594558636
0.24948309860051718
0.7649687394662725
0.18189669738887407
1.0091435869540848
0.1828257623030052
0.03758885615212366
0.48340487668836785
0.22226154183899727
0.3218598326513064
1.5345889432719717
0.1573825748744462
0.9026802831304588
0.9266594827645103
0.3289515868445671
0.019764992879178017
0.23795131128305239
0.5280131989549753
0.3005164926526519
0.22677466448579986
0.13430503927051035
0.2837175166927456
0.21605201712074662
0.21791620201088255
0.2910440167620355
0.2773046203871598
0.0922444836958725
0.6887814792449459
0.32886333853425037
0.07036719134487285
0.11125321198379169
0.9116446502051697
0.43848488981736206
0.6082579550015775
2.7935362812161864
0.16324274097929153
0.6082260860405708
0.8416753734565038
1.080674184759092
0.2302030881313863
0.7797957814154098
0.35056750846948914
0.5037209852389839
0.047021567514654646
0.31621087107686696
0.2533188644841902
1.2806868374487046
0.3354249856499463
0.2259755397526814
0.13963043468873076
0.09615140784028983
0.10869570463886477
0.858497500865417
0.7898090990537627
0.7650661167592288
0.6949953541688003
0.5518043494476463
1.389032306472816
0.4557485629926044
0.1852949979117864
0.5400717268882297
0.9703421361392927
0.09473443280764783
0.18844966958769502
0.7472663809093429
0.4279453739472107
0.7504212494732891
0.9730837065297873
0.1574248336816762
0.11116478105895783
0.3298209135918
0.03774367384901686
0.22908156178945224
0.3695884239780894
0.6632216523453417
0.02647683278889486
2.69006985648167
0.10377732052228777
0.44116146530144584
0.3026182007748143
0.34104119074564077
0.49207677188331916
0.2037045595585104
0.5581148446684261
0.44060148104070984
1.7494996437632686
0.41797998422290544
0.39740910606143925
0.6726109814384094
0.41368502173584054
0.9837401767386125
3.1030935418123473
0.025875709201877053
0.2813527154413682
3.8206456901704553
0.17505042647928218
0.1845739908843835
0.6866943885632389
0.09060628380326269
0.3384848995581842
0.5782614826926711
0.2677650991990784
0.023118925193684473
0.6190328239265087
0.5612121915880859
0.35187063602682844
0.17054167298779374
0.31203841313291153
0.3854165114193942
0.6209154203350993
0.13108075044326226
0.10212143506220957
0.9410792376111743
0.32396985282671276
0.1674837415205824
0.46905865092554
0.18845648401469722
0.1911045096062218
0.35426222948496866
0.16149101336003438
0.15896328876636404
0.7555890202556624
0.2272918023739722
0.14890608585625978
0.24933998312839675
0.7082779038015411
1.6365722205075872
0.20374830765569282
0.19475626576812624
0.10604573648820093
0.3554975867968948
0.661738387720853
0.18193165696072375
0.9099831950355808
0.21384997638455672
0.37058097244977284
4.047454001472818
0.2371323093643761
0.5283129157082009
1.1544411838987645
0.2559030392922011
0.173805161466331
0.8007104929979154
0.1776396249204455
2.166046384829493
0.162988964930429
0.27388812583907113
0.4277186852605347
0.1808022442184418
0.03337517398195006
0.010406973816034427
1.4377471897640879
2.296203521473278
0.5820645750714084
0.47864999533728114
0.820159434856296
0.6101807521939581
2.0378947732633415
1.3258712965686725
0.531737960878189
1.0017458180705079
0.056653084382785227
0.42715256532629536
0.158847596150483
0.24408600544112757
0.2269479452182679
0.6459753260571164
0.6192680323473528
0.5579882144515431
3.8407612876505524
0.28010797406935045
0.37887543109731187
1.6056199293920796
0.28349015146605183
0.1774322877399225
0.3524470538742848
0.1956924973518991
0.08781354958145832
0.4028943185883449
0.009665283511237339
0.1336985428347509
0.21050382308933024
0.39183038313883767
0.30383364379848554
0.8675594133020974
0.09853702272299934
0.06918086254669975
0.6631843346590401
0.22243102973237844
1.1001094712808557
1.5308040730780033
0.2045210701211187
0.2002560418957295
1.6229386390969074
0.2737078097940781
0.20923197757021741
0.03543388298304801
0.23041855891125052
0.061178112540351916
0.1329653177935866
0.10151693134350724
0.22629175653119954
0.5002021057756326
0.12160889418047412
0.6237735328480826
0.29273683395051586
0.007270038606557332
0.33694055147365876
2.5675602257749786
0.6681714107604279
0.5298744164839603
1.0086196798161362
0.12063578617050735
0.06497112187600479
2.3472882537790114
0.10536012022429221
0.22454101935722562
2.046213945881022
0.2459252677469924
0.03238281451138346
0.7163353164549415
0.9446891631520495
0.9162940160298314
0.6264677153956192
0.9709967579733594
0.11839833192904636
0.3546890569667919
0.3668962297695826
0.9344900983504616
0.507445399129737
2.3478602583058623
0.8245590804999328
0.37078677850058617
0.17885560945772308
0.14977976291880485
0.5860049023902305
0.07220495815485538
0.1657823507386648
0.9168947607084249
0.29424694304281085
0.8600062903234388
1.1002141384108408
0.45582097259571813
0.13727148153294208
0.393121159824677
0.49209058304490716
1.643418873949163
3.2001997838808918
0.34617158582810986
0.2205187356688557
2.5679090736853034
0.17600367930433833
0.21493256363685798
0.8230948110799928
1.3556706324148424
0.3582857780537427
0.5230001738453809
0.3822930868790521
0.2822636820517541
0.0543966463673274
0.6639230486854488
1.0243118536706763
2.0384426186830673
0.26793033727215204
0.8029748597571524
0.3990101457732045
0.25727399487857056
0.4726472776158193
0.42529207837118993
0.5373485926753692
0.197288244755134
0.17358013670324754
0.3011620801414616
0.24387593785428194
0.3326567130409938
0.04430589435391178
0.20040359494392582
0.31844850608067005
0.35087522000961974
0.5317735230955961
0.663135449175494
0.4053609510700949
0.5842989631541667
0.5741778581012041
0.1697341629550461
0.765925676204747
0.18918622512194017
1.2819489762066036
1.2177951675837526
0.19477870780104442
0.34912789711525144
0.2818304172939987
1.1731863688850732
1.6124451883985809
2.327778060269235
1.3401080850748144
0.9371290063341415
0.9323430578636445
0.26849972249884935
0.3122881380146893
0.2058591789435882
0.8519395013731517
0.5283960729546502
0.39544119083219503
0.7828065224727614
2.5641323371280693
0.36019138448152455
0.5362766189147906
0.16944549295782932
0.7697109156759115
2.3416943340874843
0.38258998337755096
0.07623236640374363
1.1221405566847942
0.3657996416653228
0.04279536438135048
0.25516616711895246
0.5757023578833333
0.30205389747724076
0.16076017161924824
2.6927895924590888
0.36925788231740064
2.202802907251878
0.02991694860803686
0.18248006117960414
0.914994466885907
0.12599508566403037
0.45023269903333907
2.102495678100417
0.09247693319782956
0.2832047803049235
0.3662079723142769
0.05576742102323331
0.7384612292609896
1.0646956176050872
0.6523813291214269
0.0983825944634655
0.1229073822728317
0.4398523105914977
0.6181096700418776
2.9207737515756698
0.2266971659242407
0.4537734210286213
1.4692366960574283
0.4764509220192494
1.392466432594464
0.3610669425506035
0.17972556014772936
0.5508017711421265
0.19480572211203157
0.1735041784923036
0.18495796509502824
2.4052195224142343
0.1137675871985049
0.007478386838022654
1.520738830140847
0.30131509531443335
0.2736638462454786
0.6986456170421995
0.13832897113072176
0.3112710249432856
0.6826455181028954
0.1873756230413992
0.16392086662631095
2.673862910945477
0.9584227135723369
0.2522616961630354
0.502823268887214
0.22873635334237993
0.2955956370896706
0.4516585771815151
0.4120038895984768
0.17649571345649986
0.21158049669748544
0.5073870990865728
0.775464284620144
0.9047597404756709
0.04030574918101963
0.03789718679517382
0.7107082886546219
0.21149246417585396
0.51911480429441
1.5131696345288572
0.05524159991315524
0.21910884290760924
0.26922929178124677
0.10190571199026911
0.13645449359332965
1.3292011057409325
0.21050487573028945
0.3018349689629547
0.6425359995933465
0.334765423611529
0.0749625809862286
0.33517268854262244
0.22424313982390456
0.08044164405436015
0.8055181042847511
0.21591989381439092
0.34907115815980266
0.18272959448578135
0.4168818451244639
0.4666510296668455
1.180931835936806
0.29566534148456086
0.07142261802865318
0.584668450960669
0.4582388376430247
0.28067983352526055
1.4079162860259264
0.8934180489801972
0.4628292074813908
0.42014048135716653
0.6354406857138932
0.20028607129604153
0.5506101611371491
0.45784808028482377
0.35286043543279383
0.9509077752059218
0.5278255531017767
0.5754395349858049
2.095583800353142
0.13663807323017652
0.6505870081287145
0.9818610369144611
0.144088319238298
0.25610636880756005
0.07579926385030819
0.4863737033917393
0.11838581533659784
0.4447042680042299
0.15144650871870935
1.8281005502065795
0.4000020969697518
0.11059514330554489
0.027161847762186952
2.4177692377165787
0.7390819781776492
0.41632967542083643
0.7675413693452136
0.7094224980015692
1.2416608051832616
2.2539263015625877
0.7724772617999031
1.4840918692565837
0.5686413092756324
0.1453525668454831
0.259939431093584
0.16597882039778422
0.16532104736823836
0.38232082510987625
0.18147591680047523
0.587880184387647
0.20479042003059247
0.005396173936828579
0.13957299486122546
0.19134437759643097
0.21190318082694065
0.14783107813472224
0.15250486023834034
1.1694432041663152
0.12694323886623685
0.010597734215009522
1.6732596737996523
0.08949126139912064
0.5222416048819746
0.512070486893947
0.18595904770323604
0.2218037167283148
0.07664984738824206
0.019580662872801975
0.06384606807493715
0.6189040537933604
0.23764586142354857
0.8864756981755643
0.7162594144728778
1.1017521357624112
0.5336191659297269
0.6501688060261074
0.1790878139313507
0.6183518219528337
0.41831295576822386
0.6193734281505805
1.1302183716956011
0.3318909857835016
0.281938282281533
0.3543793841829562
1.0046633874155446
0.02504120445559752
1.3939493438935349
0.4506468532065469
1.106867782910633
0.27425394419952115
0.14224778422109113
0.012558747872652262
0.012305402193863378
0.1498893184934431
0.07341025460230242
0.24361253573585598
1.655418892547645
0.397194742786681
0.20491164554874466
0.6139211421101725
0.1336588394928966
0.11628306055829495
0.6363957883383654
0.3192914040487973
0.502118418924621
0.491980795837327
0.17198557666104164
0.2978228745630427
0.3172716244681427
0.9222573740622058
1.473446817632907
0.09529429543383172
0.49241833244637334
0.4765860969452757
1.6104404001261055
0.6732602124370333
0.14055650837612668
1.649235418381639
0.28445462243577296
0.0784291521536658
0.5809141276391679
0.2355857625415871
2.5534387680428052
0.48242680250598974
2.003732606297889
0.08442153885895033
1.288541204646965
1.0327431638506857
1.0668904761928053
0.48545994199615033
0.18986144993757034
0.24118024067089142
0.9879421879800361
0.09398262975744842
0.2843843809478656
0.13687522600672794
0.8219248751287614
1.2732922835361526
0.5320852046080959
0.983402951634765
0.15937388575153727
0.5821699107659065
1.0514488413632632
1.449662554530636
0.17514482523489477
1.116184042877288
1.319630181631633
0.8638995576507066
0.2047684707238832
0.2674519974375267
0.6843627854091939
0.14618633837120457
0.21553527623451513
2.4723774469200768
0.16112703602131015
0.370343679128113
1.0427911107318337
0.1788033438854223
0.3552327662712576
0.3647810151007496
0.1755841458980855
0.06781206691227709
0.9369422315968202
1.350596261894761
0.07050285474227787
0.6246161317682585
0.15187541941294294
0.02711964143826397
0.336910390580592
0.5556289185239099
0.30750171011618205
1.1925372041858218
0.3122249843842573
0.32564340377230244
1.419019267301888
0.0845316259435809
0.08174283091465324
0.6765302330705376
0.3225059009339219
0.05127081367936299
0.2979148275367344
0.6954535636918667
0.9246007808517452
0.22716817713365456
0.6110143230751575
0.08278628729021396
0.5860377285072768
0.5557044522954504
0.13917968460738506
0.5108388252590333
0.9181374318214532
0.6556091378105985
0.9127404393858723
0.32274582038818284
0.9139340330668682
1.1823919381763404
1.2842839807767235
1.6823775823448128
1.4502009795073556
0.7575889968692767
0.1952340891662003
0.19377118913514524
0.7590208998192632
0.09944968429462131
0.6536999645054759
0.3537121590850935
1.4054022907233497
0.7654713065267236
0.08421245974716662
0.012013317636971275
0.6524441699521566
0.03752443390189257
0.482453472989527
0.740495907436426
0.44525903331125066
0.009078926724671593
0.6085800798790493
1.1519114854459573
0.6965157775564689
1.1167131178218597
0.20735698195319655
0.8713909429376517
0.6858803705238115
0.3209867280714049
0.010934185423930817
0.8196970560190477
0.07524287309177059
0.15955678844187376
0.970542626295792
0.32679326974289946
0.8458344979729322
1.1621555337567246
0.155345391037952
0.8125775550880647
1.6187378809958648
0.3576160679244719
0.2068019145712399
1.5154667678112217
1.280464297573621
1.763757166045772
0.50945712821753
0.5481412826140168
0.20128251951969456
0.23775630203521733
0.2502350431212303
0.4227469266771901
0.036037734250881935
0.31050368352047947
1.101933045563096
0.17573602133264596
0.21544864082436013
0.05520904898668174
0.8482599822490552
0.6158259557331549
0.7927841254583191
0.20272198120484197
0.20955000053002512
0.08722381868452769
1.0494237568996108
0.019745887385507185
0.37371218015285423
0.18460068282416084
0.3435648985743035
0.42211096620213134
0.9430841909828275
0.24334607354084048
1.344206426447748
0.6092593962146303
0.07164061981963692
0.10695523758732113
0.2958563742736301
0.06718174681321952
0.22793500621626622
0.02208819540859509
0.2791611116625298
0.16058909154455428
1.0241951084253298
1.0626380880094717
0.7312816624387197
0.5925413202085005
0.6032056953443948
0.42536599635965683
0.1139674777970334
0.055901114120265834
0.9494265294924331
1.6387021076327775
0.14687979406244187
0.5397500632819481
0.5596581133545432
0.17398214720269392
0.32232459815499637
1.5115520186572486
0.6998755125715884
0.03831657123599202
0.48731769547149995
1.3756471859935704
0.7409206546307578
2.3778404135648503
1.025199873571901
0.5005613393069356
0.3144045254071158
0.13509304252307322
0.7326016264431416
0.43935943491153306
1.1649204798510475
1.1351987096113958
0.6147759907218591
0.6695666160123347
0.4386848966617823
0.6375665458811745
0.012836443971914233
0.25821198284208285
0.14834056652560737
0.03397692143903672
0.09278826947612683
0.47592626517959724
0.265278969206673
0.1743719781260336
0.21449855811680443
1.7431732146249628
0.06152111505448102
0.24978432315170823
0.15061480601057564
0.09989486859620313
0.5680813356349073
0.186668333053081
0.5556434974457465
1.4419410430916155
0.4122658167840574
0.09323577467846302
0.318812751253356
0.2140285739706561
0.5066975464977298
0.40708994481455607
0.3574550198711682
0.5429752711246885
0.47038071482949917
0.08098118672341714
0.20013144917092376
0.18403445220760917
0.9294679176865469
0.15196369801084056
0.2546385376452901
0.018767136844791362
0.12932298985870488
0.2769985377094575
0.05532775596576957
0.12059137786509859
0.7133564039663824
0.03795310278440942
0.654226467943243
0.8430532348741397
0.5986648575093148
2.670258069133812
0.29870901131417377
0.038759376857424255
0.0821754344334909
1.8002461319388872
0.133192599570076
0.19307258210663464
0.8648957999606315
0.5992356991323393
0.17271346348275812
1.9904163929795056
0.22802323463874816
0.2950712217136714
1.3978569814736082
1.2203812109631083
0.4944233479490113
0.6003851206378394
0.19058838329004532
0.46504816518403236
0.8154848281189577
0.6003051262112511
0.49392417968211544
0.18487161085989628
0.9661399354543477
0.23989591158328252
0.6556208919099034
0.16632363145956378
1.0986112238496846
0.6933103100778265
0.4714939506562587
0.26383880549008637
1.159019605772818
0.019896087505680816
0.274598632132448
0.3074131466367466
0.3432103994552022
0.059232913224657215
1.7786032785790689
0.858721963038491
0.115648226017744
0.46092497507909047
0.853370472570301
0.2270599174379454
2.0258568353968616
0.3335517322613415
0.08411564831333171
0.9685948514692596
0.38266769706333315
0.684450944106356
0.7564528942794927
0.03949334220507835
0.1297855257358957
0.107242979458011
0.23082256022723416
0.3127265591665513
0.13317071776582964
0.3215700074198224
0.16265220972337477
0.2091792309005487
0.20065897835783592
0.2537126159311417
0.7777732425706168
0.284747809369224
0.8725258603946724
0.7374747736925596
0.6798734804002373
0.5291288434188763
0.6980953265711866
0.4567882619014692
0.12239758186049073
0.0846195229846388
0.23402793999323804
0.8949021907374949
0.8325792529445105
0.9130886675350058
0.45450585903684276
0.24690252010165414
0.4412394634178319
0.022906170716776256
0.13809364699561932
1.7525152857195863
0.04978440828972804
0.5880577215786819
0.8433367733986584
0.060367166507102034
0.8219203804385309
0.41831320335467226
0.1198072635295758
0.15910397456043968
2.0905867806907397
0.4210264648032843
0.42358566993651436
0.6259252447277682
0.9899446187192363
0.7953323736419292
0.38697305688167755
0.6699100465868933
0.3283313783093655
0.03643561871399009
0.09259698159817338
0.12446812232444719
0.3884151329025024
0.9495398051626277
0.45096706098920747
0.4306428274979228
0.2499108089643102
0.7233399563946105
0.19675153640292076
0.4054642084029055
0.5687649629980114
0.14194286153492028
0.11740156758582046
1.1235952930493733
0.037656466392333644
0.03699107203466838
0.3784823745803506
0.2547993216375107
0.27555776993543163
0.6627969779294017
0.4208999212282897
0.134734335427322
2.2373275339507215
0.07409504366688434
0.2309481044174149
0.5093371438390989
0.08004619610778041
0.06182442003735466
0.36246446701836504
0.5725292427686544
0.39711896001213104
0.32676098544235893
0.34959833654656425
0.08671792944427403
0.13699202501091795
0.34363274874899447
0.4238501189381
0.08580069057176594
0.09065707793640898
0.14312601099930625
1.1480642781497254
0.14593636007280567
2.0731577317494487
0.4755820008659973
0.13358738007002025
0.21184813812705258
0.6650194098186262
0.529580687299536
0.21905772454325956
1.2737007700567866
0.04363328587636303
0.5359498016125078
0.33985676886609656
0.2736281406214409
0.20199289237877777
0.29527376651087456
0.5309447924772759
0.020481252643105397
0.6896230763282276
0.023299552791485607
0.21040793741642733
1.2853679271834784
0.3297243081286653
0.8549156514395869
0.4725999312279339
1.5770921137338272
0.7772243435540357
0.8868859770202839
0.4458609423572609
0.10282365434265203
0.43793957412759943
0.037056328995667534
1.2831363960807058
1.5218171507601295
0.3595868966421445
0.03384574441485394
1.8378271780102637
0.8715835793260025
0.7806316707549255
1.169800905085806
0.20553144583942284
0.3394399487772558
0.8001515715972575
0.7561561690374916
0.05279110352138371
0.5545052417986921
1.0359576456641295
1.0486692626774925
0.6003647118452353
1.381206333447481
0.21146438987440674
1.537137399150559
0.24985648680576725
0.5494459997837327
0.1206706421370809
0.73319431172631
0.003834129622245776
0.4522994030240824
0.07198945194931605
0.10841776072601157
0.400468907413949
0.19482509517256177
0.07311397144089903
0.3685652142567753
