0.322721365522013
0.1713111396280124
0.03286304070252985
0.29031574568793544
0.18125842648161414
0.07007045941623308
0.30268424913800723
0.1456559689314015
0.018678155058865997
0.4755216503596603
0.32305265028568236
0.2083938420728849
0.3685476292757909
0.06642559871082157
0.10085298681874813
1.2382347517374006
0.31019662138280446
0.05993813070472864
0.4267312566092789
0.7120625302259557
0.026750104943322157
0.3275742586972015
0.42590489304856005
1.1830002055566669
0.8530676234016327
0.025453184186982395
0.19243540010299093
0.4199210007491866
0.4323928877847649
0.12115471519404622
1.3191870575811702
0.06735123623644096
0.1583258394248744
0.5824748231153235
0.4358841443257419
0.31368523005163435
1.0843867379345609
0.264387402579193
0.669604852104194
0.1550886991187144
0.41559445469262646
0.23420682838069193
0.6458495122144483
0.23506367961519722
0.06134486822273746
0.25473663575617433
0.3955658102436006
1.9203833559643062
1.0918849299151367
0.30773207189860835
0.6298744276223265
0.6027035589915092
0.4688960046157958
0.23424972237027727
0.40612655261080516
0.1753085868818282
0.32353028990670657
1.6024208914079812
0.2806581125358109
0.14081072113322865
1.1780309014394554
0.49822374501361577
0.8983012999166716
0.9259345176564354
0.349839551974427
0.6548463270136714
0.021677764069552647
0.10827551897720447
0.4724864040009517
1.4769388955552902
0.14966471423689445
0.15452869892505322
1.6444298558342438
0.07444861295444159
0.47476097732094125
2.8839773134966133
0.9264932162582652
1.0236455149065595
2.88452927008631
0.18766278369777512
0.09342493773209866
0.16990767886694982
1.2537857655198967
0.2635078984118534
0.6919530407196836
0.1883501123709936
0.5668540332098897
0.07757630324070716
0.45065805199040965
0.1950038644926999
0.03852609950900819
0.05578678400462463
0.08572415214574658
1.2187051636938295
0.37875405333650924
0.04332157997770717
0.2503709174163412
0.23679815122654096
0.7907868837848174
0.5246264155014531
0.03696959007483678
0.1122196637576901
0.48414991340263275
0.03782197740435256
0.15350484259348834
0.19139644402580794
0.08968197899337502
0.22857934094739177
1.6295520264740821
0.021607750989335657
0.22833852333280938
0.565100926143253
0.1518797366969639
0.5873215623229917
0.4046378400986524
0.566732435696574
0.08538710992438212
0.6247388855787569
0.05323779207277829
0.1517592240257772
0.31934307628474384
0.2878214057738163
0.1788650414108497
0.7224656575415435
0.03688619462921198
0.6380992577818104
0.6738983025368159
0.1768090642064261
0.11028079185539946
3.1132677796015424
0.36003871089420675
0.8854574384196852
0.8624982480615115
0.36892561852753436
0.16903033444923213
0.21002062256135953
0.1682895941434628
0.003826550878716553
0.16945160428007577
1.140943033420217
0.08286125289307691
0.8324123224987251
0.04289910455863637
0.3737634290613499
0.543317756830177
0.6833110812131299
0.21342206968641955
0.4417673295121628
0.6669904330218814
0.23790630180335384
0.06202690973426753
0.017837213078390066
0.12038614108887441
0.5014895133021209
0.05499810423055325
0.661743061622793
1.1044682281069635
1.409865738389267
0.3258952594439344
0.8338959834765585
0.3197699598158725
0.09396576141570737
0.3558080799539243
0.2844547524010751
0.24105150301737968
0.28657259677196045
0.26217913120135433
0.38937326382366705
0.6945380281972094
0.04031541955428391
0.6364121291423166
0.5809125855373568
0.04498448095225549
0.10817567011837431
0.09653082173818096
0.13329510547695758
0.26803432006044414
0.9295989110342272
0.03407262370621572
0.11582242112637497
1.4936968928061747
0.10230303876966758
0.06492905750221484
1.645489609278111
0.13698969030355826
0.14086937442428796
0.871189877832712
0.07394794679630418
0.5794932358092227
0.20165555791496878
0.21239673494706107
0.1227395782516225
0.440269775983875
0.45048575149058684
0.6125377679979069
1.0377631878526699
1.2939294070192142
0.3663896407662708
0.7714537647510644
0.9407713873722774
1.46251561489398
1.597832627439091
0.050226298303747224
0.5202693671936178
0.8018495895425157
0.29401640265868506
0.03584791871547456
1.0426105326397912
0.17060457077302735
0.2559024808638608
0.4102192940129768
0.42414013409968376
0.7937791921981726
1.1966176767965202
0.30808772337227697
1.1875220123388892
0.775129216044501
0.044388036021642
0.02432681195679231
0.7730860297391071
0.20363419302645053
0.2746612853618121
0.9624855687382071
0.06295574009933742
0.10031018688761699
0.11911845068231888
0.021117637589833742
0.14723600544433532
1.513902929871108
0.19746368873748765
0.19928806937799606
0.11122330882582103
0.48300614365227135
0.02883300584956143
0.8444944959440073
0.7151833370329317
0.10384754841103955
0.5022730788544763
0.9041788080453841
0.5358180573284907
2.515066191151513
0.1283465029825412
0.13798931618240437
0.8356511612841817
0.30865519308665884
0.13030191853733486
0.31647206082219415
0.49920820003682626
0.48823549537485234
0.10840678193593842
0.08591973845367751
0.0514592294676106
0.9154801521719448
0.37646220677864917
0.1318272583274316
0.3521866395025523
0.3681942367237373
0.48416174163714965
1.2323662698048972
0.6834723937828885
0.8620088114873062
0.5283570133904735
0.9541578137523911
0.12873389283807932
0.15927337841541117
0.21656877690084214
0.559326498426945
0.6294556868978115
0.11818421328675018
0.08483907560043698
0.2963919368810071
0.14602387885874857
0.18367774699074552
1.0239654592994805
0.39520139974266444
0.125402409759958
0.9739897528632151
0.14511853279309173
0.29068925503157483
1.1850876807718729
1.0920495370455305
0.1243181797005502
0.10506915687478424
0.21037326538540763
0.46087635374299707
0.1796334058450914
0.8558744629569935
0.13369304679835448
1.2297100246679697
0.6815469980989873
0.9489321856919758
0.1183234188137775
0.06256745210153124
0.3026023431205299
1.0818034140063404
0.48207155312944017
0.19431629606564638
2.2063535209547767
0.10842389708676065
0.49147289769856206
1.6856144886460078
0.06301305872295636
0.0460644331747234
0.8230554653549054
0.07731140920374241
0.12867155587956733
0.36086419715458706
0.21559277959054787
0.42624071685558534
0.5300625836391891
0.11878162202655143
0.35394886249773166
1.1704492079854902
0.7116468981918859
0.8652928425314018
0.6616834047137728
0.5902993011380939
0.08833254181465493
0.2900108842840941
0.34311359979967887
0.33425814503620366
1.1837597761122585
0.06054320869088668
0.3689439576092197
0.29742700689554374
0.24686039215446448
0.2505033540284306
1.5957666102888435
1.5875178725260155
0.0520072124883773
0.29853488035219033
0.413795391870677
0.04350440557089702
0.34199661303897233
0.8918608710875816
0.2876456402316804
0.8941554349500209
0.2603079760932269
0.22788984765961792
0.1618827821554278
0.09312595180624679
0.07515465381661507
0.7408191707608495
0.010385180371849902
2.6236249372123828
1.07358169164128
0.07596604243806838
0.4648187195866461
2.3255343135424242
0.3201871379169599
0.2571883541140894
0.5781380437457374
0.5438181883287942
0.4107233613546816
0.4731504974961384
0.6149022752343797
0.39795737866510644
0.26751429614980865
0.03328704568353793
0.07001751262173081
0.11865786193238544
0.16237878374729522
0.08310690463430875
0.08119571945407524
0.9379952959254465
0.016948586974055088
1.0472031343833308
0.8669460855920348
0.4793729032828297
0.07265499545001891
0.19792106850011376
0.07110225562289614
0.2822761890189315
0.6772879336035841
0.09568594991970063
0.3423722289227802
0.6167667807043089
0.5900090085050539
0.9413309493397459
0.1392753842846935
0.19007849645584798
0.7456254153064001
0.6447255991474002
0.00868652567998837
0.4285996860478123
0.10048610261687022
0.041283542816153145
0.008655427152583184
0.19541845013144032
0.048777950499646304
1.0524639242155522
0.37748537561687034
0.25981879958125736
0.39543104359730097
0.1818484991368947
0.06046557748464704
0.5630455874727105
0.20478383282206647
0.0449891118110879
0.17830857087246285
0.2453332878814643
0.10276989241267624
0.930344172028806
0.2286232688046746
0.04574628137498137
0.15089451753649685
0.7084040186860233
0.3431727251467029
1.6673659571658248
0.13922836599825567
0.1007673996756101
0.12402185923591653
0.29432755777934555
0.6581631664054373
0.2891727656606739
0.260262890037128
0.05425252551173567
0.07179772456589892
0.23974334495971694
0.059628006124167514
0.7548824269889054
0.07636111199117121
0.3350307377854094
0.7679926262895251
0.19635605043470464
0.19397357924773112
0.6855845626030201
0.04656277104679489
0.04102229743430519
0.15880371876278015
0.0350358149433724
0.02176968815541504
1.4254310580337253
0.09791118299061852
0.11995367531367644
0.7333942963591003
0.18396762457133084
0.07582841981970805
1.5142829646233933
0.5604036423668118
0.23259999945286036
1.2598182220710845
0.7025184308776818
0.3021187607221679
0.9848752765312376
0.32647498083828314
0.29016883558910966
0.2815177165785079
0.8401220462230183
0.21476574700098278
0.5115613270309067
0.04959051471848189
0.05569779847662737
0.5846242201055786
0.2560280094051217
0.458107008929877
0.3415986679899781
0.8981666829772884
0.44177792103142594
0.8010252045856623
0.49798604721600276
0.23002397310568157
1.7122207195073453
0.12029398935732444
0.25983039391212304
0.4606943233143489
0.04216970620236152
0.5824863845564259
0.2657223084623713
0.6782528081999138
0.2869905431300849
0.5624827882877502
0.09626906255922141
0.16217137212110044
1.6473694243126566
0.2888077346709927
0.34068735259542005
0.3445046641515573
0.18058541726715327
0.17220014154611402
0.018379874078849705
0.10573706792550845
0.01501845284324133
0.17854417245510573
0.21815821915416073
0.1763450189738187
0.12057199553336495
0.26854241305479953
0.025402431038525523
0.8744245711663526
0.02875998953520892
0.4666496855681741
0.4347512267298531
2.46184733551545
0.20367372228022085
0.9477959245654981
0.0613978446596322
0.11020195736930198
0.13880695392988013
0.09002036789763426
0.5536585661645549
1.289074547656117
0.10237801234071371
0.1540102476260676
0.34990815400011255
0.3252194931619098
0.45735862492236207
0.8322883973813983
0.34539662969114193
0.6311377228755722
0.6535008559438765
0.3778167312252651
0.5531727197373051
1.164402367457147
0.5123056133792866
0.24269437628273802
2.1659129696718673
0.16289955034292483
0.6726401921528774
0.1267329835643005
0.37463615005836065
0.033647004139904256
1.1838338870680178
0.44515960428311446
0.5701688336321401
0.48641845252632554
0.02857686430200354
0.23130118684348575
0.31793085660187287
0.8111745040792422
0.13645029093956684
0.7363321611404248
0.2187680953367962
0.535639052901698
0.18819470596068572
0.5779219861630794
0.6014297100677526
1.400501849364217
0.2445004569287446
0.9322876812423758
1.559145328994533
0.4028087498989937
0.6526970660707359
0.33488861590215974
0.21418180763895164
0.036690750567023825
0.46778927295996897
0.5411487037382141
0.8783895199568234
0.8008527338652737
0.11803465406820961
0.5441827540712857
0.15699730939862103
0.1770641905155241
0.14204402411380024
1.2074058124739728
0.11794141474873937
0.5562343232318743
0.055222566942534045
0.3533772399634381
0.12734598455890925
1.2852094204273903
0.7430478604306622
0.38860484691446895
1.4919782265049397
1.3482738700270107
0.07478097827998516
0.49827602537957205
0.2564313094551027
0.028734960978450495
0.3306302360616268
0.1480849182334733
0.15314746466193338
0.21272056113522622
1.3751574944889686
1.4890494005178825
0.09959556907205064
0.1843182670850705
0.19684407530749384
0.3008669679498414
0.06219298481402211
0.4161714786385696
1.772088771001199
0.26770666597566894
0.42210543799376665
0.818295483802988
0.08549782848142974
0.6380473513978708
1.66353678897868
0.3019160587361469
0.19463894703433043
0.4608327554793307
0.032886128553745606
0.047964453842127656
0.10089073863184525
0.04431956428686668
0.032846503102868824
0.30391236068297584
0.07829482924180611
0.09612868173792065
1.3289871241315603
0.6464614353986519
0.3805137784360516
0.46752962987527835
0.058437724315502676
0.37272013721657066
0.8949506468382528
0.01466439565441074
0.23997445266665735
1.5242180002785133
1.9969109801890617
0.6280477758288616
0.504370110781869
0.6415133545728178
0.8152579544276534
0.42642559348810144
0.5879001246201078
0.9621700412293969
1.7161756844660456
0.2227817436118194
0.07262487989338229
0.18302796182314998
0.3168191338733884
0.43570082166478064
0.4902803421306512
0.30610034518648044
0.11224462882489894
0.12619517000819894
0.10635851476508155
0.2565997998777159
0.08815809532757327
0.15542896752244156
0.5505255397103564
0.7704171964333565
0.10344948641735954
0.47799903563998614
0.7095624783280995
0.5382824877890084
0.5097003907390937
0.7413996229110809
0.2881670777394243
0.13961968686230822
0.6468751765833368
0.3733753561920263
0.17106670242552274
0.7332594703460079
0.669899250770469
0.1576299800422607
0.1389493689992117
0.07709842438775863
0.09815031346834065
0.8944171812217426
0.32290207031884444
0.1666937618006711
0.8692266564165251
0.6407377540749172
0.6647078613444519
0.056731815995602224
0.2646528511097094
1.4708334299711439
2.2049431750677377
0.4270054924123883
0.2757892860860257
1.5422615723533462
0.19698160420439237
0.35435545872559443
0.49041263871310087
0.34638079430663454
0.7475556884379063
0.22037499774264074
0.39407422905634054
0.32273457529386523
4.140775638968325
1.187909830623113
1.1283211285916905
0.1739615732151086
0.25245291452053076
0.4905492935062025
0.7645296698620835
0.7153320068524814
0.14051294500393818
0.11394254031259461
0.013182819786002232
0.0906878230597957
0.3347109279437958
0.34432314026753424
0.3634656260683233
0.6990840270111884
0.30353916638793604
0.4145889468112532
0.2828855159039203
0.86643019055221
0.547785418846046
1.3101517685776012
1.0605778956612635
0.19361737987898112
1.364916702619994
0.9228191743638676
0.4333654393834797
0.24647528921129339
0.019386358563871303
0.02924806520073513
0.6067108916333522
1.4455488228846265
1.484161221409994
0.5823766248164516
0.04689796630154561
0.46438234892200825
0.6895337210992915
0.060026377852658595
2.658467313685511
0.6182265842145996
0.6818796822219302
1.2378292342484674
0.7397720671605437
0.6127186994538344
0.7130713452130772
0.14329579590642183
0.06965151647730586
0.038932048503677
1.2411061017552196
0.264072775502789
0.559658598634296
0.6529284997946214
0.7529014744665908
0.3224330096423479
0.7299697973591609
0.11986741499907476
0.41206498137255504
0.1442603561115954
1.0171017557852242
0.10915201552922654
0.12351379437046285
0.5401780062725271
0.3836387113630186
0.7590027797926544
2.340155056034787
1.1883302469153707
0.046884923434813104
0.14439856223026268
0.2899587085550891
0.4499876912262776
0.048464082743588655
0.1974295869199756
0.8689699702565097
0.082266975091766
0.23875872922783917
0.16270664128840054
0.3231343900546368
0.33421057404023463
1.4835429087273482
0.16829412918633638
0.11448733735311473
1.574887751544203
0.05034777761371624
0.09799251639731842
1.157853291937219
0.06030242140385335
0.020207722803637532
0.7860937366823456
0.12241990546731052
0.2615311776253838
1.153636084793261
0.106771431731077
0.04400038571352018
0.8397622014560983
0.10973385802562567
0.07461503236524286
0.050273761345384076
0.29184200248004927
0.23350550988189556
0.6525282469526053
0.16220691975996873
0.057031059959523296
0.11491571413484662
0.034049801733168704
0.057928154110942265
0.24156265627493015
0.23617117763767909
0.0825408162237767
0.14313287711257705
0.5716504671695875
0.5447260768182118
1.0393401369440745
0.7776867453163213
0.060956927504868974
1.0515976304559582
0.1555010629740894
0.02054169610362319
0.9970159210341721
0.4106218883460585
0.06666437862889618
0.6418167866618716
1.3235742455985537
0.7018343672677072
0.6121464847786866
0.4521541864356565
0.9965024253833512
1.0976977793945586
0.15330636013708776
0.22295661197535913
0.3660591397100957
1.0779846080442264
0.013935768616524711
0.3979617452718536
0.2312305418497059
0.16302828456392487
0.7507622095566424
0.5709327814315966
0.0631968107860328
1.1294315354993618
0.3002853562095602
0.07735480412638818
0.10130998331514034
0.0384991919828341
0.013292015060838734
0.10500032667947903
0.06869482531569694
0.09879883909145458
0.8830475992168298
0.035747970975001785
0.1626142478390135
0.4771746750522566
0.19087088768448995
0.6006440807652151
2.573356647656188
0.5948197517788563
0.11449156328820949
1.1847410807221146
0.12288879044433342
0.619570443582179
0.9775139533923057
0.10723271918634035
0.14114209149127604
0.5696020722598242
0.492094178969232
0.21528354609484407
1.3716624555458974
0.08736575400171925
0.22008775476854917
0.5470114070994048
0.9663162440297554
0.5858028337600708
0.3722118342112718
1.0066701794631414
0.28504990350731185
0.2201468146238355
0.22567857166196822
0.1694059110313844
0.36432806837568976
0.48591820182795137
0.36445820814417834
0.3135735444573748
0.018612652133914675
0.2974890281182826
0.20590085206830028
0.058025591451944525
0.07073539931175969
1.1954918313192546
0.1155676542542805
0.047842048059863716
0.8756956349886668
0.48555789443224057
0.6515610061908799
1.7792864924755591
0.8125883977142365
0.21818269228198695
0.5583145980043883
0.5872223899245568
0.4913428043868173
0.4641393854708708
0.13608798549283227
1.1481298450862325
0.3392005905018258
0.12466614745610365
0.7992303746772302
0.49821519446304185
0.2907901350815385
0.11778472983688837
1.0071059848973398
0.7314389140060961
1.1801339641344255
0.2684509116713068
0.01853871854689357
0.003353383328560788
1.082475060507787
0.9477898425108674
0.06549733195978273
0.7819897407442307
0.49268223512634524
0.4473989769699561
0.3326548704667379
0.29887816940662104
0.03750089354027893
0.5007063880871194
0.4567481991146482
0.11025382718655033
0.6228228814211149
0.6504017330180991
0.9057852417281975
0.6407795186591194
0.020456207832909797
0.08064377857511841
0.5046931716353558
0.512278750106819
0.018250327972415905
0.08690488712483373
0.4154908060545443
0.42260330478916364
0.8335899272842491
0.06430481446378532
0.12079636531540086
0.4114033864441149
0.0235415525949885
0.4140735494059503
0.773058267198433
0.05112328419708922
0.04153330602512492
0.01977326088892025
1.1183376878936622
0.018099789126837795
4.357133177392181
0.4328384271969918
0.19113965124576338
0.03044130184506573
0.016677814781699985
0.0982544688237203
0.11454140690427016
0.21443847125908655
0.13300690269048127
0.1658132337635128
0.2357768132990496
0.5564840646715088
0.4022224993283802
0.5023783436736976
0.9874445690254162
0.48604895358153605
0.11382472263442014
0.2609616442287932
0.19130406264052718
0.2014846280571433
0.05209672912775703
0.9652285638080899
0.1759471546762681
0.6972373064852718
1.2698007390415655
0.16544532093701572
0.41609300878507777
0.9916489944315054
1.343715264939548
0.036297427734879865
0.2730789690050167
1.066464567445257
0.47773824138684934
0.8101923842967753
0.26939837746668893
0.753272133879264
0.5499661146413383
0.2071480278960945
0.5860897000534547
0.9064144196708909
0.8062730713415208
0.5708420970568086
1.6152237377998386
0.1616233064355964
0.10329407198652889
0.8245320405052204
0.3380978609185725
1.0091991671403513
0.13172659642672274
0.29325268174921804
0.12297519000510218
1.4056116914204688
0.138978254396466
0.22844382321922907
1.314514048999012
1.4844186856033759
0.12447738167569039
0.27117681087412915
0.04668271235781891
0.11966321987511579
1.6841540567087967
0.21409987418823806
0.3637357561669593
1.3935686008245634
0.5434323047696472
0.06886307604624668
2.3987264741940177
0.9151153438973424
0.34299333730637976
0.4768475102551909
0.05280345682689441
0.075007058995693
0.3557789953864664
0.7889853197754371
0.015605856303721773
0.571286432675065
0.0263895312602543
0.14477507972470718
0.2742344733961321
0.11016081983749137
0.02843257066724973
0.781226007525077
0.23090296406221467
0.5609817054603924
0.19887073476305067
0.24960950252025138
0.04468346198117381
0.42455559085718375
0.3825882706874968
0.19188799336821663
0.3144763018947499
0.12754728603670326
0.022977908071066006
0.21318025166287374
0.17952323102431691
0.2695376547779593
0.7541235423570765
0.7113899212252246
0.07671757500610031
0.4029030073538238
0.05923053782966013
0.6054362467862175
0.5527646727320759
0.12568833266371812
0.37869209492677386
1.0572386304965915
0.05879174274701333
1.1617489891142694
0.5241679828590098
0.04972947424258517
0.006643453498622615
0.7071027589034461
0.06075540261646656
0.012634736269149604
1.1332955714541015
0.8699662871314833
0.3692076463595765
0.5204247613900339
0.16702228379918924
0.5175690091883993
0.5548781894778868
0.25216051132320877
0.12678046588612507
0.35760081988101755
0.07370305127471045
0.07957157963430585
0.41341615501686757
1.0519783448512325
0.43140470972250855
0.3944839220037781
0.19272782662325516
0.12342557165980991
1.3249883613769964
0.17130844637615744
0.5379899057400573
0.13786707767992637
0.30896043188337674
0.16704003404042336
0.1470141739524662
0.012971018868941765
0.012720340013245608
0.47656505198398147
0.19466635684117142
0.1735909667425756
0.0540031343090954
0.5415399717568274
0.07812123025540316
0.147477102422583
0.09406583559645759
0.06563506590414066
1.885275259770785
0.3709614170399545
0.2266788286244887
0.5745873448732761
0.20578837393161867
0.2618506972248907
0.368194244344049
0.3247427453392228
0.49521023476015513
0.8484108441860301
0.24730784863295519
0.4288308843681858
0.4849931454264352
0.3171654348625301
0.28582064880308555
1.0553274743503702
0.10953789901734015
0.327557113908583
0.5611663832546023
0.4972632932864424
0.5131125969935258
0.699101693534745
0.480935902341854
0.20090193392595554
0.7759919127248689
0.5441634970726084
0.4893055658299427
0.39012346042712776
0.4027931517833381
0.11247355210740088
0.5645055191348178
0.07404336175811513
0.1853028775458825
0.5177546063980052
0.06575340711068525
0.9919593762113589
0.2824197868846281
0.19885547302053358
0.19492802245773536
0.3499114108012592
0.14494356633250022
0.07187169679893086
0.24248619878411098
0.9562713702598734
1.16108854295178
0.3190263869034337
0.5322892932331393
0.12316097033082506
1.0109330126482663
0.27160913919614343
0.45570878379812724
0.29756123871961315
0.14719276109536023
0.11727695443292045
1.9026306761046214
0.6429394775236291
0.41900173277206465
0.14650386912712737
0.2394503808777435
0.19898611673636146
0.5649181492014199
0.24502272381878445
0.0713565112701391
0.5592923746905956
0.5152230233390122
0.2224670307465171
0.5134459183728145
0.20039574853193706
0.35870031204314545
0.09287079169498719
0.03564560185891154
0.005820527336131927
0.5718099325371657
0.030639399670233176
0.08708156927564865
1.2630157952334937
0.6929494544140832
1.9425114583178678
1.4077837101825414
0.12550152769579717
0.14073747788666066
0.2351972576346341
0.15338911164582789
0.02098908116816773
0.8311719604109957
0.060014267452058186
0.16936124149111803
0.44094648395017766
0.6189712109108232
0.04007981212465899
0.029309196593420437
0.5712264945482063
1.6551015887518024
0.31766743336206277
0.49110182508283107
0.4606515143551823
4.6129205559286754
0.9427248525776469
1.964749177847356
0.13247666079456957
0.1637405606941238
0.6225069291574001
0.9084902966510988
0.500548667031386
0.9090814289886244
0.3058862325912956
0.25882709504300383
0.07862129271669009
1.0610423041856534
0.41873745299630644
0.260395811680079
0.4276052852269922
0.49089646260819014
0.9656556305081434
0.4716779829497827
0.02474065722967758
0.025348403717772843
0.2689432016787414
0.19678850378494914
0.1373561950517325
0.7529445366609083
0.08757028975280036
0.22763149768979418
0.26330641528085935
0.10536584034508367
0.3218612524858685
0.6027319183632333
0.12659516808427415
0.759647950210573
0.29620187515393986
1.0232687480511675
0.27393086460164007
0.7970213966470553
0.48138670930937494
0.35574123768149213
0.29882985554502933
0.2565074152137183
0.18053415048831406
0.9691774345925953
0.7798266652437386
0.21899846835003361
0.6295250866330686
0.237766991995529
0.3034971063406202
0.3303303508377422
0.12018316784504342
0.17710127935872186
0.8493412595987037
0.3136277593158514
0.2355326573907115
0.6475482019109468
0.10037425500151324
0.12621363123119936
0.642489828751359
0.2212343033671845
0.37328043109342973
0.4312975443698985
0.8514403009226413
0.9407317624268438
0.1556300560102138
0.21049670746519966
0.22169772488345782
0.1937983835774193
0.07807468827673936
0.21739245715113187
0.019079518751036743
0.22983984069466004
0.2442239892278583
2.1489428295120256
0.17035540543091077
0.37285000300920945
0.8126127064363733
0.6445375496602133
0.18165070435785585
1.727015020002875
1.5765551406647205
0.3767729340217832
0.3042001200131528
0.27846942426694704
0.05877753786171487
2.3660687485962484
0.174810279410916
0.28437719952023743
0.6663978375666074
0.1323463531987675
0.19841881099914227
0.5148284423946257
0.11350436514342654
0.04333076873926535
0.5819941461139612
1.4732464079768124
1.138768576833709
0.5226704464163455
0.29871848112030325
0.1635196981970611
0.29820410996082436
0.37834695667323126
0.1661583126635725
0.2073713919935817
0.283416973638897
0.802705355857639
0.23167049432331754
0.09025745395615338
1.0829658753772864
0.17683998755369426
0.38749732803791587
0.540259195874327
0.7697229228131681
0.24935968068537584
0.20011516790908757
0.3429303564241428
0.35348778524687446
0.6026182777663177
0.8601056501690794
0.02740540029682452
0.39298197259475637
0.179066736721946
0.469731520537992
0.9949804353880852
0.08190091760416916
0.633390963994675
0.08434845513604687
1.872903214676901
0.09564301858568056
0.5871255303349754
1.3222721953295873
0.3064957320285482
0.05822593050865473
0.3811518325513923
0.37140669548294214
0.7800826727596962
1.9572757076357485
0.18372305438561204
0.1772715834176443
0.7022076138467791
0.755062732883997
0.1361895708661991
0.1435418382391924
0.08341129939227755
0.8438353410953848
0.2953174549950907
0.5531617615025154
0.013499296352052447
1.4919884504342749
0.150213627422503
1.7408635782464859
0.7241552301816635
0.07810997294860073
0.14023218299535653
2.1339200912690335
0.5527710104712347
0.7558653219520655
0.7251698383712873
0.7949293169825751
0.22857132442011105
0.16480516725850827
1.3695129190872068
0.2800921170760299
0.9550856350576306
0.43391966143748745
0.29325383026479523
0.39196702925595256
0.035521612559391784
0.94257736011059
0.5345576394173441
0.2166655939263729
0.04940975471223596
0.2352614911120766
0.35522355153597307
0.34489552530484435
0.3263998331229541
0.6163443994988171
0.209871837208384
1.0522196339294652
0.38650509758922447
1.0327512449720357
0.7040995163569889
0.8391319484324656
0.3280362420945646
0.9365371081288566
0.06545085290044209
0.5387060032930502
0.6290226764472567
0.61635164096773
0.408663289094991
0.12910539709758748
0.09913894956100852
0.19608132921396332
1.5364327933654873
0.33915289407017174
0.07782116540194371
1.0089987997566148
0.21654275414445126
0.22762815879270654
1.048224159417576
0.178843443406681
0.05004233313132242
1.0814358533148885
0.21717894449210914
0.13201858745883968
0.514462078339628
0.9649189327414474
1.6054949424416938
0.49996712197301363
0.8490074775502401
0.03201778759598257
0.14139537782320408
0.2676524259712857
1.3383127514680322
0.9886530707590302
1.168243500987177
0.3293860056141074
0.4687562695207462
0.12436894475387034
0.08529032325981852
0.5845351613246683
0.15987749751363514
0.20311142822268022
0.7213777633424486
0.14474352007141916
0.03824386052426792
0.5508601692943611
0.18929492419783148
0.19133230836161855
0.3313946034664827
0.21025479288772422
0.16100711545201893
0.12412173836476215
0.2967581324690919
1.1640126416323973
0.542579906064924
0.3561284743049336
0.1937698158018416
0.13159353482182287
0.10662314981404422
0.12048393312927917
0.5799056493445535
0.1905637833222654
0.04702019070530407
1.995351835672012
1.5496035574389246
0.2616052878347545
1.3183387540847202
0.3155238593464272
0.06012503540279427
0.08767432660270917
0.018412773508279356
0.11141030301032726
0.2717167642281636
0.5850081445705045
0.08841072868399745
0.8405414576103605
0.503974927907081
0.6057759987636191
1.6750193626426746
0.0788254551645862
0.13587576600605303
0.1582440338412301
1.994910619204736
0.27308199187277404
0.49138415263158264
0.4476853462531341
0.08102189865502951
1.4456871262324071
0.06001620299611907
1.0397174312513513
1.2296833399302864
0.02240607257585915
0.050609524462321615
0.35821860517567744
0.03525992134697235
0.30320514379161856
0.06178371534706707
0.2601123177480621
0.006220761921071449
0.7663139520989056
0.09266503859509508
0.4074094239341713
0.23735412832170424
0.24442521258876787
0.37852501977066233
0.5699536011985914
0.6622581240139904
0.30234354075775294
0.7446883703500812
0.3518240831776233
0.41709788724669106
0.9456860076945044
0.5465698829931523
0.15473280479016244
2.7319251949713714
0.33189320812013534
0.9492927629187432
0.8564771185337727
0.08094280588350941
0.20271527429527636
0.6365670876968444
0.2146666295155532
0.17209270590876968
0.8397575198239068
1.0431786110330588
0.3702213336410636
0.06316732951414306
0.08878431936698537
0.1590105490051386
0.09918645228561072
0.6924096030086523
0.9774335963209074
0.12342815929216354
0.6635682930415616
0.3414599464702483
0.76630599935688
0.40590578305584113
0.07051426578346957
0.8777289672054241
0.2657833643979199
0.937207034127911
0.3918867354497721
0.25385630468392223
0.21417922696751485
0.37249137842340857
0.379780728086081
0.5552637135195716
1.4066746812911881
1.4537017169704458
0.4002211208635639
1.0143175018048982
0.34837745864419895
0.13615334187643213
2.504258378267757
0.17820190675068662
0.15462375252890082
0.06735511884588405
0.30619214346657936
0.39271293449927985
0.1690709217165139
0.2249436219120355
0.03723807881422994
0.7605272144495685
0.15311424519453354
0.060180085241953805
1.6444952591834179
0.40807593170530493
0.37832992411321387
0.6667986585565304
0.09529478005922398
0.09112063923979866
0.9775984549959271
0.08648175572349577
0.33676187534208457
0.739221466888851
0.1448318351220758
0.08126352411403134
0.3112022514543172
0.42449867295572696
0.4648298464298202
0.4987326120110246
0.7665651858423669
0.5728036595247993
0.9775897818666734
0.08812162222371842
0.10023030055769384
2.168466452046499
0.40857766168619103
0.3032835353398961
1.0537440375156777
0.3134390304286031
1.1142595510239124
0.782823824912413
0.9377444662073013
1.2595371482067053
0.14703008101246562
0.1136480984258836
0.05027506871790752
0.8940691490017787
0.13227540473745003
0.195777837304219
0.07880959538046994
0.3371653105583066
0.2919417640948933
0.34511203182076133
0.2149705950306976
0.8943702785582257
0.15624289528938842
0.41814524472690123
0.2681007404008765
0.3059775469533432
0.0719578846465678
0.032028259349352384
0.2549774536127869
0.017813805604797107
0.5080496951599528
0.557298188829297
0.5523686815491501
0.8462591694880857
1.2361367697584231
0.33000206338264276
0.0034688072226614136
1.7657673027804013
0.262601720219623
1.8565536865525007
0.15362022074258788
1.3344587391940492
0.27294820915979756
0.7248380753733185
0.4044657016342227
1.12696733994717
0.014404520937167428
1.4488860591754633
0.07075949384588574
0.6729930084187209
0.8533356800763087
0.5639688137510429
0.6726043322294962
0.7971516143583649
0.7741217635934985
0.3943708507346294
0.9808945910593991
0.11742947846127527
1.217443205369658
0.2521940594359654
1.809485885840446
0.39291730087333654
0.024295653083469964
0.7802549630072975
0.5490577323161693
0.3513838334751635
0.18308055558711026
0.5320513374087826
1.5170726277971815
0.2620848991070684
1.1345338194445433
0.3139679091647996
0.23856594205926032
0.5246262819164401
0.11698194697607137
0.6566128209489104
0.3098180229340456
0.06280904792852492
0.14696517973160395
0.9633822660304477
0.539713117740188
0.263823137167115
0.3737354718518083
0.03582146121817396
0.1349303176702084
0.21193154870364536
0.7712348583704683
1.360748608103055
0.5698493538141749
0.3629567247350216
0.21350279824121787
0.8164236532234691
0.31210185404536417
0.004393181035299864
0.40927202123735085
0.12915415901482188
0.23030013847021674
0.9954048051954877
0.5798662026045119
0.36919556898329225
1.3101591655462563
0.7689243269040448
0.5055467817060454
0.21834979058445952
0.09302554160559365
0.050577317936625614
3.688652296845283
0.5604956055466485
0.2566119502583362
0.19699333010165504
1.240998311083664
0.9526216349033473
0.9969581663963389
0.018540655768001808
0.07019752793498012
0.6866124466402272
0.24138291021954672
0.47604597513871566
0.23179310749483856
0.04473921213270023
0.5231374784362
0.615790208427117
0.13557985638057857
0.5799140376725133
0.2045070513746013
0.07210941758681427
0.9626350173410223
2.8266676043129397
0.24690074542719576
0.2501187371831929
0.27692288938684534
0.4973261663872326
0.15729307452575622
1.3928271498291005
0.2853368336037602
1.864434153619958
0.43418269204533666
0.24741021694790818
1.7891160491919063
0.6445056561994961
0.20513468360113885
0.3238778848031389
2.787463909169521
0.17964168484017923
0.46579598622368157
1.6176938671748788
0.113769265784873
0.08742328471574715
0.2483930481148962
0.08309583459247194
0.11037470053232236
1.7715054739554859
0.053108399059543225
0.16026232645146107
1.2779343722986747
0.6620194943150985
0.11439274325019225
0.2045825456093217
0.28465622656803147
0.2023113808405966
1.9718489021855465
0.1974189187586163
0.24063986837121348
1.228557375572924
0.25977239257653884
0.06189697135609545
1.5102912449060963
0.6199863803505536
0.12745308670964037
0.05377340040863473
0.054897373069735904
0.0940449203269153
0.3349675556770246
0.22014877340479866
1.4145433875279898
0.1923964791682928
0.12953707567751624
0.12784120347634773
0.29991026586011954
0.07400672750419955
0.1308621321467471
0.9807257427380808
0.30751867690451445
0.20765161365076187
1.1260132413782928
0.1684484455737455
0.4553666401965107
0.5748702234488943
0.09731196752946668
0.05454332703942468
1.0396560134554806
0.7304115717750146
2.3017610890061593
0.23009500894975016
0.479628306259503
1.0567968236784695
1.6843152633041913
0.15054791256817682
0.0451783390271747
1.1455946636269265
0.42561719743773574
0.1188487009889049
0.9548142951931933
0.026583093532485034
0.32153516748979255
0.4925258444989481
0.06497616239341697
0.19067037914703452
0.16804789474995313
0.5518170893641703
0.9916178208660198
0.32189622907341253
0.05096700363406121
0.36805164850686295
1.3968499151035227
0.35215287231925163
1.3376900547763222
0.019970337405000996
0.44437063542151667
0.5122372865160979
0.572919415495201
0.35277772377346334
0.6153700832972149
0.05291127059939677
0.843365348853187
0.5265954101358014
2.1844564385302694
0.6370272707326301
0.2272470836469417
0.4347908094841747
0.15563627957414344
0.08600416647764088
0.04818652985536607
0.6749137214985007
0.1955989250867492
0.3489650015676486
0.7636976567144478
0.5800756248380693
0.44545056693912227
0.1668137438325624
0.40350942620996266
1.8268914833513417
0.8903376675523877
0.23846922158824804
1.2275095055676801
1.0063505980889755
0.39677550340483825
0.19032870408955047
0.11679209567087162
0.46771862264657826
0.6771170460052659
0.01856062466241115
0.36023536218999375
0.46033236322070953
0.4639513385213079
0.010574190941532016
0.3300514575150484
0.0011721159347461373
0.30753504202883153
1.2824180578227573
0.44786801775370594
0.3336821436732542
2.1176090253719044
0.49528463020970726
0.5415929040345198
1.538043518266467
0.7898429451340101
0.2824772962602266
0.12470247646275107
0.20417619294751063
0.10049659434842456
0.9273234871849688
0.20594885194899817
0.19889849094488254
0.6929303329868678
0.8718869254475328
0.07140416845243064
0.11939039677568823
0.14208744853657898
0.1791978634438229
0.6422883385560957
0.29972299957479837
0.48225795504425606
1.290644062709224
0.29627573633782894
0.04167930837184389
0.1112235927337998
0.8887535397459956
0.23971347748124142
0.8325178465725719
0.760794112470234
0.5809373400390078
0.7359631123914799
0.5213025142702967
0.280284130237584
1.3673580720490337
0.5452886081939784
0.42150295887039957
0.8047758031139252
0.08137426592615213
0.3794127763392719
0.6573218289233784
0.9596162907604275
0.032596432973146586
0.6247475776389625
0.1563108551482738
0.042461049800459255
0.05067665951634057
0.4095318428243825
0.07026297455071844
0.5975121916777849
0.032627798388103375
0.04851834174107768
0.7375572060193818
0.4568914091900148
0.05002612912946183
0.14857138999828617
0.12007057794395185
0.783232187684411
0.29587548619265747
0.2689165718779861
0.32189137825635844
0.43430289809301337
0.2195973769947246
0.6479976692944261
0.23638939127441363
0.04167151717736821
0.6019509103870679
0.41697598577098377
1.252314882526035
0.8112810184083
1.531648149506948
0.04995167422900526
0.08045912136950825
0.14853507579540093
0.04036008451444363
0.029173292360215076
0.0740297304427382
0.004105863480278448
0.10504548768028263
0.43632633024242645
0.17571976740765824
0.33086195426005327
0.8785656886709577
0.06166640264144744
0.09976043767283899
0.2728446451491104
0.10709470410326741
0.4240384046923752
0.7690425606381156
0.379964173279632
0.9113884929757436
0.284191250371939
0.4914697725341771
0.05709248125698076
0.3352669711133139
0.5851109421897616
0.053866014634290374
0.7223778631594977
0.04791204524191238
0.054468452513740336
0.1180663983670255
0.20216982555800872
0.8838148155718307
0.08904270253335185
0.09050710425914865
0.24662984546437222
1.0708748315014065
0.3260805026470074
0.5042365203098687
0.2465160698876496
0.09078093636631177
0.007369121530309411
2.1469567866289636
0.43900106727474736
0.5787529824946555
0.7028352987571788
0.16675507529972586
0.23225422342964594
2.0881249271265006
0.03554065138799294
0.7376574132690807
0.9928337589375705
0.09704802682580445
0.22740981796033213
0.41547872249569334
0.2531952398987863
0.14212451795095465
1.7146589194929136
0.15081842750996954
0.15941016846314804
0.38053456915763156
0.10669761875599745
0.4007531949984266
0.019818213003143466
0.30384576277209263
0.4008858124940178
0.09418607831776289
0.6980445287581561
1.397266357222245
0.4878711458410917
0.3656246705496432
0.14370850324116266
0.22011469108968965
0.7375875777130797
0.39989549227385013
0.3743455563019648
0.2972090647302931
0.21517215971816173
0.5059645093082811
1.0876956507163584
0.5876085895140343
1.1253801726350883
0.3757326232354878
0.23938446262195698
0.3541136334213852
0.0038587241565103615
0.2601989307954148
1.122700831105459
0.06419656518240577
0.636404234532619
0.4405574650659866
0.09215997590654738
0.046865860159719865
0.6034903536202665
0.006724195427186863
0.19802726447645178
0.3235631633922341
1.1085857366230993
0.8936214862668244
0.7247493647887298
0.08292064318722267
0.2968681451047548
0.1482912528890966
1.0494759404709006
0.5517549669299671
1.5549449399753896
0.44988726357639613
0.10182390852651084
1.1957382924387274
0.2722604940037502
0.4527274430207456
2.2990853029621996
0.23465432140223877
0.17921928356920408
1.2945447555791008
0.03395788774289719
0.1439164075595505
1.3365330897017027
0.2631684563915118
0.11511050017793965
1.5992771110678183
0.0989971359138227
0.3684318730188027
0.262601983999817
0.7647326089926034
0.04505998639522182
0.10791700055699827
0.13605745310811954
0.08252683715300069
0.793210157924014
0.16693621032120057
0.2906980296709889
0.799456476126723
0.03918885395522011
0.21149630515071532
0.28761019732021015
0.2806225692389293
0.41336253739499795
0.8276414144730513
0.13462234444643065
0.23391811377940122
1.7812319036843283
1.1072548840162724
0.5362318343331057
0.7108070658386014
0.34924497222799733
0.385852320078117
1.4100661871523266
0.14939942824891714
0.21985981313751812
0.4560314642031909
0.0480949511361096
0.19904463634777836
0.024568086855038963
0.5714921974776861
0.4464306660297872
1.3457616006035902
0.18133867276441776
0.07885277977358927
0.2121533714957024
1.0684862824808268
0.5748562903187727
0.3745121583726552
0.7065715599024762
0.8623195868213799
0.5028188792261915
0.5085442216190902
0.29445194148365395
1.8957892841886805
0.6364425411603801
0.11513025376858038
0.7746169225593234
0.1018316955462884
0.19003117142757142
1.1322741740142859
0.26599992991777777
0.6819136502143746
0.45119276987181584
0.10400927331272311
0.696801417844175
1.5170527456032024
0.17633005422079082
0.15787599015017187
2.6502532585930485
0.31648738500692375
0.807225490830932
0.5678110068999144
0.5575772642395239
0.33651741082214226
1.3709259075766562
0.8416119425947752
0.17586664770698257
0.40379601784970603
0.258994451719021
1.2535982567488868
1.9237665476652317
0.29324869211509613
1.0282476157969902
1.6382205714683542
0.2047144737533773
0.17089405462080223
1.7580645508388926
0.6790162564693301
0.14846230790718734
0.2531689904620421
0.1463804100456845
0.6380398735843578
0.7440040037648843
0.364545959865469
0.8713763856362923
1.1173655814984242
0.03416096239813827
0.32349449452858275
0.7593405167950262
0.09800835959959994
0.33625354489590603
1.1668958544573649
0.03870402477414358
0.5505767725906325
0.2932881721817749
0.048007807445561705
0.6666110772106171
0.34303522865408503
0.07601234713380253
0.10868078463531011
0.24735904976722864
0.20228504055686428
0.17682371195888946
1.5744426490527257
0.6971489272373893
0.10948315243202554
2.504415353166556
0.14934319549492908
0.16617212327909342
0.3507263764218391
0.7037028718698756
0.01504315503665356
0.49297927863971314
0.8078696045033367
1.009752342510622
0.5660494538358971
0.2904752000161558
0.29765065053774953
0.6818264027122114
0.053400983326404305
0.05038379515829616
0.6606355970651324
0.29724662767964044
0.2359476561292024
0.08427575099382648
0.060683842005365925
0.06847569073224605
0.4660183182787802
0.022224631770157818
0.34029325364421303
1.5298826579917904
0.4919475367720713
0.18479638769568216
0.382528807150185
0.287181514401862
0.13555600430276432
0.4238123765145864
0.05449642380557986
0.03902804518372426
0.8069960330589445
0.17313316056514264
0.1828825310823517
0.2199789346940794
0.12429329763224219
0.12692440325508172
1.3988293043256372
0.7238679320379342
0.19077595762293825
0.2483148470416186
0.09019661655217223
0.38441234968481985
0.3772144148148953
0.04746466420256193
0.3302927777378147
0.23777072588488327
0.36366833916818453
0.2728684829495073
0.4057986183955681
0.3685863351382124
0.2195628238374693
0.38382111872721636
0.050161088406425094
0.15077059886499047
0.34288375057251197
0.27470652211345925
0.6347060964968588
0.311153761493903
0.4393802533758451
0.28125302143379094
1.679534216919675
0.6090235524295213
0.9409847585107952
1.1045716678527475
0.4195240744652809
1.9329366311404526
0.2064197301443188
0.26566117128461847
0.3474416995388942
0.03515751586361855
0.23670638115920722
0.26312463660861135
0.7155484409716674
0.34994213905342486
0.07731579418186697
0.2312771990518252
0.1804000328720774
0.17483049635776507
0.3897592550061861
0.40403754038994655
0.26339632898764936
1.5308125920604825
0.33120885919505844
0.5257116193329797
1.7555939992449885
0.10749079813176167
0.3761780814992494
0.6565575232310447
0.7799206886909728
0.043045354580063165
0.3076058895598078
0.13912959987159695
0.30631978003347105
1.7632644518314355
0.4280176785802649
0.3744848208444272
0.6078459446500066
0.10903852006622633
0.13241177695148407
1.3729969059574683
0.19694699530950632
0.08032451481332925
4.598595421691077
0.151405398858767
0.29295262928122656
0.2359217106999982
0.33346779934505627
0.4638458178450472
0.45605396120636693
0.2079873656823512
0.09741300323199321
0.17608950047127933
0.15852526987799195
0.06159174380907148
0.979419699060084
0.5900757091021941
0.7269563081649141
1.2929298998999665
0.6697983483773063
0.06792363060604019
0.40582997251109737
0.04891056144206758
0.033967974813551245
0.7577256695864585
0.07245156391225747
0.011640694342219933
0.6200340902540088
0.5769879386883754
0.1570170642612432
1.1248235326688876
0.14481409954297952
0.6744049068101242
0.18056927718814172
0.3459263207352697
0.10889486937133026
0.15546991313609276
0.02036146379042977
0.45220598511073773
0.9916425688866849
0.5464844081434003
0.19121779208089937
0.2829769327076944
0.13780079585773247
0.3999635281817086
0.17428117858425765
0.37167454899252844
0.0835233052058869
0.42391477743118516
0.27895556023320367
0.1504249204374723
0.4182393446120523
0.4800058594328185
0.7353152742224351
1.8879615270799588
0.25956510728124865
0.03931726384984298
0.7357602417014684
0.5558304747485796
0.9904092678778784
0.39710809169685873
0.5198809044162281
0.41676089546291584
1.392502244166248
0.13582699525272113
0.1585264991054721
0.33452228056564215
0.024158865886999517
0.7009624158687471
0.4127640457560254
0.5866030308372554
0.5131482392062598
0.8178320313325347
0.05316857705996587
0.03550137353112571
0.6341459012061411
0.13037033247451735
0.33647185044472167
0.127982564294945
0.2819057726973518
0.2985884813734765
0.7791208566334743
0.02315661199641969
0.389299959665264
1.2483724765497033
0.6021687823807846
0.8291968660669625
1.3883939404018484
0.15034574931129807
0.06797494848419643
0.4301744112766326
0.030043007215461846
1.3821784576835519
0.3757695079372527
0.30721002192523034
0.3630104907666622
0.3710663972938833
0.18045983157540735
0.14956781397391117
2.069859976568769
0.5882466692213888
0.4563817506015362
1.4414900501269898
0.10244639236226408
0.1465585556615263
0.7979335098315614
1.6660305671464064
0.7932211054743906
0.3032000009344049
0.8401261128149337
1.1117004569860092
0.19290658163366473
0.2131307700167211
0.15629105696808018
0.07811358253365697
0.12937672961696264
0.05258905696738635
1.1662348045121709
0.5636448621441001
0.06011175029680432
0.6158908102073137
0.10113882080866603
0.15006137390908636
1.4410037447703865
0.20476128618705855
0.5627920410483107
0.16808520964044718
0.01261379152366927
0.11737481781930544
0.5551810904099082
0.08971050103149773
0.6287599405449297
1.6873525753928458
0.23512028513758487
0.6535230447137603
0.8667428220469101
0.4773596106673355
0.052516870284396916
0.1432499564676654
0.08454972348928273
0.25488974354236965
0.4111420550649612
0.6079656770554807
0.8126262001143332
1.2806588239956287
0.5259857792571695
0.8206349260395969
0.07424953173669208
0.29685248246818674
1.0294551068060815
0.6533486557395893
0.3241153808265156
0.20289077964015884
0.6873870131166985
0.393897235572765
1.4261835512890075
0.4721155521114034
0.6036811793125045
0.17267270241465235
0.6012976464475588
1.1167163601411392
0.49551240276653447
0.20642632941292433
0.13842011035137264
0.20992308705976578
0.4164416671058964
0.37582868195309677
0.806051309535197
2.2634717463937464
0.5617357609093204
0.27557738713324675
0.6612045205762845
0.11235932807545604
0.2811959039825689
0.991446992215393
2.112096963248275
0.03631052036923688
0.5218313613859993
0.7443296227618182
0.190230714598393
0.35716874029387913
0.08065659764077827
0.0304891180396804
0.20786027302737237
0.20137324103413926
0.5907464318025771
0.7060080478549894
0.29961931177897144
0.10085554442662907
1.082582049567467
0.8266170731596001
1.1417345284927845
0.10304173849845187
1.3194411966597703
0.14170689443205056
0.19746603558636563
0.29694640552523727
0.07109266778098051
0.10936816098218531
0.909146048155459
0.7198609339071095
1.9696043863621935
0.23759382825817915
0.803571311485349
0.48986461761530553
0.17116524710072517
0.14089074542985897
0.11453048975043428
0.02518520725182469
0.4967347795254961
0.8375732716786829
0.1399416254069876
0.6226424152432787
0.34448203505569946
0.062174085634565654
0.03504164805942843
0.18358455667505458
0.2839468780835627
0.527563503495005
0.630203217438059
0.43699506193574533
0.4794400791663891
0.21951927985269573
0.09467956625409335
0.8240899448658466
0.20621484983300437
0.2776601145057868
0.26240652135692194
0.3313086248543698
0.03507583724597744
0.23597640698440578
0.20903302930335613
0.0009366270079196689
0.019698491450235237
0.12438486348640664
0.675382491510651
0.45602684053887466
0.27412080156480684
0.35877846699230537
0.3447714304622283
0.15910635858632924
0.19177385861239382
0.09158428283534095
1.2031208428107778
0.21078355666699927
0.3475464738664564
1.7854668938141678
0.18725001525258994
0.26719012229463257
1.7407543350883605
0.3862076144861044
0.5117059616710375
1.1687791072739124
0.052688093156426974
0.060742287480715675
0.9808671880858647
0.12423393673359014
0.11958049671072593
1.597674404278479
0.2170054611357582
0.034294674765718625
0.10928153757678953
0.1634913279905846
0.6782316256478943
0.28884423996899056
0.3503759729874383
0.05860960289359898
0.793213738861919
0.0024972685475425755
0.021555152861595466
0.6470988324179247
0.1283717804708517
0.4253835199614002
0.15242828967369657
0.28721284634338334
0.18012499323329112
0.22924780873791634
0.28799708759746057
0.2499132502556185
0.8601279984581394
