0.5508260171959973
0.7534216478927532
0.7911571157968935
0.6473175755974903
0.1438750972226416
0.0820766368183384
0.2844254577511616
0.8860888527950915
0.4681561603163334
1.2270970336876386
1.4407280295316462
0.5635925172979334
2.0946901123942587
1.104267915259332
0.2541757668856996
0.8036569871105741
0.42224507407809286
0.5161303967951502
0.40240555649017556
0.12849231167773298
0.2212893372935216
1.80279890139744
0.4783862089706257
0.3939212424000535
1.1614381832280076
1.3804958578658408
1.2888147570030557
0.05980841279966551
0.6771228356948998
1.0809222947935255
0.3242850167136659
0.11731647100464603
0.027451131910206313
2.3819696421902097
0.7555058929247755
0.978717192083163
0.8504579168097269
0.21940103622287085
0.0070882050999843725
0.47962617311646294
0.3246449096268081
0.37212299306164953
0.6907449455487333
0.4918312904673458
0.046399639983742025
0.40333852735679404
0.012220464093373112
0.3471092110251359
0.7325813847819401
0.6586670878689341
0.59379591669674
0.014350673407524746
0.14491772702828845
0.4044336659703706
0.46826709131894406
0.35806660425139475
0.2687910134801518
2.55854551016015
2.0012116869888588
0.05071700369867219
0.13265890397635025
0.1124751192083369
0.05301403700325495
0.6527434920150844
0.17871648918749142
0.19784614131556671
0.3960565055693654
0.873620475097404
0.4166297715006762
0.4597209653669532
0.9372036151350059
0.8159988745786705
0.4067907666608734
0.3402125632838327
0.5388786839760531
0.3458352430013644
0.5667407691502341
0.6531968548724584
0.22748984575054454
0.5049140983836496
0.3807738557744809
1.4256830443187378
0.305511894143146
0.3548710487113214
0.45333653013624364
0.5118579612441443
1.0418229714027918
0.7878657865993747
0.13615217323312348
0.10529952462982858
0.38954838900025107
1.0398014268063334
1.3404942180555166
2.399767343109055
0.45064893754029056
0.19400476821046983
1.2083486414875833
0.30005538484023414
0.1804040393584582
0.2332367519326412
1.2071221041207278
0.9717636585657937
1.0067149725952143
0.4835207695360299
0.19516212444016684
0.9268192402167209
0.5070220000002964
0.12450003902094851
0.5112810840934048
0.1762540412721674
0.1786140025705983
0.1875995458198257
0.18154596113330912
0.6590997854830986
1.0172400706004718
0.4355381994228794
0.7323554204906242
0.6434625234306361
0.7211098021038965
0.5098291042882425
1.3559391799923857
0.31059088115170025
1.0916995336764233
0.5926872886895463
0.6736023310944073
0.2631663226347506
0.614420261961795
1.5344831390228089
0.3083166531282613
0.36443593148296627
0.06950059504563516
0.010800867642830673
1.2554864113170774
0.3523712789075348
0.26929487297280147
1.6904823251336043
0.49178805677427695
0.2321649124251304
0.273253693825506
0.42273821238025966
0.4113690186200478
1.818021137241795
1.3778262059654873
0.3812342919531628
0.038304485041742546
0.6020928243613035
0.0220988946674425
1.4049686620734503
0.03540387354058118
0.5057547250783826
0.5455340742268774
0.42603898464099993
0.348470102798815
0.40456886436835454
1.246199699125041
0.26315476142043676
0.1841288979799154
0.29429301830929466
0.457551259552012
0.3320457192727364
0.5161773923967828
0.28776393869001
0.3614625129915165
0.19603799422612028
0.06759638741971968
0.030303538656484715
0.2013296732942855
0.18247996746851133
1.4864051579601596
0.1832220656879772
0.9662044778210003
0.16014748363052586
0.42558749496999254
0.16125673205086294
0.5643964603313718
1.0624020393101932
1.1199486695911476
1.3349266865642329
1.142815196356218
1.2178761484943783
0.2626579449365617
0.4912067547016196
0.6504250757232657
2.666798510058335
0.49800393166043305
0.34673485159917894
1.7053678170258435
0.011490017313917123
0.5008469739282648
0.9009202874422013
0.17157191554946494
0.1208982152937838
0.5241193795823814
0.602577134394457
0.1005308090410393
0.2351642616417654
0.03608496242293199
0.22643059687218947
0.22317567878203565
0.08965643557448057
0.024736653722977914
0.409995003746972
0.8459162340534216
0.5261024725968246
1.287457451088959
0.1365986350498373
0.1285917239717561
0.8124876089207974
0.1639037786097814
0.20784621571290146
1.2261056082415682
0.5957109927776572
0.3528765886883825
0.17322511371445357
0.4329821041565166
0.31374978898506367
0.7918499550472138
0.422406530271306
0.24690286445924153
2.000687033052725
0.4677021941878835
0.7974369321682858
0.9159548835222061
0.07555800474860813
0.9876025107104076
0.06649093191559537
0.08382614309254982
0.023135009283011085
0.2676983525678952
0.6172537916837322
0.2494379476156423
0.22038327121922624
0.39334346894810224
0.2891667211746818
1.5869872019880449
0.15238860650831376
0.7285915629396674
0.16701949684308015
0.2286333686492171
0.25214652653158653
0.18989410090836106
0.04528199104919323
0.26602530092037285
0.1775037563978672
0.056254211863662036
0.021265325216528273
0.8095714708880105
1.0314608448134555
0.1599282622214322
0.9340575246838034
0.037392881003863426
0.9225900316531453
1.9674153251456614
0.36220276293079945
1.3082782202923282
0.5541533164814383
0.11462650154145594
0.03318365786849162
0.6382843395351477
0.47057111956470327
0.43762780742304747
0.62787814931423
0.3271101518549461
0.2089966148660457
0.4297645416299038
0.45879427172819087
0.7197847916813956
0.9715712033580751
0.41808814634076685
0.8065301754736515
0.9590683861302323
0.11688752553421114
0.1803628792074526
0.3760793004164003
0.24121652143106126
0.5557320395709768
0.7879861826291182
0.6407982037864095
0.543962349622404
0.1780984937850616
0.6629856120324397
0.44331164917677185
0.3453781651236341
0.36010614345600955
0.10717618280236947
0.4624933349653179
0.22393108281109012
1.560280978415444
0.6114847240390122
0.26580215496172704
0.4511929199669818
1.3443025761235057
0.46574036568125304
0.04883085948975303
0.3506831233575318
0.20383928294999396
0.33935564608894975
1.7316795309475126
0.9413922276164959
0.2237489121478204
0.8523504502824121
0.34142584902426154
0.9029615674678833
1.7157023537090978
0.02642350044595636
0.02926821274276923
1.9715255873641302
0.2807512122741043
0.18286397714275562
0.23607693303908445
0.0746362786983549
0.18878308159529938
2.147034824002473
0.40034641630292656
1.1997951193860088
1.9223634593665053
0.9419315751053715
0.4086407526539399
0.5539267246415501
0.4162435374145602
0.15603022123279936
3.2789265982911755
0.45633853065256813
0.11363566974374543
1.2034655894717574
0.26065506324507887
0.13453361609492548
1.6642833609498846
0.25266068172044526
0.04846184348588864
0.4671850761938086
1.4970155968624503
1.2366703698210353
0.824778686111345
0.6884608551008283
1.7958409336009058
1.6892295063264346
0.1762612529921017
0.11126541188388624
2.706519179851531
0.04778057354852248
3.4155370775568143
1.6423214277102052
0.36623343134304487
0.4691344180989449
0.185667773497362
0.02926864206389409
0.09734041207234398
0.3103071478160096
0.3216238262591525
0.2915877664148673
0.05993698103944728
0.18399193210515938
0.1750806449631803
1.0474279180253707
0.3274770751039989
0.2912599294332148
0.4115211317806343
0.10550904410383365
0.053347722353896516
0.09961016874792052
1.3659369447099543
0.4094599340206093
0.3918827228313784
0.3408558080783922
0.354147872350537
0.4545574906901274
0.5761969805978301
0.13687940016736144
0.393340002869579
0.23502959202271617
0.9287397043675631
3.7046192057340357
0.3568123111540013
0.10539870912245325
0.2886326561371172
0.8503863038031042
0.3218157731145953
0.7272493097603169
0.5708114400065791
0.04624190139112176
0.5187324184630031
0.32556895682526765
0.4920438719521646
0.5739648808541338
0.1315009432911631
0.5998031253788383
0.13163211072889763
0.9013460772307098
0.32688928683892465
1.5179768780385843
0.4176559915923356
0.06087460812186823
1.0352263848978354
0.8067507777054477
0.6057507996139646
0.09162498742839732
0.0639104866633701
0.05621641062354017
0.8271717299347322
0.39422238230334516
0.03187169534009237
0.16755002415586406
0.09937355796325804
0.051830196009216775
1.0872356373655467
0.3254685351554122
0.09971439672136789
0.26334574703446034
0.26640987978113556
0.3121591169041366
1.8061761981955997
0.14899239469441836
0.49450087522345226
0.40188178526991114
0.859311423528105
0.08671895416219078
0.11926724403854111
0.2523328263111531
0.08301145770164425
4.48204963143664
0.8532800572666547
0.2789992909181323
1.9529163564117276
0.7669815014096912
0.011941973414543785
0.3793704705871903
0.39589620350643034
0.23931058768914762
0.08274511308359911
0.14391889399901278
0.37913175083313433
2.2778000930137603
0.5949021436679517
0.1705692617097131
0.23118377350223854
0.10458300391936669
0.33627759650361944
3.9358335665396877
0.20822257765413996
0.4503624583074091
0.12338499212866307
0.2568120398323693
0.12254101795337694
0.6311722300326765
0.12508166364553683
0.1679974462586253
1.704154923795399
0.5495121159032011
0.17246004002953697
1.7636190520689572
0.5462302131270136
0.38832718078668305
1.3554596575973703
0.28547440351380854
0.2511048392576418
0.7810496450959199
0.025755146258790433
0.21276747667722193
1.0664971587751013
0.11805308385428234
1.2419139432607718
0.01058773521611078
0.40309184143933785
0.626928514025849
0.7855037292321637
0.07965604958021942
0.032700863140868786
0.20265632811951045
0.06371574249237748
0.0578435407426861
0.5459957538137001
0.540913491579747
1.9904980769256284
0.39858977661103007
0.01954290891312114
0.15013122326344186
0.5835975220584303
0.2742226587054244
0.015483215456267555
0.5586778207923839
0.0025188696523148987
0.06811551102223398
0.9421573615331644
0.4415115953907141
0.39917651373852203
0.2566472120349426
0.27764875144164325
1.1263477871614425
0.16180967856584608
0.37188561011617727
0.22470607606869633
0.36989628172823713
0.42289855444517405
0.32844415602234467
0.16726061355848917
0.2337047828237663
0.04828768208859743
0.3667994043746316
0.0949194728170579
0.6947242983814036
0.2343068183845928
0.34953967982196144
0.042563910802569174
0.5330944833831196
0.42004428757921514
0.4050999009730404
0.21600344787848677
0.02187814590937727
0.1735318800376246
0.9906227725078681
0.21136294792183602
0.1522585110180422
0.41055615243436255
0.6908298493396525
0.3372786177060966
1.0944756400748128
0.27957242201541865
0.1783404575334872
1.121078305835421
0.6273581323233649
0.7908051987058452
0.05291087069195406
1.177197662094918
0.522918928736841
2.129288630626371
0.4637767113215446
0.6998422855090902
0.15410398998365546
0.8340306839845054
1.3619518101079635
0.4055675986084767
0.9659986808157666
0.16121331893800703
0.9271019496099303
0.16211154241576867
0.74809997332111
0.6709375439818851
0.5407156373671944
0.34375492938163654
1.1719164389183871
0.4993544041422793
0.2192354650959097
0.5926960871107292
0.3011887677816911
0.29537479830204055
2.0723399656970685
0.5501003529693519
0.2827782402127968
0.6281912427156193
0.398894946452734
0.12385121487719634
2.040728400397086
0.6355007482075501
0.06296391737503423
1.2356063799481962
0.06313228793629819
0.19188636350108496
0.5462599834791524
1.572057274978097
0.6197453287957814
0.11001520045028806
1.18619350989724
0.047172823981188036
0.05565035856991923
0.1104889553998622
0.5192000906637856
0.7633593008745059
0.44317036233170165
0.5302973224490534
1.2196176739760032
1.8341630226651116
1.1915794733637677
0.27561891779607317
0.7029436909068191
0.02562702359612936
0.11476750120261779
0.27624079519577327
1.082056617646217
0.650978319169091
0.03719252554629102
1.397315953353803
0.3129535519770996
0.09259203795358925
0.02406434795193493
0.542771112381572
0.8641081794400349
2.2670050882142037
0.598377027541147
0.2717294166392201
0.17519715324559
1.946163803506949
0.06534420441317118
0.1648117959869217
0.7828761818862083
0.9141798903677821
0.49109084331269875
0.2576881453337367
1.0033839482627007
0.022399266031188882
1.8720733358823671
0.19485150226879427
0.06592444962249208
0.1085273826381532
0.5082166233455426
0.6487055017710829
0.3367413418757826
0.14556242784829604
0.4310796607262736
0.28247519082802
0.5272687980825522
0.419482802636892
0.08392303455923854
1.991560317913925
0.4661780070760504
0.24457000508848592
0.44368314290408806
0.1548458632591264
0.6526419597943395
0.3645360100322591
0.038859571144961934
0.33007388626624407
0.4906134709810246
0.43028648240486744
0.2338249887212863
1.3773028778646097
0.18445846693563128
1.4219570193828683
0.013796343448825604
0.17116146380600927
1.7466486221380513
0.08306651047000246
0.26660413616431905
0.28496761959592853
0.02956785044727457
0.269873421173906
0.23941325758031304
0.038186333322852734
0.013365323281167678
0.36788420722396964
0.8304584443915263
1.131243186053384
1.8002796299016446
0.4451081214067424
0.04549791806635066
0.8498449554242112
0.18279688553965404
0.03936837327980453
0.8138060539169806
1.050493333905963
1.450296291316702
0.9180391578273307
0.03922454932543039
1.0355481515313187
0.32574029176912056
0.8028297731648824
0.22579006238044053
3.607887219573231
0.22683394191406456
0.3250020378282344
1.5892879158681257
0.40236684240479303
0.7300772712268847
1.907391965700153
1.2741799149890987
0.4712559113748826
0.9966666227168921
0.9885663235888081
0.10821428456293278
0.2403491083713707
0.09940921555063721
0.19281046886438893
0.7325419342309318
0.25588710269789994
0.21092402485790876
0.9301835376397861
0.7923522306700587
0.03469234746869902
0.5812250622984171
0.6795507563142731
0.45845213593136097
1.379848605537228
0.1801005816622755
0.09571885973589081
1.8114392005511246
0.6301487771356408
0.7838481382306232
0.8203157101935179
0.2767369821534054
0.06725879270757013
0.9319505547928488
0.37583106897815655
0.10962731027139413
2.322016081327366
0.3589904169388749
0.4991072263347117
1.0444683558175976
0.07265549070415907
0.545064919900717
0.22983074189306557
1.5149228925379996
0.22858872571038888
2.607642293111234
0.10455711998123364
1.9534704933221296
0.34224847452406143
0.09140684449967834
0.0962477417868605
0.24436301713697567
3.2771369280085487
1.2959602744180105
0.9515992606079717
0.062374405086422245
0.13276953258861274
0.32194314981507965
0.10805504240497435
0.20800916946513065
0.7025586611108361
0.02868934920386125
0.004031102499927838
0.7951693102621064
0.12224146848929403
0.3488765313355757
0.5520797936306421
0.16345088689865
0.23248675477732636
0.6221102995217033
0.12680991397744423
0.4043958341167237
0.4523016005356088
0.22549439109290478
0.14621542664166082
0.42803825302697623
0.6160535643450772
0.060330688834159533
0.19839417605681853
0.3099589378308555
0.2595861788569297
0.42609859673349126
0.45181099354347054
0.038195386707354506
0.459689498489041
0.11294134239823062
0.8866237775276836
1.5235844182454004
0.37967837250530617
0.09925596955273665
0.6277649343162341
0.10472243801611536
0.7398938559649119
1.571973596869319
0.5846898320580683
0.4313077496117586
0.49493273525353476
0.14000566558712868
0.5690352091369766
0.9246225993609433
0.1634894544189612
0.025135169033994355
0.830491370750084
0.06603933695894415
0.1570005125217317
1.2787674751622773
0.008688036160237986
0.07543656966767291
0.3804675274064329
0.26330048104077486
0.9155675332838454
2.3080816167670513
0.7004441036631815
1.2750780889914004
1.318108311170034
0.6405514305960963
0.05194007835183314
0.5359071310724483
0.07996818891736045
0.40875890406315196
2.4604285457789272
0.9040083039742173
0.47407206134807145
1.185220827410278
1.0372254853672667
1.3806179307301358
0.312820884093807
0.5880347104989659
0.4031654441736134
0.7112693344768212
0.3160347995763476
0.3834501646606392
0.3375685602004794
0.1673062477603877
1.5675021863097511
0.37095369055250765
0.252924588619507
0.5243506540402014
0.7797257822030231
0.2435459732612771
0.18300513857833206
0.5329711083688198
0.7654895464498368
0.08266843025192377
0.5590921811609411
0.5113205708170305
0.29413725969123006
0.24916308688854466
0.006732077087048656
0.16937982544662325
1.0179669408534862
0.41744448307379506
0.30450394767291733
1.5336965436727164
0.26175902020005537
0.1685674892984153
0.9247639865356726
0.4432002040360814
0.01760684483951102
0.746546436639967
0.3409780016681083
0.02844480729808104
0.40555666309382266
0.10594819530642328
0.10257881802594296
0.2782744408687564
0.35466612182728996
0.3388270505223645
0.726232910170153
0.5099233829482296
0.19677661255265375
0.29260221563178845
0.1400560435120282
0.5206578755282539
0.9762284176182859
0.5404823771309109
0.020527451002789267
0.4171797030283378
0.32312566193267256
0.22715537535330205
0.7160822400476191
0.20880678228244012
0.39719523417936137
0.6401691713723567
0.6890041841838919
1.121190125393827
0.5715923711930768
0.7144980272223499
0.07258647419205885
2.130161799979109
0.5006873861621857
0.34857032379672553
1.0749645046742673
0.39754337865365824
0.0572205894757819
1.1591627833006524
0.3087708360450498
0.029200489872697667
0.9785031603049312
1.1198475692804302
0.23772241626907642
0.23240666865219098
0.4048674940343699
0.19143885199082733
0.8635093419792357
0.15249907930038287
0.3027191248831945
0.48671459128251027
0.4766252746865951
0.22254894217811552
0.4029182737191166
0.8141988679066258
0.44271041708154835
1.5183387098033516
0.267839050701276
1.0905353477450068
0.285620862635189
1.8521415260579857
0.30559858069238316
0.8641569134799955
0.7294894435692736
0.6514870675169271
1.5407876603669655
0.09616127511266248
0.2960838386379606
0.10649174025376858
0.18087634655330126
0.6154772251891462
1.2031733316916442
0.6548109225179874
0.9152577375332419
0.8029922371040955
0.06373200199192378
0.2448132748251011
0.7120318508455075
0.5129073047423047
0.7301172075750568
1.379168670737044
0.459165759822542
0.7028288987908798
0.4514303738944202
0.22078144656995374
0.003923890702314208
0.5196231037748389
0.042448136563220586
0.7393502237315687
0.871232746632417
0.17583858221391113
0.11668722708891173
0.6769964014933303
0.6469612570539847
0.6495233919662413
1.1389045959324617
0.29922121513266836
1.5837950151497175
0.7373876905384464
0.8736226420098296
0.5512415127508709
0.5246046534599599
0.5524474106036759
0.06274625962672692
0.23338661589689202
0.025682854849744165
0.09065336066721591
0.5073285282764801
0.033202209920935644
1.2602468906023876
0.4982382137758405
0.2394838474277561
0.06436672876571163
0.3277546525676681
0.3700946342671956
0.43341422445905015
0.8987920427738004
0.25178809711582234
0.43253939907094124
0.760395859608067
0.027215260568574796
1.2287158855550244
0.1518717802907772
0.49516454811771826
0.22629692895293668
1.0191935402676409
0.033701232325700735
0.11107095466080154
0.30197759443266975
0.18433811291463104
0.05379181876793174
0.8795515265267358
0.8951283325548177
0.07797162242457638
0.11682081771719884
0.4202197342211134
0.1474635979060113
1.0246631846114578
0.6126755420450163
0.4407814263010329
0.20560922717979538
0.8547559963359508
0.17151249334278448
0.1598696550175736
0.6386434059943509
0.05510407115558787
0.24362238924608534
0.1267370940933781
1.3138851112792196
0.7255483138634524
0.07405784114585812
2.0262840161060045
0.34856642308945757
0.48835202969742386
0.07607903414499728
0.24381779067960554
0.12377287453102374
0.2857670974270333
1.0310832237780918
0.1369646081656568
1.1453806406549931
1.04427524300358
0.03371159899055291
0.1423658910170118
0.27953580937919614
0.15824879662470842
0.4164985750404952
0.5008989711792682
0.2652418034832305
0.38304630067643175
0.3318040635940483
0.04181107935344795
0.1853141516429209
0.958814555957471
0.09697263243043949
0.37114417219073326
1.6238532553320237
0.022541520868069643
0.1779210368466543
0.8819885397240742
0.17574450953686863
0.36283266617233023
0.7516135787196212
0.12371000714791244
0.2530215810696475
3.581337453644239
0.7116470861662226
2.532610744299185
0.781297836973709
0.5121899219399493
0.4187909134781469
1.0477349083988376
0.2911655241590787
0.1085346366436168
1.2122551933885561
0.05336689513842354
0.24330197292568395
0.3125126594296299
0.8124994134576851
0.7575872147565322
0.7516388636541808
0.20946559831686126
0.2723333914279069
0.34214229267434043
0.3755014456115013
1.0086650892981894
1.1365142187723012
0.8366898601755125
1.3821128002588057
0.7642361065464929
0.21228192508485302
0.39920812721459414
0.2293016544314192
1.1972271944946582
0.9699050648294903
0.9752502155623736
0.36787422121606883
0.5473341005350641
0.31651772396735883
0.2859663454296294
0.3287483075227548
0.33914793205595406
1.4886607032410064
0.0310733906814783
0.026439936450663
0.05923264844583381
0.1205013641878328
0.7114689780473213
0.19664572888951376
0.4426998449427652
0.13305514017347886
0.08980982315055239
1.0607770083699375
0.7301476253838978
1.4856709304034048
1.2721066703644532
0.18394078597617433
0.38911239129288816
0.6545998380884721
0.3863988742455972
0.6433716368892153
0.17019893162303265
0.3479595368975505
1.2064552093222218
0.26990984469483154
0.26828989060020136
0.06890364999452539
0.5211302640490617
0.3472412750475974
0.37527819616984526
1.1954156488897099
0.323559584619256
0.017561206689436837
0.29730882345565657
0.5163363560752363
1.7056440027899125
0.6265685177430624
0.2782491997424643
0.6036755418919605
0.7243597894918079
1.6499145624358604
0.5166183710198851
0.11187386536097928
0.1705796617150076
0.5251535300429023
0.5485665088210344
0.5805095790889985
0.6512328967375036
0.24054372911596428
0.38695746251148583
0.7250085150751464
0.4301202874585542
0.7066753539227283
0.3134247452084651
0.2579392991062779
1.729645521398544
0.3301035458734001
0.41784844888452505
0.7951074753418675
0.1465599397998661
0.06482301014364557
1.4084002677687504
0.2642235861090249
0.39101417830584767
0.8765325490120369
0.9843612298132559
0.5908048328284785
0.6596012851603351
0.4499984821544919
0.358580613245981
0.405224472305136
0.029546989689788958
0.17486983116015276
0.7414777241022024
0.125499657994846
0.06663430212955274
0.29060202468188456
0.1813239047590848
0.6110858633024314
1.3925510379082435
0.7309689582271761
0.7342663612951122
0.5263061000622736
0.7821923608210978
1.357102314562364
0.6069534012242486
0.12932763375490444
0.22259064011521637
2.5244003717044374
0.9978102214292633
0.9403468882145687
0.7960770503054294
0.43951591588153505
0.5704215891323644
0.6468950244566463
0.4563319980741241
0.11300051624954865
1.5126151385305522
0.8488045989478132
0.3908635067859201
2.5656714036400348
0.3794550754001706
0.17976310182692173
0.4411836419140356
0.17905324377705184
1.9927284303796546
1.9276260313509284
0.3460072055400718
0.3532833721439439
0.6090341736845288
0.14221063189251232
0.6905992977021077
0.43440714195850444
0.3545804731441113
0.1250849018451446
1.070562164409676
0.3489983923449158
0.2609568578926064
0.23616050813335013
0.04545394257801493
0.05778430909271313
0.808207080916057
0.07760050778640337
0.12211778540260715
1.9167699915603378
0.6401836805086403
0.11788845662510254
1.2609578444866854
0.029292281363195536
0.1624377693223775
1.1935860049239864
0.4020559747040775
0.18586136136753761
0.35461570525675834
0.023229644736006756
0.3763598807389499
1.8292537248973195
0.5476494131773033
0.08982439334573929
0.9391533581755404
0.043773802901526784
0.6600331082098466
0.9147989603130394
0.33452097129195213
0.17270005185691875
1.3733867177551233
0.274274317978293
0.1317009947299738
2.211482399941895
0.2294498428908902
0.24890882645648513
0.7533357745117113
1.0042269277288018
1.002813081857922
0.6111856331279011
0.47116485665544194
0.7879821085884722
0.297457378325063
0.37608778541917554
0.26343958572437365
0.8942623018473039
0.8644172770893093
0.019466250033310054
0.8062154402820689
0.7219822340363461
0.9356214425343351
0.7636991367182906
0.34175162147104177
0.2372439387848544
0.5225571698077772
0.6421496157277459
0.1181296229865027
0.21167361075835076
0.6384573690347899
0.011292796114960165
0.42528279345770603
0.8088953455701414
0.301489912061319
0.40420154148536086
0.04738672012955601
0.10048006345024285
0.33723581660572827
0.026328288569881342
0.5591908545187667
0.17373161319964028
0.7210943171674258
0.041653501911175526
0.21812988410462525
0.3519261770041317
0.3369109115902791
0.383822308648312
0.4585831802069838
0.05499748752410266
0.7315526151117406
0.10629239725063522
0.35726691539207917
1.3791307031643754
0.7528062871993741
0.42465202371890226
0.7424493053445085
0.030320515311889024
0.06834793762373848
0.1542411609814282
0.24716575021952122
0.04878607980432315
0.7751597067063507
0.3209814310315156
0.37071039212579704
1.105193775151501
0.12844646910066823
0.0198195169908195
1.1347082325617066
0.7080658949854061
1.4967114838192686
0.5422076054617111
0.30970874364268064
0.5339365812098467
0.3397520777994567
0.05183146092092902
0.04097282722585862
0.5446858992123147
0.011579892226435457
0.08022964005877797
0.19544776474379214
1.3133198307907765
0.25356381246499277
0.47503860927328473
0.02780105639468228
1.8067495118182062
0.22447998133415162
0.1473688883924442
0.2736070141323672
2.051061808308187
0.1697322627161574
0.45133222050170113
0.7130988263022817
0.1262272355250053
0.1433874474719898
1.269532558520639
0.5686996792170189
0.3132887023367889
0.964176730885815
0.10065002457985359
0.15792257906345214
1.099393580051195
0.20243616347588456
0.24408895532469704
2.3391022537150965
0.09527602730852706
0.08705149582938701
0.2166591416944308
0.654867731865667
0.07547762217677643
0.9974593658083317
0.15716429191525946
2.2065146019711737
0.9050371009068114
0.8171394559319798
0.7783930800653425
0.08373636596268234
0.258717927719118
1.2366874012082203
2.04338540618004
0.7315693740173361
0.5422732672508888
0.9311934407294927
0.18381579060008982
0.07013229231939609
0.06152074409070288
0.28970881492321576
0.007356806186655443
0.5086074093468423
0.9172119976887807
0.15093004351787026
2.227809502180253
1.1759658957445542
0.45276163191481256
1.1461703804749914
0.13001527877190164
0.6806948613919772
1.238960142736398
0.36221798021962687
0.22442207966864597
0.8436697294996335
0.2692124115098611
0.10093573934204009
1.2139160838711707
0.11384385993158945
0.17594090083523897
3.0191939470623623
0.20488660018803134
0.1546557440309482
2.209159142679471
0.3205311924275039
0.22354642691596763
0.49508987743758004
0.10206354196781
0.1899706946027833
0.40280361298322115
0.06817471878719299
0.3871621576475821
0.3365835301473619
0.06542840940577312
0.06206234337635802
0.17069689793095594
1.3464078330597444
0.023890671398372733
0.4587757256802356
0.3846025667098045
0.6859998024770411
0.7707336871380291
0.18972842795470043
1.4291309840583921
1.0616870856836798
0.15078450895976836
0.2558541658937907
1.3676105263204126
0.2157877883286991
0.12865405228376878
1.92145857506079
0.6179066637165809
0.5969877084781079
2.3733678611625164
0.2696882510587976
0.6788923028907268
0.2644092267544063
0.8815009476607633
0.5635790078008691
1.1741078100998708
0.5243235307236821
0.2691929794164851
0.8470210132337876
1.0980568573678176
0.8682943467490409
0.24433151927565255
0.5084746409932435
0.4414269177604619
0.7388145228565619
0.6496794951965872
0.9275585819401251
1.3189299172096571
0.3688017622509958
0.4484128071264397
0.04802670090528787
0.2965963118447209
0.0068981956354756966
0.3422112684446821
0.18352716899179683
0.392945905617538
0.3642427536238659
0.0973006829450093
0.06582501166201579
0.7979482149997387
0.3316472224698329
0.42039734206716384
0.46341403291016925
0.4616259348710483
0.4606127321633572
0.6544420824880679
0.46701111228963527
0.11019407289025053
0.4027882710769827
0.09049829312213489
0.018491077947588246
0.5831146888370224
0.16487587077483945
1.650186712329252
1.1371657490110956
0.20468193957867678
0.07470744154704159
1.372627566313219
0.18125273516896934
0.31288979398705397
0.6501119646871457
0.2529155751938516
0.06334855744169657
0.38180603664580914
0.796763118026404
0.7269166259206487
1.2301617793245172
0.08579690581493701
0.07467518492281386
0.3821940896971317
0.11006930332075304
0.034688609225936376
0.7691556271141827
0.3936977925614554
0.20710096978878295
0.8657040502743121
0.5532036545853318
0.15785907117859785
0.20032452138831094
0.15090896904429504
0.31152160890658614
0.3473960617574342
0.5991127261446489
0.9265385986562851
3.062510301810998
0.627164736045718
0.6210390494900159
1.6330353993181617
0.41420278811613337
0.3988905639683172
0.5665027124179859
0.09060651762735267
0.047564845576659215
0.8137426812800026
0.49937394158517456
0.544015765147447
0.8284450142638371
0.7492529502920006
1.5169990786355776
0.43462749530025935
0.8410391832954891
0.8190621533027532
0.35112158696024065
0.3769482758149054
0.15066847088906402
0.12523510285927936
0.8169243720995218
0.7930398919061883
0.9663589534019801
0.004188692844666497
0.00880944830882181
1.3712961531851808
0.21365885203703108
0.19542983032179626
1.32289000827706
0.2184468193724081
0.8967104971435472
0.8457618055736259
0.23915487801329968
0.6453725154629629
1.1996042618054108
0.8899788269944753
1.1450577778134456
0.30970398077825195
0.1675203410617832
0.1486156080765205
0.2547666388940086
0.6132180810530188
0.16686743823684824
0.3904227866403612
1.176861906908653
0.09866299908140219
0.10186796728896627
0.04647886465500309
0.1802555370928762
0.45399841031683497
0.6979126119989321
2.0987023428423175
2.0857040835956377
0.15545005345872073
0.5489543993440493
0.9684888682330423
0.5074639973030469
0.5076052315413775
0.30465689613112745
0.5621115244722454
0.04919402498374416
0.6164500249956734
0.5237993748029101
0.8527438005986279
0.49491416140773165
0.18035151508285635
0.1435727677688512
0.5439662942639769
0.1231895727810864
0.8407637200497532
1.693685085794921
0.27267259428550583
0.35237876888985753
1.3308626756579647
0.058530468677693494
0.13151266022758526
1.4312162175332965
0.13242376478365755
0.1328574923378607
1.0220054501664226
0.29413941148868916
0.07098484888145905
0.5060333140044874
0.15599644878394714
0.46165337538490614
0.13600261954923334
0.19199999461677292
0.14278055155435543
0.11802482633093794
0.3308663628602542
0.2464988693230491
0.235683718256304
0.6543897827104234
2.52147809869342
0.6754003075067513
0.19126613354254698
0.20457261259399767
0.756168466041842
0.3209444237842898
0.2669591569010342
0.5296577397363217
1.1940374275019157
0.11461009737610738
0.06673779920815875
1.421123317553862
0.26590964560295977
0.18803175693469898
0.013272788061327083
0.8823170706373543
0.9045261168020706
0.026733497928935958
0.03096630537101961
0.5034943349528889
0.3386990752086903
0.2577236798746261
0.8725888888892079
0.2864495630222597
0.7183576470546202
1.021473645478387
0.3288112629897953
0.43306895385302646
0.4302785099082604
0.45883763047766524
0.9902952717889266
0.5441754974449764
0.4923338958264215
0.6384589998076053
0.054465506654486816
0.12060724571319754
0.15685942724970808
1.134301888477675
0.2693835753347937
0.0639934481978982
1.3442488570669062
0.3565397872209616
0.048923552050650895
1.077781310210648
0.7768475205669512
0.16192234498311386
0.16453682089345342
0.0832531777071786
0.3140022851053484
0.1621229794463236
0.6309958263136363
0.06981605064415168
0.7961527827481358
0.47984120245190953
0.8796877602957853
0.3079403704749753
0.4126658086898251
0.1165204148952278
0.3183781996628254
0.9612070569796839
0.20107180507845693
0.4402363921959956
0.26331318659131336
0.09368529633546667
0.0947991692237152
0.36887374065606643
0.003432104780925412
0.4198874596863682
0.24334840153003778
0.0519438483794913
0.15179395188295924
0.6039907849753472
1.3811922964505496
0.6311782064258564
0.32722100538796867
0.20427176666238683
1.3928881069330754
0.5221974686775257
0.14684399627457165
0.33597652403906014
1.2152301902894922
1.4204707005596862
0.6047510606403962
0.6315852330810842
0.272043724063253
0.4286475794635765
0.7689905993736569
1.663075235372601
1.2642948950078756
0.7133284624236557
0.2016482977242574
0.6534065810726617
0.344950712495906
0.5484353521668163
0.02669920818570434
0.5465519599816854
0.9790601042566693
0.7786292684940761
0.3347615862071998
0.2515878487528243
0.6026160811673124
0.15844253328198746
0.04496001119825637
1.8427914948631934
1.5734261624801469
1.1381836214974697
0.2725510730091685
0.22665628348978012
0.39261681909924523
0.35638265727810436
0.6863335005188269
0.4400100810246349
0.04894547118049671
0.03516740597627631
0.20922754963270945
0.0745357067874816
0.15952326538963488
0.1006702807558875
0.9544724655113963
1.0094020787972084
1.5511369381009088
1.2135502790214954
0.2779236598602225
0.48808240671984293
1.9433800757122943
0.2906169054727131
0.34766400428294464
1.2947355704084726
0.12129860625291508
0.03028588281492664
0.4942011433177055
2.2043857105125615
0.8494295927464017
0.8424659072091473
0.5893114505936812
1.3604971775114492
0.24094627509411198
0.21435439131959666
0.1055206598654427
0.6126166336930772
0.5253564807806037
0.22954355114879832
0.2736314821434324
0.3423809822250588
0.10929131615130064
1.2802426943204335
1.3311636733483065
0.7047908629668197
0.15685445279815072
0.0822581377130466
0.10393809912312742
0.18906835364428712
0.42392508342346286
1.2255927509747815
2.1707914170097236
0.2817109252305701
0.1787943250873591
0.2829665452599432
2.8238751713453176
1.4706715030127215
1.2589498540928796
0.39404057623621613
0.8042114952659057
0.22255134902594692
0.341321239973736
0.6899909419696155
0.32209147937246574
0.24100686045418432
1.6925722783713288
0.32191584760035635
1.2937389309501897
1.1012359091940938
0.640956006890227
0.0998878575615861
0.32932015439204276
0.24371950242056006
0.46868454756964534
0.2992011481121029
0.8210865930350646
0.03941399693096945
0.21941913332821447
0.42648989959106026
0.02770854207237841
0.24876175706381892
1.1541037274987036
0.255160970683882
0.28131316139450574
0.5371877455098859
0.7614129649208894
0.10991309216330841
0.4391399135239346
0.032870504487923245
0.48452849836293543
1.7695236312329232
0.18756892043652404
0.09982220555295539
2.0842409899077126
0.5407853613391892
0.31499113736370155
0.1810947734690782
0.20197755222788222
2.00575108548234
0.5570662987259802
0.2548965811885549
0.18031886060953864
1.4805877642699319
0.3278350419056373
0.455360290700464
0.5719797004873463
0.9825622213333536
0.5330550608293326
0.864989329726314
0.8781001212499041
1.206619073333851
1.4557176899362414
0.6050938778537646
0.8241081250201844
0.2079026262865531
0.8338768149533026
0.14214248757201697
0.1611371062217905
0.705821633271716
0.4909325289195134
0.11458496967319225
0.6386319771593139
0.15652084603688393
1.2129001477548043
0.19377376524068338
0.36248211999714525
0.5818262711047237
0.7843384440260579
0.07501051226399418
0.5672978237297551
0.251961600488007
0.9529147929235773
2.0165672366778553
1.7045772880340384
0.5041603450664792
0.2113452167157278
0.029243456379120215
0.08828624947499258
1.7847624590737323
0.2633490348858687
0.18577262619972248
0.5383021276917774
0.28718521332752384
0.08900917059555691
1.2888160894383747
0.47175178001432605
0.6901940752246407
0.34438513874879323
0.12599260952593816
0.4668010216659604
0.8886432608632598
0.09844630241549537
0.30563829017607563
0.2900753914124294
0.07992511755310529
1.726931822463415
1.997593430217693
0.11713803883812524
0.20868797841387948
0.25262654762263087
0.18299375907996376
0.322195659502606
0.12200585394887094
0.015073416129027456
0.7212951908713466
0.8744829766218225
0.5585368232581926
0.3870157081963582
0.4101403355169681
0.19884570543021057
0.16191625733917825
1.6427751469394418
0.07411285303150701
0.6410921831848554
0.806771441573139
1.1067738995084637
0.05472863916827079
1.0641337381227047
0.06800344308975041
0.6182000739754823
0.37479639853657176
0.008660956065913787
0.020343384996278416
0.13131878043732792
0.6743283448955066
0.3972499386166903
0.7621609411248921
0.05552150152584558
0.5185769267343067
0.7862841412205561
0.21026208879793196
0.5267762045994686
0.7762466416002989
0.712183057358374
0.5177132675352981
1.2811584591726644
0.5161048741440611
0.34544876504661653
1.2361435894854462
0.41669001609673234
0.1481044005780087
0.07438879667848085
0.7386538328096344
0.26830361557326304
0.23891523586646712
0.25237765030050646
0.13271961718988268
0.45796196010871154
0.7773060969664531
0.12760188191814187
1.321318243211552
0.39692065715673763
0.5866114135556861
0.8693894368919141
0.04294663417579993
1.0010086751432892
0.9612909685873763
0.2746101359552329
1.467359218898663
1.0789873290764678
0.13460020930956287
0.2966422130640754
1.0905743482764787
0.29528064396667897
0.971379829994244
0.965694358108472
0.24720816727383754
0.11511799528280961
0.4267942608953711
0.5515854536868433
0.6884604024752826
2.6044926391811005
2.1458732708559216
0.45574759566912987
0.94755628629184
0.013076167935707953
0.0604842846239443
0.5852366647904002
0.6420252023388225
0.2041398342487968
0.5832635255505957
0.02865494488213163
0.23880550239029952
1.193364024794192
0.8637320673011699
0.974066778272703
0.7293511093772765
0.20688777993051657
0.22424616257921506
0.810491888693808
0.08700819929688403
0.22923738819592618
0.419883803112848
0.2557162516047323
0.7947428470192704
1.7850714520929563
1.3641940570517863
0.6229151448206771
1.1871930839517801
0.8263611016931754
1.0726103742987465
0.40057472662305754
0.5912220339355128
0.41926874780573453
0.36822658516906015
0.07342392062893528
0.06992828802450539
0.06435816438533419
1.1876459156937509
0.29324354782469453
0.9723025765430318
0.9608231837088699
0.3305318433583757
1.0377436546214618
0.7783943046253494
0.3839581315759955
1.0550543192430388
0.4766862066016014
0.5301015251671833
1.2447801688852163
0.2812196446759532
1.5342494309051438
1.4036888586208691
0.10800294374926792
0.5115241565565765
0.2764988818193369
0.6978880824560728
0.32468827998442973
0.28832982389421424
0.06296371901118387
0.729629199743883
1.192372102821283
0.6921811356208081
0.28787529110534193
1.2212331777353673
0.8224192852479533
1.1918750572050794
0.1127295948487476
0.04755553448314761
0.03442739354967173
0.30523326290502006
0.3535600637732948
0.5362083986543623
0.703873303739887
0.16892680145542352
0.78520585751201
0.08440521318428376
0.4165003119558523
0.07161399377305146
1.0148475795002652
0.42578094511968606
0.08030475275092433
0.7177356012689549
0.05321650823471099
0.21785255779099236
1.9686442243618676
0.11480406145155145
0.11135156306431428
0.08347331965237714
0.3797273437757574
0.5026280329070154
1.109528897844632
0.10609880313049759
0.23500980489017378
0.17016267390241624
0.063141955118339
0.6632779458797045
0.3489342697806491
0.44680279417607194
0.4146473743978091
0.39644228292394273
0.38198296534995585
0.7364178180073534
0.9859898359664617
0.410480935274859
0.9515841454620575
0.8792649921557496
0.23878374100471753
0.13043171128542347
0.09114000004084359
0.00732347479490166
0.060918812621932696
0.5535084331319056
0.5648994071241435
0.2700018957236551
0.7647216685752823
0.13716203937007762
0.14673199570463571
2.044948122205446
0.2869061533937139
0.18852856130680784
2.726894202531798
0.9426475962750482
0.44282226118107904
0.5785302311982006
0.4460669576792925
0.2453073605487071
0.421738879593152
0.8006375164423669
1.4892593345877474
0.8482951920296634
0.1529343178635983
0.12269534726007547
0.20782363479967542
0.01445956774655287
0.42503365456156256
0.17170980860709237
1.0310314183565363
0.7744051266136116
0.5006730374569004
0.22330490346189535
1.568675065010987
0.2963379302565301
3.4268528432011194
0.46439704255793945
0.23987975799875863
1.503751744439314
0.9778547963086394
2.5955511918165888
0.5062623414985906
0.06269997762350368
0.6225905817730487
0.32232210075026974
0.26091443983944734
2.0736256837490266
0.1156023628538751
0.14475093485758136
0.6507160546463844
0.0786395992358022
0.3154001152244119
1.1922570184500387
0.008799325283268936
0.008567234947670524
2.278801731493513
1.3251038319124406
0.6504017047995245
0.637007410564867
1.5353475757548372
0.05279748341271184
1.7912588684601092
1.338534010576254
1.4698364852782853
0.9221148481470091
0.5573327060113337
0.09677884361951067
0.31450961489985263
0.07179880081586354
0.4399469729508284
0.0952435981335809
0.017459857498039567
0.03745051730668025
0.8424494469000275
0.2961544588935476
0.9228034940414689
1.4824703202476148
0.6717492299944793
0.7173899974995872
0.49128095709207753
0.46078129829437936
0.15509416162930104
2.1661096261313695
0.7900194025860939
0.3164707020333893
0.35734332398324614
0.20508297001083145
0.2269522906032551
0.3458709388452275
0.12789848728693046
0.045518633824029035
1.7511575673104245
0.7518866899479427
0.47660224563515163
0.32959820572433335
0.007269488470297767
0.05396139280321158
1.42308030373463
0.6598675472571784
0.5039849292084478
0.6271120509186606
0.4981721851966942
0.13865374622274904
1.8640169316439132
0.20705256476490164
0.3320698602368986
0.9239477441654581
0.38379390525421925
0.029024340460881568
2.9950415710329072
0.8359951475760827
1.0266960263215663
0.44993140637418616
0.3208947683749768
0.5663622747568868
0.4734460346884457
0.3264468054280027
0.1717068645732614
0.27481403056317194
0.36448839661536764
0.7430806386714166
0.22927351212378758
0.126794687426726
0.024394741072751972
0.6119938972986312
0.18039096933649068
0.09185746291152579
1.0527113857574057
0.03059410908537881
0.7120968032667567
1.8872696590026241
0.10345556899738685
1.8250331397281154
0.35536515431298654
0.2942434777170107
0.36282341051181455
1.9185729146175416
0.49463843637461674
0.18243670970502288
0.9577767425535978
0.5402497597310442
0.9859784464675926
0.7273162826981604
1.1900869350014216
1.4128981519048298
1.126386133566882
0.049940677520246994
1.0671915778905126
0.47443502802617094
0.5307781954928544
0.012575847084606242
0.6700389686971304
0.116908530518554
0.6175008259025543
1.5299199238831283
1.8126508719115508
0.29029951946409494
0.8135407839909897
0.649105769138215
2.108908436442728
0.9915404766551044
0.21333799784279406
0.23029849273584066
0.17351400493632832
0.7735195868713266
0.28509603659304733
0.3044995568659482
0.017807275395347516
0.3039904670839886
0.3735237362230212
0.06410105853060027
0.10223391841559899
0.4308605447602542
0.05110368264430169
0.015378917575475553
0.4910204242208701
0.6690436622724303
1.8131795197368479
1.3175021691834217
0.3628938360422309
0.3628734601560504
2.5597446794838135
0.3388007130650228
0.1603641824391621
0.8856554749535177
0.5003468204741208
0.9915704931285184
0.8515809789905189
0.4071602002718715
0.2669999000196274
0.7833821627756445
0.8387134513806678
0.8832118429455017
0.4467840457399219
0.8506893043809605
1.1455421111019448
0.7600273698302389
1.1328027991092011
0.34779387911646426
0.4219092713162158
0.07185469393310574
0.2292610786120734
1.1381817084620065
2.494624765661292
0.43531669891323294
0.5198866702879289
0.5383159416386545
0.8556055637261667
0.2197263539457537
0.1598568062731666
1.2907491354405396
2.05368273104142
0.0251171902183831
0.1740573496061746
1.1724523910783253
0.6608023621076176
0.3449439161196764
0.23467918144193162
1.0090749798494072
0.08239192359726492
0.1919266164114087
0.4233581736332006
0.512268366509718
0.5435746270335055
0.555772498761549
0.3833589426486232
0.6939914058134278
0.01920926008741054
0.24037198555872116
0.844255965098506
0.0964705242988513
0.8383744466665187
1.2786559820480712
0.5310272044006148
0.3191861396660915
0.04647888267151719
0.09846816156877211
0.0014048531631667097
0.8537888540807332
0.07021577415054862
0.12403628634695092
0.10765497283948644
0.5088485372601045
0.5827534173203363
0.7739410018197506
0.8491174838326484
0.0721524709225406
2.0869079393907866
0.6476274622747342
0.08081826891059066
0.023538924051194204
0.9507443046967391
0.6778602238624553
0.7735261671645742
0.016845199007983484
0.7352371893289513
0.7847731532584551
0.06101554418800319
0.3782946205958225
0.29258388527488094
1.2049158672759008
0.3176676734194072
1.043927799628156
0.0692787649048147
0.04773215820180998
0.4267863061073454
1.6825944973465639
0.20491240291098076
0.7723888107312693
0.9163659084625888
0.8818255235890695
0.6087112506478844
1.2863016694540037
0.22977779636166032
0.9743448633595958
0.08082345879498498
0.1446538952462208
0.7229544978049525
0.33869263313240255
0.9591912897737874
0.1920691105190099
0.11309965199966485
0.060738631317697
0.4363593454644929
0.2635639659570547
0.3715221761850268
0.9661800213088453
0.8119099785030978
1.00894703287853
0.8372276951629708
1.672352806606122
0.4365914713129907
2.6991707645684087
0.9081446519961056
0.25770287128618813
1.477928976914811
0.17773442280195823
0.15693635279723672
0.9648254392415322
0.7541051023669038
0.2716639017730361
0.42230163170811735
0.08735028737430403
0.1618173735647978
0.44343433196035353
0.05065009101696503
0.15321799616041734
0.45680217864059425
1.7716066080610273
1.4074055647529389
0.03153779878600529
0.48116348241320755
0.22659378595820576
0.7147118428037309
0.9207602207497059
0.06760992612987654
0.5369889037215605
1.6659552279896543
0.9713234924714016
0.6129400939685336
0.3812111944539662
0.27514895525711164
1.5635509757745074
0.327613002364811
2.505635413701645
0.7806678395118141
0.7786487813650398
0.33315324012391806
0.36284304622005936
1.207867928214724
0.1546023717976058
0.40160405929821424
0.16647387173865275
0.16073452328693127
0.4825344722008236
0.4614097401693619
0.36368015876701204
0.4133498702344293
0.03276421615895301
0.12184533543980043
0.5511322129400964
0.014086920784756016
0.4658815252868061
2.601491289828162
0.2632071862901919
0.7304487066242801
0.04595722388507255
0.5329026920600207
0.6404990439369136
0.6215195618776276
0.08467715315870956
0.060431236441134996
0.3243478764997482
0.3668426284816825
0.2516276635865309
0.7930967602202077
0.13069435425724177
0.29646029610099983
1.1499067554626172
0.28210791219811654
0.11000127110011414
0.5933021016698828
0.0999516151366241
0.059448833739495485
0.9350561073884077
0.11158386122226499
0.33374434447982115
0.5686130740022675
0.26666392892756524
0.2700368677121767
2.1120172546704516
0.3350165125005521
0.022389639369011734
0.15525642566954637
0.06417043044718343
0.03921082785761647
0.05543880373188803
0.26538191120486665
0.6683003471009805
0.26077333143309794
0.5691047925487855
0.014201614875709504
0.38300472470192615
0.018535207797212704
0.04988093230281036
0.6758105771289049
0.8847040763787635
0.5814552509875283
0.05877347674653608
0.3297641180877667
0.25104680456808615
1.0122051517498605
0.2807649720335255
0.5764353701694127
0.3101191394389571
0.13751235038549542
0.06529603019031535
0.6637343484095336
0.5575211885121494
0.34584748133289045
0.28453365852786633
1.1364458956183345
0.23679221911565518
0.5999467387040535
0.0913530389171574
0.47498412193848333
0.35001200344705063
0.14250679785922127
0.39297891515831274
0.19821097045412273
0.6570061165132344
0.6666736918227028
0.9272576888310565
0.2247330986154976
0.1085963817075639
0.09539774991527725
0.5967737579050708
0.9435778733882361
1.1840349557681733
0.01831739131366248
0.15507436058055696
1.3391317291141127
0.43545939877637463
1.2597782410566423
1.2142153942208913
0.05453237774461091
0.226676326233184
0.1065867164813511
0.27970336801346
0.6193626532468873
0.3232673895958949
0.39207604833726367
0.8011217948134135
0.14706166066795956
0.06791786527020072
0.1441248512658261
0.4991838788312879
0.4400649895093685
0.17326374601782754
1.0674346333345868
0.5165762755860057
0.4305034130011789
0.363772956453316
0.010694312482438286
0.3445581436823713
0.5184243026427441
1.8138524289796745
0.28190254614109184
3.2093209742426088
0.11042989344532161
1.8520757242371795
1.83063917584145
0.5381966163118579
0.7217733118401021
0.40463956289313996
0.014690871049983699
0.04242011715625825
0.6325148780508976
0.5394139120411663
0.8881482433046267
1.0868948499391986
0.32291940708265854
0.20329985666634368
1.337621398087164
0.4004897153833177
0.2843708459747954
0.49900759838052294
0.6319267273199047
0.7370689215993383
1.0420884068049519
0.14396784181274372
0.31069166387574476
1.13575567449505
0.028122121973046314
0.40168514999313965
1.3880437093307232
0.20409006902829752
1.0474579247012188
0.589372883348457
0.6924815236283403
0.2148934142561056
1.4027774326035136
0.2960064870607845
0.3465023384930001
0.5136689209469201
0.015937774875472332
0.0918841793681691
2.122436365335626
0.5178836643486562
0.9741530530310146
0.8645955210870493
1.6502082742519733
0.22771184022669727
0.8741050918681785
0.5649009909831163
0.6189845365607095
0.9659504980146535
0.3416267924309039
0.5661655177697611
0.9058370814499769
0.1276889088283883
0.09355451847931999
0.4882103087229139
0.13676034445319657
0.2112215505609108
0.8203741662114433
0.2677536209188641
0.1147590818967036
1.183879009221988
