1.6003628892303263
0.3849605958566273
0.8345466260077001
1.0610062751730456
0.24793928075394384
0.7961179751012065
0.7723373637194411
3.664032639309765
0.7935043574863029
0.25850050709178274
0.2337708181044572
0.379071791807482
0.5534434386885176
1.6688085596948559
0.9129034120384018
1.0272396495503127
0.6917638069352885
0.21170613974572058
1.0292999795636795
1.0489136916797217
0.2637078527981443
0.21818517274921795
0.41224616660411745
0.056918481091550774
1.140250161403005
0.13889460628797157
0.19378441357269416
1.088315943946204
0.26366196511670176
0.13491085489182064
1.4705295452924514
1.1403703624072001
0.5090178499902206
0.7870292246222329
0.058181956653999535
0.05206700242402878
0.8386530447355195
0.4217662498671611
2.818662445734714
0.19758690008336952
0.4352317419785475
0.26329658808365913
1.090838835686891
0.05216877105239386
0.24709172362886883
1.6102639742652969
0.2544181482773279
0.2071496935434983
0.5241616519725601
0.6218361939790806
1.7105693729855345
1.4650467024440925
0.8411432315258842
1.1900462404337606
0.5999869328323388
0.5735679805597925
0.6417226804137591
1.711582228150943
0.1904608581835807
1.5590677284357999
0.08716034663777332
0.22369369644409676
0.21223610272640198
3.116115781891721
1.441053455928195
0.046429219210430556
0.5373919583131025
0.2791752520838037
0.2575323066043461
0.23220733549978487
0.1656052056825901
1.293260799168453
0.3823300330585062
0.9305373838667143
0.6775524833305638
1.7878125108528224
0.32363868292084763
0.05706060623278103
0.9614326642490477
1.2851380300272155
0.06377354467110068
0.2318004888923007
0.030027144830808934
0.012563099404822406
0.22841702398236569
0.13730552788529574
0.4278208997874077
0.1925107687114146
0.11464237575191501
0.6543244777638642
2.255152325101042
0.2557216626323316
0.6924016318212243
2.022709690240397
0.5246016594409175
0.8918381860484912
1.1605981473365452
0.18372334657016703
1.638365806122592
0.901844493526124
0.8633779968299564
0.8533356488659551
0.45491616377740596
0.5300466144674757
0.16197385434478678
1.5399346092672475
0.1740959322155526
0.5155576685025097
0.17209308692691838
0.45127120919864305
0.20509528677180308
0.780995248583971
0.20245590668638666
0.16613748706509351
0.6601264968744485
0.6655269268364657
0.26951062141478044
0.3719853959024656
0.33577906469937835
1.0749412249923271
1.1904845611281707
0.08946977894468988
0.16127508777843025
0.19430902202384862
0.005195831271025579
0.2806084384452649
0.44419923771514797
0.1567889643320005
0.08425114373805641
0.5363076949729177
0.470441030007011
0.4471777696177962
0.34696820414918195
0.3946748626902658
0.3731164554433238
0.3301745396865394
0.02973756738298044
0.2527710893278831
2.3305640714694116
0.34374948203865824
0.572171809714031
0.3221799666948449
1.2363233389477233
1.9684592247820138
0.08717008841113316
0.20999129309391906
0.07105907341640981
0.6510706770852486
0.3520196468884868
0.10222736921201324
0.3839504663309453
1.205700751325998
0.6359858350540069
0.9684184897676911
0.1502723680949246
0.23062104711287595
0.2730961864388941
1.770920267457527
0.5006268840377261
0.018930294928078316
0.6457172500639153
0.2935897572835358
0.053877972879097846
0.20209727952249398
0.08826902658288222
0.33881766321738055
0.5191378069937471
0.04113699996477343
1.039818431259625
1.7044169414885686
0.5409164170305417
1.3495782407132153
0.4107207947804468
0.23011750021250046
2.828059097462107
0.8856447917419222
0.25076393013154036
1.6218473892776513
0.37171631195672067
0.09055070293867531
0.41358021063176253
0.499501732705894
0.05033276838978598
0.1388786521940086
0.42973520230592444
0.44876236785724927
0.643325118267719
0.1422878997060568
2.2699613324759995
0.286072731026777
0.958975973080641
0.2088812910814073
0.11774075975743574
0.006002358482037307
0.13833416874930007
0.2665129607141033
1.7107542795447774
0.026811024673919395
0.33496123506765607
0.16315725886494614
0.40692535763014986
1.4803178858042816
1.2994869539293294
0.7117475810480334
0.4295336029093887
0.005080458131869743
0.043228980294209296
1.2596723657520865
0.54725942484703
0.1187024198066023
0.39180541188273466
0.16607147665691938
0.09419105344823232
3.4340671266119607
0.3105947703051422
0.19015085251776198
1.0863667355723299
0.6387378823909695
0.5104211026146559
1.0122779722402129
2.957469760179547
0.659904478585448
2.0916385351415108
1.0723748061159133
0.8191450680630997
0.40016326806006414
0.31622594391680775
0.2903359283587472
0.2187833639521119
0.11259783438483502
0.6282294278085127
0.06340833935693233
0.2505570812105139
0.35297895678652336
0.11091214286556696
0.39552320932932716
0.40328022974102873
0.8687426879261648
0.6053947062662628
0.23224052546921597
0.5899002399303245
0.6207986679450277
1.2055793932792374
0.8382313934625536
0.9590978742550318
0.6268146064825391
0.6099003393874435
0.12509815500301846
0.13451452633748467
0.7214704698911962
0.11868732970346557
1.160227214318317
0.7813942918793058
0.7089378675309512
0.5156209515653012
0.2906878921082128
0.12724579330093203
0.12281010140619658
0.6348236729957273
0.7316083465266158
3.667550560739532
0.8048962337220829
0.5822253366940171
0.18463342817982548
0.17820520574264348
0.009483635113861867
0.2894602604249824
0.7221772448252561
0.9142738573093828
0.17850430666128084
0.8785365236734554
0.3820799867200838
0.11360412508214378
0.04822995428028103
0.05866321492517926
0.34032018307497336
0.9017006647122233
0.1977661675280783
1.0043037503508876
0.15536172311051435
0.40198561491959095
0.09251641451442459
1.4076876409480898
0.28415539948341584
0.352140988712248
0.9661942049337807
0.007459476941993448
0.6644348827103457
0.42778739862851994
0.028991457714565745
0.025425197787874314
0.1744354915428328
0.22090065129131511
0.5888889646823711
0.20169931410067482
0.4547846412860903
0.05415526485174264
1.8388677946980272
0.25471670863406914
0.32638052886060065
1.3085659058133186
0.26130675994016245
0.19355532514843188
1.3969207603955678
0.6032107652794276
0.11940823154624121
0.509076808918972
0.6803826674171821
1.2891380240335166
3.2883681675236414
0.3493723966226306
0.6577128406767296
0.36201904173423033
1.0756830092545608
1.606015434629289
0.446771059590568
0.17561398459392646
1.0628975391235225
2.9320928729971047
0.3352699927835057
0.5752778987208531
0.05551223029305283
0.6909156730313821
0.49076363882017765
0.0960565376755212
0.8362155817839048
0.5443112178067896
0.32800582284377094
0.7463483104367824
1.4729164024209416
0.7090816422638724
0.08798241775023614
0.41404899871625944
0.015776001878254113
0.12687841607549533
0.9025045402055605
0.028583119232114637
0.5021888559736917
2.120143240075977
0.5254659568220292
0.21054463642464336
0.8077840629267784
1.5189209672218336
3.1156227624291084
0.6272129591887177
0.6270676808034238
0.7224633592874113
0.7012962187489893
0.14002225496949572
0.038627756813835436
0.030840116217776815
0.03254140884815679
0.27749338919260746
0.8833925086046215
1.4057630606995373
0.5074047108363522
0.1251997451745945
0.2156547583935051
0.34513339205060095
0.6708051779059373
0.931387007006747
0.27050449588099135
0.09599086965104756
0.08616498642241663
0.3033688342574753
0.21391139627583314
0.5949458528223677
0.5984163271113839
0.19140656384534185
0.14156808036606522
0.019612946276061943
0.38001710681089274
0.32625989918564785
1.5160815414364062
1.0096960082860094
0.139674191160144
0.061374226372412945
0.08781313132474178
1.2273077223005882
0.10334235537181102
0.20225704334963862
0.43067689136506715
0.11264949476111419
0.1485550198115214
0.8076282408948854
0.46186731167620193
0.784774437653479
0.707203651493852
0.6980051221645471
0.21381556220635067
1.3089579361982482
0.22913934927307095
0.4197672229296746
1.0743860052044567
0.8857177066190425
0.12879625526100916
1.1474477091449333
0.16570025594870325
0.0929712846328861
0.22135296919323758
0.742110728195271
0.7692504848275761
0.10099983557589214
0.17595593978841323
0.33015082288343184
2.582179107530021
0.23235759612749435
0.31117948051845884
1.1058202103789707
0.09916837396420615
3.1949693165063167
1.293902628564085
0.22707926689429714
0.7100757769446847
0.5054442038915593
0.654639486971173
0.4531841950666313
1.376238691488991
0.04759390011768982
0.48094424319405743
1.4919804369402299
1.4437121356649119
0.3488779172057801
0.5713998746100218
0.05076809582289874
0.0976359674706955
1.1370559114344732
0.10301169250778855
0.08935054983227583
0.12952293746428964
0.3593775764864103
0.03331756224839988
1.0514760446091764
0.15080829004357135
0.6440325001677135
0.5682553141538802
0.6398275116322726
0.2590102742868648
0.4100498963816468
0.24666037768110594
0.11899055288376585
0.45378686870731644
0.24603674350284593
0.3853902742987799
0.22102376606366136
0.009556102877851963
0.13065620292933006
1.3882745341565417
1.2096027293059508
0.3414134484157963
0.5957795682127893
0.5156977508028865
0.09163202174754068
0.6909070850238028
0.2776073200280772
0.6258992653421918
0.47465917452204076
0.08615799144918522
0.23083531273876906
1.8944382572313987
1.2356968951936282
0.8148409988334474
0.8320853851929009
0.16194447514521837
0.18576609288775522
0.14486782761554215
0.4149594046675874
0.2577037185148827
0.8711261954956621
0.24638211361581674
0.10703334988474048
0.10036366185829364
0.13228492982242665
0.035950679399786814
2.7093788833267953
0.529623534937467
0.16233538592056063
1.0398831838116949
0.30997919655995854
0.15168111647631463
0.26426798509367333
0.16990560670411978
0.8375429500510617
0.6616662671031992
0.03792619438205694
0.2854187791892868
1.11527691666476
0.4396984550599837
0.9582151682823697
0.7871390628977761
0.7540832700799508
0.21190340723703172
2.1006306731101274
0.2825119665288305
0.24764784603306314
0.4787228599144564
0.2501160926673102
0.13674803243393335
0.2947893291000958
0.04105874249409094
0.03750918799827226
0.7516718440085148
0.596869315139465
2.323444911200415
0.2393037438338734
0.02345578249557473
0.18780504035410342
0.3463134834978931
0.13816721656911848
0.2750686387968851
0.5200620602488061
0.08477073523103391
0.13537016660782195
0.3187228742184457
0.3869969067789343
0.15660372950022514
0.7919842531042665
0.7380901351237855
0.15776953916073772
0.32081047024617654
0.08439043027149971
0.11796742022094615
1.3798578015754288
0.04544104764100719
0.11467072948622267
1.8004037334787548
0.06609079780183241
0.5965393291987151
0.4155588060657826
0.022294357369073203
0.39271271192284335
0.5371713212318333
0.052528920196159984
0.08897662634295006
0.6168772906178391
0.11195278575369612
0.11199481175451687
0.39986264508559377
0.006215051526473311
0.0801262462552786
0.4106964285769258
0.3340598649627849
0.21099930137215853
0.7226664856850713
0.557425232414576
0.5465128357354816
0.7460533905088945
0.19775712763207243
0.1488714924919036
0.540674605735426
0.9545027112364686
0.6981747198402932
0.973702495546911
0.5199612892971931
0.8149184042452382
1.7764123063434059
0.4066827387263958
0.6376454401160687
1.0459628363206495
0.8969314194197683
1.010068746799706
0.6859065891223491
0.7071499128444897
0.23287684293370145
0.7704705912120324
0.3631550649788079
0.22216309497540748
1.3763690722782205
0.05097291832531078
0.3698466840379568
1.2382533619158673
0.6585898581156913
1.1843414989467134
0.7415582759759883
0.09050460212423639
0.04576947502720454
0.31870081866498856
0.25601097909709863
0.1817527199900033
0.24822570655987894
0.029750067367032534
0.2626092576724528
1.4622080975561202
0.06946229526435455
0.13731616813202813
1.2407743821880353
1.2341480661026867
0.7501671375548371
0.6668328107526245
1.8357867071707776
0.7535921347378968
0.15815018518162197
1.0979312469346325
0.3033832720494615
0.7594349619513553
0.19860391323667903
0.38808753113029576
0.9739872574541804
0.4618249884402599
0.3210826848374748
0.46018204294192766
0.09546329240984117
0.006713217666526365
0.3221101168002983
0.03132754251772804
0.1879198645019321
0.3643487533842434
0.31881767666243277
0.060786319973197396
2.9162170592784067
1.1569902003253187
0.6578570154414514
1.2806940276957661
0.23678807177525313
0.2343364047353667
0.2456435928159412
0.8248437927098874
1.6058623271125405
0.525456560235766
0.1231142274375147
0.6427223009526379
0.4623844071197547
0.04737288947289998
0.15058905074465243
0.796289345675013
0.33770001487476486
0.4835964406789047
0.2659991668564738
0.13039825718024697
0.5965986510511916
0.6326498601104273
0.15468442680905042
1.2683744315949346
0.023680687574825356
0.7508556869462439
0.49765641696471663
0.1403229103776034
0.9999014663994745
0.40661213845437133
0.6820188882271457
0.7786519725018477
0.37197578879748155
0.2854530003683663
0.09989317388290099
0.06132589734801641
1.1565685795915037
0.7406054729118998
0.7535250907129164
0.8191041105142824
0.3879200823146315
0.12748439681455623
1.3846230622816647
0.2456476578511976
0.33121685410371593
1.1766636197357647
0.8697506704231115
0.12006023045694737
0.3407430704667629
0.13289645122822474
0.1281114798886889
0.6381501272864148
0.7262206373134479
0.056181152978972665
0.07124137891386884
0.3171547123558258
0.543199918149468
0.08597216316425042
0.03284052998093948
0.01995619130961534
0.2454645687228489
0.09693332763062763
0.2960581721930828
0.6577580902636764
0.24332119868084615
0.5565071807339091
0.6678584231784069
0.22803072101851124
0.2741415099252265
0.16398490767037843
0.3306961392777655
0.1886176747941894
2.5354756257432385
0.019265406189608914
1.381389104012108
0.977447318240941
2.071257307730804
1.3260613967167225
0.9513253778212201
1.5650241326499592
0.5037797108050863
2.4208168792732003
0.5951150575593135
0.06582839468085083
0.5803339696526179
0.8691644631208211
0.47802633802414735
0.35526016619182
0.40705851704398244
0.297243450849657
0.2345337945574
0.8822268424207921
0.35081752036959113
0.59561362199452
0.5383137723131604
0.5317772971803412
0.6707348399316324
0.08887758626222314
0.775948148666069
0.5499571877764438
0.302702215276751
0.27869487276036503
0.7572169654680305
0.652794118281571
0.3184463384813344
1.0147186369888854
0.07389325645843654
0.11617951568244923
0.04107674223090444
0.5005277838584412
0.38061898269232564
2.3822043528471686
0.19705388170142907
0.7007648695423371
1.450397413382739
1.0694311028176304
0.2643124855042786
0.1650544368108899
0.4242094160804761
0.9311336367200032
0.22505155141613806
3.8844499812877995
0.4085866752025999
1.2608342073691006
0.6329970890530561
0.26187177547505663
0.5064130931786309
0.22770508448372823
0.5469979938627405
0.8668321847347141
0.1324829799165338
0.15956299575982882
0.2317054541792984
0.14228156476154433
0.6512543451501775
0.8551408878180761
0.2865331753766173
0.023443687599810258
0.13308699506154664
1.1527858238430333
2.604635044111423
0.7436169730405775
0.543122975770269
0.4776085571412943
0.6658923462554655
0.2935354319066678
0.013300131297736356
0.9801935401495455
0.06936109166830925
0.6362427759561247
1.3559246371631513
0.5880709897174423
1.1566487782845867
0.5071242650963073
1.1160049791488993
0.03797681691844792
0.51909111660822
0.9428117340767486
0.31560186117016925
1.889384574201145
0.9116809707545108
0.7508744162325183
0.34959831086440213
0.013252400212037425
1.1432184769224867
0.6632386118712462
0.5216325566637591
0.26713106320950203
0.3718944415748929
0.3009669303199245
0.08421199342825907
1.7887928212024178
0.16161800068797258
0.26478053783601285
0.6016009537195615
0.49352861186963976
0.8551033738082322
0.7855831139891665
0.9910948423317434
0.2711868920679627
0.7256086967657294
0.23769599262927135
0.030302009268433086
0.8927950027998882
0.1150753070387168
0.30561590594423316
1.2977704202164324
0.35185879128653624
0.11224664275018235
0.2119200330433237
0.5248998331779586
0.6800075927527282
1.3747982476038914
1.5933252200978205
1.1667453679778503
0.09063862797723485
0.6239378386479666
0.08652873893632003
0.43292820247787234
0.48420139489216685
0.13719554431541772
0.859147082073896
0.2899046160857764
0.9685849138690799
1.5930167079005533
0.03573326772386118
0.9071668572782626
0.18749832756669596
0.21821502301129075
0.12813518105772437
0.9843513019170288
0.4407068507776029
0.020844403829796018
1.470300145824311
0.9415581712311956
0.7119288938035093
0.005966782369193605
0.27989178465713976
0.5177073401667516
0.27283545596823955
0.26781537944564715
0.3291129761219718
0.8695782967075112
0.558718657032389
0.2944254822208327
0.2809016847904985
0.04240316950984132
0.009193281431507865
0.3603708354072993
0.6403066875027706
0.4710219675504457
0.08021954649782378
1.0177959989674799
0.6988345431776616
1.4416304297768763
0.5895422641780539
0.403453966342323
0.10222393257372407
0.03129899971189276
0.17189384428409085
1.6740052248293769
2.831616572400928
0.19440977218207559
0.16675962892052495
0.7052840175586356
0.5413001624200056
1.1991077168294701
2.6476366427466544
1.9843175969766602
0.17223980308788478
0.4704482178203703
0.704321681665319
2.2853309357620386
0.19690389964162222
0.17168649304506473
0.27855352751524387
0.10807490146034775
0.12539154015207718
0.9759885368645121
0.38725336970849167
0.18261708947385152
0.29192521896668705
0.34719598923917433
0.40829297678866894
1.3232165761966193
2.022652048908847
0.4357952473491781
0.7510780351347293
0.23364901447044903
0.17268715334717813
1.3978549925946413
0.11909864566650888
1.7602678475482538
0.6421429285904204
0.5771448938104936
0.08052489217893638
0.950454437178381
0.47723457950314657
0.23946111565856307
0.2295219756115812
0.6134098408720496
0.28833485532107644
0.9129412639306366
0.16003951597802551
0.15940287038610645
2.632100905646091
1.0793883726592257
0.4034130312578272
0.9440762814392019
0.1211259118190566
0.653478530563355
0.2265495758416132
0.2171827109965043
0.4087922986534416
1.377372930716098
0.3001695376370516
1.0020727002823024
0.19461497834901073
0.8029098165411134
0.11940176435014788
0.8722316535163912
0.31323710797481524
0.14056088745938924
0.1188404023224244
0.05476377904269822
0.020119718162855883
1.1484499729565865
0.634619423123298
0.29612268125089264
0.9195787118938397
1.7365624557813277
0.3166304931726652
0.9165463687574673
0.40558320269623815
0.033697810255801465
0.2829263287623859
0.11619725352889594
0.23365045493174316
1.2477755552057719
0.0277534445730637
0.03501684785637358
0.5297568904015015
0.3767217831048549
0.16615366049634267
0.20422688981344256
0.08811032134774048
1.8750794367813781
0.16868476573756114
0.9168781216678789
0.08673880798899526
2.2535282487964636
0.12596430127245134
0.21238390761868112
1.0750464596297566
1.5701254646867884
0.24414753490501984
0.4510380456580584
0.14681204903198625
0.10912845334338253
0.7728801589684168
0.25108818386258
0.1498305876929907
0.6440273010929957
0.2646721125984577
0.22176519100594339
0.828772397322746
0.46074396409436025
0.4957705818635416
1.252143936769238
0.06637215834274582
0.4590379672428096
0.4701493549780821
0.18651444933782582
0.32118027691458717
1.665281006278771
0.41595717979784846
0.806866803260802
1.5059505418185544
3.6314282035401577
0.9562205790272745
0.7643262847038954
0.050551247397576306
0.6869831350978188
0.5446736658203415
0.5834401406743768
0.11745993497425948
0.8322098329517719
0.38510667217534983
0.1056783851917389
0.7101382641069586
0.39914791949050776
0.20495472229609518
0.9393210387010688
0.5822003806221464
0.36814794249144706
0.4492104243836429
0.4579064409088842
0.09081962316212751
0.14933939631508625
0.05875419268946296
0.1194731131197523
0.4075976691907787
0.17307995714885918
1.3365068082642673
1.6971799842074904
0.3787950910287325
0.253800437059909
2.0404141040932373
0.28106865142559356
0.7779196461650135
0.31522996109277296
0.17409280884099745
0.21729403389984236
0.32454794093958245
0.6944900255443593
0.14825501077743294
0.01041923413105661
0.09368539080658383
0.8942303927932445
0.06177169956099814
0.5710754578312548
0.5814261467081272
0.28831161277112793
0.30905029181837834
0.08905712062821604
0.10709550344529142
0.15971963889114754
0.14995676045123912
0.8444796124315378
0.5828288359862658
0.09238868774733862
1.0864673732349035
0.044822988603867214
0.13867821603524672
1.8571011418944519
0.1584789556635807
0.08657814248637288
0.32051791152272985
0.06972077270019375
0.2655952797467175
0.5242120838727581
0.05983787320703151
0.2293789461895938
2.788385134830318
0.04520865745256202
0.9549911014840481
0.15686183150359528
1.1357438344636386
0.14983429552859148
1.3980080053460169
0.8490874166937646
0.2819608883590039
0.4378218216692211
0.07329786701567786
0.2113534051478534
0.5137431419344655
0.08741075581074893
0.11233033507562716
2.0423331257859054
0.33078722415057893
1.118404668666274
0.5236446609804047
0.040723527237484285
0.10371062126921234
0.9356076917863742
0.3966562128624803
0.26906342882519235
1.1350705047529328
0.23253061506150688
0.22757494706660822
0.2801212918322918
0.4060081079012782
0.6691134955152545
0.984735000515855
0.24727610635826616
0.46303277765373646
0.8203599708152584
0.09541791087881363
0.2437902472356869
1.12969293904139
1.1875908205002172
0.8392163342855244
1.9894180067765104
0.9859472248261981
0.5033011657941472
0.8490924609922706
0.12870910578849395
0.16477153487090485
1.1294772011815575
0.11047388125860336
0.5783686002877922
0.3873335162609326
0.7415536329406973
0.07975015997104637
0.2131031180498416
0.2654504548223313
0.3470677950837927
0.7128091598407865
0.03403506178027432
0.03891074768293866
0.04591987367323059
0.11710443788985682
0.3255208660505563
2.392347258027937
1.080313835975101
0.048435795479063175
0.37926321464869156
0.24326096226745936
0.05004492578701604
0.5072218926217156
0.26334950013715713
0.058279122350216275
0.5580894869093009
0.221994231993576
0.493184301618654
0.4194743679185857
0.10889544261944464
0.1477801863735599
1.6409023311341653
0.011303260392585932
0.33244749941935287
0.7082032535529394
0.42088416238652565
0.7231704691026537
1.3429366185131697
0.3583110964440748
0.42782577649877396
0.6666507982950032
0.6579189955271763
0.6927550260053801
0.33343501113528556
0.5026094767657889
0.6079976478151391
1.406055418620677
0.050891992777962705
0.527344933181133
1.308791110987406
0.8642451988381822
0.21489965899363983
0.1668526806271702
0.47282766016550615
0.4204873078078812
0.7764049490756817
0.5947595965776162
0.08358084817948423
1.4740146974397799
0.20701494067603615
0.49486165257749415
2.068884529843142
0.17144133561208355
0.9716390717231886
0.9894188472010019
0.16359634722957872
0.3512593675648906
1.5923568236206638
1.4095521148780885
0.3494571973955756
2.0132579937482893
0.17317154266717133
0.7470350301196447
0.2750560100249191
0.49520187014531386
0.2682983428138245
1.7644314328913786
0.27623576228960833
0.7531183993740086
1.0080107790262522
0.4544492998246714
0.07914448146183425
1.1814167176667456
0.5166361027909918
0.13292674723066014
3.4626408247801073
0.9819944792025981
0.7630696663213051
0.7007127788473945
0.1503572800257052
0.48539803375330287
1.010794632223883
0.07868810948582035
0.1692644829977868
0.685802570739963
0.023795468585523057
0.1148170599245905
0.16621423672131128
0.694717268399195
0.1453988219743813
0.485322059840269
0.4165998093273446
0.34974470032091887
0.40289520494535913
1.2134997182359966
0.26963574937072515
0.7925196208112993
0.3598448986699919
0.1666731009187192
0.5677746746930012
0.14964632133754388
0.3629091647998723
3.0359908063449157
0.3680603294683453
0.06856974857290718
0.3583800426075651
1.5216812237322754
0.36052284814766367
0.3604983002509776
0.06441747874435859
0.7512707760888784
2.975143532140121
1.8219062345257526
0.18376743654664945
0.2862219888123256
0.8518819584024191
0.6303560154000817
1.200767333745577
0.266943593473351
0.38269854551014987
0.8721945317046106
0.19837424236075865
0.35008661364817867
0.9670234103337516
0.48709590143035203
1.5526197980757195
3.284689460558309
0.5990656966695046
0.20769362546103062
0.3804509914127455
0.46861517659322693
1.1984674066638723
0.9452446967374506
0.9685331198161369
1.402579615814773
2.799750695309432
0.2750578421503892
2.3335109568508554
1.7263336254575175
2.730686402414557
0.8842402316543596
1.010633187362596
0.5936856496806028
0.16416817977502368
0.7644022304393538
0.54006420212219
0.9480578984598496
3.8155469963244513
0.2721436651448319
0.944514619742655
1.9918213620873901
0.9673644627777527
0.21525163500625596
0.3110897466570131
0.12495848167431833
0.13462736981086126
1.3719774243874217
0.056814929428039236
0.3015053638763804
0.4557798890415041
1.2090794098870903
0.060119686360806945
0.08248045385843543
0.19106119891305257
0.44509892484897057
1.7609182849103002
0.0702031841928228
0.4552564087459729
0.9585297399556851
0.3609314062152208
0.058576983335926806
0.9254929493473779
0.2703074060172501
1.0489038771904378
0.7685739365776949
0.03075977216408104
0.18474950682769328
0.3625640562361243
0.6292489996171944
0.5767629880574239
0.18623427679081714
0.2850620709109794
0.400563826310752
0.6062922673586856
0.48054537815011183
0.07581670710135176
0.09856039744876738
0.9260069073579711
0.29522147024131307
0.04021868133912366
0.1146423698928183
0.10669256716660061
1.9501464169523186
0.2613487358226815
0.2738918925345702
0.9655318642659927
0.6889236373027023
0.4175728866787164
1.445738422403386
0.007880281127528371
0.9531144482288259
0.29472736131525745
0.4818108582550943
2.2453238121828587
1.7660309074026017
0.2663477447445231
0.462659489813923
0.4925095281211001
0.43574106326432493
0.13635420922005034
0.23640032440023273
0.1578760045679994
0.711527473108529
0.13082172692786034
0.2565216205505087
0.08072951766844373
0.5126372597287232
0.2928903687374916
0.31181490100200765
2.642559029074723
0.7829003801802414
0.22851690188140206
0.3081542679829975
0.42242453880792813
0.2571217850476042
0.28508863072141133
1.3239978247769546
0.7350631303332981
1.592196712254543
0.5237346144569612
0.7430193130847811
0.3263245195743526
1.4617953716289518
0.8441422799283553
1.0205455988654957
0.04816152057202133
0.32255038200961417
2.3323750155818885
0.24203476947785638
0.1427280170972721
0.7659903799818207
0.46430117813889643
0.6321140918920651
0.1792733850268066
0.5032387837521723
0.008283509700002738
2.1766802147261077
0.09359032372008028
0.4779120167052422
0.9446167041844511
0.21301710236351043
0.35381697803200807
0.5791982759473502
0.4095644287064145
0.011861928075589237
0.30674221819579767
0.7594522217427897
0.6042706065577649
0.362071634484572
0.38210606683127224
0.7494600699678791
0.739134060614087
0.35825278377582775
0.18799096631489623
0.24139096770584614
0.12924200762905869
0.6845051804388673
1.0372288720159988
0.6808457484078254
1.2630347168360712
0.593476983235817
0.44111961080735373
0.15923671046908386
2.908171544497232
0.18535459841559906
0.39928590454164686
1.238348408354437
0.10676895931404475
0.11251774789107392
1.5209762650965029
1.6195308820892642
0.4098759040991482
1.0353469104140225
0.32793341307935653
0.15877973667663242
0.4619508840060449
0.1540914635239624
0.8462432286243095
0.5264645729396589
0.08061301240138166
0.22737628258387074
0.02648894540504463
0.193820719689838
0.9343750678069196
0.01693363447158699
1.5673341914974521
0.07612719007922547
0.09329090034962316
0.8893052612989992
0.7384958055446041
0.13442964219555906
0.30256139562737944
0.34827748489690763
0.8262437929706242
0.7374688661534984
1.1087048780045456
1.0547715302389093
0.8795371410543655
0.012085708542093801
0.7137459050825904
0.2574767659433765
0.058569836215217996
1.9865506134727835
1.6545966388659443
0.5016583766492483
0.9474571262325787
0.14851504058064116
0.3104536699853264
0.11045435095199942
0.14519501270398114
1.006988941416975
0.5593719081021974
3.323440537489405
0.684352469564195
1.1139606110643832
0.10385528511929343
0.4913703899705631
0.14993698800754876
0.19593134158176842
1.0995714849788336
0.9947614418077716
0.8407785456425602
0.33307412773364675
1.4823482644959212
0.33637408782140366
0.30984267438256047
0.989169667957386
1.3549675022117629
0.029533683420733023
0.701130838274518
0.8870324227064447
0.15041561164239473
0.8911745462301514
0.4425843355397641
0.1565653336140039
1.461795641732588
0.29491136036633764
0.31412098713164704
1.309560429521288
1.0623357359977132
1.4223135188125968
1.2612903855242512
0.5338303389057161
0.15881475911425932
0.2571946574458723
1.1842352316451317
0.6162026384797002
0.6054653676030252
0.5209931586785639
1.8060310435643052
0.48312549900552015
0.09066681940009882
0.47688051771734513
1.0540599008254496
0.24611719929471532
0.07848305767529502
2.482716717594128
0.4332573262970944
0.658270417787035
1.9659654907746291
0.61921024791231
0.1287943618480687
0.40067635691704323
0.010094326647787252
0.020266095749617016
1.3935993312571797
0.02946187331338069
1.0603623463445417
0.5164591797842271
0.5393304644030931
0.35250817758124575
0.8912784822056741
0.34629583701848204
0.8217189262943458
0.06889051208727863
0.5415388364099059
0.22794589748889818
0.9712952841433705
0.8918324267584714
0.6592506691764504
0.6697678328329841
1.6827856837265078
0.22183807737509606
1.0652672010068862
0.04486896303600343
0.2232149242320633
0.06196291681447876
0.20739782035300547
0.07964466064026418
3.759938397268653
0.33534904450994607
0.323862707322834
0.22602158015025337
0.03921664239705233
0.6038041261286092
0.6974200728988413
0.07995011748139336
1.375165235174936
0.4362694219340357
0.9233592204613768
1.8901806977002742
1.8896307425265613
0.6097667407827893
0.06142113893424694
1.7169972309234973
0.16391185513156728
0.06772414131101187
1.4596119948928392
0.10796582785009434
0.09939737059813497
0.21463618501139853
0.13631462804245292
0.7160308489382828
1.373642365873988
0.7608378626048133
1.384047469076138
0.17423269428997046
0.07315744703733432
0.3259686967178946
0.3210954286407175
0.31701195582576636
0.31897581046621803
1.7964166359731708
0.954613610656765
0.2907475733344601
0.6167971535602016
0.3354321014956399
0.895356840615013
0.12159462029923122
0.010264692962361145
0.9850592244344735
0.7461608229159984
0.5500275507465947
0.006555712196254506
0.4951961742704739
0.20115226510480533
0.017897787382361873
0.45788692176012624
0.136470086538992
0.8098198007167787
0.6539157834825209
0.43132473670692123
0.05399958606988025
1.312741325204522
0.9560617393719641
0.20418826773946938
1.395674948280463
0.4775016233913998
0.13334848219712467
0.7954822548989243
0.5639540807880196
0.20997888055631606
0.16267308937568437
0.7527444235069444
0.10531174237585218
0.3020151540694677
0.973122087801
2.048777965907607
0.7483268226157287
0.05773547514174186
0.08702380340534263
0.5387037557218554
0.20853188486347987
0.36854091233297626
0.686343403609687
0.586962877272457
0.27283734456478587
0.6940129541302986
0.07976162567261282
1.1023937801042871
0.059806976158151816
0.16213581188590695
0.15770473139443414
0.513971888074704
0.1406155832958965
0.29355904389808024
0.5570607375364365
1.4110538885611115
0.8979872132892187
1.2568583036697736
1.1863215217378773
0.3181230859196318
1.0552207199640404
0.46776233159528025
0.2640585716500151
0.23369569710557628
0.4328979934868352
0.18983589660071054
2.0320576099967007
0.7552014261589656
0.3099970324190437
1.6528524858704934
0.02982848251147528
0.019976933489794815
0.2072740502394156
0.5611444094908876
1.003307916155893
0.03508802470857549
0.6061341890494856
0.4025928167105985
0.6806224280022454
0.3738431959096832
0.0928629591818193
1.0808146897557778
0.02879927504441252
0.6415664702586958
0.3268744005184448
0.4305324177416606
0.08212352257077517
0.22468660343507899
0.12864292974052788
0.29531928382866846
0.03343270123507944
0.2653612302339783
1.1132502884344517
2.238490364524089
0.6311093087015942
1.3084366993089735
0.9213793866843207
0.10557044815310668
0.05363412992228519
0.6170047452651674
0.20207392646806077
0.1123854527647668
0.8477690151741447
0.07251115901040449
1.2023484071421646
0.11444293912896913
0.09693081048530446
0.009081055855949115
0.11315371370559564
1.6935710454158257
0.0628638126571092
0.7973466503873946
0.09514156998108148
0.17225136928027282
0.4951172944962198
0.2767804861223756
0.2714080911212495
0.5788491428697554
0.02369603731444679
0.153774504167058
0.4169560557976128
1.1144931916492613
0.009528106001608288
0.7673515110863047
0.9444918385271173
0.5386694448009792
0.1898449118567147
0.04399076408809903
0.21865799284339385
0.3899909826234703
0.5304331303106233
0.42719250906817496
1.1229718634905668
2.600115366046896
1.0390268657949602
0.08748933378800815
0.019365182904555314
0.03491659632795012
0.4215848467908298
1.7927770194996167
0.8408625208452316
0.8293905587412093
0.4154371360778047
0.9638321917588061
0.43894024831849104
0.6857379380705946
0.06731848682943227
0.24751906626463974
0.623102109657109
0.07468808791344433
0.6213407709484547
0.011916502767705534
0.8415411410005088
0.5862206058659314
0.004134555344860523
0.10739078804318433
0.2891803691226605
0.03283637537029077
0.03269796496772344
0.031041248277313267
0.5576052378943708
0.9726362571484449
0.14331493588306543
0.825298862754852
0.508121353922927
0.47201238731796036
0.8406012419581741
0.7325078444392588
0.9681461367796528
0.5717519864478177
0.5251077569770748
0.32843313797258683
0.23415238887498674
0.3215930792867928
1.8923724113685692
0.4436877057497841
0.6907004052110466
0.7974405701689891
0.022177128247103682
0.18296138130510997
1.0064174165177548
0.9517414573796259
0.8239566818772143
0.4173410376038078
0.40913028993622336
0.3557105239953041
0.039853285555585594
0.13660870554376667
0.031128264688445838
0.34134394168497617
0.8133239987892472
0.526068182742221
1.383824969205816
0.7855072663406594
0.09031204840878111
0.7375311259812034
1.2588896200686672
1.2228491248076239
0.956141813632245
0.20967263100917768
1.1044008379346988
0.35659106018062303
0.5442421167082185
0.2224026130635075
0.6142469788960632
0.8048165433968236
0.04494497894907105
0.9598665921196265
0.2039043396555151
0.578863599761381
0.18619413436990112
0.28410359084113646
0.5793275088342636
0.5445989401781713
0.16398826134049083
0.27887225772821256
0.9825631400420882
0.7902563621564576
0.292959853455487
0.861633896303893
0.04306557058624015
0.07375603119005969
0.4628349335158436
1.1373536480085151
0.18274399564631355
0.763173852229156
0.04458658927359706
0.13552362457589304
0.7441106260407313
0.7120238172658556
0.9319598873563656
1.9449730143407598
0.47485370658895626
0.6341852611157803
0.09742255083864657
0.4363690547563712
0.43981336043400254
2.8631059794193052
0.5857126506381339
0.4025906428281758
0.3103837362080571
0.1965162443306585
0.30780606414721434
0.45678643623422654
0.1147279015068764
0.6998202061073738
0.6675066781206972
0.6573523894695799
0.06401837076392422
1.7072015812063372
0.6469092615163173
1.1056040691560935
0.9837261291774352
0.10966726720786159
0.24996349221871933
0.5703874146537617
0.42429421505763837
0.17383693817963494
0.46314191953609407
0.8959262946508176
0.2093169452551119
0.8047882729670516
0.055157593335305115
0.08639828190229035
0.7486689306323528
0.033209588465287314
0.11184196338904874
0.36528919542715105
0.2960418525897212
0.6989051692604512
1.0893547839505011
1.0362646128518676
0.6569767537721896
0.34836015257224323
0.5087027865147037
0.037024732582608674
1.8317646041363342
0.5408569664210695
1.1504839579131043
0.8993511162688546
0.18968768438475667
0.4970843856815798
0.5953963765852315
1.6656915242375625
0.08078886170499038
0.9988055713011661
0.13859573281559734
0.21886426037003504
0.9761268626796012
0.22813276680856645
0.23889799368104847
0.8917282670304879
0.41065683878423115
0.49635325314953127
0.5378714508113438
0.044684986826901446
0.09000260929981013
1.8464529793509197
0.7297163433182038
0.41110156348297616
2.670631276938776
0.3150785284337217
0.1573894811163896
0.3861424515448247
1.1465010565985299
0.7525762022139498
1.508104183308806
0.7219960557326863
0.12710537332520258
1.3579271814401437
0.24058650114640046
0.46739788242980956
2.657524856767022
0.010414451125580313
0.6172948434424715
1.8169960945606176
0.50307417658319
0.40365018193840796
0.8697664527874553
0.5284321250934088
0.6174081876377815
0.5669052741764509
0.0007648570930106065
0.09104355553405517
1.0018840570780154
0.05621441038571152
0.1632124054063709
0.5441843071687412
0.1341187747652726
0.28094153113912296
0.8857771633165911
0.1033727648789199
0.0735524166964753
2.1349554702585065
0.5292003948972376
0.25357176296610157
1.494429190755975
0.46281656071627675
2.886235680203325
3.355800019592641
0.6994420085375487
1.0633588024207858
0.041295691218579934
0.7342452133962004
0.7939340380626815
0.7378813587397753
0.1367740875863173
0.38084850598987857
0.5077673364854599
0.4555059074012394
0.8430824774340855
0.46871188751182213
0.03512128600399687
0.03606176823208322
1.0232904875201412
0.533045277751732
0.4404154244184141
1.3336747107303806
0.2986883073113662
0.6151391883772647
0.308148347809447
0.3067950336869457
0.497074387530788
0.24531181340922414
1.325949188279492
0.7024919758245993
1.2919411767119746
0.194765512883687
0.3803326653625231
0.26133322683630666
0.30959152454345457
0.5291664717836764
0.41347824591743726
0.36783620753909935
0.027221921945143605
0.6355509038829341
0.6638039006116718
0.055573554898711894
0.4575453237443242
0.38339954734870274
0.4641597106519637
0.5581191662774299
0.5330371307049193
1.1747727679993614
2.2804133058210567
0.06286088306583412
0.5344310548948292
0.18081823894050192
1.0721288479857374
0.0628550247024325
0.2228215763356584
0.4270156598490625
0.981218290015928
0.14413813081519142
0.5188528050361357
0.20583617477644064
1.1164734970284709
0.18576926542013358
0.16921446597636086
0.5403542559056547
0.08369216412828952
0.011902745283372667
0.4217317919803024
0.049651590004680564
0.5114846883750072
1.6541752360707493
0.2136451468412832
0.25795646232967184
3.0680160844943805
0.5801982377358351
0.6106643704366911
0.13715991096640048
0.05351146578943695
0.9406243331866542
0.5793653911382537
0.6761625558996783
0.39331580100769375
0.48950211734116356
0.20947492847448929
0.055160520155946836
0.6143799191499274
0.6720826530980349
0.4632002752606799
0.10636209509758708
0.3132626572399884
0.37685892429781637
0.29224941690325845
0.11994893648793037
0.7582685495655442
2.038567935357399
0.20267932568769034
0.3216988650335886
0.5731406217768185
0.14264872183322402
0.0865657513112027
0.4437839647916208
0.029306124213408512
0.8621294090360507
0.385545780580016
0.5273539648620286
0.7989807499136808
0.4942941170783648
0.4625543579807782
0.009248443443256527
0.8681828495371766
0.3628123898331058
0.1403176043008811
1.1922984954726836
0.4986672064173547
0.7394993206466207
0.39341807189995665
0.5019974596734351
0.614652647829275
0.5917500779849793
0.07412678421952791
0.045811284020285885
0.2846799801726147
0.08283394988603275
0.7069585888600095
0.9351006823634482
0.5839311817962733
0.8177616817342241
0.872179485547663
0.20456767403563134
0.400998089749063
0.3863474533812421
0.5282705493589429
0.050058828867760245
0.5640809829676539
0.2875124988210945
0.32857001955679566
1.1121428475054704
0.38094960066520067
0.9474459851168949
0.27192633599787086
0.5933404206499222
0.13686549845592516
0.2850036042593938
0.2497935696920723
0.7458154355917717
0.2908442036366047
0.3837096841405545
0.9897908623254054
0.9462455351781471
0.07135988101662538
0.5584237616549439
0.35967074437192226
0.33254017125181845
0.4728896617623944
0.9357541378335444
0.5434467338976099
0.3812306363032
0.21376554617296553
3.548628700556345
1.0571351824362998
0.02593810189361241
0.9738970518484275
0.2471844721984613
0.33316205252795267
0.6703404425540442
0.7518322812768696
0.35237245518495386
0.2666250499014305
0.721299241613089
0.17156505467673547
0.33075134571835807
0.47936178918145295
1.4752755996381208
1.2569171078468233
1.068532531762058
0.1338641143139909
0.1339629115758298
0.35027401941916875
2.505440257655177
0.11816230062936932
0.06144638861187015
0.5232055645897953
0.5957900087653558
0.4167154901292174
0.7395702857835678
0.04540300335385022
0.017162152708390756
0.06020234507421616
0.03233118688241414
0.13859612373465702
0.3420217098853839
0.42300959448093234
0.16417128714974868
0.6809055451549981
0.01571752197646493
0.35961794129880376
0.3510917989344577
1.309447322718582
1.234033786654007
0.7423320280901844
0.6316924444520098
0.6443985617604644
0.2588082611662116
1.0487020545818897
0.5200212393797932
0.1639913501203205
0.17635647340076416
0.23380618955059884
0.30259740360674303
2.8099697686320355
0.20248961035625937
1.1218181913317988
0.10121388006217422
0.0458243256148952
0.06193840075903726
0.38019726622808514
0.30024191921204624
0.3435571066430653
1.8179827502548933
0.056233569365881864
0.22860508276146455
0.14003103937649417
0.028764821813620257
1.0420868063841042
0.17015359089388168
0.33774443960513095
0.24864740192478393
0.1497866459605257
0.6535949391898072
0.6355315234955387
0.08580620395135348
0.11843156395369836
0.7705038341379641
0.4127647644852841
1.3592558234497196
1.1303632877721124
0.49321715365348223
0.36741889909427855
0.40964099067900045
0.2594253931885507
0.4089294279636202
1.214679510048747
1.22698778371211
0.06693912084174482
1.085917555022601
0.027578321602962964
0.6095096923779468
0.19511248609609758
0.18386826296536365
0.14135549762795022
0.5750434529443796
0.1384750888026973
0.3673859087465966
2.3890131419116085
0.4125657015784282
2.329083722227911
0.4925972993544675
0.04574086562551533
0.08430588758589962
0.9106520132487029
0.12778911252985936
0.3006515759274412
0.844875471559251
0.4067026727276375
0.04327523420296078
0.0719101561656052
0.5670738025228063
0.554991249760382
0.4653791289660829
0.032618683435771574
0.23058132727257355
0.3434302751560223
0.29460606475315393
0.18303835167279123
1.0076332567088908
0.05675133651218553
0.43654392153058075
0.5647120329018138
0.533046767071419
0.5630319180552265
1.2679857827777885
1.172022999809394
1.0987145271249588
0.43979811993506435
0.05630521110762625
0.31639656835652585
0.21352690512550762
0.16587508470152154
0.22040218742243498
0.2926622446922604
0.3173068577692963
0.13573020761473864
0.15993973685526996
0.08399139854812882
2.208525727438926
0.6753795093294854
0.38855143091478955
0.26798942648249807
0.7802327065960043
0.3792806578057068
1.8402475314655755
2.2992541998142846
0.2950483757678335
0.7275943919812365
1.0517244132314254
0.12865088787091886
1.1937648253989355
0.9655432962806128
0.908737544563068
0.1836232819318586
2.213977255232577
0.7414193992120057
0.10889076356880861
0.9142576159811016
0.4128509265454767
0.01837937819902938
0.7128211541163509
0.47308064304821196
0.9165257411814972
0.23482673151542244
0.8544412158578664
1.1770670450232357
1.3596183140066933
0.11383112777832903
0.5033784456261314
1.513074577217635
0.15229991061740786
1.4657817096086299
0.019477015651626912
0.1428699383591039
0.19496231793403443
0.41902184798296377
0.0170332847427666
0.11659630593576432
1.3916756247730848
0.3609508591076303
0.12342277380147265
0.4876345323400469
0.04996673353771027
0.07120436608798164
0.2073071420689204
1.029953779580575
0.8943600656390471
0.11754894088973362
0.20031687989967553
0.45914689795985736
0.5924351639947343
0.42504541270011037
0.30375784474833967
1.2443854194298756
0.41655946747915673
0.42881206815312867
1.1441241326676261
0.35112806230546956
0.20113006346726878
0.4009908401682473
0.1947228380081463
0.11778311643203392
0.3536453986401928
0.2258309399954782
0.209565487678047
0.8147751778150079
0.6196802519392224
0.14778448144678297
0.19548904902280814
0.16181878902319397
1.1572433188483404
0.5778979568487103
0.09271583780617454
0.06225003619841323
0.3372627766844321
0.4228655210396585
0.12666907511662473
0.6578366487796664
0.4827116201607077
0.917375627688056
0.9041165248515153
0.0405835069027684
0.09024873493360137
0.2810318079348957
0.05207380728277783
0.07392287633450402
0.6454371052719974
1.0474863178503067
0.29311157712373914
0.9346870356017566
0.49041838280530414
0.12803246068191165
0.36903461726940806
0.12641700479796347
0.24752604326332234
0.45708686222813705
0.7763384207542582
0.20762076888926842
0.06688921782820906
0.3851575696173008
0.28579231601647254
2.068215213524131
0.07845851845711556
0.4470390399675521
0.44057233794800515
0.48698247155555174
0.12262990160051179
1.0995618455388105
0.06399831565777557
0.12912018692239943
0.46767364988861676
0.17699603275651354
0.7316175261529676
1.7736204025631435
0.12612065432313016
0.2574476790512385
0.33582263854131866
0.25457920373203985
0.5097250781664819
1.5527338412043536
0.3509366593634471
0.1683143997405406
2.4400827516466976
0.364887835293145
0.029952566157129736
0.04507788745497533
0.2664840973973537
0.07616003652029736
0.41689789845790615
0.1830272171686521
0.8412313925031093
1.160241833603333
0.2761026780464899
0.27424181568596884
0.13646052744907136
0.3669702718592991
0.1677213597411932
0.4801229202536954
0.24251214765886372
0.7984531929107187
0.26638141887519323
0.2307578288737419
0.2891236260353929
0.6406002828935874
0.8895440734482803
1.2135409689041055
1.9114658370040072
0.3320058540384777
0.03402209637515903
1.8183664913881938
0.9667062293308368
0.1751859717163727
0.13557773048626573
0.8317198095774712
0.25009983395662677
0.42293517055279467
0.45917894012251254
0.18124305571352228
0.132618069840269
0.2818602215707182
0.4135631314796675
0.42699199229085477
0.30030588217784304
0.33816999990575064
1.6458089664522235
1.2665312053815196
0.22517446449036355
0.557911739099316
0.2640815738301306
0.7519671962107002
1.6568399609518283
0.2902745471220291
0.20316234920140241
0.5114331804961378
0.28751834017108413
0.02636331217778793
1.047794911445843
0.2842113053316757
0.20700783673550416
0.4645771148773137
0.09358221075933082
0.46277235400482786
1.8995130078721092
0.30994115101068104
0.07807468339046673
1.5578112312303247
1.03999204437621
0.6803584534859062
0.27555903264811393
0.06626853949683147
0.6733181946499287
0.6808019679198258
0.4627895501822654
0.5931847719464307
1.2495769200719136
1.035527592509071
0.8892390191708346
1.2844580543012907
0.32594635223225554
0.22676386597495532
1.134042582689116
0.08095835262921675
0.5148326764089356
1.47340147799019
0.2532462217531094
0.7321061460264221
1.0093498885274526
0.1584185416755605
0.18003298279011462
0.7689836448601599
0.8134063385000657
0.24245212830717078
0.5373020618916511
0.3210706147933211
0.6999074952205503
1.086903281228872
1.5303173418607718
1.7870335077415251
0.1846882356626768
0.35016015714934895
1.823934742215471
0.7047167039751915
0.24175551366232048
0.11379715576683763
2.07476216496142
0.015276806296557258
0.023535746207937986
0.516646593872608
0.32964658654872664
0.17793749359400113
0.34285003456825636
0.4628335049817437
0.9868333894736793
0.2157052007390648
1.272308400504335
0.1367031995747558
0.7684963585243128
0.593160685791366
1.6655176470970066
1.2855767468129529
0.713351271835515
0.1509567256422662
0.9370488882009267
0.6264619815931409
0.12409177735185489
0.7279154222403338
0.19896111348172418
1.001918436625962
0.3236225847219022
0.30923732850656815
0.016327244865661738
0.04082161205853653
0.6342185362315195
1.0248453978841674
0.390787891895463
1.352725697815227
0.24020181956847733
1.0342363060330315
0.06135497015559303
0.29696989055289996
1.8010269413927569
0.08412121475899194
0.4501675819660399
1.0133594332964986
0.08359645783786938
0.20913822979958238
0.7857315547434774
0.22142600440100446
0.18475460525805235
0.3128202167655186
0.10907374228335369
0.34562369090225165
0.15736114925531025
0.3418953016343449
0.058330976815253156
0.4806489652263207
0.1476506817580561
0.21630254929070722
0.5232159464898707
0.1909886124123729
0.024736335014641276
0.7932613668356382
0.6617443295565413
0.4721172192744459
0.3251129616066154
0.6241585695015262
0.30870041905004764
0.3827374378376786
0.4581080752257751
0.135425827889454
0.44353325566933804
0.39783436745552075
0.5877787144692985
0.6327262072182535
0.056090327726088365
0.1913771451890439
0.3415943241761105
0.16702848823831712
0.19712158691949533
0.9656044920965806
1.3097335450294108
0.44315714985631127
1.0710821016127259
2.3552527365564395
0.5749316132161942
2.3482623675483003
0.1579613951021403
0.6332161601610792
1.4155714860613702
0.05690933521460112
0.5256223500877256
1.699501060787072
0.5492743080409939
0.7031418642668964
0.5341884262536369
0.43670102614117684
0.9160232376415479
1.6358587295713942
0.15713498285069902
0.12137035109891399
0.6887333410438012
0.04117966879781704
0.14784797761434745
1.3588709931254133
0.9706939810483629
0.21630292472129947
0.7259072259679307
