2.045043735185388
0.15769843877110887
0.3483398865154424
0.18107800754889908
0.20430127518820457
0.282384908808888
0.5510640712718144
0.21499600944613523
0.15227909132892978
0.2635469527204503
0.4695401066688022
0.08466593073637607
0.3147659966072199
0.14554193474442167
0.2863504595861656
0.809403303569192
0.03282206062788048
0.17973574411957755
2.326385542999495
0.26598838775988576
0.8550511112527315
0.3574718278864208
0.1469524974403374
0.023661620149683003
0.4554732731490453
0.4874170345390529
0.8801877736092166
0.19593266737262977
0.7202829246382519
0.7638714158788698
0.5287341923201345
0.3650058239152609
0.030728916141836947
2.0666352281488085
0.4984900800692627
0.5791575824055939
0.1590265104558549
0.1628044241828282
0.08627285022572237
0.9738825097930414
0.8977183118109557
1.4382697969851164
2.037425295992217
0.3925425385820033
1.2177600185409885
0.4307652032966431
0.13581670498878082
0.6540854593371924
0.09275060319008091
0.7657237160148962
0.3758834977419944
0.7205804422214294
0.02904576538172205
0.19614727865110337
0.10390751042654324
0.012856248443034193
0.047662933989600864
0.39875629994849143
0.7563923522589273
0.9432128142605657
1.0491450311335782
0.7588130229811837
0.6038667124561842
1.1927640825051664
0.4625205236164945
0.7012560240519793
0.3409623302912595
0.4317797333827466
0.2396753122830585
1.8234395781378052
0.05255940520127567
0.12887629579221105
0.40146946752363843
0.8232783792425007
0.17073672837215623
0.06303877523281354
1.1891485995139095
1.501620673253153
0.6155064405672733
2.033150597973677
0.2572660127353878
0.08572721210565884
0.1275934539953379
0.35411124281397394
0.5212349222522566
0.6706058797438449
0.6521309327447454
0.5377862256689828
1.5234292631327941
0.45629417079647194
0.6609677847235803
0.9004635067173206
0.6690613498616127
0.8747863902502336
0.08386284246176318
0.18761186088188847
2.2245343101645143
1.4920338782911462
1.254679634246938
0.26391564477055274
0.038292198924921354
0.18944711545924686
0.08626797042243266
0.34641327721472076
0.7327867171102169
0.6234463513742773
0.5064058771757055
0.037153844989359246
0.4998335337025462
0.7087169753200709
2.075455554520457
0.9807674608236389
0.3311695550170296
0.528086720519459
1.1844422972962456
0.5105913992068409
0.09215545657681527
0.7518448195701556
3.022537790361993
0.24154249052463342
0.082553623258108
0.3722368676805527
0.06511766030443898
1.4383280465922255
0.7000428673984164
0.06499495553832613
1.7522487810062803
0.8653741607353711
0.3695041526288763
0.5127727657375573
0.4733561994721852
0.07973099449224508
0.5278733922537249
0.2761189765092503
0.1073113041081102
1.780879527335938
0.3584023441108178
0.16157556596955616
1.3507822900200182
0.22887557550624787
0.9891217262682036
0.01618299005597285
0.5759348896117995
0.4963864623337313
0.5258225999955684
0.19839941288739388
0.5056192504321746
0.8098315003393048
0.34628862263687993
0.08887855448974322
1.3699133790616127
0.19184888827482335
0.5000575877440864
0.3220516867256172
1.3785108779691786
0.0084617461384815
0.8579884646779538
0.1838305986022986
0.3865338763965141
1.8322908337383528
0.0927394198299047
0.016639364650976204
1.0204130867381922
0.5251533884683308
0.6973999924201263
0.40699257359083185
0.6299652776902719
0.07046772436346782
0.22418787695929265
0.551711216937257
0.8916583221894803
0.8189816601905666
0.28491966603740626
0.32800317049968536
0.865933550354459
0.1576764347099302
0.07933411515064988
1.3309853548938935
0.07996487696267211
0.020499061646471268
1.1049459363621799
0.11849347785596
0.2576760639675817
1.5204676066763179
0.8459583041569965
1.057325761752377
0.7922686556276386
0.6404681548913327
0.097878976374175
0.2889966468828513
0.08120676169773725
0.4915627092874192
0.3867286176924218
0.755203268914504
0.9154182743061235
0.6298058389612498
0.4424325026602432
0.501386786046996
0.29728532906276517
0.08270944751353283
0.033449164745681575
0.6154238334497546
0.23857882075380013
1.1959891962685114
0.3530803034516441
1.2676756274330607
0.09862016889716325
0.1658209833035143
0.46232010418157576
0.4024772068491642
0.9958694314670873
1.1490667999337927
0.9385548699326126
0.4781031526563906
0.4792866422010131
0.31296630603980125
0.5509398684370709
0.054670320277483045
0.5945629052157604
3.424472732669456
0.6104947548852436
0.27334131315142574
0.905517899259528
1.0968503253600668
1.3147197965091717
1.8061148779736225
0.453213444509309
0.5634458284973021
1.3185319022985826
0.5761233396009929
0.14726939666719302
0.09906566543646568
0.34168783036466555
0.05309031380228343
0.11418584486877281
0.7025582279994198
0.07855821567402536
2.2280044625446305
0.21620753899075867
0.8031680294991269
0.43442018976204266
0.17417473900687733
0.2343764763534432
0.7064591807188291
0.12086468460000795
0.5483441455763186
3.1524271902751746
0.1707432663584739
1.2156378020643162
1.8072350625237295
0.0945030397460313
0.1606690074310692
0.6846507495231545
0.2503019107949091
0.08677338476278294
1.068576155794401
0.05747357001245153
0.277776862375685
0.372803242907604
0.5000076668776622
0.6677602041413788
0.5889352996579323
0.05103925400549024
0.07621172485948918
0.9978649931656492
0.07559951746325709
0.03688657539010335
0.5893090253604619
0.10332308273541994
0.13869112590348714
0.6716942210412108
0.744257995412391
0.2213032021254415
1.965445378287376
0.2371053842772852
0.3373268380807081
1.1153369453533173
0.44721019338958484
0.47048398655028756
0.3757228970583071
0.26075754966565706
0.2949645713224388
0.32796966890671214
0.24235044948751597
0.017993871062234136
0.2457733555506185
0.09613215882494604
0.09201717994683951
0.23969733211306818
0.5562695295012806
0.677635777991308
2.070622684103348
0.7236442344596482
0.07666663022054139
0.027133843153922862
0.9991204718828437
0.6091485191974911
0.17818433707930673
0.013882064664626876
0.15365130888838405
2.1858005131563503
0.36027158993367026
0.25529983223637426
0.7839225129333317
0.40563468782243567
1.7041774791666435
1.5196591725919721
0.8529004532551471
0.8285121780408092
0.44182268404912634
0.5223701243565472
1.0475519169959207
0.3567229881157083
0.7137380406590826
0.38426311025290827
1.3343271214371246
0.333344586382045
2.00489607701522
0.937103536317598
1.0701608494196442
0.0453004730202334
0.8187653510835573
0.38493409182424987
0.404192127293685
0.13739263822563647
0.743921345643159
1.1137093600931318
0.6598833074730895
0.1386498170880838
0.00932039206773668
0.2649833666068906
0.61332445698385
0.946295579245931
0.6370429994091368
0.08601184785807231
0.2520653151688321
0.612644514263953
0.3101224193063789
1.4102305592388606
0.39474839239911524
0.8606042865897782
0.563640676480178
1.0949058410229369
0.5597495314290759
0.5088307815879133
0.33403796008173614
1.7244582767453682
0.5663685354361128
0.8963557258919022
0.08522182602958131
0.13344456474474592
0.9822801801592445
0.7657061872251947
0.03886116939074379
0.8196870459366781
0.14815031172382312
0.7318756525955691
0.5796277673699384
0.03387679155024637
0.12901854769059515
0.5434769560903605
0.3567924892629881
0.6591659047163677
0.6282613837747125
1.0193181905179867
0.33545533959733714
0.30033768349830053
1.0897121123045481
0.004004446116370085
0.7750926381407057
0.08127708885482537
0.7262789490105739
0.165074006652456
0.3472464985289797
0.6404932229869998
0.559366270034649
2.5215461942924993
1.3962552937153276
1.4410662531356755
0.38055239294789095
0.05985064681702391
0.2634815752562466
0.5392882261382277
0.039819348982023446
0.5736027963808432
0.23482967474686142
0.6554113016637981
1.1078775161031356
0.5729694426830176
1.4084871695876213
0.8936740075099544
1.1781507245611054
0.4679100029826423
0.2782514704880618
0.9499768354110947
0.37415248729559586
0.6073020145213709
0.5502454389972046
0.4425478002898973
0.5425799545865101
0.08840597289172143
0.24181685189578572
0.8196694194218815
0.34187927203206614
0.7760652892223804
0.1361295805463796
0.11555876907384889
0.13643491857037715
0.18373600752207878
0.13339393236908112
0.013551013955223191
0.516114252650734
1.5879298854652448
0.7085568325704411
0.9874467138145213
0.6544283438460875
0.18071315161497573
1.7940444471206678
0.17617372410446036
0.5581603228976805
0.28862885680541633
0.7367696593180366
0.06080477824534451
0.8244985996003489
0.3388805496917317
0.23052208598084314
0.40855021146626275
0.1612240994825811
1.8345996687173618
0.6230191809081214
0.4745819209109856
0.07602249936322795
1.1480160123824181
0.0875462206173438
0.33142934206805663
0.14662231175954296
0.6528500915351814
0.9276719048197267
1.7336954340293378
2.0598096814337614
1.425562721246558
0.18372561815742322
0.5864328578803186
2.7849916063597124
1.7738663719889518
0.08404589000756088
0.2568225371923189
0.7986000359906469
0.05488332473831888
0.13593529305014446
1.4245590082352866
0.3930060513763244
0.6033098109560977
0.495841163294983
0.09502830975989784
0.07746137647478255
0.8110170770812831
0.5818486791964034
0.028365266356069833
1.9181966976957612
0.292811285700233
0.013158103749637924
0.11908224441666238
0.5173223112861858
0.3188343463791181
1.3594531755212416
0.8781695764965469
0.27963426301014516
0.5638580096480464
0.41250608369785424
0.03475254669494122
2.0408852527964227
0.29528017280360613
0.4391682962554688
0.737768522359187
0.13366987177069364
0.338177292862771
0.8405786451208216
0.8381260361934927
0.2263223731130007
0.30490119529079107
0.1573593482763387
0.30870904540743915
1.4471895620431778
0.5901549272993178
0.3194410941262884
0.4968345976694644
0.798641081400468
0.34199441437675715
1.6895887698454326
0.27079363942375956
0.8954220193930024
1.27547204957949
0.20983342036902822
2.203048711054117
0.08544757693598784
0.14235022594185337
0.24172444654140834
0.19354865530686813
0.1954423197731364
0.1865058194956195
1.3793866512094197
0.6490243790908455
0.21077889362637617
0.9950387980108911
0.12202851898774357
0.09652923416768844
1.787853917344142
0.28103846061954585
0.2554480866726787
0.3467938255585443
0.3457969552332708
0.2129673569051261
3.2824347758104233
0.3570275787707311
0.8167069110114691
0.7418069996745814
0.9148695449002746
0.19797673090718879
2.6343417613570255
1.8909841486102381
0.5482024836650352
1.0603289997412506
2.167441062227978
1.4286666540905002
1.2488783169041704
0.1936104170233016
0.4615513774249785
0.29794973744576736
0.135070163294015
0.06746540873413807
0.3576027558572698
0.22732274429404395
0.031213002918035315
0.8873499269057644
1.2144102962698757
0.4352816755012346
0.9014366965598819
0.12146996036618103
0.06458109305334932
0.5718921275447743
0.19750222120088923
0.09407609013211932
0.660040469349151
1.0931785115808068
0.5946643465950279
0.4321742209341289
0.034369578557699176
0.12280018812976055
0.4364869659707252
0.25230074326562363
0.17091808873194317
0.1590944376405086
0.24385514435610753
0.1719748866599331
1.9830294060577165
0.6460801877383259
0.3922352481237581
1.0372945685923878
0.10965005731672728
0.32498321042934725
2.0853068780588973
0.15978171711438294
0.4122237865892609
0.8152823619075849
1.2573516701792886
0.3638458683128142
0.2596749406336399
0.17624289831403572
0.031289513511302824
1.0796759172233563
0.022143776827844904
0.5854473212479337
0.2951321591743102
0.10869376319757805
0.04900993940966289
2.070450514477569
0.2327994596163491
0.2733602610961491
0.7451744913358205
0.14174956194009142
0.2960065108679433
0.4040737632224104
0.5103398817334314
0.6235344326344437
0.0939161036799581
0.36286808506616963
0.18902268470354824
0.650628391166592
0.8696078545003052
0.7549548051107529
1.597690825758054
0.3455589959766592
0.5605879544254131
0.08096371614444804
1.7101411048832986
0.02148595147309739
0.2704012453575553
0.5069999398596188
0.0438746683741189
0.60907291800055
0.7857113386162443
0.2839141039265764
0.8380557719676716
0.19292378575985591
0.07392212264302526
0.28746500496258576
0.283075964215709
0.11635534516465779
0.10855270059635352
0.052207778108645436
0.02774011512269008
0.7877877393390925
0.646806222774791
0.2600445827895228
0.4183227764599401
0.37490577238382405
0.16055952865155138
0.3413764771223628
0.6624893089909579
0.5877259073589375
0.16333052144119745
1.1124285879569311
0.1703968858857249
2.9511179522437088
0.44301369147236536
0.352247545789259
0.428932665246544
0.2587665264306493
0.6367875993628593
0.05885876213834243
1.2184251712785896
0.11192923743809145
0.7022541052962171
0.11859849311938528
0.16970900036735542
1.1774696238751658
0.23015492247168548
0.9185176176836634
0.7342415542475027
1.9741839668138776
0.1407734059830058
0.8617999936572156
1.0566780589472613
0.9691576061684115
0.2532280969226444
0.5363314100885987
0.5796128737407144
1.9211366421001717
0.295828029891378
0.7437679357249065
0.48065107521038963
2.961206913546166
0.32696940528293617
1.594018091409435
0.3279826315940077
0.3883121561927199
0.6989658886122143
0.3312717397295333
0.17156451377051474
1.0202296300307545
0.04298074050406082
0.24871770509070973
0.14693820070589728
0.12449599091056292
0.09954616704736503
0.16496156206821594
1.1172730339817496
1.2442733164537467
0.232314509406377
0.4766799914621919
1.0044617001664415
0.6995302122348895
1.5430776333052632
0.3840975232989698
0.3497165953134589
0.09259196781392716
1.9849502690550793
1.6926660178478554
0.12281286747172304
0.3182311983758778
0.1219832131368959
0.449510664299408
0.09068374460193916
1.9502517346641934
0.48122667239004346
1.2803891597196884
0.9722114119037002
0.1305236561128801
0.16645106228201348
0.11222047801445446
0.5137929582011623
0.5393649388481908
0.4187099706881194
1.3703948332388292
0.18117620212932872
2.034540199999216
0.5432282236736189
0.2448002681282204
1.5730261399915781
0.1834248671256158
0.031856175674905444
0.46201169034957873
0.3948486369081515
0.3424282191386899
1.383223415179849
0.36945080293429966
0.8351802336724649
1.1928047988930972
1.2580820782767521
1.4698438620924084
0.6508658451071346
0.522122794201041
0.2256077389409313
0.6891737466033624
0.6062679957956112
0.5998325302777218
0.4757631738976176
1.252357002520467
0.06779405962519479
0.8868706594213598
0.02936391179742893
0.43577010201500904
0.6936784555266753
0.4970176003059621
1.5167013114450019
0.11103544453409199
0.8177547978694139
0.801760102696582
0.4805589108011717
0.3480589781885434
0.09695573881161987
0.31320605173889116
0.43251852244807715
0.3571560526576893
0.22092162221251516
0.15127919304314463
1.569211441992448
1.1023399143424928
0.9091160410238139
0.2098040800522236
0.29180619829584437
0.12630450532956058
0.3529873606481115
1.7073030124347257
0.2007128072340215
0.21211757885033697
0.1688563937296936
1.8023215278275129
0.6956423861636212
0.3355417387910786
0.8299006558447264
0.15885477467039677
1.606697532298946
0.4323406034472076
0.6509159211617295
0.42232644387433144
0.011831124122451495
0.03243340768477727
0.2115982272574045
0.8879828982437373
0.8082958435385481
0.6171158788509395
0.16509038051620573
0.7688503868322
0.15416933164885754
0.1849501578529047
0.1804702164249879
0.2833596932693662
0.024596820668367644
0.13280967393083223
0.5524090751681484
0.3407007517590406
0.12124413674707556
0.914611366184958
0.657799812249151
1.1898443514689716
0.14041045139236416
0.32732928800062555
0.31209221641855195
0.779526518838887
0.719332847604231
0.057107284696583806
0.2722428652749023
1.1450623413256864
0.17708751687588442
2.685462132232378
0.5047898128185704
0.5390519834123955
0.7916833793238076
0.24090690288727634
1.8614553331187313
0.6062181436153398
0.12548092089310525
0.08269073118927417
0.6864466056388648
1.1417797108552918
0.23748597932875598
1.8888548211292557
0.2296602665673268
1.9977235806480256
1.1928201827812484
0.12841742869492556
0.537100409203285
0.6559894139739284
0.7971048536786243
1.2284799846722863
0.018158810987419383
0.25488334830816317
0.13348096273933288
0.8252778662932757
0.19502299012807328
0.6831728207034258
0.5123428452134537
0.48326345819507777
0.5246371245319142
0.8129968117354656
0.16178789213801373
0.36895299369987233
2.6133615847993767
0.20637172413319754
0.35103729676077594
2.4976621339555587
0.10502569170928824
0.507426545710295
1.0547724198464707
0.10195056745054908
0.040676546008831097
0.10823761706491816
0.018039826621894354
0.1275318683126971
1.6859755613997545
0.7916678355505119
0.7856673038277551
1.5388170537117356
0.516732264779167
0.6205936583145352
0.30838472463940914
0.18573739123781094
0.3382792155655295
0.8969837431006555
0.8180343940119151
0.7524547043250897
0.8996837782015967
0.3402247349079163
0.21352030843160635
2.3784097216455495
0.752931076947593
0.9770156812913632
0.2987669577672674
0.043450817935840366
1.0426432870374163
0.31771320761452493
0.11128000440530454
0.09439437880937145
0.869463817723482
0.1870287914223466
0.30718477289675666
1.213513400809482
0.9866413762856056
1.566661346199229
0.3908859434011575
0.0591205403528322
0.3477553154460481
0.23772145239638656
0.5065387351609675
0.6491157017768733
0.09043865057932175
0.8164792266946532
0.14390827139306306
1.7657985871585782
0.120760408269323
0.24721509451102683
1.239772822196196
0.6131590613685998
0.134607982734844
1.4084972551249326
0.015381202122739432
0.42916956037679854
2.1581910993162827
0.5277724554518382
0.1608896520839981
0.6145867013847025
0.38045406884572647
0.4416738118290447
0.2852444492740901
0.5597883418563997
1.3527829839615357
0.6580991251306
0.21029196263477754
0.11402717733916773
0.20034586195606632
0.49191356461929314
0.4892424942200739
0.1125412685952685
1.1865322652017245
0.4264942408057294
1.474824932954754
0.1469204902161021
0.683046989801579
0.5164814307981608
0.09255686444384861
0.45810289971408397
1.387249071935683
0.06265265292288759
1.347335811072771
0.7809911032530367
0.8083276049468177
0.6556530225397931
0.14290669337461884
0.17890259351442447
0.33882914101314887
0.17369178925430717
0.05221154343721178
1.4117814781051887
1.000125244875866
0.6712079248455365
0.23250464931690196
1.226504674857315
0.7695795071653571
0.1740101013577297
1.4338943006931253
0.05327558942370889
0.07873725213207602
1.2513329430602542
0.5681581543769093
0.6485999659930799
0.859349856088417
0.2861290857743747
0.6008451918895827
0.26435271155635764
0.3402864680548508
0.36268948250834426
0.6638665417975306
0.01576329541523425
0.24423412877961176
1.5259746464495316
0.4005463037129993
0.0848955274725116
0.07099054122844266
0.5065820253867745
0.38405059008452747
0.4314365524307358
1.089758900585948
0.0966462794479199
3.5005468651055356
0.8993254741714625
0.13989685014956582
2.024138953457093
0.43966577937914797
0.8446663499111172
0.4708555007937556
0.030555107803861677
0.1656287937140843
0.6548567420490616
0.7874336344306713
1.8185393151519555
0.31383523366502514
0.93492258815389
0.28425790588306565
0.13763366056736812
0.13540239683312064
0.677835836055481
1.7063289260458014
0.4385782686712528
0.021514169141052954
1.2382503325640524
0.4546499528626685
0.737993065632971
0.7728901065995878
0.41665226621674667
1.270572709820463
0.17049626554258565
0.4086083597083974
0.5567824984797239
0.20596195945115592
0.11815235318329698
0.019276191460899834
0.671204975796172
0.2999058334697667
0.3697424625720077
1.1728648576605643
0.3000562177869309
0.4361756297693309
0.37453213977148936
1.9042230293758475
1.023982749495688
0.42871454376561907
1.068631047525414
0.11248876221933123
0.285380140940199
0.4254714038919146
0.6738059427280154
0.5247367847594439
0.02999844199272508
0.24348141300424425
0.2941266194388574
0.17345122322987858
0.03440852037108218
0.4091692978223014
0.5102598243968801
1.3936094407413475
1.4996720076052314
0.18153223682445196
1.0145919783469612
0.30225759960240145
1.8025999464000149
0.7021268142757123
1.0824584088869813
1.038282238034135
0.6364327564814908
0.3967074638290181
0.2693295428655208
0.39555325917879924
1.1475446424489066
0.1542193419243573
0.26134381062092116
0.9785482518836537
0.43320242466753367
0.6628808290555022
0.8005522788915297
0.2570927691865366
0.7131694472447095
1.3349012386432255
0.6658309281190211
1.061877214142064
1.0250325622646284
0.14895180899052263
0.5582507344835083
0.2358412737079014
0.1256475675023921
0.4997922022553014
0.5001503619900207
0.6681153138275236
0.13652778638093782
1.5942573565203426
0.25071371486365046
0.47400838899055703
0.31887516839897095
1.1479575069161594
0.29095975424903797
0.8083042377132622
0.5693887835004466
0.33810946211548465
0.3755615347612571
0.009570609016976202
0.7356919366313098
1.129379670635709
0.44821612066013117
1.310833018769357
1.0023191096768078
0.38098929792459973
0.15030539208733382
0.24257414725314416
0.9968225747703778
0.09133242849452236
0.36921594379001155
0.14591622287945588
0.4297654852035921
0.4407726172567799
0.3758392744632518
0.32171755627208953
0.7445773729764014
0.46746577371641024
0.5292278537056534
0.30414664923510387
0.027254568312666008
0.4728172847384668
1.5083530341125957
0.2869313181090748
0.8889303514711396
0.15880980158765737
0.14270015842508713
0.318163624660575
0.9171500475855583
0.6185078169431008
0.21709637793137207
0.7998058759121033
0.6774872681857032
0.6967343362359929
1.4983393539761032
0.12814098091074008
0.1948243702743328
0.06137590440474988
0.07614983099728365
0.0653759367828248
1.7481647026332707
0.594736561961871
0.9518582510438428
0.3106115670105483
0.09780648189260298
0.9602102130143981
0.6000795014868583
0.8691642490476262
0.16589991802581108
0.06521852134007529
0.024719281460285784
0.02550983083323449
0.6119249801390124
1.150121251246179
0.04626874524904054
0.058490195919442226
0.04642003709974596
0.12986438861490465
0.30360987379122745
0.47541037511093026
0.15689022590025983
0.17928542277623558
0.08024783669712751
0.10890986395484879
0.10134327727898422
0.07803867527750119
0.24141835673124895
0.8327602150147119
0.24017782938061294
0.14438880184624553
1.0524274594341563
0.12398470132659731
0.34839303749086237
0.4774179155451158
0.01523398586938126
0.7696801422094355
1.5020575250039312
0.15597948175152743
0.6499353881509914
1.437485714578026
0.584651424300997
0.24610227796211254
0.041979346107357915
0.038097886429303736
0.1043966015538241
0.8035267200970682
0.0697855874532821
0.12039738133087718
0.3885639053245581
0.33509988281164144
0.42811516646319653
0.6532021191840456
0.33830053554009665
0.03616076686604488
2.7479602075118708
0.7894865028483606
0.4545654033968688
0.6823876898347304
0.465791731427437
0.32414136318685305
1.2751097501693063
0.11356502351417602
0.8900429106206317
0.08936062895321904
1.018677942728881
0.6049211664227426
0.1670051361379105
0.4006078776200794
0.36849499894252574
0.7084825166009832
0.9026979769015764
0.5267466892714879
1.355883884099624
0.5571240156441676
0.7222902359549357
0.04104426956658335
0.5425692085297605
0.7311736645245931
0.3954810804987854
0.3148054554896948
0.5051063193393632
0.9961143535891586
0.26618147889178795
0.17339885533123717
1.3905880232190433
0.5949823365921011
0.14022448583037078
0.5605722629828032
0.04188193499860826
0.1323792912424203
0.02388995221363053
0.19724151218814343
0.08277455757304805
1.0345906807040999
0.18315601391393688
1.1369676708364642
1.4458201949062153
0.08940584158069018
0.720950525616614
0.19109525177737532
0.1896350824648433
0.23411712196084453
0.5334438592953568
0.4464448963282878
0.6614667808355161
0.4182573237022699
0.11754589819055343
0.22187939470058407
0.293713894347211
0.5703470510949052
0.8264429369165976
1.234852838475197
0.15143640317961704
0.3719583294499602
1.9278683519055901
1.9571152543041141
0.5689596638432988
0.7222993204267639
0.4887478969685258
0.6068030252858134
0.8220976771768657
0.23930073384946052
0.012298783895882624
0.43833011860564663
0.0015010835682671634
0.556724998431163
0.6301513935511236
0.14854337924049577
0.36204994325666723
1.3320370087884064
0.7726971893617081
0.28821095546079883
0.045360508563342956
1.1110292927630367
0.7331000509003033
2.3250490594954343
0.010811551487969705
0.37757722251779857
0.2663520714213478
0.8201442933768425
0.753486611702221
1.0014161830606934
0.5070703040225695
0.9665770664861596
0.2703327570677809
0.07422226456180364
0.08099464780705133
0.5844428036725438
2.127742275839204
0.33652355402810497
1.6965271724106878
0.02799582307244501
0.09305981122410538
0.09030127291872571
0.05037450332779253
0.022391940334981188
0.12494563942164892
0.006150293822892618
0.007575695619414259
0.9895562136778975
0.5551920087223056
0.3804682527485023
0.132710688900543
0.07869625151687132
0.7159005627214425
0.6141616273070846
0.4865592839714447
0.09565438674396748
0.6912051228245861
0.23045855451462974
0.7463938832883983
0.1864377098713295
0.5176663056463258
0.4827713684692224
0.154051653536564
0.16451442007308292
0.17598309981342827
0.9556984036418854
0.20784854580480627
0.09626162515700873
0.9936369482030083
0.5212877583205904
0.28153903318387663
1.2264488333863701
0.11705197539583534
0.3420567393498197
0.18050817105935738
0.2203631973345254
1.896375469172106
0.08716199643628278
0.35139837363564114
0.05620011704224446
1.0724611022257555
0.26688788853933304
0.189890643164688
1.1211870616058441
1.9348025914772646
0.09056300117222751
0.5803018924322022
0.050901376536938076
0.10801145625232945
0.47229039604961753
1.5133534001393956
0.23966854376262675
0.5465707484620765
0.32758530796778806
0.0637190204972445
0.5370345477317856
0.008728006901472685
0.14199318320367324
0.3239281477972492
0.34036681399923246
0.22088800738799122
0.49025957682283106
0.06724492460896367
0.15732517802568435
0.32641539788648455
0.4331150879239729
1.1090258485395483
1.6139244354279252
0.21169945786627328
0.05831686282732944
2.2072634488753446
0.49373908490689206
1.158073938666231
0.4932705508181421
0.4236085768780157
0.07204578680317368
0.6282163176142401
0.19997042329138925
0.05799295629683114
1.1240184409338458
0.7541771141491458
0.8992947482826024
0.4954316171546142
0.1396792766455629
0.08885010120459996
1.154420333152655
0.31808733151113106
0.3216554757850349
1.2223743603242145
0.04544956233870616
0.25718969238221334
0.6209697687914426
0.6257158822388502
0.36634065502185065
0.6327908157881589
1.26768644523443
0.42573027017142656
0.034888466491846626
1.0946674768616556
1.0151788738594045
0.3666870119340094
0.49308046220578644
0.15460718510067664
0.8608831912286005
0.42244272725365867
0.393700574536607
0.901608055145564
0.1724176797518825
0.9867249450591504
1.6935918359664466
0.7221462502753473
1.4613382937380583
1.0892248999041771
1.69945300655484
1.323501711896067
0.5071751795638085
0.09303920703050698
0.07459309381347562
1.9402709735086778
0.20494858539804212
0.02587355613923651
0.9722848379759154
0.5314258709524257
0.5015605209829159
0.10070785211753298
0.08830108293973517
0.12199475471555692
0.9983805424392588
0.20027065814030523
0.29043594997264477
0.9085455713446372
1.1625758101736074
0.5186359080021172
1.0476871984084384
0.08433882069656826
0.767831350457913
0.681398153618679
0.30243646215914444
0.06493482647927065
1.0606411250865526
0.14149485752702592
0.3636133802396331
2.802577174998076
0.09447760042361672
0.25681532891581177
2.0979887635295316
1.0460454767054448
0.32575489640254185
1.5857403121914058
0.33109285029695334
0.07352745030223676
0.5449206539347146
0.3317666050279804
0.06634204719185996
1.1549086130725468
0.49346993796360705
0.3019250297817091
3.354041889412896
0.705270482440501
0.19598996354416445
1.4245565226447463
0.1685539566460374
0.5849852059364499
3.3514055245846417
0.3210212662075322
2.1738842032032095
1.6755451888602035
0.1737307461425186
0.24123241797590533
2.4515311648864473
0.3219640284271023
0.0688477222398995
0.16097865462853994
0.33391798427364017
0.4602734338322826
0.8622335210712829
0.025731004235394626
0.05210974565562876
0.0783420284310373
0.12257721901731279
1.129720125828764
1.0035280767283445
0.670420964168511
0.20170856714882546
0.6831883573308656
0.6231633125715682
0.04858460714036984
1.152152968137054
0.08619718289419279
0.12133700931813264
0.3036734450826822
0.7879444536137222
0.6884881976002872
0.6256937855066473
0.04854878807696827
0.021090433713590137
0.3702390935037189
0.2165501385289187
1.0652798047755376
0.19693985921041457
0.39720036488757976
0.09666252650343578
0.42658001345085345
0.01049081981670529
0.08026872632017638
0.3823506368755194
0.20870692596179544
0.11985702632285264
0.3723876311938223
0.1377412173355406
0.027631294478224787
0.07380940074733632
3.1726198136942703
0.06707842943323801
0.6974541382383679
0.05928416066664234
1.2018201232190706
0.6773884987210181
1.2593630815418435
1.6032186337141587
0.5287335749084491
0.40518569696163037
0.5657145341833161
0.7042840260425074
0.295756471090758
0.17656379846001793
0.7601888331946124
0.44209431994991033
0.05742423828961457
0.19311097146579548
2.8449789665145833
0.44231911966724397
0.41937861380989805
0.5150394289652663
0.04805530855486988
0.2353328959069606
0.5203363869833314
0.4604151150545793
0.5447227337661421
0.3391466360726663
0.20179619529153553
1.551123354858347
1.7006824639929579
0.04626091740932467
0.7462170385106395
0.17411755580660182
0.3727720646213599
0.04110645933167993
0.017251252322416807
0.1401282297449022
0.023203628837709076
0.05154921683444338
0.03028751362021337
0.7009520494226508
0.843091193563831
1.846270380948916
0.8440991453236841
0.6894389573367077
0.17521745857201892
1.0685315597777474
0.958379284278523
0.42439289981894845
0.1603283567702482
0.24285788615610873
0.11441343311408898
1.7034408361167397
0.24699579515259024
0.13579935849229444
1.2842515123986467
0.9415928148825105
1.192835977054857
0.9074906992843693
0.10384423786942448
0.13777200192554345
0.4632053507618853
0.20579881118590135
0.9748087098462521
0.14135861799552144
0.13369849587635976
0.5210780126055825
1.1027236918665866
0.6206846762625834
0.3990035762168766
0.28690065162175765
0.5746355092228204
0.06946238995629324
0.5279756613699741
0.9912936639783245
0.7051712081092115
0.3390143202251975
0.4136399403472821
0.6412592004307915
1.9157626556371394
0.11550862698617063
0.1008830485798878
0.536651490015872
0.037720630415927464
0.19001513709917478
0.9628571186557854
1.0816904703965176
1.6076059111543675
0.7719747344674636
0.241370592675284
0.19566021831287453
0.14569107504359072
0.006067288319466418
0.017038502438310246
0.5837370230264852
0.4345772051071898
0.6696446010968287
0.8144591389770223
0.22155568329386527
0.13952403092897275
1.1215825773239563
0.15961612030003453
0.37395122840008804
0.6550414123292372
0.3257321577997233
0.22767697958282618
1.066486264094503
0.04556499350726178
0.5444772852196419
0.10178947012375765
0.4855243936429659
0.28705929919618856
0.6570551771047183
0.2103373848567491
0.4534029882225591
0.8440018744977895
0.5262299659555066
0.0345237395229905
0.6215304930897069
0.7802871216426239
0.5560868970984572
0.3862201976031578
0.5342890465353473
0.16615626242399
1.0302758268683967
0.3909151204402423
0.8414997243722985
0.422118753526191
0.4947951253337878
0.3497340388753583
0.4926172600203177
0.25400156206972774
0.5104205004800568
0.641851756059635
0.4615654643693507
0.05263460229200417
0.1365405793670509
0.10323356833222894
3.754481515981301
0.3394846313074403
0.045068661177994504
1.0014705254963345
0.11858143828929756
0.3997810142981643
1.134232330462934
0.4845251343580031
0.9551518942526602
0.9557664865238805
1.3094430806283517
0.8240304596226434
0.509866521242811
0.7887948608100293
0.46985920322646113
0.13403153992027533
0.43379233245012466
0.18836399661824532
0.21521540740197653
1.2098133020183084
0.07464835294283899
0.04300482288792017
3.154955824519002
0.2318327189416342
0.9419521617908959
2.12226112987807
0.12193743068461775
0.21890602327459252
0.9120526204957551
0.09846350522872296
0.85323366460975
1.6361551607552252
0.8547182010600537
0.06536892526300993
0.08049696700478369
0.7265851152101009
0.4202350657982338
0.13810507477497969
0.08991901202618448
0.500281162210927
0.06451536029266335
0.18892386006546785
0.14232396544956516
0.41382950334166424
0.09166451544934952
0.8708602998046783
0.0803304736472258
0.040543466474285784
0.07274939216250756
1.886806967662753
0.036151433178474
0.10217046208467775
0.9674765726396923
0.7093962064827503
0.29937950188299917
0.9906696046102353
2.412854560849172
0.19117808852401888
0.7398403146075285
0.9909239723508365
0.7086910217312636
0.6640445263669561
0.33266809685636134
1.261381296890048
0.09502579083420203
1.408358506040646
0.07342454721885175
0.6353788494252467
0.5163320151995475
0.2806606363111051
1.6427269916429295
0.10586672339456461
0.24554164423389366
0.803769811555871
0.7354876812864445
1.1382478003939351
0.3668461582460364
0.3209379474960077
0.5189216400200739
2.261622560862407
0.32757336405994336
0.7663086671543302
0.2834134475523281
0.10701114811317233
0.1250918588916468
0.4516360284757106
0.19679415902644629
0.39418723942823114
0.7109876399811691
0.36146879895492795
0.6092561772215024
1.0053024184437485
0.26330878871358576
0.3925119497723557
0.28476727025950405
0.017548467585959047
1.3374633862305239
0.3590096819424769
0.4335279580764922
0.10644210438021284
3.5214936543707105
0.21653016894328625
0.10583839133530812
0.14016650371186326
0.4732033671831912
0.19117524208676556
2.2805939363880543
0.18710943048011197
0.4868780972260603
1.2925493728855155
0.8208023361334081
0.3403526562015316
1.1410754259613203
2.6184586720728027
1.0352936250632947
0.16905209959061024
1.5561051608783263
1.6107533234039013
2.0575829461638504
0.22841941135264823
0.5351911294339152
0.32946885046095237
0.022313001379787624
0.027134237990819387
1.0528675021372185
0.017690706263415994
0.6539726974364173
1.1154285128698944
1.4721925333487484
0.2039043681437439
1.0186923988726924
0.09709283298109317
0.3861776870337702
0.1583307661524192
1.4220730001893216
1.1146738327488461
0.24469407048311598
1.3684898798483085
1.2977788048197378
1.8877331101433008
1.255463628844145
0.5805171539388521
0.755170567924779
1.4445684336919211
0.6272299308892942
0.849872763467862
0.11102182739871896
0.24652338030864215
1.4852146673224862
0.10372705903111733
0.9652499882259173
1.2721485242522703
0.16124226461281285
0.09473023473234174
0.47544736520553504
0.24083383820056936
0.05058238765634601
0.9167556732875815
0.7863508465068393
0.21566046563724095
1.4765631208260632
0.6088701388801385
0.09915759030735832
2.3636315585908085
0.3756865282941266
0.008553782789339355
0.8338776190794348
0.12127644573072859
0.13018240927130206
0.4473170279034203
0.9333818614824408
1.549280768424728
0.09758652098922693
0.5212386711985838
0.375905944823519
0.3592408815587301
1.078259656499
0.7439334329681365
0.8514567862997993
0.5737001603370994
0.2175008461103205
0.38720564025225224
0.12984218561052502
0.6622456129027882
0.5452180202838178
0.4490622132211982
0.08555178052513653
0.11376582919375851
0.759228590419735
0.5676385127282683
0.7567341283280113
0.6606199838945319
2.4620192233052856
1.1371123586423142
0.1480195194707429
1.038858103654988
0.06182267900777817
1.0769841889765956
0.19639174442237012
0.6044019099616946
1.3127578288686657
0.5796832160275934
0.7887060621403291
0.5811879458465182
0.4446461187375525
0.4168286554133943
0.1072226081875001
1.6897350934553255
0.7460106522887396
0.8130652707543681
0.31057735913446993
1.2121602424603952
0.15111805565360137
0.08706003187875631
1.292463221730536
0.5014463736358118
0.6420688231672108
0.18951641319541243
2.2579547751420095
0.7687444116435707
2.26666456313181
0.2725146404265858
0.20581466732977566
0.34053583421452976
0.7290184344641244
0.933914867280577
1.892540212331331
0.2330241949032924
0.09775371148050156
0.7972985112330899
0.17257127250894788
0.2653115214422962
1.1661957464627222
0.019813422225963138
1.271221584553787
1.9263387830107173
1.3069696327160305
0.3669498815878039
0.5073154377771983
2.050036226754816
0.6123555935263025
0.5420772865516906
0.04996698414562078
0.1595755074368641
0.34365430061934554
1.032160450791056
0.815569293255908
0.6284969381045037
0.6460633431657554
0.019703338411404325
0.13948011562953114
0.0699372126049204
0.18946942133471825
0.3050549422526147
0.008987447581047076
1.015177018211973
0.4397785186970571
0.09898265335023776
0.05307622945891274
0.008755388563674575
0.22426868306147038
0.19912391223056242
1.379192498428709
0.11659941525249905
0.19684808061670275
0.819425633657114
0.3190130651708308
0.30090165972509814
0.7485365590252048
0.0748661645722748
0.223607075180913
0.3617409305669071
0.03829605293493959
1.2562296033818998
0.3149515525909448
0.2433920882243707
0.19662971695894918
0.5667130948330663
0.33028859310876235
0.15801293417640846
0.36150211014693684
0.022560773152098323
0.05096700543469878
2.3431916265186876
0.49762354155009403
1.393079089695408
0.6456289136564244
0.01619350822583678
0.2684659761242321
0.5656861835177573
0.5431481705792802
0.4048867670361336
0.754887128373703
0.1873639747089699
0.08728729295736637
0.8842915807664178
0.531802759459017
0.17214793610632934
1.5564883659067894
0.4328977410702393
0.696388691297693
1.9078680638340038
0.4068830985750239
0.8013331065322129
0.43434483308093136
0.3081614858228507
0.30104516846417395
0.33358308521384633
0.23640202004554806
0.13113728446812067
0.8558721707714831
0.02713659054035606
0.05331962280380326
2.5052099106097097
0.5579821225381161
0.3049415479895229
0.8104203225877734
0.23343376079119052
0.6516698367003336
1.7574012588086678
0.05227865055008787
0.8226542467257663
1.7042294628616814
0.2746340580947912
0.415692810422086
0.6746721799863076
0.6096749189475081
0.03178453914613289
0.27031188461981437
1.0224822710514694
0.3047112380428187
0.4226360889767041
0.45342644688865025
0.26745557455006985
0.7151673333889403
0.13053310144334404
0.6026303862133168
1.2392426682617155
0.15497299390174796
2.769592245452152
0.7460083359478391
0.04104175492613814
0.13199098216209665
0.19192040226389462
0.7139751073982635
0.3700368100418876
1.1398416227622485
0.1099429118096235
0.012509336387461994
0.6210664138619202
0.04894410398207788
0.12243210529804475
0.8386317068682312
0.3140220268151858
0.15265753524881392
0.3693745181688808
0.1027225599559022
0.519428821890862
0.37056138791042853
0.20435105744685297
0.09079101794135051
0.2773280895333824
0.24657400305700625
0.29913163840193185
0.5117518917752502
0.5669188509425596
0.696235701675939
1.3833502940075486
0.39405371687690544
0.09923492789335026
2.08938259113673
3.842024624609051
0.3094213719633876
1.8884736931359312
0.23082437525209773
0.30095423522418696
0.9828798103628157
0.2516552232010661
0.28234751355131654
1.0966547938320543
0.3119917549272365
0.1820541627955835
0.04854249484554048
1.5163552832930824
0.5567553979326595
0.9255118754058871
0.35713056479030625
0.13727663808514495
0.9539751496620404
0.36459292871931215
0.691373291006732
1.2834490535167085
0.5388033144768971
0.38435546837728046
0.8721111161140257
0.20530753876052726
1.745590011519197
0.8145800784298074
1.2943726927810666
0.002058162239299941
1.6122436903818602
0.31774127123890794
0.49768377625786847
1.1308265724181357
0.443683344017553
0.00807682966947875
0.49855440142454327
0.1365923508023568
0.6522999796829643
0.8114073844053334
0.43136757340369547
0.0820999254429499
1.0266343642244251
0.6713995603648135
0.09161235009697921
0.8570707662389273
0.11905607008285621
1.076245157452813
0.295540624563023
0.0722545795991108
0.9168002037430594
0.20727771116898097
0.05335102188457342
0.02358828347056591
0.6449148194117341
1.6273080669087703
0.283818389708349
1.7565443669813605
0.019775301203754977
0.29294738365126216
0.29346807085829735
0.914762208924046
0.554746032545394
1.8959871043050873
0.23611620469442232
1.2370369793244986
2.3037418636475087
1.1493273152887669
0.4227838526598744
1.0118594712331994
2.2718269824112785
1.6128960429671126
2.2463809570736646
0.4308107880360438
0.746199824583538
1.4247426668041525
0.13279163796750562
0.0853034899104747
0.39715463626092845
0.26535300372707676
0.11042588312479495
0.327958710228511
0.7616361620977149
0.12485685247690229
0.4870333491620802
0.30068027510546147
0.19652097379925648
1.0626437821655619
0.061817104158606986
0.16720097442790283
0.16677912875323628
1.3518415239024324
0.4464188749552212
0.10744855840837829
0.31051071873315456
1.1097454597906704
2.901892114875405
0.3394222460017929
0.22752017222267298
0.7726370228697127
0.9932578595370634
0.46423396311573084
1.0852029727440404
0.4640393186122596
0.4466368998038733
0.9499020617105546
0.2375074578771283
0.96101467790628
0.26528091264722203
1.6529499719842742
0.23375273974350244
0.5077010613381867
0.26484173899150715
0.12254997549287054
0.7060659278771781
0.08258035265373992
0.008557900887760674
0.6658074717484629
0.34079064766308353
0.40700318751390246
1.4430713506068449
0.07886948627581368
0.030151609010470027
0.7128780489873413
1.002908235771409
1.9420209068370486
0.02912107881461408
0.796716580513511
0.0894484795272388
0.17453519791560768
0.0943043913391064
0.5601557188748871
1.145669446743712
0.10049648748769739
0.20484767409673826
0.25852585932831634
0.015452591640746215
0.01659730816120262
0.8768124935173423
0.02857706190762135
2.332780572473864
0.9937914081276364
0.04532103832480284
0.27751734149383933
0.28146561240866846
0.096916343377195
0.17501787450149084
0.34589003625264747
0.07086944425993742
0.2307482281352054
0.6722946696642071
0.022702019616604757
0.1332656692159262
0.42192068531910015
0.5718460558949588
0.8924440089319453
0.6074323458249005
1.5954556972299796
0.20273313715389477
1.0625404340099087
0.4052100901010073
0.8771503538172526
1.3098140350321934
1.3452409780584789
0.894529227612568
0.6070770499651358
0.0135535433759898
0.32784779525522284
1.002900745460361
0.5500162431530488
0.43632585348857095
0.6148621545045426
0.3588984982101122
0.1782125232219446
1.0443504289285985
0.4547157391801918
0.028028444341736538
0.6507528535498531
0.05023169216662306
0.43638768490079827
1.192038321658861
0.4602243715596093
0.9058823404021388
0.9731092203799793
0.09735610524040582
0.10584886026425894
1.0169651166631317
0.5645997470152525
1.1334510149899026
1.2069246563265308
0.026580728843340683
0.26349229795938134
1.310762396136729
0.548795032366417
0.21357860609210005
0.1233796473639225
0.15127542248621328
1.7517636583628955
0.38532819164853066
0.022535236905953014
0.03171816018658437
0.7067807641565359
1.1132298363281787
0.5657387246905877
0.1450598495492833
2.1751989249168626
1.9763568131211942
2.158860862647267
0.008391178648775402
0.0970001259649152
0.43976923601065754
0.7974126153007337
0.6465502398676539
0.8525207382192106
0.116465557196615
0.13915537991822216
0.3206771702118051
0.047301146912522456
0.4120000840338141
0.37299901354934484
0.9549164918899318
0.7372870708590772
0.252462053032928
0.20092865199226287
0.9080224690407341
0.7805261173318956
0.5700659261193092
0.4008992942707589
1.1787480658794858
1.090534423488727
0.8895151592181815
1.0329114529028505
1.0219417138482358
1.4702081839897851
0.15810685057358165
0.21694256006455323
0.9009338295795983
0.2621176911660426
0.07082238013414466
0.562727284059137
0.9091937548893516
0.36177196721293553
0.16745505982466743
0.9631255727486002
0.18356004759897954
0.3016286073133239
0.2135851321780877
0.009972724076789652
2.3748034581713418
0.66897741468252
0.30431379004911563
1.246059401972173
0.8685280946920221
0.284082876093585
0.35893886773728306
0.23866578941086364
0.5302064745906968
0.6749018608829043
0.8286534107130394
0.3550104559588912
0.19412094169330155
2.6766416954785255
0.17647317980497254
0.3635503015385149
0.3963005297777463
3.298878426299572
2.756325990522773
0.5148192834616444
0.47003826115790703
0.06811706371452898
0.037446774041350696
0.8628613513030372
0.9388324628509768
0.15007443744942875
0.3906438266776804
2.3925524078654257
0.7079291840916183
0.011699628671920368
0.05001135758397068
0.6534783290335904
0.24488072199861544
0.17288614513577616
0.4951011147577123
0.4105581868673827
0.15692514503794372
1.2618038322082896
0.03014512320811181
2.186320568516065
0.7508277083447498
0.023786787832125685
1.81452535596566
0.07956246509864316
0.7683464318512011
0.6349185016370279
1.2755782624262437
0.08510014799404043
0.5372021154675397
0.26835199076486516
0.9304495492811102
0.42659930387537504
0.4859967155989709
0.23835943560643075
0.09576046407767236
0.4057633235338724
1.1692647020269102
0.3527851452441309
0.10175855321538511
0.6672684600670895
0.0725631790535553
0.7299772711973301
1.4800188119346491
0.3484844827779928
0.3891127173147681
0.9288787051571467
1.396255165469397
0.8451439142408705
0.1802482168336168
2.2529716216654743
0.19907614167332296
0.2976707671715517
0.16191462673100482
0.034592260933909054
1.2221124002939505
0.07040821061529504
1.1427292976609555
0.38399302213916864
1.1593908721485906
0.691686069386057
0.011172651818365046
0.3364410686556442
0.48958975940880034
0.18940375020750344
0.03303838041074938
0.7966302903491796
0.1644041599606894
0.7896051092549154
1.7023517978132077
0.047412598712148396
0.22142137057624117
0.159423355297064
0.2036853655814026
0.12662097647679035
0.7094439807962735
0.23033528856256358
0.5156510838890452
0.14286551366160252
0.32870231911165726
1.2389697715567256
0.5823617553851392
1.0702271897180686
0.4826054599336684
0.40996226057017376
0.08107229201422457
1.6121863922252722
0.3931962181748647
0.023452597120879683
0.026519193202485872
0.2725511430140565
0.18559289053826278
0.23387162805650316
0.3040979660387018
0.7173974872777782
0.4999019934649187
0.3254602195864594
1.1478971100651125
1.2084449303857312
0.05674372005893481
0.28517022687026966
0.09191736851756635
0.4952635340880343
0.33397169400152654
0.15697354982583428
0.7082440790359776
0.14009221798166785
0.3848398469442109
0.25493814179488106
0.7724033445058678
0.5290547305131661
1.332087141529984
0.09349288643442577
0.7628373282934984
0.36821078820187386
1.1820574061941358
0.08843581350825384
0.5265247579183898
0.2402767689135825
0.8305519007352277
0.9708434316679987
0.6928754087152984
0.563247773757064
0.30091488267797656
0.0750246997751126
0.1931209723825986
1.1428596161800753
0.15108668261959704
0.13068339474026378
0.3947469340311073
0.568466639494776
0.34688002088782144
0.4113236797895764
0.2270364187057347
0.14225373138753303
0.7680641179711459
0.21141543905199034
0.5466693937256769
1.6322697332228338
0.29842874845576534
0.44680816579952953
2.492312307574681
1.1947690541529907
0.819298267833801
0.23523416743952696
0.05334520837593867
0.2739469345888193
0.07526828181059254
0.22131570461064756
0.3185649408237478
0.3587705195868792
0.322968439612413
0.023862060119432347
0.43080878677232437
0.5461684477230558
0.28008806150918003
0.054351740325198156
0.9818355574140285
0.924522055378766
0.0521196918628052
0.22932816020640873
0.018692938272746557
0.33406079136394606
0.4613460869276714
0.6378307064045319
3.468215422864869
0.08605151616761063
1.0414472580356327
0.9967176604452095
0.06205738844282856
0.18510491774363969
0.8131178762100582
0.18008028127462877
0.35640383769697886
1.4489623508887834
0.20496270449137
0.1118453745965288
0.7415780258565215
0.7772820162524807
0.18869266717573113
1.2486936218850602
0.09854366045703283
0.4525059827809687
0.08994488267307113
0.08085273447596901
0.1516672443785565
1.1146027118920596
1.2408686843391794
0.39011290873731624
0.8601485908281004
0.07560796590249383
0.044480755532049276
1.7466375271983086
0.061478201961563804
0.8972813508717458
0.5409883244167849
0.1253957247200313
2.182296601649542
2.217577396571625
0.4113510867262339
0.8749859230319056
0.6604228479981883
0.3989592640764986
0.5544783910500126
0.4213005943816017
0.41902609063413476
0.20200611010077915
1.4270794215664875
0.8307925422093255
0.15845555475906176
0.05971131142289469
0.06005617467458271
0.7569086543534783
0.29890977739111024
3.260658074455118
0.49319567446485213
0.0781090282471776
0.19102176909778668
0.15634390666534298
0.599464575936425
0.36940238297859407
2.9685379057555465
0.08516121949733405
0.21567437135483236
0.012169613378960588
0.14058233804960718
0.08357802607857528
1.2438104928517246
1.313976387602785
0.6804509906869143
0.396011420653439
0.784324607220395
0.2950583209292035
0.14814223393476025
1.1726383617838176
2.350589429623276
0.32854131408444065
0.11790734507189093
1.056268207482417
1.8958517397100878
0.42525571791597644
0.4650346671477606
0.21343683174147784
1.1698465757623246
0.5039564490311622
0.4669897769881393
2.401585053849112
0.4389570990563103
1.4223600524682924
5.044519605594933
