0.5871157435876169
2.4529666560175665
0.5031289999416368
0.23201420635886616
0.5681374502079213
0.9552937623716131
1.1815000662512398
0.1556679508985789
0.18729893785068563
0.8246737236635022
0.21980551402941337
0.09283449768394966
0.5269951494867768
0.060569852762871884
0.2179012285783803
1.5717591960947002
0.22057850588524563
1.2360549754219963
0.8329470551640269
0.1329128795893372
0.23268899366296378
0.6697836459620442
1.6520102482812231
0.27575692913762195
0.43966352674682874
0.11441931205844341
0.8497874038060658
0.7866398845698531
0.07783161957999107
0.276297433555408
1.6469197097905437
0.6714838999587647
0.48383012527068364
0.8751259143325814
0.5685068152569102
0.05075519710141851
0.15021646441769326
0.5453634724675959
0.05299774930036062
0.5638059865358412
0.8013005955821927
0.0748390501922458
0.7050096158827828
0.44113661050702124
0.4328829231371064
0.081873291645386
0.09686199239214735
2.1707426257759734
1.7111521793916953
0.15303455536068883
0.03567339788744696
0.07414713266625436
0.028512626673166088
0.04525229322457306
0.0038977611340585794
0.44044483301780557
0.7407507497659653
0.7649216335329458
1.03100215563828
0.3942352667801178
1.7125487868028655
0.509584661746476
0.2850258345255166
0.08451598118807277
0.6003140988390697
0.13337017175494983
0.9939028760212165
0.4390513250045451
0.4889411351698893
0.5022048210332255
0.4138774459842006
0.8202980365748171
0.4088005046262614
0.06857782719413616
0.43182977507710196
0.9834580638301627
0.2286261317789659
1.0088158289866365
0.5268983247931743
0.28427277747898483
0.1146384327434218
0.01310935989718667
0.41634287053027447
0.5508191680947166
0.5819030242930214
0.0857412912026458
0.0498622387992839
0.1737418786248929
0.2577497811821188
0.6917483652689146
1.716851900057488
0.7941560585393507
0.7781830966274189
0.027814979235122727
2.3956071703626076
0.7889240151247287
0.38425722450641997
0.43009836584845196
1.934642893200665
1.2863371184508943
0.8824282448006925
0.43795466626379354
0.8598053485203363
0.534604184224147
1.5729395117534544
1.7338200477264645
0.24511751567750015
0.3295254018729735
0.4246261828224578
0.4041745776006969
3.115262986123768
0.7078558493744178
0.5148135054458309
0.2535107645785716
0.6208482604193876
0.21497674768266417
0.19667203909122882
2.539441642314218
0.7262375315345261
0.32449470949860953
0.0376394183375125
1.405328995428157
1.47445221659577
1.3703648790160392
0.576553829252291
0.049167531109556614
1.719508502595007
0.23396590725825894
0.7319659914914596
0.370415820764691
0.46775339513629205
0.42449332383073446
1.2409230116765788
0.8807905156862379
0.3292694439924137
0.6868926179226994
0.7136382204786536
0.5205455698567991
0.141505479238682
0.7883780112855946
0.4854688931492548
0.12866043983491626
0.44360292878766183
0.42939671808684476
1.1230180381391222
0.06401490745384728
0.47483173998336864
1.3536539669906997
0.08642247439115809
0.5154380923637271
0.9143438086472401
0.3025132892710722
0.20308354160325012
0.33189014940239564
0.0962366658526992
0.050627158361972284
1.802539110489035
0.6669463132327998
0.18816063875537686
0.5817742054331696
1.5504146879727643
0.11674314152043498
1.54983136777324
0.21752027615783204
0.2763429623956883
1.559643844199513
0.370464527927807
0.5449483503146026
0.6667164471074967
0.11377534916166676
0.006259513223536589
0.7955355042154783
1.3391156039872762
0.5968070611876896
2.7411050320355463
0.03322704399303869
1.1500065329046565
0.5194008899051816
0.27615759157509273
0.01003028094743591
0.2365041552990221
0.05817260540890695
0.01928345986228039
0.12372128535798471
0.1323132585544452
0.03447910656329591
0.4091325040932355
0.019404533300225107
0.11817753354818682
0.9259193750382042
0.25518616583187187
0.2539984387022722
1.871008537475746
0.17730424952740398
1.3074355190908014
0.5574011146018186
0.4584490595604702
2.4593576498255976
1.4546376813934296
0.9926041552352793
1.4570540344087375
0.1863516933425868
0.5580945325174324
0.16366879663498646
0.9628605681296396
0.9696356637896097
0.38784362592366584
0.3367536862606649
0.4198213163019945
1.7718196981307792
0.43287266866159807
0.18104179547388116
0.16126190335104945
0.8829931327449945
0.26596579958778166
0.5945798925081651
0.4611184111696617
0.07600261049661063
0.10106204937983343
1.12660912659104
0.14261907157850143
1.2544739501448638
1.2687709957920632
0.5512446825605785
0.17741484239442712
0.2454815507091781
0.2078414197096093
0.2558529441515934
1.5642849739654612
0.12150891509123757
0.31811764928987335
1.8025138371609737
0.06575747739674288
0.15158186668420948
0.9571506940217654
1.0108751024897258
0.27273692070691796
1.0435197188575875
0.5567513719267815
0.03998201826429116
0.5497796647816376
0.20495105785199536
0.028381722460164172
1.3104208036163212
1.3268873313299512
0.047521502378823424
0.9563379218982869
0.4655081667280427
0.03150400943947712
0.27181227677304687
0.14562297728863574
0.26990980885665905
0.3569953062868671
1.0490062575035697
0.022404429204871023
0.6121585659067744
0.18895417017367833
0.9645637767409454
1.9302686940571236
0.5308432877822922
0.9562489972350023
0.2217249078970549
0.23355498497286828
0.11332901418962713
0.8361101657578425
0.40833960813460446
0.17947066481784474
0.7080242797533381
0.3958180072919813
0.5103091563782295
0.22473369777297283
0.012960438133646952
0.04288860396513369
1.1409086297620548
0.6409984196410332
1.3060219708094416
0.23881429899202863
0.07454002048118297
0.15806549558201718
0.8808340469914847
0.12846539374850652
0.2076622969916276
0.7861559858665563
0.06997119766884566
0.06876430667689776
0.7581750954996712
1.0877096327660687
0.4989977376196989
0.3938257309609651
0.5133506318459298
0.17793045062284388
1.903062612261055
0.3923658808836148
0.3387608347767878
0.21618443475604002
0.34631988406817954
0.3433251501756127
0.7120986732005434
0.7655349559075284
0.06695029872878461
0.1511129583130012
0.08789612386201433
0.6810820975818647
0.6027960005942402
1.2606672777068606
0.3881403933972484
0.23249563740368304
1.1173765133988112
0.8474932657939437
0.36549540041423006
0.24267503025994103
0.08786107216615043
1.563213203888215
0.36552430372492895
1.8761234446367587
0.1185679733003385
1.3125870173561507
1.5817448637861984
0.7325938143647293
0.058840741681490887
0.8962514059850955
0.3875933783384701
0.05404190976442389
0.14521448510967025
0.007123421824720047
0.11466802981967175
0.16427848825045496
0.8162057701060483
0.21836343778752298
0.8179544374579107
1.741572869494305
0.3323226552735303
0.20586373722020435
0.17272486136727447
0.8597280624983101
0.036046695405242635
1.528048312202361
0.2091323378778101
0.21444219554703162
1.1000071708794392
0.4699630545297651
0.8183617625877652
0.007684046016639193
0.760327222747172
0.2634336784957767
0.512148791880065
0.0661772712911456
0.7821995423773274
1.6087047604540472
0.10791122421139768
0.2213388974097685
0.7971067074701713
0.44943340651890706
1.1033689734406418
1.233620885569715
0.42687951844619837
1.5550950761812299
0.4402972466367637
0.19186981148137613
0.07769876425776252
1.1044502042223967
0.47621789840107787
0.33696091520458255
0.6768484616755422
0.5910849257941574
0.07337994209058483
0.32763779131909904
1.0223043302013342
0.8704905190330074
0.5762807337632422
0.6942269572483498
0.5275102176469049
0.03599583244422809
0.1170231116921379
0.004005548693259184
0.43046317662775024
0.7195773018888866
0.337546366135302
0.260310610463733
0.13358768136253873
0.12277990976289746
0.5761465403967947
0.553998251500438
0.3098998825088825
0.3536223684597784
0.2607655929541735
0.3155762408406242
0.8137608678757055
0.262930745132787
0.37525760839821626
0.9241881687756369
0.6843260178986215
0.4856266908243539
0.581348644225713
0.12138734304134606
0.43485596993717834
0.4933198806900492
0.39961790563632016
0.20341795407279675
1.1280066816444696
0.3517548363816423
0.8302358927857003
0.5248328245845019
0.592847869346888
0.27866511958888013
1.773765277947962
0.23010970617723533
0.06804465145099192
1.615688939498171
0.34183855511659256
1.557246891337187
0.17134928727699789
0.12365766659534819
0.015351037661125529
0.4108008932816033
0.7494088049205202
1.0872725566828798
0.41572174890883407
0.029636034037785215
0.027615399907752993
0.20856830904720874
0.17490128654885495
0.2732032528590459
1.5562748103219428
0.051643223659353414
1.0805629633155704
1.1770927098174064
0.25162569685160474
0.6332727891448443
0.37302237857400733
0.38965976891047216
0.9809000407868893
1.0600479444014117
0.8874379806436504
0.6908753250039386
0.9776997090563735
0.6610253983368973
1.6136019458258453
1.1208628429485776
0.10416197133643226
0.2862450980243105
1.6076884209049307
0.5018608094355225
0.19991149500896416
0.10867067757542158
0.13120499520896287
0.016863822714997933
0.7780159254699899
0.14342518009886537
0.14728714146440167
1.2881327146113304
0.3381452180679489
0.20402733807183437
0.48857140760696377
1.2964422214711937
1.3006944290452025
0.8617271348377951
0.661953764839275
2.4264625764949397
0.9114087259197272
0.1726582148212649
0.4433725951468058
0.12266543375872045
0.37186006381717956
0.42832793004086994
0.12474459426095408
0.4580778482365175
0.1323135625819149
1.015589253768112
0.15642421987889815
0.09226084530004947
0.2566341245827938
0.3920345733301438
0.049561368438510216
0.5765988908760771
0.6327906704375516
0.2612933750783636
0.3578368480436349
0.4790691437765997
0.3065345706577384
0.5267344316203016
0.31315564185003114
0.04750561192102286
1.3671981792155699
0.11885864041584261
0.02463294276982823
0.16895514449898216
1.0783634285980355
0.16105635090418516
0.6944539086349918
0.1405359186458564
0.7279069740829467
0.3769597553810362
1.4682494981489544
0.5181383991009422
0.21522443269038838
0.0928721432613873
0.34261594245109417
0.3660135226694943
0.04686681262012492
0.44923995590985694
2.1191140643060096
0.23565485549557233
0.49122867644109103
1.5607779629832608
0.15237622644425158
0.9754587344373726
0.995498310554965
0.17088376499201333
0.6043695879637059
0.813748873633095
0.1102266782379747
0.10129837441136001
2.4756757526962216
1.3657889098574296
0.24789809490342327
0.35358046437186935
1.4868165191903822
0.6705491552982591
0.4870663060262309
0.6133150306483233
0.3719679647467847
0.9427601985611573
0.9333842115080173
0.9192241305725802
1.0449555273561106
0.051286617198458215
1.0960275753741964
0.34051510561997095
0.88791152912462
0.993956582432455
0.8776694249818843
1.9243873995982483
0.05111097195212673
0.948006009330629
0.11107060183455053
0.9413947900797299
0.49404210909926155
0.03470639271650864
0.3333937647813439
0.42376526655220514
1.2538785357084363
0.3257492573287357
0.6662138512955683
0.2612421102318084
0.3460867128784122
0.4846263694037188
0.5156987271513161
0.10897512903578291
0.26147863668472504
0.10776575831871699
1.2080033167690267
1.08995641216577
0.06063965301269625
0.19371250584600214
0.486153535050469
0.4897860217904491
0.07379890979791867
0.480917899608761
0.20836957390693725
0.4175385802193403
0.10087019070956883
0.08585217140137744
0.47873974556763865
0.3423282212924015
0.22057317866552237
0.47799549773489375
0.21377711095319601
0.04401893445273398
0.03332785805773167
0.21509390703545056
0.3590144182789301
0.7426915326537556
0.8122233072239277
0.0851871256554414
0.12104900264226251
0.4384966728475028
0.22214772118661116
1.0386546963805563
0.09221723231238255
0.8429355650289669
1.1249979526455083
2.149897426551058
0.3422806507250416
0.05270786051633778
0.3749083954072472
0.009513213295015763
0.00347087898140002
0.42853523730850446
0.013137903209841286
0.038469975175609364
0.47008054211926226
0.6654431392365804
0.36491964362325996
0.811489454918443
0.5055126706431587
0.06208785185129543
1.4329663643903638
0.4512242381784098
0.15902273517895274
0.7172283886496673
0.6453214464125822
0.2603087557675559
0.3872283155542097
0.17642623542824884
0.2468491900654453
0.5429734780020308
0.09087575969839773
0.26342610239446274
2.781598310934159
0.9685631011495204
0.5350886062120254
0.4550039975863967
0.601171109517571
0.06249469926736344
0.11999632133380424
0.06017196107914994
0.003146964611028977
0.7611736793139425
0.18716457868573982
0.0447949580936246
1.440690041610433
0.13838682603474842
0.20763647667590648
0.19374743956893514
0.273213374083651
0.35197694851717515
0.7405502991880127
0.5814341076216575
0.6659474162179767
1.0460236863184926
0.7426294202320938
0.751011042643533
1.2096463804735649
0.9951580126433316
0.1777608460061534
1.5341332626310837
0.28071677512883203
0.09714856106968899
0.09778367777141808
0.3885624241236203
0.30918436286446727
0.4818426593842016
0.8834685726052564
0.00433373457507508
0.36180966610340015
0.01587017744182002
0.5463860123863779
3.3526135815980376
0.6691439532703358
0.19499053829523158
0.34145743054700856
0.0699712134099519
0.03476684423146425
1.0903873131157487
0.49110713357317254
0.22150364994451957
1.2815610446406225
0.086809709480526
0.2666447684090816
1.2055108277902051
0.8698091983144116
0.4328946422009943
0.5990254063138447
0.1855629953258166
0.4734628884288248
0.29363572469644905
0.8883926818115138
2.39716505564374
0.24923651082152903
0.5592572458181099
0.2479269255765429
0.6714969349449845
0.9764331414130998
0.19999737791021877
0.4099218362713307
1.226530645236767
2.368942514723409
1.0611691347043208
0.705199344065296
0.041300612482798746
0.09092101771533427
0.07838270771340196
0.09836605324852966
1.2649953034290202
0.2425520790257209
0.09689464296845458
1.5181507290670229
0.4244466345281936
0.010796587252731247
0.7530409059808079
0.38780852580533304
0.10694028280648406
0.7243554825762731
0.09654365578568512
0.5289694485250395
1.3019871725055312
0.3863066985958283
0.6703375436112399
0.18216988191764366
0.6682269528846111
0.6043853483823668
0.3763140669084608
0.23117090312540595
0.37770668849544925
0.4675671176219564
0.25722559980431015
0.560032804069362
0.684737717296669
0.48134071290974206
0.24691132836229038
0.396200418258685
0.3391805568643364
0.3391636859722441
1.3793249094715565
0.7112926544913375
0.17620385062421232
0.6160857758593979
0.22943634476915795
0.1064156666198833
0.3456459493726321
0.4312243363505214
0.10972130633731092
0.9598355545808736
0.14277520408176406
0.2873317682099076
0.8883145506995197
0.20799932510983618
0.8160621550223516
0.5986068389771819
0.3323195963455755
0.468193116514307
3.5791839003516337
0.8547614834546615
2.8121142512652533
0.7739934606874566
0.2823720085243009
1.8624369698142997
0.5873432119406178
0.30868144004191667
0.21289623752770018
0.2905560262878484
1.417603128947554
0.2603274908689744
1.7539500416642744
0.515565539587374
0.5433815460480749
0.05347023999293849
0.2453717738824557
0.8947631904128659
0.15986114626702966
0.11600300135710222
0.04354520667969774
0.6267611549067853
0.1592683043605654
0.1422289626619426
0.4420603222998336
1.0881960222797507
0.048505911265638184
1.453309444526242
0.22648043616449393
2.233639940422077
0.9597192998857628
0.38045721012146955
0.22654377313581445
0.13453900507533983
0.40271620321457846
0.05010297221566739
1.786933582634273
1.5153593117062831
0.38251564565588164
0.09867179251197081
0.10054136655572535
0.8645440299837662
0.6263311436215728
0.17143730327619483
0.7765718517637377
0.2674592178782542
0.08021024503399088
0.4470350516969295
0.2633227546799795
1.5852905107510604
0.35330872551093534
0.06862876924193147
0.058898940240399794
0.3821313549636736
0.3008829284178407
0.3252932565229467
0.6438924144388078
0.5295425265798444
0.8270368784911766
1.347945200808196
1.6429590882371932
0.22188688446515187
0.17558259048707073
1.2524983693960476
0.4313343755352496
0.006975227816614714
0.27610143841706153
0.43600784990765185
1.6521535759794048
0.314439381181433
0.9849225426275479
0.1755702169809934
0.3536597606388477
0.25754043991686454
0.13552614968268115
0.25161152181862906
0.08036510360391026
0.10291185235931608
1.267816067238307
0.7070884203798007
0.06849466497437734
0.19330267439213267
0.4079752100977095
0.4062405858046531
1.3701265589949188
0.18137984441888075
0.35633748631698026
1.2704360246125501
0.048076858797530896
0.6219456271856835
0.50556450097868
0.1468846758917446
0.08868097995154146
0.2632821616258974
0.3829089746060341
0.034957580937391826
0.4815421983672567
1.7518272699596944
1.7592056487769576
0.7468805695689147
1.8572166925395452
0.6152611584293248
1.9695045179654946
0.4318336665815303
0.2042205920303696
2.298510545772938
0.20818390350211669
0.04633455998292748
0.26175783417703097
0.6685768633689134
0.49900548146250906
0.29673938033104824
0.8663720294804179
0.2871249436865661
2.158153264730032
0.5833816008381555
0.44311473791250255
0.20277496780945345
0.16165343645624672
0.12468061086335983
1.5204352005774495
0.7447660759724128
0.40308441504831904
0.05037925085129919
0.44823849037309643
1.3195926673030252
0.5370958029022836
0.2428018835961954
0.12931384504942245
0.2838510961731977
0.004029200646096719
0.5458140933083464
1.0432343065032972
1.2482896151697425
0.10954724202796093
0.7956575234594029
0.21495352045223942
0.727351463817245
1.7871316617179867
0.6751381918359912
0.1451283910896705
0.3776463006386693
0.46677307154167813
0.08294122772925454
1.689461188703529
0.06965659015482872
0.07915418102727702
0.18450504648039034
0.03755509265113866
0.062193964926775834
3.072880465392321
0.2532489879082536
0.2093071819576693
1.283796479185513
2.1074575278858134
0.06727217076757158
0.5554002329521264
0.05246670090009112
0.17495372501068426
0.627265374111051
0.11647864470037016
0.2891004702724394
0.7797425303221696
0.06489666581187603
0.0791018142073712
0.7907276061072737
1.3177954000951124
0.059354344456324676
0.050923927952969704
0.24457174182854313
0.28447414302092794
0.7286279787259733
0.6372342374376622
0.04139221192430648
1.0729189748237757
0.305421705241551
0.34911597128724053
0.6632474618206567
0.3332962545723865
0.2224459174606268
0.38095820954704934
2.6006670829018614
0.2675507051621497
0.26890979724600095
0.05056785012412926
0.14233807613281554
0.6184033766587006
0.4730463707754405
0.3941481110606212
1.1231605342238944
0.09265442652323631
0.40947761889497336
1.5132586278664326
0.02784583202959324
0.2181181939916224
0.45034668954470297
0.3510655547238667
0.20734231825857424
0.39997620406689316
0.9592265462266618
0.014386500438616931
0.04835525204670935
0.2821991606607056
0.10774698695140707
1.1808534536583069
0.34135514869533956
0.05023906913497015
2.2756114277197135
0.7976527212841469
0.4164614696672582
0.7081669109868868
0.5596437418032479
0.4588188182648601
0.028282654176856353
0.18417176052322848
0.1846606615870238
0.36831349523793944
0.08962563988578517
0.5638397818757849
1.3569909688484187
0.3209405648461616
0.6345142042187892
0.9803257727211943
0.22490368677763806
0.06041012944064852
0.6994241692278387
0.19649252839095377
0.13153591034113643
0.07979479136598301
0.671330790215618
0.03726070358446102
1.5438850052874398
0.3355961881055387
0.21082893389834778
0.23682495741157025
0.11266950842992725
0.09195521068883532
0.0011740840310682293
0.3565134902804847
0.1433374679772642
0.6248853329115897
0.05674770732574146
1.0807076629903856
0.36866383898569244
0.10356992725398259
0.1451889597674987
0.48241336248501704
0.23555363700573034
0.7170896283592247
0.2957402301022832
0.15678930732119734
1.5478452107783427
0.31446814034402465
1.2106340006335679
0.5295356924744812
0.1498258129081061
0.03500047635106375
0.08143601321889905
0.5736414567001199
0.1431172784359578
0.5674319055874472
0.31880425980102184
0.1454002752035912
0.39999015492480805
0.24242906276475598
0.01900182044812706
0.49704191095033134
0.29576289652123006
0.47225442614303553
0.14925061194760308
0.4975757884501893
0.09997063089937851
0.12725145352858652
0.9864759175716065
0.25875561149583526
0.3865135012418181
0.37267277910320395
0.5401929426210402
2.3373572988982976
0.09604949127610353
0.06083091831661726
0.10651735658634952
0.7243394758346872
0.7229222650976237
0.5305405616714531
2.52797713560537
2.087734076799736
0.798994338321426
1.6024404894992834
0.7135062847005132
0.3296737459480298
0.16503311542321597
0.09430911740525053
0.04034602159877962
2.0917412812770224
0.4175314678383093
0.10600391779163874
0.059918088620884144
0.010240212952229882
0.17031983322712343
1.0837321432086344
0.42400585796964135
0.4380029555142559
0.34596396225188186
0.02381132718579497
0.29601498426597167
1.285555799178769
0.2598265969347958
0.4329491373328829
2.6655375300053574
1.7187739070019799
0.6499779458234332
1.5205044470361864
1.0004151551669471
0.5612649559170364
0.22170183361555587
0.7011726814005061
1.0057594831145837
0.27874349752189176
0.16465260529335246
0.23957943199532813
0.16935000071320844
0.09393233321169464
0.27609036867891146
1.024510644420188
0.024515897802004926
0.32750219003767905
1.4388683371142075
0.12567500944330534
0.5609135567508894
0.2137998803507827
0.5260945857831639
0.20689700027038496
1.0850169485628471
0.9286298211440066
0.8285205978052168
1.6080367963403637
1.3988826679107014
1.0761311808061753
0.20171452602063702
0.290142396992086
0.47462510269600755
0.9403879131251183
0.08760140167021717
0.07004212357942577
2.3376139562820293
1.2302862307932787
0.47681697792915184
2.2138589341229324
0.14751794553466288
1.0340608652088104
0.8837487518021528
0.39934392623384113
0.09958716010750426
1.2240534941236183
0.6294947412129116
0.15355825453922414
0.22402097175107769
0.32736058119349465
0.356530389684942
0.7758017263366442
0.20955511615925987
0.050125352875770024
0.37275981609358244
0.20325215861628035
0.18625656638831728
0.9303785855115341
0.05565996970243798
1.1032411299596787
1.3685768307361568
0.04217634427762951
0.006169671337865672
0.4471015145513735
0.2759604594177926
0.7208188741870302
0.8277532015776559
0.21961620544595628
3.251141057553551
0.37667744617107546
0.5541556567272893
0.12176267714574397
0.4163239869813202
0.7376775830267489
0.6291045677742974
1.0522510440802832
0.3001827824876377
0.21528148731650645
1.1255068938572699
0.9884149905222879
0.3604457943201722
0.8789167174577495
0.34716491029185786
0.5606189515383289
1.5511805976400093
0.09654487691332803
1.3938443264322675
0.6524156464867303
0.2134598461778539
0.22317905391289555
0.45565743059711655
0.8910086338790816
1.1821908627133373
0.3025793858550288
0.2927759020587424
0.06530700705131469
0.7242524651258684
1.5885584985489947
0.06944760810051116
0.3858820998184049
0.057559806085746235
0.0864510006761691
1.0964292232585044
0.660317676558178
1.287877822266603
0.6643209740429792
0.3169468463571489
0.6232601878236371
0.5700249998842588
0.48834446661743475
0.5456095463412978
0.5484182308561479
0.18316279987997225
0.15284557342355415
0.3105343716564102
0.07976552547468686
0.0892095128062858
0.3373193692105907
0.08546146060801228
0.32437589125896016
0.3207581829578571
0.7101362352601198
0.4250401216882924
1.1646562408433574
1.1069435425724028
0.35029266418480254
0.8096234306675115
0.11444406734461864
1.0710971535641767
0.5915564880318569
0.020272237322365348
1.2082465049398943
0.28370455191097127
0.9874196228013515
1.0664416532975975
0.07995418034856254
1.4765196409380292
1.0907265773622252
0.34285684316314985
0.48675146345870374
0.8305827059462774
0.10432808715758828
0.25282775178763794
0.6331645339483918
0.43725530674008223
0.0366089218069226
0.18742475467345923
0.38917279388768733
0.12475903911137819
0.23538211307580653
0.6335515208938036
0.08193748130376237
0.04095090169819712
0.9536423276151482
0.5299106982975779
0.393127441329083
0.22211726327434275
0.23891561357756969
1.0223621644590042
1.0462350208801663
0.9051806460950697
0.8534982241471739
0.7838361340998441
0.41445918802491355
1.2745307898183749
0.9641785951049648
0.9102617645811151
0.031090847148575473
1.347405768531337
0.1151956434669777
0.11061540375504507
0.5671094612918675
0.1127364353542663
0.10280104445627139
0.856531124502189
0.11111299685814854
0.1590955155547086
0.43600883266306895
0.6659585443373924
0.21035044956964105
0.5530564188520105
0.1326307347473704
0.6627087632895633
0.9867571810205891
1.1560573047160847
0.01817083778392035
1.0356332900087635
0.14526366692409398
0.17661504061662123
0.8082792740965352
0.20755746512042236
0.020935243090089154
1.1842029718434437
0.7685412346196869
0.5144867411800287
0.9754261793779547
0.2978977806379411
0.16280778949293082
0.09833456077269256
0.10834414946124873
0.12591760898986404
0.80335277975232
0.47755313654143383
0.5574753247600212
0.1818348884432355
0.23546194117287653
0.08033260374279007
0.29957583433497087
0.26590383763070385
0.07605850034239729
2.4237370757348957
1.071381465148113
0.5726632678828281
0.19958536558187973
0.10713179286969454
0.10138101131757984
0.4201682075691881
0.6068233891201334
0.5919961766896581
1.2472929431316755
0.37297390582247736
0.401942627028125
0.1870487836256697
0.4351832880213378
0.4515684900741177
0.07632064849534095
0.054098102888027744
0.029340022911389416
0.839148462846212
0.3737435743066264
0.06795344357940258
0.32236184805350604
0.3940272265935518
0.5185238767138294
0.176789096845425
0.11519390496021643
1.039806013324474
0.33139676994332373
0.9414075385659817
0.21413922236266403
0.12092660500219249
0.11007586286552139
0.16494692163395702
1.0933677173899865
0.20053624578653628
0.12586184939837966
0.9700508614852044
0.8319584368720077
0.18887463788631487
0.05566004025003365
0.07857919198228502
0.06962289799591889
1.5616169755689462
1.556310015081911
0.6738067088295385
0.8595492563539958
0.04784907019597782
0.12376714524037001
0.5090626979001037
0.5277971613049917
0.5763113812095817
1.3842050871868181
1.3855188317472402
0.10918106347487126
1.386540001160004
0.19601774046395434
0.06193027021485515
0.5149827124075598
0.20200488272182487
0.36018950158284146
0.8877319437886548
1.2831066542994616
1.4623801698178287
1.6587270484123091
0.46586716836282216
0.2797311447144992
1.021918459011292
0.25085902169883806
0.14411216228217066
1.0945514759172879
0.29790112883475006
0.22068921231344596
0.9042778876528789
0.6815846323619886
0.24482079557916994
0.5839740246800157
1.017296276942483
0.041480625060359495
0.7860722403682499
0.4155711023124303
0.09773407813417877
1.3146430889020313
0.2582117106984104
0.9655685562392787
2.288413242921199
0.4735116830402973
0.42867520960910527
1.0922179557290281
0.8493091304884389
1.4611423788581572
0.9705025431990049
1.0665142413049544
0.5546480557269856
0.0012108229791846993
0.42347624179883
0.2561080407687123
0.2352261794233819
0.10772195890531495
0.20467470239079996
0.7755013655348458
0.226886091232445
0.2999345066864962
0.7676722547220507
0.07779552912536168
0.01416122785574952
0.4791234997078028
0.7855624823499012
0.25137055526392865
0.09666606326491509
0.6679203256649547
0.004649854447055209
0.5465018096352982
0.1681631552991371
0.4338690659381874
0.07986561475866355
0.18081376786944944
0.36598528495396204
0.41682099550664714
0.16115401027642845
0.018020436201803238
1.2568523041280713
0.1286088299848051
0.1458677250023203
3.0079931825392068
0.729395159874124
0.1987518545069683
0.14917832257572566
0.3474122980712732
0.13437783476820975
0.5854319509798404
0.22483898867364865
0.3381506517737487
1.7476025956532966
0.8593726078976951
0.7585222199270484
1.5465033449710635
0.30186731705594105
1.423174105545983
0.3510335743199468
0.21007113174388073
0.09815285218680729
0.33935058657601946
0.11707713575961895
0.26866211969449694
0.20676535150345393
0.32783777401009334
0.33134506415070586
0.21958174838828448
0.3043810446137787
0.5803144974559211
1.5604049047202044
0.676468200989595
0.08020556869559256
0.631671556221571
0.10698628265061051
0.47672730260689644
0.7939902031511635
0.23644171086295326
0.9313612572619571
0.15187694933332985
0.5883900445473292
0.7271752012884669
0.7794061232036047
0.7770080577215397
0.1517494890074758
2.2968757042193344
1.1466885574610046
0.41037404400764727
0.34527121437371067
0.5911250764863808
1.297444950898608
0.2321277788181612
0.02581249227484728
1.7088245804387512
0.1198687140424529
0.29959028362938794
1.9764872151629018
1.5212933714943486
0.08142068999227152
0.37971433684014266
0.5764105464641854
1.1270030468618772
1.6520958318840453
0.7957387261436702
0.33618448677607643
0.29576839311844816
0.9313934627909871
0.1442325858317584
0.7879864624636905
0.47775552671281896
0.08335359614276061
0.07861226750811467
0.538492882064635
0.16939364940897128
0.05241353864622909
1.300071012318556
0.019778472913090258
0.17796632524961206
1.3917886732673683
0.4032065118446248
0.025757533173207326
0.8414980897919312
0.15870998897858157
0.32728567323281854
0.3291170169185515
0.292025196639309
0.2104647430791889
0.9359357610345473
0.30557127654259614
0.34717274179957425
0.3079728860103993
0.19483636036078392
0.9060928757764447
0.10612197827952412
1.0028715746717236
0.4832505915459368
0.17094498162423077
0.08029683613572298
0.02707150742346861
1.762636643186568
0.1265879273304759
0.2542436427538202
0.22294631289698882
2.1556240634155843
1.3180231035612961
1.2227193693725646
0.5564770596817756
0.4697387647090861
1.6215793432773382
0.42027134357228163
0.7407650518916061
0.34346054357666495
0.145026153160984
0.18208270120746722
0.987686086709859
0.3404481950757648
0.385831036410032
1.309548454199429
0.0711376022621746
0.45767449784978975
1.3840475551486429
0.13334122224898
0.4724885070546606
1.1830539806050917
0.7215165188688081
1.6439835180045912
0.07819950023856162
0.2720128312513733
0.29904279064507433
0.33757119073991937
0.027588374404048308
0.17206968284723
0.4590923218465497
0.14969609613513324
0.34934493305639136
0.22665271419018101
0.3555296494170011
0.271566565835306
0.18323249466159827
0.31310899292077515
0.7758999379432456
0.8391483187695622
0.48556753777912515
0.04549232655183697
0.9194662723729493
0.10238961463106429
0.392765970948355
0.166514217929217
0.16266684306387844
1.3761944923946074
2.2921955420471485
1.9960792721325629
0.5040839561245043
0.6096771884694205
0.040876525152694985
0.0616384653742288
1.3827555781142702
0.1124500111189783
0.4244937788324787
0.7326426314770702
0.9975427324142038
0.2641942165328496
1.0971789869090431
0.4386274554956
0.6632842566510165
0.32036677705021316
0.141404536946164
0.28152952333106834
0.91524489389209
0.5892856382875958
0.2786581382139961
0.1916758868921786
0.33579652301888246
0.09951016851324543
0.5755413282882893
1.1774016461331678
0.6582664173607662
0.2847800905271449
0.23626436956703675
0.6944881432275828
1.6699265083013575
0.14534683197026868
0.4067646761914848
0.6552467775350934
0.24493306856930755
0.0633875695171231
0.687163371353083
1.4842102964214605
0.4290946029535742
1.444381250391928
0.4168645557481188
0.04278577406522778
0.5897262271581211
0.3665819155300501
0.6561862721515659
2.0131363473799273
0.8287712622043544
0.39090320493590075
0.3518753336357405
2.905174146999169
0.26665969240989673
1.5155513483511933
0.12125436000736742
0.22836498858570814
0.03759856031509271
0.012201243589853339
0.38053989240727226
0.7820558075883621
0.42854595532967543
1.830214803931083
0.11950182077670932
0.7796384441214659
0.14632871399662375
0.8020097080309518
1.0450811027681606
0.10585091809120659
0.8629191815617131
0.437999236737262
0.03127868267676139
0.4712297259836373
0.22606555129406908
0.17904614660167453
1.7861558672428466
0.5074024559094539
0.5109384594102623
0.5339586500152489
0.7662160157356461
0.17862165433994073
0.45841131676892877
0.2983649299492787
0.8297775143751875
1.0812742902654795
0.2249278171683975
0.07371999357108698
0.2544543338869765
0.29306853473047906
0.22935340811169735
0.2744223831388724
0.6694437121350091
2.4356926766058002
1.5424136711022918
0.10540222214871545
0.07825192654671495
0.6245210938223302
0.7950528311432177
0.3646555275756284
1.7748834115915164
0.275720113536825
0.13041203596083026
0.1750635382765919
0.6519263650588554
0.21648493079548375
0.24367224806512092
0.12577142567207814
0.3857514803656485
0.1426908460454448
0.05357922174014595
0.04725114248202011
0.7258798516614562
0.9915838263662295
0.2035618833060407
0.2246174425066196
0.47226742724848486
0.40389001899025695
2.0281856039741815
0.33927371779070287
0.44924067723601474
0.4272105355696042
0.40090614346875675
0.034177033315813315
0.8927501093139989
0.39667937512357104
0.08466775939694868
0.13520202923634486
1.106612291990274
0.06715802642493622
0.9037152531308242
0.14401130888897506
0.1272955749066371
2.985056357092237
0.0873713428079721
0.6945275606831924
0.15971175413479188
0.460051915115102
0.48144052929965825
1.584465615014049
0.22672238531644903
0.38816786082036014
0.2942704725394731
0.892663485292796
0.21799570085961134
0.35014447772523927
1.4716336658330398
0.44305822651807863
0.4182417455808236
0.9248021157042735
2.0169130752097213
1.142844378140241
0.5918448642812393
0.36209158116431417
0.5620490498795814
0.7104296525348817
0.32492970213156874
0.5709563700594472
0.11262262502277054
0.22532498574345053
1.254726003137466
0.08236864788788134
0.8162837931496355
0.17314922075140163
1.4665477198147299
0.4087235259941843
0.9549367221891157
0.2470244121146333
0.6140931255623028
2.1528407372113674
0.34100568559173994
0.5944276821515072
0.9465200091438468
0.4823602064382077
0.8072624616687798
0.3823104963468732
0.48081584014498846
0.3128251900089691
0.5453237119312251
0.14887565615130632
0.5615774922949193
0.935025103066054
0.4195266059437079
0.13513252335839204
0.10341439770179646
0.2779734302259573
0.07270760222759837
1.2557348446439185
2.4518994778424825
1.1171817960932509
1.5543259938323575
1.4477390706230955
0.17852184503835913
0.6568830323802819
0.4873420071900431
0.5332411393170975
1.3685508971541411
0.13523889303697972
0.5799598180729212
1.5873983459667371
1.4722588219790338
1.1452576760316748
0.4206551833338145
0.023966158913659778
0.5745168895815564
0.3953885886276618
0.02338519414963296
1.9298694364468418
0.4793965215201697
1.5609628120009502
0.29633345455680404
0.9868721231185414
1.1281921312980938
0.2148172337060497
0.6427412778741123
0.826916942771161
0.7918630301269659
1.3116715874829787
0.362163947505395
1.7166240084518694
1.016751268008789
0.021368367002453512
0.14582111736246198
0.8077017095336544
0.3367422726401997
0.42646457510905816
0.39004265094077756
0.05332907768641215
0.2621996903196593
0.3970545830140419
0.041063422121685816
0.37969213069204644
1.0019759444962335
0.7122131195366238
0.4603917809351839
0.22372954042126428
0.8330344074659478
1.0847793280768359
0.10532781527071113
0.26429310178723664
0.14841059045772298
0.1263919930018849
0.11236616360238127
0.38242312519237137
0.877715744847151
0.4926441631909849
0.3247715200287604
2.2719952061598865
0.788366204140797
0.23317233753411087
0.7188918403038601
0.032554643964401414
0.27972595403334094
0.514562741466885
0.5183833469755663
0.6160149199938801
2.2534532274450507
1.7073193558694852
0.10171876657969517
0.07379269477488161
0.02852908874548729
0.16968072976927145
1.0836591663211377
0.42514247670045385
0.3555892405750112
0.6884205717227098
0.31955859835705636
1.0940389044102425
0.3884884274289044
0.46600654800788055
0.3919502636741586
1.8704661325792782
0.08884367045831085
0.6985745240052059
0.7806089573374321
0.3734890389368596
0.030898840409125918
2.4418090914574435
0.1986593057477011
0.21935899391916508
0.8115566847496365
0.9633388652511135
0.4703130855937046
0.5812027375940906
0.6303132259788558
0.666296710316158
0.08328533010382182
0.10917506285343134
0.2321449668195468
0.87977152808215
0.04234694965919567
0.023791135022929222
0.8602897571821785
0.3322292651227764
0.13870725424688948
0.18212591676198175
0.7190773799052793
0.8046455066176917
1.0347407031392948
0.15988041047926652
0.2771759322762443
2.1291506065492745
0.017152693132316862
0.4124770435412889
0.9450614664724164
0.7450670372960224
0.8275074287598337
2.203162032261819
0.389831458299638
0.490148390531088
2.887406380433838
0.15850625255369266
0.16076834525728917
0.692279910703037
0.15261243284913215
0.13565028004270346
1.0739516658216728
1.7872574973639515
0.05508334476010852
0.3937318498350013
0.17170710628343877
0.08977229654250508
3.355047096100465
0.8376885445732278
0.46994764513452425
1.4036807300364942
2.4890155315189184
1.3178588090783696
0.9360656072747471
0.42304301510581704
0.5631777351263596
0.4726921482816811
0.46361739030358745
0.12197715601740067
0.38012072289752524
0.5205401678244582
0.36813396646868485
1.3867244720832237
0.22463530828705192
0.13515022519211134
0.12275967777383161
0.23581218626299655
0.1560418590616223
0.7487790843499533
0.1217127592141116
0.35772315330249194
0.7988352710373227
0.11674716056600333
0.033039847223048736
0.9317462292682286
0.17742755937116658
0.0764604941295342
0.40951385766795856
0.4816583802330787
1.4918170972887748
0.7164302622933977
0.06443453196685404
0.39422402032399617
0.20080830651248452
0.2695417605558679
0.3232236236617689
0.8681807882589377
0.7512231324343956
0.5447864125281086
0.7883309290235901
0.13623408540919088
0.27221884779340366
1.4308859677868209
0.14685724099035102
0.061022231746244146
0.6985755721001082
0.3443766502546083
0.04144373106539226
2.2447179213553152
1.1246297950485549
0.03597109043408159
0.5244218870288185
0.5179654160314006
0.6198961533722391
0.0928184628233294
0.004524206597637641
0.05562200904630907
1.43345785990858
0.06634211802106628
0.26049418559323995
0.09352245263542631
0.1313292727115451
0.6313359762497325
1.2757684869068648
0.5472749603499301
0.2867078627957033
0.4513993726566883
0.09792286772495204
1.1799122351618236
1.6174054522141963
0.3459493646438701
0.055132395972494315
0.508859224337804
0.018061034365373662
0.07539440503981978
0.9525825962721945
0.12230131040892617
0.39737036353413197
0.2642272310115545
0.13312870010241407
0.002904315575929192
0.27906042896129224
1.1512016891491579
0.3534006594227406
0.8768732016167129
0.2749687176712061
0.28947779314843586
0.17753795680558923
0.20499442700500042
0.08766550699494985
0.4321191423763657
0.10068054735189809
0.953638293385135
0.057209645256209606
0.882089993794231
0.3444849737428407
1.5244700371552036
0.10385792757476565
0.26108906585852604
0.35550748921261355
0.15851211336944002
2.3071149420040156
0.4392035843651286
1.6918923508553394
0.5858561547135349
0.2688649464376641
0.12006674613583826
0.36155894191816446
1.7087494960705525
0.2637380256522898
0.30421906398861953
0.191183889431974
0.051960669219398466
0.49193314805603844
0.1421285144193238
0.12730594737145803
0.15138794944490577
0.037574443023803854
0.009788651143839536
0.08455812847177241
1.3697485109831307
0.29991827340368915
0.08711690280811264
0.7103862063796414
0.44195783890709406
0.2454119655812743
0.5034938736453463
0.10254376904852039
0.03697462694204544
0.18577862057843897
0.21830102053659126
0.2173708845646697
0.0327882744440434
0.026233477775608357
0.008217576458124012
0.5452592081819863
0.045725631010939904
0.2867925792825511
0.8388238153058586
1.7690186677541633
0.04571516303276559
0.25630985920503074
0.03767952960822659
0.11251972903597894
0.4557263915407487
0.4155795811099401
0.518946903830297
1.8681412504837782
0.16678136606222257
1.0917250303439143
1.214924542541097
0.5651998804480949
0.4190465521941403
0.5204283091902462
0.14545699207733928
0.26027300858672214
0.8760525237432569
0.2987969902663052
0.5314631178030064
0.9804279364034141
1.415589170828714
0.144091095789423
0.30874015016733464
0.37545259774779804
0.2812564800472535
0.4122426061148556
0.6496614586000419
0.12146598163841506
0.4214780361584656
0.02528843463370941
0.037388280738716764
0.6294523038785231
0.11443136860260986
0.8387929426400786
0.7925389632437629
0.0848461045763374
0.26532339085675377
0.054736181515792556
0.07177734609885189
0.35637124627256195
1.0734868315217752
0.26052474295810835
0.6438877799258038
1.019499746811512
0.1338122116617551
0.9735510522365446
1.546635164821916
1.5007604426669732
0.9966936726464928
0.3689810518846729
0.4628883878303657
0.4103255341133896
0.46856997806883355
0.44216551258467707
0.4647016479078099
0.07362708766447963
0.6455241036979623
0.6521488231524893
1.6531597664362336
0.15967432542490154
0.09892689696918988
0.40657385673436663
0.23507761394072105
0.376335569589497
2.5012343571665143
0.179134480751938
0.30920953949115576
0.5484354295991458
0.8947242752048171
0.34438366907029977
0.21539210627071576
0.9747068047944699
0.11100990658052379
1.6147580230668115
1.2020061562757296
0.2024314294869815
3.4855852588379275
0.42393423740408814
0.6422015594298153
0.6715116873622212
0.5009189909728939
0.12835080600917448
0.5501502858483386
0.7691130822560214
0.2670317896604907
0.12058858909779731
0.461351305713052
0.7330680428727818
1.001855340212773
0.15581900030104875
0.3908347930566878
0.6545730855585409
0.9948865089659589
0.3312272290890753
0.8299398158760259
0.9074589823979818
0.07073503402465682
0.21978090998953612
0.36471740086051946
0.43505535195756584
1.5308598204013721
0.36390952646001307
3.1593152367232276
1.3186093119802798
0.35910653109983404
0.2785128239169531
0.5555042074046166
1.1732037435967688
0.05497875533748661
2.18075178791077
0.2651655313802697
0.2560958722095645
1.0875934163949763
0.22125534208347192
0.2936131628614969
0.5653958631504974
0.3478339713301439
0.3978707640005115
0.6695514858012548
0.08395672722166177
0.9001865887750721
0.3984409915625333
0.1407870552710952
0.1157353953318057
1.2328249247593894
0.39126596677899556
0.5776192868737847
4.844618618226947
0.7747555648292419
0.06290825117358874
1.0656073544088858
0.43736128320773704
0.17172196857104488
2.000997662123348
0.6537053590457984
0.7981618035878844
0.363473593403118
0.1267322640890766
0.33747937365221276
0.9757139819997801
0.3056397669320142
0.07318986788099033
0.5403464539840244
0.8523476961868384
0.5985217561831497
0.34348355782699547
0.10768692695332888
0.36927367323440496
1.4680177034619393
0.7080535715015409
0.1747381615511833
1.6523213507586785
0.31704640698566733
0.28230082539221596
0.9056512988538453
0.6790430591658849
0.37711699149647593
0.4628968320054595
0.36875136534281394
0.904614483530539
0.6933382846298284
1.0276724296758664
0.16248148122555184
2.6693050782326337
0.11440452716127794
0.6821858998532063
0.19855330412530647
0.6351639092512027
0.6635071706378607
2.0169426321224146
0.3217989530646345
0.8390540839131387
0.49871862988606164
0.023393476629051762
0.22767291393104477
0.6004116681092204
2.3986122923507023
1.0338591494495295
1.1820424536477696
1.8764786831504616
0.37292784992929234
0.34537485079575553
0.5628028699589845
0.8992012748577237
1.2991325245257959
0.10783352786258527
0.3450708112633426
0.4304370197764776
0.4030965342566591
0.8454818591764569
0.7875782438333602
0.7859381438644168
0.25130845798868234
0.36793401714294316
0.9975284212825636
0.8170865444164257
0.40006979342800575
0.3306458735372096
0.10092432520692136
0.44907536892504935
0.21962848025651335
0.2817196510533229
0.40907376917023736
0.12196990889863814
0.06396840950517015
1.101649457569681
1.5036091057961305
0.17399815064271298
1.2812010509305745
0.4055064097968961
0.24956403091345702
0.4147694931590016
0.33496164856289196
0.16507938957781956
0.9364420299066178
0.32673892295176404
0.39717950026899734
0.8054063186699314
0.5690704283999919
0.3227149019343494
0.2531738273424685
0.4093412915422022
0.01630769714089384
3.9080178839293986
1.4847062784201757
0.1790062621181398
1.0130569617034801
0.1943392362127831
0.3418284695607981
0.5689497886709108
1.5040179733507488
1.5832971654509593
1.0311095934381314
0.30000808970577036
0.35591484705541215
0.387604862785249
0.38527304810969315
0.19977808593366508
2.3987227369844004
0.3542037285881532
0.8462888089361209
0.5854214350073256
0.5196840071945166
0.05434713160252436
1.193426859999858
0.6082165986403014
0.7793048346873979
0.32246968391525604
0.45917159774549576
0.5628182970254694
0.23449159421534888
0.5077991523326556
0.35001137957990913
0.7423929898618937
0.3852573479762421
0.3505365354056401
0.13640939651999698
0.06662280737719525
0.22192430018141832
0.32014728195996395
0.5796564861048354
0.372041290001524
0.9109377542920963
0.23038883384729755
0.16092747789457432
1.0021504634952805
0.2732870664448376
0.18502259149677727
0.14402858742659044
0.5456785678449931
0.3010092892092412
0.08622644344281757
0.10677698873351513
0.18576564560803863
0.803438045616889
0.024117834136960566
0.5736718914496531
1.5348231600314186
0.5524699157987337
0.2276902218052446
0.04218920025394024
0.06756375587416288
0.04268971170031773
1.926193954859471
0.2084664514687004
0.07544617891718446
0.6141395550739256
0.13330490558982677
0.19209175137691048
0.6279975260242122
0.10895121420467031
0.47925946415129855
2.4409348818376992
0.047371867223404585
0.8099097981255827
1.6252707675667661
0.12071812520837408
0.7427247324002777
0.08065980209979422
0.06415375964866572
0.1600842700443667
0.9580233686468738
0.17531701000469668
0.03942216677291649
2.829499684887454
0.3438221348124501
0.28443794931737465
0.47152384332600306
0.3428999138860539
0.7524210914381834
0.19340515411765102
0.3691382509648426
0.2016852503896575
0.2356533420262509
1.8785551046149604
0.07452082273414196
0.5244328099526736
0.1921760806800928
0.05221466446725866
1.5918193382751649
1.3719139551331365
0.37276768449748793
1.523175790815981
1.0613152438406372
1.047015716491356
1.010591915144809
0.15739618421205867
0.39374032585865854
1.232657995706201
0.24811064851362846
0.6585224520628411
0.9113720546605812
0.1273438425625647
0.18026521746879406
0.439043727280417
1.0847753025934965
0.16802776249734888
0.6073233564012361
0.45042099696593046
0.15966724807118904
0.9863914280785161
0.06714799593616004
0.2858437825535048
0.4288923779652482
0.9976127651846539
0.4106522320563368
2.8683314993088205
0.34008027685552783
0.07148312784276871
0.9400891484187919
0.061325142384485054
0.05813866494064308
0.9691502865193709
0.3239944809582588
0.8105751997653456
0.5754982390057222
0.38522910288693124
0.7595376075422198
0.5536524208387305
0.980250299582233
0.03862974906520943
0.1416295368412179
0.44952942589629863
0.1723181893623778
0.4605260918361216
0.3577781019556711
0.5483471567524575
0.11320412340815822
0.2797160849704811
0.19057332572422145
0.1159541850283876
0.5063723241296356
0.3959171216856204
1.9587266723147714
0.7275874734405987
0.07088860519063377
1.29950844245354
0.6400361996830395
0.47977409829588075
0.5606759842888313
0.8363254544607387
0.647765900833275
1.6821563087361528
0.19334939385348104
0.8243088045708785
0.10993697071666216
0.037343393205185836
0.0012374994029452106
2.344484998470294
0.22475617026719255
1.2673095681503168
0.46813629130682344
0.7146357590411898
0.851305507050714
0.6236511805487146
0.18429580832298526
0.1358885436285895
1.1584143025522433
0.26127559434127534
0.42393354065078076
0.3093862000856897
0.8116974146035483
0.6057600297151488
0.034898731074518415
1.2054850387729947
0.47420356595767416
2.1589275699926045
0.25784234788484656
0.15815853022973375
0.09979270688286722
0.8515463905903444
1.138107218857294
1.4292408693168854
0.3702111887781121
0.33560229684687276
0.9302960491592284
0.2688412386571478
0.10750612466360919
0.19959559591408954
0.03376093819199128
0.10683309559768633
2.2219345755091524
0.48157102662244616
0.131121611812396
0.1086287979625672
0.04256433884211524
0.1960976785177797
0.5445263551655711
0.6014504189366379
0.4130879075671099
1.0106169927214574
1.4530484149364933
0.5545563731779852
1.233375713053085
0.12083408131617054
0.2591939524564831
0.09555681358229806
0.3607387593479225
0.3800083446137716
0.15592000743075582
0.04476000748684229
2.3956314151705222
0.58132823160709
0.03358651077503406
0.7009180970818276
2.165986441706603
0.6850544120886147
0.15276217224161126
0.1846294794318356
0.37006628318326923
0.3181260385612547
0.06127643230080523
0.12004293131759139
0.03710349269266892
1.5086553793190318
0.12834510679334055
0.4856191765260016
0.6063516550990656
0.8586449535644984
0.22334412718088542
0.3847448433154468
0.32376846077540633
0.10359091843801359
0.3149766344715494
0.04276126815926441
0.10718469008811315
1.0090219682721253
0.2812083988054266
0.19701648952778825
1.0049047837676204
0.08902774899287709
0.8654776903619696
1.668849538002406
0.39399116259830474
0.16603541117307238
0.7585262053620906
0.21532229636420597
0.189786752447225
1.1621995609801172
0.14881378099988296
0.23369389001306456
0.9608348265265091
0.39274532971802995
0.40991136191110356
4.0901177815506635
0.4007745024128071
0.824878944639447
1.5333013861211997
0.2854713668017713
0.057469786847531804
0.6920963258717463
0.25491775417944434
2.1468934455292725
0.7915394458747353
