0.6602749746588849
0.6250668789154218
0.26983458861756915
1.890920008572407
0.24706199394587328
0.37425490742722484
1.0198919979550185
0.49898902868706585
0.028373976080970687
0.5690302196063869
0.2770776020047811
0.7393153258174903
1.643858459285266
0.19427989245591964
0.18856556729159826
0.6083212992186572
0.22846257643549572
0.12760844691280313
0.8024931095398908
0.2849921159211595
0.08097106695770223
0.3595673016414661
0.09833481973927843
0.17735570004604345
0.04546741595853861
0.02459461614442209
0.07587227648970625
2.3953023687394714
0.37671553012434844
0.2377611773630126
0.5949891477752841
0.3086363841386826
0.31776548861610926
0.9543473842668223
0.7304789349983294
0.8115822560940604
0.2133872312924337
0.2342666436718327
0.2454125953260303
0.12498192580147041
1.0992890444456733
0.05285817261866016
0.31079388583857026
0.3505816693062919
0.2886139002251992
2.7163568102625923
1.5657049321326875
0.3056684254695733
0.26373663711651996
0.16075664079319793
0.31319993658579987
2.4083153020947647
0.6176419772950966
0.8925709514940322
0.13207652909513803
0.10292604755811072
0.4477577704016612
0.8527466732053148
0.32573013403981865
0.18085998215411678
2.3441065208277205
0.07817869126177975
0.9476927780218561
0.3699387143464832
1.8040921666268916
2.05899573272375
1.4070330569128404
0.48918572301704294
1.3300083566412808
0.5472225292365573
0.9242693370432934
0.15829848658463777
0.2834604686030923
0.6624481470384039
0.340480412270635
0.6987931288312905
0.450858659027814
0.6479624846440534
0.7667049394601213
0.27086006541953395
0.7652988050307106
0.11864196136772545
0.03123869499972724
0.020700156063443654
0.900808740524388
0.7215372630431703
0.1203722727200554
0.6126354755392984
0.4165204685454742
1.1189543707465095
0.7770196357994548
1.0816889303726278
1.383160867293571
0.1541425168869621
0.7818653459105852
0.5360909328651233
0.6013820231733592
0.5220173450892411
0.1442785710963907
0.3450856768818365
0.17899085263474476
0.3094032166215447
0.21367460434338695
0.02075965003676444
0.04013712776358049
1.914271446826599
0.19363694392431938
1.0188696277367795
0.3354991456580303
0.36535174390456104
0.3983023873142487
2.178816084591327
2.0713227803545826
0.20288276080041956
0.5435293682215807
0.2274213029465345
0.01730634259466891
0.9469086214732556
0.07010099202323239
0.1014296736733612
2.251852269174137
1.024686080268764
0.4116010394787774
0.7906960687431388
0.3826437860237081
0.3902604616162491
0.46034414690663017
1.828321169178264
0.7049142173096938
0.11226619312575391
0.09890920306459751
0.26019187170115987
0.008509432557787687
0.7912151240185834
0.6127882279472412
0.19251562711961906
0.37263295467123153
0.05791024094039325
0.4685546843496405
0.09963230637697547
0.07882917676467367
0.4614734560508236
0.2425265949670876
0.7009876131006589
1.0377630396767685
0.16469962796589008
0.5843374231880714
0.35830339227658997
1.4650487642120267
0.7585790116794492
2.1578946065554985
0.10820439266983246
0.40667541673468577
1.1878772128188724
0.6323069386189909
0.9935545503484082
0.6915598206151219
0.2041555898214497
0.2728028518682986
0.16666706853945104
0.15233251403468592
0.09283652542145382
0.3856947015861449
0.8918575011988308
2.7335413021659374
0.34784206629640835
0.1529309075141382
0.1860927411759248
0.6685530743882688
0.22217252496023393
0.21667401244136011
0.4909677042708976
0.14698459564140445
0.42780159493210457
0.7128068021796625
0.10500729580820045
0.39316225539102245
0.1543855216533253
0.16714902785702204
0.22565859273821995
1.194081748347644
1.2532525818319478
0.8596232466112036
2.193869872550031
0.3222396469607622
0.49884416929509395
0.5133520548753774
0.2484786428487857
0.20955874451310505
0.8305329406958851
1.059412580208258
0.16076219767552558
0.3531687621406992
0.09345858413643025
0.31762644492752734
0.9126541574301545
0.32390719224541
0.22628287993145232
0.6737774286831991
0.40043449659545327
1.0927104250216462
0.36948171163211857
0.016722400537294922
0.17987676707330214
0.041779484584849015
0.49854514579920195
0.48641083250505956
0.019626838221662724
0.5042151492383247
0.1902211799633016
0.9256056582042033
0.7143870610316805
0.4412569087859125
0.6252370363551494
0.7391152909429073
0.7781412577879967
0.379990365421208
0.4086186819487329
0.7853810957018892
0.6316388796577018
0.11990236378883846
0.48253337520224215
1.1171674481058538
0.3376832956006602
0.06755977422438211
1.0094977605495137
0.6716905335057359
0.07984524546846475
1.571380903376256
0.6971930016152438
0.006455579757694649
0.1741917348840322
0.6601043688990902
0.1004306575216297
1.0258267977805606
1.180231058129427
0.4061978722735909
0.2739130940153772
0.04906221423889747
0.21104833792888858
0.9949399938127852
0.22311586939126948
1.3650314217958557
1.6779378243368155
0.39155041902615495
0.27942024891815637
0.49917575103921735
0.7995533793906718
0.42603853013205906
0.8074038221204413
1.8024822426318017
0.5795157429242989
0.6422361547460076
0.3117260487171766
0.16980639393904517
0.6631667774666274
0.27234083652756735
0.01910460237686197
0.5831269130654807
0.500495592266516
0.5152793252169988
0.1309772510596677
0.4841427097708741
0.051091221036554064
1.0425041055748399
0.04355113148538674
1.0874052300218173
0.5470493753740755
0.30511284229941266
0.483216931661827
0.2998692455041278
0.9969141333459162
0.6174069449445186
0.38841061120399145
0.5525211748985513
0.21045125096329792
0.9905663758502083
0.12923926931913562
0.16142810065730448
0.6972753784982724
0.3356565121375454
0.1624736141001477
0.7955049716283933
0.052639848670585236
0.33964009759799896
0.3552316171850839
0.12807525967224628
1.2065668057034353
0.15815524398737915
0.031159769597917723
0.14164518425109274
1.2373600061499912
0.11244152133905695
0.07104740581902681
2.3016779048626095
0.871634174638815
1.5063655341715678
1.5140045323175193
0.7600441598594011
0.10255134923834294
0.3837148001681575
0.773880444829975
0.3580580836981825
0.7609312012683529
1.0777658876260383
0.09131722847588906
0.10347859717279613
0.06963568137232871
0.13299167165803003
1.3825617411046118
0.32379324443715396
0.1361920757059206
1.630758936440366
0.48095817705208205
0.33199539894191554
0.2310118180240956
0.8544295920587452
0.1219184436420331
0.7536769376019358
0.5151972994400035
0.3800125575264876
3.0809262975436353
1.889615866408967
0.03261129647496613
0.9468423963787952
0.06134022946589106
1.0202456876045485
0.34467408011460093
0.8298500200140025
0.8928319195087258
0.600029800586376
0.22909422542369262
0.007503505313546116
0.33555418443017343
0.43284127769050385
0.8881206877047823
1.1607892283684627
0.37971353061713714
0.2568921363443664
0.1611180839001783
0.8702024572299637
0.2615835304489411
0.23282098245291805
0.4976154220145652
1.2292110867600836
0.4124823966612789
0.3971870842605625
1.223630178073364
0.19654295246239628
0.263028157095018
0.0327506888468564
1.0117749572960926
0.02928583585184622
0.15761409048827554
1.586968695459419
0.15033253346874384
0.4974561418756949
1.0530058367763122
0.9395951206815306
0.5484656376066174
0.7163809365490468
0.3959394617436774
0.5321667266907093
1.182449478226726
0.6437347020080825
0.8897187907327962
2.624258368649973
1.132039281814553
0.8797307265271153
0.36229095276606826
0.1898545668412458
0.042808321659160146
0.5368854853310034
0.2981794117577727
0.3853158531088636
0.5324227364464208
0.2901281512072546
0.5544248310761108
0.9474842104677019
0.21754072521750387
0.23552289153892259
1.1978524517323508
0.2331161353197623
0.21890267199832944
0.24780835046318947
0.32518358851808193
0.5503184964399636
0.3216609669089846
0.13530920928455578
0.12770440943361772
0.7799345235840466
0.19885185231688945
0.33373043287765974
0.23323345817360894
1.1404181229647796
0.6032587485813165
1.2435298929524587
1.5290436126269873
0.626553730067343
0.21461903665930898
0.3265924214589392
0.29715624665177875
1.0146891211847882
0.017067649581636788
0.1535903844692623
1.6299070468331789
0.8831044682677247
0.5696162324989335
0.4243104462388747
0.6532074551324337
0.399520492630933
0.14049783419814085
0.7063040306776291
0.47826796383448855
0.26514595293380744
0.5169605519520053
0.2660746649032673
1.8446273465086245
0.298440370172389
0.6215273026137079
1.1648177108216207
0.92822522120046
0.46520961287939927
1.2471095039595301
0.052986984438033104
0.15863251862519068
0.1762831174504577
0.22794958790970488
0.0787184170887863
0.3622648957892706
0.01393390678048473
0.43014766590399606
0.31898124324762306
0.11619986781290387
0.3173657843446001
0.7871465910440578
0.21968307275100085
0.331902177183916
2.5554920988719316
0.059177667509536735
0.1353859278007309
0.5371148086043921
0.8695980483077949
0.257283829858215
0.07585867812658346
0.6576244586248873
0.7754347543044701
3.7156595711126403
0.9417202790459346
0.05441238560160084
0.3704734205172615
0.20267728683633668
0.1225510639973396
0.36182291562102126
0.8256380581678772
0.5237652849391257
0.7639431706435523
0.12759565019109653
0.3125075942106931
1.1648091463764565
0.21242016710814995
0.10434593349450287
0.5267577922166975
0.3517515902525837
1.1176219596442423
0.28998321985158687
0.4778931999919987
0.9013978548579322
1.5970313616858978
0.3295185034371681
0.06504480445315054
1.4185321911200777
1.493895783661731
1.5943680069039314
0.5845793939510436
0.7683282764900983
0.7285318196849156
0.7386332195389118
0.01564678665873794
0.2714511242140782
0.35427057433168224
0.044837870519525154
0.31535145347586885
0.572429380918318
0.16613839546587061
0.058788275461048686
0.7107195693276775
0.5272885730987361
0.10437962812693076
0.3978232225225494
0.05378888712326213
0.15449219222220875
0.6006460421701274
0.7830605671739689
0.16554402521595538
0.22525982594133273
0.20609778408564217
0.030032713816887897
1.862632077307316
0.04631986162414604
0.6933379168730003
0.3976938740103174
0.25949714727319917
0.11993263622393971
0.9537848938065205
0.009171371796099483
0.03669558646488208
0.09487425255549416
0.16012211670902915
0.9111202884752871
1.0404218633140871
0.47731723539148446
0.027892592651155134
0.9356763753291808
0.37703179049058905
1.7464328210693483
0.7920259076509137
0.43151947671176055
0.38321664317527493
0.26973573533040357
0.44816944622099747
0.1782521160607622
0.6508437931954576
0.12205881029589113
0.0624249831902383
2.5095917303957296
0.19909610224929303
0.285438274057072
2.6011914118469903
0.4631677444274343
0.35039396111839116
0.43575519655437445
0.6706488749590905
0.2694588698980204
1.7383817074220862
0.33052501345872765
0.15776184204269195
0.8632805879984807
0.0794151988297122
0.249846571741638
1.1084601146774236
0.05456325049558941
0.33916928804696966
1.2008143044756279
1.3237833127874838
0.6691574997963358
0.8939092262485662
0.48203920934550387
0.7725878245412349
0.28205892819675005
0.2514986653954911
0.39950637326374067
1.3294939870843026
1.2128209704361466
0.23880462287489476
0.16384818329725162
0.2650985195830463
0.9344151033960767
1.5821932009855044
1.031913488742899
1.0911676583723071
0.134026773860639
0.10951077893115442
0.08075884439800284
0.8868352136835154
0.3329976261806683
0.02609784705423752
0.680794975614168
0.6484241508293574
0.7713777648790361
1.0397031769354264
0.0823216312428683
0.16917422516549277
0.9568108390272887
0.14569836718815055
0.4983736386366345
0.3654435295252258
0.35829008305057153
0.23404992364060903
1.144756103028681
0.1273267158260111
0.07241910777403805
1.821785576420544
0.5395390522495856
0.8864193048719028
1.1822704309966057
0.0993283409858621
0.3710620457813254
0.32887213727045084
0.846180512912235
0.2439750524328567
1.2535941834293525
0.2649703997624883
0.02996318536087125
1.2018270209637787
0.4588089549918797
0.6469656145696214
0.5767112246363405
0.18746857860662688
0.08158572607113045
0.8662369629325462
0.4596896328686638
0.13915046388734567
0.9888657365596747
0.07082709485189158
0.019091384025438488
0.5670487516175277
0.043550629921642506
0.12538816812816878
0.16841696907467082
0.38369502159101915
0.8439100671165513
0.7399213174025728
1.6814944446343962
0.40922924301406005
0.8641594394385878
0.5321952658374991
0.7154423784424582
2.612346034586763
0.5775927057828855
0.46998194285998557
0.6626117397066482
0.04075327213490968
0.1836100778107976
1.0738629213548339
0.019108352511408116
0.07309086524320128
0.11509666345708236
0.13026512869368875
0.7134824516473616
0.7695542189305454
0.17048183298966607
0.6643241291893875
1.1582883751299637
0.03203739009230211
0.01676562270820535
0.24631221152141106
0.3685197789294543
0.855058292838675
0.5819127519971369
0.22102173828264304
0.05217720696790002
0.21095502257418314
0.058682822210171195
0.11036746125627715
0.3475734000051507
0.0699542799457406
1.0798604138569123
0.3643558322276973
0.08508549958032492
0.07521906849070104
0.41538611055461444
1.5496092797598577
0.16086649602075803
0.8357554264122171
0.08855149736246803
0.93591709375021
0.3683842918911746
0.2221278683186656
0.9700551667711074
0.7742620588421106
0.05428986878503101
0.1930414598786267
0.0836735446377889
0.27571374065476445
0.9193594660282851
0.5459012745416214
0.1657607945677604
0.0471031395457812
0.807903415978182
0.12253500525234186
1.568574565685735
0.8405559399780599
1.00236893062126
0.5099633159196401
0.82092566627482
0.04258226743055254
0.17594808232131318
1.5664573875160142
0.4953053896096523
0.44234591194714035
0.11981478721080692
0.2043384557443394
0.6454011495096486
2.9967489695604614
1.6303756320896785
1.2755450436914084
0.45730677767562
0.6530804617752834
0.4832133588007853
0.2267432435932267
0.190662636763391
0.35368567281034374
0.9415709263485794
0.6045232007849027
0.0023249227205429917
1.7496130682109936
0.008231136652558799
0.19238743990603413
1.3787418083784861
0.7648529171564408
0.3253009603449552
0.38067257519432507
0.05107649334108284
0.06881195927712146
0.4951814917310602
1.4335347155280482
0.6516393567466463
0.8555133249473771
0.4062437663179146
2.0884026257397963
0.9242587386111022
0.6383795720539636
0.24573106827001998
0.8318541761002873
0.1402397834324887
0.28246486622458367
0.8105419893511365
0.5152516672892817
0.27222382388816757
0.22271728746338856
0.4011577973951504
0.8738317801150429
0.9529019082701764
0.16089958758086148
0.24314183115593865
0.39419615671094044
0.14670467873433482
0.9293299856530788
0.4449023387143859
0.026690904086832917
1.0648160563143536
1.5300768960648505
0.3135383764838744
0.1880495676347344
0.17687388867260606
1.2814325020505455
0.6274181604889995
1.538627750172299
1.8827498633593216
0.16496891152226956
0.5051565494969162
0.32779477152488223
1.2294730447811797
0.7103883548360986
0.15934451915193512
0.0193708065352632
0.5286804854630842
0.4501872559971201
0.7772339770814912
0.47722189478800964
0.4001310927503308
1.270621873035949
0.9931916322736604
1.0244542661355995
0.06043940887085222
0.7061999134922649
1.0815045732166404
1.1651999452329327
0.2344869054123051
0.044336554064895034
0.1825132475135633
0.42349961637848166
0.23041321982337482
0.5846689082187334
1.3005773015012894
0.18288652857938473
0.2274388245624351
0.6726367216950065
0.272117078760039
0.07323685107151577
0.3701854174805763
0.1822484433384647
0.5416755773754225
0.43771564228660903
0.1796019321449713
0.23039958263684418
0.24775478097760342
0.15578812742456583
0.14581317748858103
0.28507645336707904
0.1222177304871458
0.07600838140832314
0.25278293066231783
0.4021272898409334
0.3242294302961945
1.5205719731975584
0.4125691665156323
1.2686918464552444
0.9583324435067406
0.32214470976475157
0.6715680904120446
0.8063869073581633
0.8618930326906293
0.23539601446641384
0.8030546071759271
0.8870086390572873
1.030971972591456
1.3537860683727356
1.67422343208443
0.5446045536768852
1.1484583847848078
0.0795540033287265
0.5287890667329446
0.7653818836240749
0.8468077830047013
0.7623179879404878
0.8100803699770378
0.1946222481956815
0.26983222802000395
1.94335504741242
0.03524979662186715
1.3681001179072207
0.012135804626083806
0.298608001941767
0.6866857572558429
0.5371986801759242
0.35953611785629586
0.22801243437608903
0.6472705156528932
0.41641299911626645
0.310873886188484
0.4902483910572386
0.10124404381777204
0.05180538771152297
0.9796876957227906
0.011032635530570338
0.3520225005685204
0.2852955932385912
0.36714857988846894
0.200635704546927
1.6099317081230116
0.5635834277063108
0.6140736020175545
0.14426971575044334
0.08839943509642993
0.190722470372227
0.24312785231016695
0.30328687781741415
0.08593449500095195
0.4506211453130484
0.4188682777554319
0.12338990876814583
2.775323956372818
0.3736996178997396
0.04004638377757161
0.9888510675590644
1.2123370627708783
0.4522691306197944
1.9204572599950476
0.27129334465854016
0.40239375772769637
0.5872409777268494
0.02902979474025565
0.11426173765804325
1.7126286867965512
0.624926135310378
1.1149222704193378
2.5889512658942455
0.9590458417209455
2.0921200665182873
0.7992113665733164
0.39567836094042025
0.47323270012251156
0.5203325296322434
0.008037748927609818
0.00730029777417978
0.6435763590978372
0.24501001359953806
0.5194582025734229
0.3450147185594241
0.04977387208889218
0.15449781076125219
0.13029752414369186
0.4133541636290977
0.7208756547383519
0.8567790546650886
0.10512008848673579
0.20895206565325572
0.515909708494467
0.06391872646332146
1.1702727337724763
0.1742176705772259
0.4634750152565176
0.5634677344853135
0.2750557503319519
0.09105330550210977
0.0791230007218361
1.0531348301338894
0.10718320054743856
0.060008803017128506
0.5725855028120747
0.10093739613576498
0.0671497844671282
3.4754194275827834
0.6607987408714034
0.08739749034043105
0.129892555994649
0.26770707056345383
0.5147806584888895
0.12444418475605182
0.1698418396550458
0.20240866600887547
0.44824587511947
0.2486080580780912
0.2270186552917251
0.09732425552444669
0.5774313338177793
0.03557454013180708
0.1282449570196915
0.4970289886516335
0.3595263764655813
1.1699886087059186
0.7423127883362114
1.3717809294585794
1.4296865599416688
0.14006634096968765
0.3438868105561454
0.505909605330554
0.5427702707649159
0.05500903840265153
0.2252813292688991
0.10912859546560716
0.10614874540627187
0.5833096864239451
0.3146055586184489
0.28973752577471185
0.8848923554819007
0.024936754170884798
0.3123740360300456
0.805271646358393
0.25089872537419805
0.41365909622036484
0.1897903021855472
0.9491747953853844
0.9226841374736587
0.27505674825964166
0.43959818081323193
0.257630287718943
1.4970625611616903
0.6356385071021667
1.7429475946962334
0.43145201975811587
0.13858684294271115
0.003013340351359083
0.35849723089010177
0.27780781814479727
0.3727534294869964
0.7318302917798495
1.335257438863291
0.5472285899551217
0.10828432505405819
0.32950425918872417
0.43855105010624024
0.44927634297120367
0.2371526225708159
1.2947089955617017
0.19387541282515108
0.7823745752472226
0.25268689888462953
1.9458308315187431
0.36418335534772667
0.7595016258689893
0.22980819227892488
0.03202101411848816
0.5506198975275332
0.8341376243627346
0.06401329046979275
0.3348239919858158
0.8454985767557708
1.7309274000290154
0.07615298813333961
0.030721627856923277
0.37576612277244276
2.617533996792142
0.718498685349257
0.2207358925464848
0.24976609171728018
0.8437215174506371
0.6763063168981099
0.4433922220695003
0.4208448926969857
0.9062914275889487
0.3466522154100133
0.6723428698735414
0.5581506922298828
0.06837734286716751
1.0425345377246387
0.1542530628605487
0.3204852744676765
0.8034016708242945
0.3322236982027232
1.433554235437779
2.9500101475852487
0.20297099708808758
0.22100808527196977
1.2126660466722625
0.9044281019874851
0.3279000184684013
0.1583646210333612
0.002803024093811996
0.02282523390491058
0.3770929867428316
0.7363403937936475
0.25692177886270173
0.8610084689320152
0.5833739190598072
1.1202401117182967
0.36069057894740864
0.2411025689563063
0.3845816351439014
0.1366251235107246
0.5395549916440372
1.4411483304026627
0.5508155294734505
0.7402551617824885
0.244592733510268
0.730031719611776
0.034088140683096214
0.7177044988629061
1.484808476471811
0.12050501434308164
0.07800700157663484
1.3006893961038513
0.8005400030897634
0.5950851180803968
0.7961260001817352
0.5598218189360611
1.253053165776843
0.227004542938223
0.8675541807377923
0.6109816907677769
0.34625700746951954
0.11116133552273935
0.9526764926866524
0.47580685276442675
0.1241242011865578
0.15968084382409312
0.3132819289719938
1.3593324654125238
0.7498476688131076
2.3418600849603575
0.5952207018049547
0.3860328001488083
1.9163037488697474
0.1919681229882771
1.0320587766263118
1.0374482641869611
0.14017441607851092
0.11049068040289835
0.9923587786165492
0.5232038079568702
0.9296883398388016
1.9362286471263463
0.6089421671496671
1.1871527795520742
0.15586076235942292
1.418879366332659
0.35968858682942595
0.5267037439259954
0.9298909051401457
0.09232113509660665
0.25975494623114825
1.0638158842137222
0.06433433289099699
0.6867615248575722
0.07481907376545867
0.13257158797583293
1.5221531509881034
0.2609573396886375
0.07587566915335879
0.5044183007132078
0.11982704009221808
0.09503483405576273
0.12735376196039416
0.002130452110059804
0.3925238777537853
0.10676327162027802
0.4679332715263956
0.30803455218080983
0.31661964608337806
0.0819471063124441
0.1706007139260376
3.200771887386506
0.7421964700056274
0.12337525194181097
2.002137459669383
0.5556506162781595
0.49370469962949753
3.1093861542571015
0.7176038202797075
0.8509632016008594
0.3544052825627017
0.2187246388295128
0.08076239722964511
0.7403792498814524
0.34220661717811485
1.735496318823894
0.26269074747051957
2.2567858395358664
2.28047734354188
0.28756386077389506
1.0506094481466481
0.20917117921274067
1.835517988690386
1.0495550489610692
1.9887408357899743
0.10107400334802054
0.7068772111779313
0.1363602489865036
0.8736275383338202
0.29377576454105714
0.29648494480012555
0.10189317997217724
0.28900808005833883
0.4167060957558187
0.7838411290407743
0.21520107802094804
1.3080482164444258
0.10269059132366631
0.023549399717292547
0.20972474695003326
0.17783071764608124
1.0419767087661527
0.1076270804355372
1.024716139193138
0.3354212328048091
0.42188865776952295
0.9656098150804681
0.4396489490690855
0.9173591713730999
0.3365179923646973
0.2740695446917437
0.21765730960562404
0.4140876660695704
0.8606301700818404
1.0447374197823383
0.5921587870167002
1.4362836155258887
1.4312056404774585
0.2719959717642039
0.04974057531643552
0.05840007974230659
1.3463616322226397
0.42900576468109863
0.05869066539168317
0.38504024515297547
0.8181976069799953
0.5347341246449563
0.9814661629673205
1.6926589424257117
0.15284765837609196
0.8693544413294975
0.056795176319161526
0.19743788524169104
0.36558378707187933
0.20047444725982175
0.4582832482670286
0.4812845277330432
0.3141740158914457
0.6783688678694266
0.6203880170628993
0.24932658175194314
0.4006588982774167
0.6598238723703225
0.3324137316501695
0.08622295676276705
0.42850176762452047
0.17684704927243616
0.04666563402941888
0.13118299791155086
0.39131498601764125
0.39212821767061773
0.613074386833878
1.1098893584949399
0.9873668404517443
1.2782967195331187
0.08476706678248382
0.313446339850106
0.27925499803821496
0.10867369556604503
0.7700329718467447
0.594367765740745
0.151521957751195
0.1451632655717511
0.5692509286450472
0.03161105377044489
0.04197995518743693
0.160782117909343
0.9388280084303013
1.0404111333121666
0.6415329356390918
0.24156048991707665
0.026854264884659862
0.15631731415148134
0.029109544019941726
0.05814141562843096
2.6074595857956697
0.8750753397869528
0.2267226988603537
0.5851214117967606
1.1580194359061762
0.03096638087345128
0.23564082789372764
0.19178027546787527
0.577088234494539
0.30620236289224295
0.3789834603205748
0.4243647106677852
0.6973524530719122
0.26518340938467566
0.017198007240308403
0.741391270633058
0.5178488189823364
0.49722714521590794
0.5429185906203264
0.4043573341060964
0.09028201647905199
0.03498084004342761
0.6137570223347953
0.9869713058651308
0.11884944140369325
0.5298020345409846
1.090208589488107
0.27314694778019416
0.1066047551651758
0.47081931477916866
0.35523717549392714
0.03338223660016116
0.2943538989000128
0.6063788377129291
0.033934341991155983
0.34296466979686047
0.5809424120631244
1.329986795916297
1.1672585368055954
2.5631250070992015
0.3035118815263343
0.6632430539866123
1.0202582863765308
0.6212649907200688
0.03401635559685701
2.137106835062156
0.13865714143204105
0.8388903943652457
0.5895728421461758
1.9885630713185996
0.6106879546548641
1.046150995926404
0.11842164280894643
0.23485805810492486
0.31290002794974925
0.3436037283037027
1.2807043036686454
1.7530942893065928
0.06315044894231789
0.2141985920622291
1.076456072873519
0.20165470237303793
0.5140639755731874
2.7657354373739746
0.668787843162765
0.3369569703605656
0.07519557397053271
0.6400188809039344
0.5764049883805227
0.164945074322558
0.6264464898044309
0.30952863988406415
0.8167407665554173
0.3840695021609555
0.07704833491539452
0.4014843721186089
0.014915273455148537
0.28400618604025407
0.09465073600000638
0.11543501786362134
1.1473901400947026
0.3397715605760316
0.3532678585921508
0.3703024319962366
0.29320908992604594
0.33816962741825196
1.1092772662831933
0.621294794596696
0.10041294099964353
0.14223913826438508
0.8493596660953263
0.6459351494488548
0.3322999824018745
0.1011484474722065
0.10761188586093216
0.31749681265927404
0.4907898395891312
0.3385642976395646
0.1579050791257819
0.5702482580683125
0.6155200524392054
0.5092155800272421
1.2230832789654393
0.079375929428446
0.14952387587264643
1.161182105754066
0.052946178242168886
0.5420802832785437
0.8171079130463692
0.09122782159441085
0.1976445339730414
0.26419999882708484
0.4501760930094693
0.7719184374441991
0.5089489773794555
0.05918509334332683
0.30836435987686
1.6497466639952036
0.17312918978227343
0.008300845442618198
0.5108815479821978
0.5504639579721655
0.07456161761097381
0.3240596916043438
1.0770916745579704
0.4415836854635583
0.5634609226277243
0.3829282037099534
0.022409624544639323
0.42063335087921394
0.5236348207259527
0.5946214525012529
0.7589685427955507
0.08986140655605274
0.5244979569911129
0.19639736461822577
0.8523846218549694
0.10117002457920517
0.08219376697061585
0.16762441199057174
0.3098312768857843
1.1839547500448664
0.3042597337391052
0.720657735782645
2.7845326788397906
0.5316390285763476
1.1966617530908203
1.758922899217881
0.8462203243828761
0.8829291184539759
0.25959649886664826
0.22377512743349062
0.008690541195862196
1.0845552174534432
0.3075746430275098
0.34179697022463285
0.17325383509796546
0.3063424406316076
0.004610651929864383
1.6209010034922862
0.4033335710868947
0.30893364366608705
0.10823603088009409
0.014207102606279099
0.019220750775845757
2.284483689617333
0.24291236517792744
0.23639825879062773
1.785414133883595
0.2521915168112856
0.9723936976192874
0.19902353192838668
0.17645241119950306
0.023008079030841976
0.4016051629026732
0.12262973365413038
0.9496065212815037
1.298682548886356
1.065448632720334
0.01944645185103321
1.2890879612261594
0.7209226861684157
0.3263214444491364
1.7312991183781852
0.05160386882665845
0.2596386022283231
0.022272288876575924
0.028977213953301648
0.3884021244659819
0.6802735780602902
0.19490155502337417
0.3217489959047467
0.4229803569710632
0.5218335536430814
0.33601371570172095
2.379507344273021
0.3214111916604169
0.1806935686758422
0.5976699350361994
1.4250392897697695
0.8074125807505337
0.4646770432565659
1.070196109935812
1.3917331283131245
1.4756613231332942
0.06248517265512398
1.464301427287567
2.2522889181558563
0.4421981981607514
0.17096623075992395
0.9766732496119592
0.535815370019155
0.7546389336579541
0.45203809597011513
0.2696156838611793
1.8367825029968226
0.8000947014642273
0.04178186687478948
0.12159766295427432
1.1593066501529556
0.4496285184756196
0.8706460174694708
1.4718867911089883
0.3482785669449553
0.07904391952590094
1.0857520446650268
0.5800744043306872
0.8628587723555313
0.9578531912650924
1.4387282692419778
0.2232070489302257
0.5436494750376485
0.21451284718809252
0.035382217552147904
1.9106479415234323
0.5058239704297219
3.630617960056667
0.9764567340308034
0.1350863638344013
0.1812512425375453
3.173706110008584
0.20215046297738065
1.347467955340942
1.1422310326653218
0.111186939922939
0.37159353726151184
0.11219467441140596
0.04069780732885682
0.5829781200829841
0.5423351960852192
0.7514394620826247
0.32599674089295255
0.8790591375253318
1.4737950053000062
1.5340423890804162
0.21798427134102516
0.290943869989915
0.6014585564626255
0.9855556001234863
0.6060808945678086
0.1922376447412841
0.45570700981374485
0.26763711975977444
0.7572660457488426
0.8492178167109806
0.3591055354726003
0.2706311446662942
0.5177468937398065
0.3118517001732333
0.298363814488842
1.37491432738566
0.7150007080725991
1.023690785715042
1.0969792725432959
0.4379238631192833
0.5778334797389229
0.30658047187575566
0.4132591356699555
0.10849843197846941
0.24464872731111728
0.2089967532856512
0.7000637530063668
1.5191929171730385
0.48298748507824024
0.8880849187039581
0.05315756510535861
0.6966446063955691
0.4109178599245166
0.6555197973926523
0.3180670552770254
0.11847198648591362
0.4867504932776533
0.03459864734056122
0.7637512340459067
1.0575145328717144
0.09903125898501594
1.0424253725605586
0.308252966922088
0.2845806006051178
0.3481024603586658
0.8171218015715368
0.11383363035729459
0.03263131767449151
1.6203879229182803
0.251798611854224
0.08809971856324594
1.2297420460555823
0.2354431837698789
1.7421095100445525
0.2380202451800887
0.4480637780129312
0.027294887073486564
0.6070854096464556
0.2447977376014801
0.7151518554483558
0.24917575992667507
0.44496856365014753
0.35084768214993156
0.6705364444416895
1.7365871918858893
0.5871838787938974
0.5320163771088703
1.127442086163928
1.7615751601965552
0.2496896226548309
0.8458570247560213
1.0105534875628925
1.4280432056330146
0.21077524017564744
0.3815302160551731
0.15539689125875422
0.7429595472248124
0.4842874887900311
0.2134116571616855
0.2623615178128983
0.3582137118128441
0.7917352607700465
0.05468480581530992
0.06896373548330594
0.5602138253938003
0.022236292121865814
0.24990508231505645
0.4001583011644614
0.8616155665328789
0.17064293628102173
0.9654599400054228
0.9795142438060976
0.6624522130597087
0.6870585034508362
0.6256143210768003
0.18809482397020777
0.24882623234619744
0.20765999956977868
1.0288927852168959
1.2825474191102764
0.3786294393904633
0.15569380949684902
0.07017699240741802
0.09492865287154822
0.1456928649568732
0.6157988266239417
1.7405999165917727
0.011733226677310799
0.29077418546137024
0.15957095132039745
0.08521181412500954
0.49256692479550934
0.5684825717717371
0.0832142453304934
0.2688473636146111
0.12734294527782394
0.4238246363386575
0.8190473737270058
0.2659906759468067
0.6049260695895969
0.7542494485405933
0.081220655373513
0.6868615443560315
0.8871796548068248
2.4536770312279987
0.15921770462916618
1.1867703507825493
0.03150492690947803
0.6404974151294712
1.0584892944398
0.3736524515345453
0.21658208597629322
0.8092216851374519
0.7033437942693633
0.8784081135389203
1.2278039192299928
0.6291654444685775
0.5620645848251556
0.26073306114289163
1.2935270292463648
0.24479705042096636
1.0327739775142104
1.2293299097134185
0.5187645013692725
0.43697638667813754
0.6449999474718723
1.546203642682536
0.14576113077530786
0.12168229287369658
0.05876628081774372
0.467937626898013
2.0656828417770887
2.128857690872062
1.6179215360595394
0.49539409415718233
0.4771172554448431
2.4897425168616194
0.17093999651165936
0.18349108973211797
0.4719364000753007
0.13365925518317753
0.16460905303705486
1.8034063947549752
0.20306584119554635
0.3636158616722622
0.4561149240479579
0.07903536507656868
0.343934069651661
0.5096613430206315
0.1324381144708197
0.23037497873802454
0.5630806986397207
0.18050560496625914
0.04680029023152751
0.5505827699891741
0.09325106579971075
0.1614852477993216
0.21047868203876186
0.47392484812175895
1.331292875009961
0.8758007393775233
0.27554881692953986
0.5245913403872907
0.2219228651264559
0.07746273908398708
0.009928523444537584
0.6426926412876229
0.8749375837792684
0.41279578536992056
0.8822855998088144
1.0404114622548633
0.17533952252964444
0.5224977608181627
0.9280003805897462
0.33568794332935875
0.954192041317719
0.5896267818400782
0.6059832872488344
0.5917097763133126
1.3750682346785128
0.2955559980536915
0.39360757114706885
0.12254615730100935
0.24367377038748186
0.9014675381370556
0.07662904986516837
0.1542390554584981
2.7108903799692765
0.10853882643184276
0.23701970828206212
0.2318425448718508
0.33763634269532017
0.3122827422745318
1.1967579777456305
1.106148071484405
1.8534422108459316
0.44705721528863973
0.015017960677362198
0.2592847423632865
0.8772846996591507
0.7065172344420129
2.0853503675867238
0.4767616135085015
0.347159371905665
0.07910615885629048
0.5502334859347005
1.106010733817602
0.14312997417594137
2.0899992632701014
0.13352935681536215
0.21898982542281864
2.9160770919788352
1.3613000379517795
0.8125833935080212
1.9890859316958762
1.4316152330277843
0.05513048400935342
0.5139370212656795
0.25747144265603505
0.41716007106026404
1.360225200740062
0.36407704976497907
0.13721590486001803
1.1794867119049597
0.6305387198829203
0.33063990903586826
0.7629147357436468
2.6863072462594455
1.0700261930226205
0.5369290856294158
0.12353477406857359
0.5166362436768848
0.6508909300213868
0.2691568047737259
0.2829330368458508
0.4589955471909748
0.08146279808139517
0.5519864885681287
1.0480600053296993
1.3584861680440543
0.0631280825933961
1.769271877870039
0.3855067633647492
0.33894640204711995
0.07697367340722441
1.0510444289901053
0.35870335207598575
1.7229071018764583
0.41829503087050707
0.309569793350863
0.4759440638269223
0.6993901328186346
0.26706018558889344
0.22608894735069318
0.7688521085800327
0.08511479239479551
0.040165582266377814
0.1504356774494112
0.17108506442623364
0.5438672083840076
0.5196744129772712
0.27984654693563527
0.15871912564012908
0.7188299061634632
0.9183766299668606
0.3534881167461666
0.5635672585959399
0.7330644205254365
0.24464031129210262
0.25157520462843486
0.18794962488530467
0.5189734999836607
0.7631448498009876
0.23133042973784557
0.023809621595027235
0.6143235510716193
0.5631093529990175
0.19595256460483337
0.25037000988598324
0.3708861550958125
0.058408760346215595
0.48729321161955697
0.5729996362529747
1.0660634793890684
0.23844314282641849
0.5433090768299862
0.08237860675096864
0.3428427200666218
0.8349593976512136
0.887360552537756
0.8499054673606282
0.051584641158113446
0.21722318265059357
0.02180550813548248
0.030029808648453695
0.8063130576716823
0.07265696100046078
0.37740399569469246
1.0826938169685654
0.5347893466870962
0.14192262255577087
0.1652073690797087
0.015864882941121018
0.04381973907724011
2.015589607158698
0.32170343990131484
0.3116869228103483
0.17665719843737135
0.7334715610038592
1.0312654025790169
0.6648541683522604
0.9318870486823858
0.01252524702166891
0.4247809946877512
0.054647936644182986
0.21820294298153434
1.4822084882162756
0.11525640125764317
0.1145112951282549
0.6696979676936146
0.1602089590615819
0.8012644534927219
0.23744402063080286
0.5995079841412313
0.044293861752721105
0.13986218245547935
1.2904022832394246
0.45316457758697704
2.052515358982476
0.49449137513937275
0.14592520378523774
0.6020751742437009
0.45664208275738516
0.5523070460841499
0.3808929062911436
0.02568279523582899
1.0052562609534228
0.17158543289327285
0.257614158255518
0.514354270889114
2.2212204540009646
0.2622772080407499
0.08559557033505441
0.09777100149733492
0.19714201063563028
0.14471474158564615
0.3203657139709378
0.01728767161344257
0.058250405540729785
0.31392285500596645
0.35405617428853564
0.3024261225055713
1.0757715888741763
1.3122945873060081
0.4569908296597667
0.4740980820663702
0.07023144584906987
0.31774986959044516
1.095776957324122
0.6836024013595154
0.43929257786371007
0.05727239242647789
0.3982501394738569
0.10995920887362466
0.9413702703579176
1.3405011721895108
0.19948645509024177
0.17527530248983433
0.08487541271646554
0.17548611511401546
0.20287940064129917
0.9920238668189653
0.7423851105977413
0.18212049346681244
0.10894812605670219
0.01117910302621281
0.07048924801346387
0.17210475265719438
0.021084663664944474
0.9910810159185692
1.9454758227865527
0.7853592025940141
0.20304946241304994
0.3693628429509467
1.4279501210383971
0.9579917218749481
0.40604391514432703
0.19128410518654532
0.7765101956513403
0.4371966521646201
0.5799778488729525
0.6818235630272104
0.15844925862921194
0.2883319019093127
0.08144850014728217
0.3191395822746956
0.37706952871539917
0.5853454245060193
0.3499480421822004
0.43695558134279283
0.9355249536947445
0.07053215527780637
0.019605869216716882
1.2645885272973956
0.10944407019947217
2.1283329707755483
0.44698902466704504
0.7243234295289419
0.8298885900863354
1.3791647091517087
0.18396673353898443
0.31166059417173214
0.13585866557161372
1.0351384981497063
0.028968375682460547
0.6216493744615094
0.2414632592228675
0.2686130076212468
0.6602554917985888
0.06181760575898225
0.06658186123982097
0.5714997790741777
1.4105855449804727
0.6120550678296239
2.509841896100076
0.40743585445190816
0.47560771515417943
1.1379265152535214
0.8040539151633267
0.1109420020843438
1.3425659615363472
0.40740014572476146
0.32155220687491226
0.6737487520724005
0.17095958783450327
0.3676800303803707
1.8560219466280299
2.1754928279644674
0.1889993497470477
2.5141669969528313
0.5331789974245502
0.36806621953385854
0.3746264771144605
0.927121195004369
0.0784095989386325
1.5549913493893202
0.9330078898448907
0.2807780775166776
0.0914742666967329
0.2384356977200801
0.039368005495482236
0.32584649234054275
1.0024571732393952
0.16305501269009898
1.3597925294672721
0.3216798137857987
0.4654208837328642
0.641540262220821
0.20914089333417415
1.3288491138135463
0.7455178366885356
0.08595149014256866
0.11660875587318885
0.30282707357605754
0.6925983559946325
0.5742168221594238
0.61919139905045
0.37756481783911383
0.2170127544890369
0.10236083949126407
0.5282366955263829
0.08067736524243993
0.2540638953455802
0.9554447886613748
0.49938933032841104
2.15129680786973
0.561072765434348
0.09354473147254834
1.5923697464963873
0.005601130490016488
0.43295193597932036
0.0931117980252881
0.7539338003211679
0.6875330236546133
0.3250388095930823
0.3397981631699401
0.4644716259100246
1.5639532972869368
0.2055536352829367
0.053440891027109826
0.42122912094261394
0.1796343767245338
0.07733200023165458
0.22801154680048033
0.47715113757494815
0.4160736367817822
0.6648361286423036
0.2809047908599227
0.5417487321286385
0.15679919598319783
0.02821843010539248
0.05550182105277404
0.9839391522770615
0.5757819031866549
1.3649385724443932
0.32730651619759366
0.13358098491371984
0.007758618955662351
0.4175164486850739
0.7563180909846784
0.12204706475308359
0.6689474699924048
0.6888932555159472
0.5665219041304768
1.0435765043308636
0.7346119852522808
0.2379137744520187
0.5988254950488338
0.17420701424869228
1.1674334406509108
0.5350173413892644
0.5502632285317879
1.219483499303564
0.4994266071772935
0.1530327882210117
0.2129598965073768
0.11527737764896637
0.8173879915618651
0.834676289419051
0.2605770396260495
0.6045943072533121
0.43409573932281714
0.6020608144990474
0.8400758118927125
0.20809426282254878
0.06661636873361641
0.8624178844032186
0.3611976337596891
0.46305922321935905
1.0354196970655165
0.945020298611692
2.1930258436486683
0.404637980461799
0.742649099434189
2.952797864631447
1.2183587639853564
0.1671595001383567
0.371465528760686
1.1027801550276166
0.7638775580838555
0.16181057528012296
0.5137623103148364
0.35285130551555594
0.30066065428122946
1.8844553349713096
0.0731575983294405
1.6972604279093675
0.13346810296807834
0.295372189482313
1.0381944907298408
0.6124392414590732
0.4018970298910073
0.8406478428737114
0.7475855652330508
1.719596589116217
0.8113805915031381
0.22094493763108106
0.16836518203635803
0.3682379706515285
0.509297482647005
1.1795209604390395
1.6037198167730646
0.5466658088071953
0.1460205078222058
0.6428106560277197
0.43218169711434756
0.013983072649393273
1.4669572752193045
0.3186028059662811
0.8845678521022575
1.6242528199395292
0.05299878599978379
1.9569597467428121
0.055008442804877794
0.17202034281730444
0.20414366040818238
0.014170443928361174
0.07579327469599802
0.7445360347146075
2.5905238866629334
0.17152656029346616
0.43087859285286045
0.9065685477704496
2.166171121944309
0.8036913578083257
1.5090573034626935
0.02550157076770063
0.42015487741794477
0.1873478160571873
1.0057443843676517
1.1339797119874127
0.6323800742973489
0.5749357964438829
2.1953127699361756
0.47554669271056554
0.5428672709185097
0.3174072228981994
0.6919060688969807
2.589298175411617
0.26577489365713775
0.24557666455796698
0.04417957083147705
0.10726056640971092
0.4972875908613073
0.3889883018964512
0.4984309761267112
0.8976522258948748
0.59196369342394
0.20217043077339575
0.39253000448192715
0.3394538686118564
0.8744813884132847
1.4681776546806324
0.1662365322419315
1.0247004623531597
1.2138170505375987
0.1328812896618753
1.2647256278839496
0.5937223896562515
0.6646023070494017
0.7008016037856721
0.4027648913221927
0.15004463347152222
0.2092143396129932
1.0208150642833698
1.894378838326347
1.21241055005614
0.3453346110721993
0.0394829815358519
0.2817211075768571
0.5376464702186898
0.21402674680730713
0.17034930046990135
0.11553346098391992
0.15901923489456518
0.22286445802531668
0.15516957877782214
0.6459936530979423
0.5541388708152177
1.8160500869759637
0.27412589743013815
0.2749199112911405
2.297012280361713
0.4373437738170655
0.15079765678697535
0.12535993240416102
0.1460284250227336
0.08535318310363733
0.15584318554977408
0.09888418549270966
0.24539117337249453
1.8372200752926033
0.7543745180296758
0.6204132818897773
2.0878334476283142
1.9594386462375435
1.1530265173874044
1.1237018381056514
0.998489864916197
0.2656446961983183
0.4024445908513356
0.1872638552055754
0.34643243159385306
0.5576360736287231
0.49364694574338835
0.37233067256786717
0.8895797891987008
0.03997654449111866
0.1743870323755566
1.4286168245378523
0.37728675181169097
0.5293015311312274
0.1678663412235295
0.30858169092889187
1.2670775071965639
0.6351555883344043
0.4708780298833753
0.4037550430817589
0.42438335775224073
0.08427521027658148
0.5249992432858359
0.1685790213263564
0.5020478728316914
0.2717085631282965
1.359229255642643
0.19226175572339876
0.1256510780045964
1.2495991608673287
0.5906497074160338
0.4987924066272879
0.365104517923334
0.4960128728213046
0.040528202466374945
0.47002905541160217
0.5628157838932055
0.5340497230683436
0.6960482764092091
1.9714000679652672
0.2836029436532063
0.23203727455426287
0.019930990543081048
1.0066229486082106
0.9781520352428931
0.6092866797300303
0.5412619647523567
0.14100212573443088
0.22562625320129184
0.011533849148188977
0.3293373710279963
0.15921615816255108
0.04217112454452002
1.386026011243679
1.3392924774107484
0.7360678399012535
0.28818533806939367
0.08682340369765659
0.4712531506983983
1.140032450815192
0.25112018208307374
0.19234791840938953
0.6282739327983959
0.6695908172050619
0.03849291774589189
1.5467962823852879
0.16409080623187866
1.208013446004817
0.979027129200391
0.8889207794567395
0.1543167424344024
1.219577100542407
0.5273623189408403
0.7245783059112173
0.6349911968890466
0.31915724921257344
0.5965639636502184
1.5701084289767853
0.49093232433564565
0.2821430938477027
0.2620284030611515
0.3531110133220789
0.18588068676483346
1.1785851020193379
0.054242418815033125
0.11966123760904224
0.5296319817862634
0.14355933442758761
0.07396622470113393
0.8457460522867373
0.09723718153163567
0.23394156785150338
0.53976285934364
0.49527352079027614
0.4371437103690151
0.937711677255387
0.05054388241850723
1.4024145103934726
0.9907304541398996
0.07152884798439603
1.1343720800581225
0.314362375903052
0.3135587360399338
3.1868793404831335
0.3938857683655298
0.24569569931630553
0.14434873001248172
0.1256316881488912
1.5308873264000302
0.09695740575023364
0.08929114099754643
0.40171322815434907
0.7264739755457261
0.06561691606269486
1.2366028654462897
0.9246891886857608
0.80011894956375
0.21985046943795375
0.13410836582754765
0.7328470909488574
0.14181840400097434
0.21344331517818133
0.4138323250953403
0.3863514605271907
0.18231938172791026
0.5397161838634517
0.8130258931399651
0.7255604146190904
1.3369203604935658
0.42818458050898955
0.1414845129361407
0.2308872482980377
0.60644714790112
2.5685431436310022
1.3654641678848314
0.7858539228634481
0.35830973158624213
0.5173618062251182
0.06096048548767151
0.21203187508763072
0.20225327318576686
0.21901399219285558
0.4084352248818591
0.8813734532587554
0.5623208755607986
0.4730790592035033
0.3028394597279685
0.2425396946224341
0.936052298591772
1.00235898312464
0.09595284136208339
0.18974609583297783
0.6941601933394155
1.5238928617134992
0.25512649690259726
0.5670829871433739
0.028901632163379872
0.09736034858566302
0.12989359414988708
0.011257171169206458
0.13159820819549195
0.21324449204105916
0.6825442981369434
1.0554765358254283
2.1399456420956784
0.3608444248726208
0.16249961025769102
0.8077283511340874
0.35262256686096727
0.3747903725308911
0.7030749228182793
0.1970720381663686
0.2556537439931925
2.3096107723822867
0.342323385145915
0.18618801897267329
0.11981788634433056
0.19166753734780645
0.14519212859588862
0.4389218983213191
0.962472731146036
0.3293438685248972
0.4363708479500905
0.10168824328106983
0.06739833025623149
0.3213454579523685
0.4398426811681332
0.5240968568912308
1.197922446401122
0.3762006897502464
0.309729901030321
1.8076005970934232
0.15835824098073062
0.37717295613340945
2.644651108243711
0.12552999788987557
1.448491739869078
1.1806955815870475
1.095934674380655
0.3351194657282408
0.6507745493976531
1.115982833542599
0.1165758053430902
0.1962102588403502
0.22545171009509146
0.6397640128933512
0.17373906967104907
0.8242907392694979
0.5948812192426651
0.3985513367249294
0.7106521955535886
0.19518381247787647
0.6454897579022063
0.33972332958290585
0.6910833313147274
0.8496499915824234
0.31443039804690304
0.9964102231002528
2.566637203225696
0.11062225878260443
0.024702674626579376
0.12444061598179801
0.27269794493271815
0.5356227422555466
0.9112965223464944
0.23863430706815764
0.7285267248353913
1.027647235014059
0.9028827082616657
0.12223348938835096
0.28271529434733106
1.3293408223361918
1.2100150525384834
0.7772274691362542
0.4463531156935463
0.5193740701348671
0.31523948185316725
0.47700131477926877
0.2039748958110177
2.1069578503813373
0.44708734558685814
0.5341698294464711
0.7390455059547122
0.14322607819686003
0.2883736253350089
0.1304720131026778
0.08511306790272422
0.023002237348753195
0.8007001736598444
0.027637967084164546
0.14922635694025002
0.15107034380589854
0.10608580989061743
0.1576312140938754
0.20114472568825129
0.1547343105885194
0.07962608172784975
0.630362691910665
0.49542421062035
0.3460826029716364
0.014177805062232771
0.108279112588622
0.4319666662907831
1.057297343158631
0.6371179371012211
0.10020942536328509
0.5733938705356086
0.33366612073837787
0.5150663747588458
4.1945048047392595
0.11271121333500897
0.6217295504747253
1.5172704696793957
0.43948404746120595
0.11348288167694831
0.4345929416130077
0.30276059701108776
0.34648250510699735
0.7680653848024696
0.10747412145496082
0.35836436364057067
2.2312168820015956
1.1724501617030658
1.0328492247271532
0.9994224612370495
1.826386167457097
0.1648167464994696
0.582125092122767
0.3888758716814117
0.3151593191808083
0.7556000424013868
0.06421206081750722
0.16449706806777606
0.28334092296625096
0.03672692836494069
0.06077749334837675
0.37028685633506964
0.7800837738300329
0.08684165411470106
0.24448888457830845
0.7338725065384509
0.16924775942678802
0.6710817458808386
0.6599930883548522
1.2026772682896234
0.8357651878524295
0.182853113171336
0.41158312252925217
0.0338548966016292
0.21953178961573477
0.3884039756790088
1.8604828954690706
0.34164310506305084
2.1625637435150393
0.1275270293099791
0.12315988831276334
0.5250164076176274
0.8168349308325453
0.407286850773846
0.9553422558214951
1.4301089788931096
0.23272549024851463
0.4193369541266384
1.1263518684691847
0.5650977082478947
0.1609415360862871
2.035107224560793
0.6709129109298203
1.1404016789239753
0.5141977368551206
0.0907964526992311
1.2289932406183475
0.915130269666616
0.32928432209004316
0.08429344123678492
1.2141184240207061
