1.3165891514401886
0.5825557541643143
0.3210675288134164
0.4183617033002695
0.38177260416075987
0.31516500956353216
1.4061263795472965
0.4397768769415325
0.36158295105902105
0.4888012508506306
0.033181369401095874
0.595723730056947
0.28892015170078084
0.6648072246281956
0.4979526242529772
0.954942837273743
0.3794168423178278
0.14107148795050348
0.8591345927163141
1.8321866242220066
0.6360625671254779
0.7403837803256615
0.6371383263200188
0.40688803712658295
1.0514829290747745
0.044310591595407685
0.8248179863371131
0.029210947933214777
0.09814390035916973
0.1254320139142294
0.20915821359142897
0.5466585108307919
0.2039526032235059
0.7224219519444438
0.19740430810363563
0.2798744051595556
0.40300315890637994
2.434639416573845
0.008717239713890426
0.13703128753405935
0.48395627358605126
0.35207223664437576
0.8136815612255787
0.1976890892149762
0.009799641390623084
2.578737262916961
0.5501980310653894
1.6167878982692654
1.0583055382466233
1.0412030264313477
0.13443869700724573
1.8023375293643324
0.09053009945592887
0.16856393115316892
0.4832919539552671
0.9909673051749266
0.083765932075122
0.551662636032896
0.7693484170072207
0.8181706656685231
1.215607890357864
0.13728711932704168
0.32020569169512425
1.2113221278965616
0.0674656390758916
0.16591550176091505
0.4211192147224724
0.6364098697331061
0.06338225589148659
1.0164321038955593
0.11734974739919603
0.7335405271219597
1.0638052596771257
0.09649098555436919
0.08090738084255976
2.6975262454179005
0.7738202521142256
0.755539126248403
1.403258131867273
0.32560138595653076
1.3391365693919426
0.44401422040290955
0.05116739041561105
0.4687789580259741
0.9002094957404182
1.2741004321956582
0.07173524314808095
2.461298427251844
0.1068364396917833
0.15932718703930693
0.3754978189187311
0.3133846437100875
0.07124751191311919
0.16316145286486297
1.101150541554771
0.3072736852757638
0.16741792953407914
0.01713598308936167
0.04890442584116004
1.638779143368122
1.1921860455665538
0.049598467435416065
0.8608835356472114
1.6243730517362551
0.3089848696053251
0.022733475132889615
0.077273585886014
0.7267335810729539
0.49153854372956257
0.1855394642472855
0.08434885390571124
0.3997301749171041
0.34059684976543114
0.5906041926366986
0.5669795292653119
1.6066051320856667
0.20375163828139803
0.9455090521164
0.7636743464161038
2.044928424078437
1.0076573498860915
1.3430062700309788
0.5361582922461936
1.3862008645184578
1.2716294887914055
0.08193550020498776
0.29320722745900696
0.5553495851344447
0.028705506860433605
2.0836667889412355
0.2233151478192401
0.610108986127467
0.5567435622229487
0.40875309228554024
0.554182890414207
0.16329853737068206
0.3528652292559916
0.3230128634032227
0.51638040110582
0.9173706747458972
0.20021295238736422
0.3539574032628617
0.7409613563583464
0.1262876758289482
2.795072112812214
1.2802293804460334
0.532789944391386
0.22855589723743655
0.09711003525183075
0.05210628065767928
0.23728788605667908
0.9339748191622836
0.4643377046328249
0.6447539539418011
0.635090023466273
0.20109546262233163
0.641148840354661
0.7756085679162406
0.2698427097190504
0.9152324507447762
0.10248873267300443
0.46741814980287394
3.5423724298175134
0.8950797941076899
0.3297381628443193
1.3585866892630036
0.48811345028784164
0.27708652910394266
0.17380095610681753
0.38182603752354355
0.16750462204911531
0.7174346333411338
0.4148950896764701
2.0628513849401813
1.9956637249636489
1.033861638059431
1.2155881255212888
0.8278403115558407
0.19206099979716326
0.016819237074489832
0.341941887140755
0.017009962223922856
0.02337437999712271
0.868339550328423
0.9393367086822113
0.13706444534963172
1.1020520502103874
0.7390429666932348
0.6117808483475616
0.23769330314313328
0.10804239844942005
0.01644868316118761
0.6797705752727315
0.08848644065861073
0.7328398244364709
0.08045518999306503
0.5310466489507657
0.09552271739860575
1.390039987854753
0.2993333250541987
0.3215293177930814
0.16238143631656765
0.4232608226988322
0.1893433265747944
0.16508128181375784
0.05109863369175759
0.0759325797032375
0.7586274270013413
0.32032861622874387
0.3438217610618953
1.7651102641594378
0.15064289719999932
0.5614815545977162
0.16589837811476515
0.3695901019485087
0.39111171622387153
0.5444499772280498
0.15340007250278942
0.21042564157980673
1.6088519368740302
0.791021085773797
0.451539377245568
1.593593269661393
0.9266491243547287
0.16493712036953004
0.8125760699671721
0.39700415139622985
0.39717806581599363
0.3619976305526861
0.18296320821124376
1.3891770359510789
0.596778795021442
0.4529763441888526
0.2475461343481777
1.6135570206496397
0.4989909427221392
0.5810739178363276
0.02220431533944769
0.42384155582557026
0.40650886006166903
0.33338363881585703
0.054867534268837996
0.1765294466320628
0.6594178982528592
0.25238667518227587
0.7529621083249464
2.3150677037719136
0.0908665536408032
0.2730961967547186
0.3029934792089418
0.2102683703518576
0.10329345994416105
0.0651403867658893
0.21018872601254646
0.13767691265115292
0.1952166463767992
0.12156814409244746
0.09850768340818404
0.14257105764337633
1.9012239112925353
0.3400707553314845
2.1617238405996186
0.7569141067649237
0.471067718213668
0.5032309951136106
0.1911331607606571
0.6071173372168669
2.0678238121423385
0.7575313720077445
0.5268122305361758
0.7648868360302008
1.439128520465832
1.3274235847679994
0.20895127735085942
0.46608331277809156
0.1660857579776957
1.7214028652341469
1.6546780835706247
0.14562599693338626
0.7340839809168362
0.49517126700510944
0.06465306745251452
0.26024104190271086
0.41376095597990425
2.2212431385616744
0.11200230177286115
0.002771277219081712
0.31048357548964184
0.6231115518325391
0.6698254161356841
0.41000505787601216
0.8469260917781796
0.006983050988682158
0.44863747828456807
1.1219549491556373
1.8497830292612887
0.17942462738972142
0.5668529930730779
0.8955183444425651
0.12302525051833729
0.2735255815235204
0.8990459695382648
1.1150980371989911
0.33582493753487164
0.2847263814085153
0.2049274245764648
0.16863115750779978
0.19732269457106694
0.576137898383547
0.6051683485033021
0.4487157852705015
0.21651686357569574
1.1645932644466872
0.2243754433072792
0.499402026912946
1.6436360569569914
0.163849952524092
0.12671177205670178
1.8407209166908078
0.18785028428096562
0.31742493470150385
0.6637455321611365
0.7930550734716736
0.29970884635311107
0.17103695339229802
0.9888777308715414
0.6601233353407608
4.272130446678046
0.6333503482952175
0.18755065834628343
0.21209619108248384
1.287651272578381
2.1844689537181905
1.0626001614788558
0.7815780910919737
0.24871498592308114
1.2164295844566024
0.8321620190985349
0.3076969051521586
1.6553915724006953
0.17807565333933553
1.2147314414859052
0.9832307073609539
0.8980211125088264
0.6395766620359108
0.24170675761230803
0.21837414443489667
0.18071031816789196
0.5681495477491382
0.3284223149287582
0.006563382050005253
1.0151453709683835
0.20421376895018287
0.02372315968178856
1.1891605635010263
0.7548642644943611
0.5598970908660231
0.5334071769362088
0.16028872988959833
0.0921791315741732
0.5423874297427183
0.47127541835492115
0.9759289003540783
0.6558180699350874
1.2395606823938468
0.5973375801619782
0.5260614388174537
0.5604071127718228
1.311742240314562
0.24806164087461638
0.15265317150449223
0.1586275079653995
0.4474926780996949
2.662812618054259
0.19418435422644795
1.728713167680459
0.4554582451357546
0.42497012313290955
0.7509151144026261
0.7023831946665056
0.26640831234516504
0.44235938569683125
0.09987421625631512
0.15721215350980808
1.5388075916250494
0.25022720431814793
0.31073267395640713
0.8305528190611149
0.637080469939875
0.14588465415755958
1.1026347292481566
0.47695403710579787
0.11113038737951547
1.1591739055048285
0.7892947576015464
0.39502657267721547
0.1820596974981955
1.30611499614094
0.10709309508056646
1.7452023185374403
0.5990218616581304
0.1645842600825374
0.4984292492193745
1.0181234163178492
0.29445984341840875
2.1355335958326997
0.12411744045912544
0.2118688441870368
1.1079299474369977
0.07725957854370155
0.12300092934820671
2.0055142469340135
1.4684933737171424
0.5069422320737443
0.7116321343469911
0.04368595029548677
0.48205261170254354
0.871189714003855
0.17266969484012226
0.44122653027894565
0.7798484592483571
0.1101624758855471
0.20740954814824447
0.6441818484509679
1.2974775718423777
0.8366552752210753
0.721267831771908
0.04299515946715869
0.6197509686406284
0.5396281803050649
0.361372946113404
0.09691196643308504
1.0774221923224836
0.16260149632243986
0.17427211569122
0.6014976009519835
0.21748934804000628
0.7762317985495221
1.8690212304020046
0.4331708001369246
0.10400459128609907
0.050771372740123645
0.6665471304814962
0.0991120254625104
0.975349928114034
0.6196707693894272
0.5450047896099196
2.838206339562088
0.3533337145720601
0.7483733441621888
0.32238701679153847
0.04917896020598504
1.043014397836959
2.507769162438827
0.24110739859598648
0.2991704502662451
0.40155776864881026
0.28527728284622167
0.060016692361326784
0.9789134627811498
0.13971764411743498
0.16726400292175944
1.6540798435277762
1.0856781031176979
0.722900654017199
0.14684993395267132
0.04198025078829816
0.10535524133410422
1.6786114196023088
0.12460391391945742
0.2654782834626171
0.2746959663180621
0.07160471447310363
0.03293618181959288
0.30684875468599904
0.20705502425957537
0.5718813875747356
0.9212032770661359
0.6014360873546041
0.8802287150623295
0.5120970183215942
1.1049859651138425
0.30156378369828113
0.1652393218409033
0.17383341561010685
0.2985108944780197
1.0699352000280555
0.12759703132326178
0.19211617086678884
1.3391066341495896
0.1105206096833265
0.9785913384339586
0.33239297477071156
0.3413195570841806
0.011622723006300274
0.1606607911966575
1.0067108269398024
0.04052586411171114
0.8633760581690655
0.1420356008807873
0.25068180358702885
1.3339462909872248
0.13941529639041134
0.5257325569556139
1.4525524202387479
0.31164447848733773
0.871174407939157
0.4799550629113781
0.40337292801497454
0.31475190459456065
1.1894840975770173
1.2858793002630116
0.9432945470439336
0.18133229735476386
0.7914147637108693
0.5729374187717077
0.5886635009846926
0.11261558561372388
0.08204132595404721
0.8004243840822517
0.22157827713545336
0.22671133667022997
0.6731167837622867
0.11658865565204518
0.578602725113762
1.4099074860756355
0.1888717264663193
0.3529827100807395
0.9043352024280875
0.4466796182157988
1.0138949425905273
0.8649543237175604
0.30646844315666294
0.2748942998905228
2.5347517006328966
0.5838091464204489
0.6742444265085514
1.5962613176559124
0.10286090123071923
0.4458375262311974
0.01956334255981242
0.4042016745178022
1.4553084115304569
0.481857944220368
0.3591424100098763
0.05509318913098966
0.24909887475323536
0.20178121185549067
1.5203221297696796
0.3926370115101847
0.8723995326828277
0.4651098436583166
0.7085185803434243
0.6539647015058018
0.3295411617093395
0.5050725959991176
0.016375176513547477
0.44810816838941153
0.2791452580271426
0.153514701361609
0.14029691452404516
0.5328758520329996
0.2721685694917218
0.08561234526331304
0.001039841317525887
0.02021979390518372
0.5018344809051994
1.1297850797586255
0.6615197559358945
0.5228452906489917
1.6900576007958719
0.44889576859264735
0.7358935338046716
0.359048103355246
0.4114566558106377
0.31952431105037243
0.43663949635983024
0.25158553380800697
0.38081880578929456
0.2831746186418798
0.5530720289790735
0.7666269950875909
1.0423066902505038
0.23925000875347818
0.6524592468173352
1.1425493556683708
0.588037104312262
0.8111820026920841
0.28014700890623107
0.0201072991545523
0.3668085148126138
0.7190495484094842
0.37905609376989874
0.30260747663971527
0.45558322163499654
1.129135163318681
0.23306635074714896
0.49582273655677794
0.594101352032693
0.4910461885595835
1.1276072909517663
0.41427896440828255
0.5868113706594901
1.8121254602196888
0.74663133628439
0.15469330875924908
2.345218770558851
0.4274475462826628
0.39769770266055066
0.16020934727667144
0.30971211501974316
0.5317935155260293
0.3196286642638776
0.6883626919757004
0.6670879573345322
0.4626713280600729
0.2295436393385438
0.5386713473602895
1.563668717345488
1.1161776107929753
0.43245441700184045
1.0217676906324635
0.33865320526465803
0.4532017074254803
0.1986732903640692
0.24773420519565167
0.07150555512612938
1.3380450813774742
0.21546293398918726
0.29744315219131884
0.7132705098929827
0.06716376157063889
0.10478739890392505
0.10352834184933199
0.17123350819471875
0.051201624151190075
0.17865134071062727
0.7458948836024116
1.3977429557411964
0.7270715624545645
0.2573733142221138
0.049998397237248346
0.16557687851705932
0.07468030484259222
0.42862979136070817
0.18475301019606052
0.0630567110499606
0.13452267283718386
0.4736748061284543
0.9554201268085943
0.4731118045175957
1.7849395912875508
0.4360461397146039
1.0747047086828783
0.7233218997315048
0.013690859746888332
0.04036420129916938
0.7765704205656494
0.2649552190517543
0.8505862133847781
1.0786581705676355
0.9537933520847827
0.41471718884407366
0.6220057940198366
0.7603703309256556
0.5256130279686628
0.8247523023225636
0.069308308046581
0.3641641484362242
1.2068668298104328
0.21109295243439127
1.180899943091259
1.087581329248311
0.2311431438480363
0.03149543267579031
0.491287631365132
0.15400501354670845
0.12007873450983494
1.3636460630756966
0.029820864692052314
0.29367806020539605
0.7304312752814234
0.060910620333872526
0.42451000510232134
0.5473904747064944
0.22200663043693591
0.14141286044367263
0.7778124769064365
0.8540486347404084
0.6509480066205778
0.881248219399217
0.5711140240166942
0.16419828077981244
1.0300711503342224
0.4592043646033989
0.31003207559101126
1.5555820620740826
0.032148322389493965
0.31672516903275416
1.5676474786202808
0.32684926169444234
0.0988896498392504
1.0494708279521836
0.26723913611977573
0.4809906099450503
0.7552581370307531
0.5926969597408417
0.3433689358784474
0.6081746122473568
0.5607861749104889
0.29692787526029435
0.8639418686900785
0.38964367638014424
0.1914163572887997
0.11473847254569614
0.2600057853309283
0.7024888645613369
3.0816689942164572
0.35605594595982715
0.6724096436718962
0.1266923762054121
0.7364842365616672
0.6824844760829857
0.6484741827392334
0.28013696070479593
0.09813464783487397
1.8882773396768455
0.009775469652708016
0.5227168192126155
0.5468701035487183
0.0635539778886621
0.13536688356792304
1.558986466319664
0.14353492087313136
1.1472141845146653
0.2636155732591611
1.531642362663113
0.09614582449246532
1.149402865617524
0.9320340439334747
0.8638855583776323
1.4663015442530203
0.7502658030747084
0.3345072954705608
1.4358469184015075
1.03784520300312
0.9778514587944712
0.07639513352304116
0.2305161677010845
0.1786019753464905
0.9517958525456125
0.2983997857062947
0.44612868669830463
0.45167190029810594
0.32900641751562276
0.445113259754986
0.85014171773468
1.1879269017660172
0.6200427759916837
0.0912853165137798
0.20913182122047966
0.5325907454204358
0.5486529584865308
0.6533993324949138
0.08198032793257705
1.6443108267908502
0.22435130449537985
0.17417032381767325
0.12028643565299817
0.26372735790857244
0.04592002102660279
0.5805101031746136
0.5157810473434461
0.6828563487717598
0.716864797923759
0.28889548412165306
0.08258680960621557
0.9586008539247629
0.17829942405500543
0.038928710703541966
0.24968771652215316
0.9362771009186823
0.8458796160858392
0.19188741456622324
0.1560705253493925
0.3119260559350148
0.2463428945521502
0.2160982335563941
1.2389321533734896
0.27479482240647257
0.7365261115059586
2.148604549899634
0.5370118878989175
0.04235289063044458
0.32324099261454453
1.2795514680374243
0.4129363417364449
0.718562708880101
0.27996633412050187
0.01114951435670794
0.6129989550456919
0.6026019398989342
0.08797712200292193
0.19012800646147035
1.3830167543062648
0.16183439026549457
0.17554790856378824
1.3037779928796907
0.6190764381515077
0.5243205574954006
0.7865385868202467
0.10606845848819119
0.19676212468070323
0.4910426083565232
0.36171605946583296
0.2662037227749315
0.10013704135359978
2.1552399632555765
0.3904246309343783
0.05050053474803552
0.6208651666235038
0.23780131668203494
1.8715650839739864
0.19575363531004955
0.8250110039376987
0.4636703220230246
0.5912510673190832
0.1782907804169551
1.4885326162734336
0.2059819919670892
0.31102093937885483
3.569122702768114
0.05244689478555276
1.0250222624667948
0.4107270538262168
0.18398017470376668
1.345050759320504
0.07796540821149202
0.48419215277547234
1.9930983264789826
0.9671942674033575
0.20430633903722512
0.1663707770567491
1.0397924412390633
0.40313720902249217
0.31190684209845654
0.037171673721735604
0.8278584711945051
0.21458394717004028
0.4237705108781924
0.09043645418374144
0.041490440004663134
0.3002976188506583
1.8508831954079026
0.14561947931519245
0.5398749282210619
0.2110107935176893
0.05381125402066234
0.6748368015713677
0.043669952075559904
0.011222032110839884
0.28070722813320614
1.7696964944507316
1.030799682872406
1.1265513827932356
0.642576358144729
0.14129095897414046
0.5982216163473394
1.7806244635594708
1.0383871974717807
1.013206521193443
0.5308675474476597
0.9968593461566746
0.5985868790894973
0.3614394848753029
0.4929964706287524
0.6716959489744101
0.32403749880449656
0.11271354700644484
0.0678492626909023
0.40027269953943406
0.26047269912894916
1.3343473275645745
0.10432099072514
0.2922322647616555
0.8504380928292741
0.5284027373429918
0.8303814858990712
0.3700513513601747
0.1554346903072623
0.25390497375295046
1.1044092652831243
0.15870602956013366
0.10265676282430194
0.9076340124476057
1.8832333790939828
1.0564001169655075
1.0909699292868693
0.08375837926591977
0.46593125141373865
1.530976083213481
0.44466228803692925
0.07325254435895974
0.677973408108976
0.18355718188994874
1.175485861234065
0.5464353736645834
0.02248106491952614
0.04935239454990798
0.4699810051243426
0.29575646957595964
0.05333734276685048
2.100982126069179
0.14283121182798053
0.47620268973411695
1.6118964521527075
0.2958546974666914
0.10986026582391428
0.30853821389749103
0.22954571926005712
0.6969900261434044
0.3546972497057032
0.5494781835648987
0.3242491493550876
0.7614828700412888
0.9435824220281966
0.2712454074793854
1.8048717080695251
0.4978570322195385
0.07676377702849357
1.7091270738371682
0.2824625494569775
0.3294704010117642
1.0107627947381623
0.4202861650584789
0.08400826961954916
1.1668625692348356
0.6514560561246421
0.44647711208486074
1.4004037038068808
0.15861806476983017
0.2435586237036282
0.998238435871628
0.09369879552390925
0.12544300385920498
0.8778220521964026
0.23897704328678923
0.581805271373531
2.683248496479437
0.44456388223518506
0.5453614937359269
0.6101295440296371
0.18942270553577112
1.531398561844182
1.3768236328709391
0.5207660679680934
0.20204165539566393
1.005369857597378
0.22426645697576109
0.24377371207507442
0.30834735311980543
0.16519272933465404
0.44248609587180043
0.4711839388317592
4.224362709526264
0.7990415214493812
0.41515972598262163
0.7056375022729675
0.29079563440109296
0.10741696361356093
0.446501485228074
0.26874434939293007
1.6775938653597326
0.6859447987887604
0.9563394494838431
0.07435747848034231
0.2322389543013108
0.23213778336689847
0.5633946883481912
0.008492942222231672
0.12284351893538109
0.568253464101189
0.2873156351156917
0.9565793677596124
0.46823223415367116
0.18279886350711028
1.0060900348383757
0.7427448433182109
0.33340877045782996
0.03724252840678811
0.8116971218947585
0.7864133594743302
1.006530525565544
0.48195559170311275
1.0695266807789423
0.24358725199935893
1.4203086950230603
0.1303919383306386
0.6204017794069933
0.5108877571864475
0.1664771876458045
0.10348595892202463
0.7842841382309126
0.41011685383454277
2.5203214949425083
0.2306744638622728
0.12785002628716702
0.05128809663789389
0.9062972328288779
0.06598085396127407
0.11288552261130941
1.4801376073962849
0.654587787197455
0.5458533114366136
0.4453022209193791
0.09704435688514522
0.06097700910141501
0.4115725383352923
0.5431167578456092
0.716835519051322
0.354655854658828
1.8529755958976524
0.24957597311417426
1.0888395859876308
1.3068731220080398
0.20151063264880986
1.049272538767628
0.3567186879830142
0.33875894041748955
0.9159370024239533
0.8023768442942806
0.8204909287511637
0.7220615137804458
0.14210291555582236
0.3915292166156874
0.7551161113486624
0.6001277676970941
1.271547392042923
0.12843868339468503
0.459716825723714
0.09831820627936343
0.20347324062332547
0.6297127383001108
0.4780231670379101
0.8142983660043481
1.2215483105216105
0.20385565637959266
1.8620240231012841
0.28980778312332534
0.4651383497126299
4.199721447943369
0.2900666864062142
0.6358678216459573
0.6415732445394157
0.43352994170499876
1.1103241260356753
0.8814442338682476
0.14110801985073593
0.23246283523980454
0.46364052167987857
0.5018334036807073
0.6052552725554656
1.167466378572829
0.4292755471769326
0.5759551741448338
2.792182691438967
0.44451826424055785
0.3287031610604482
2.757621828637883
0.1497456725358782
0.6835683153045078
1.194787415203824
0.0476307881325481
0.07908093625984533
0.7118542375448778
2.1207997123518854
0.09396184673945582
0.9689548468131137
0.31365557469724753
0.05075893064298242
0.10699850572120992
0.07986058409753262
0.05750799468030851
0.16581617966568754
0.732556210391164
0.4199252951834762
2.0694521767362133
0.2650394442204935
0.024407940963678383
0.22384139152342514
0.1999808794423529
0.20910564873802687
1.0016927804903792
0.08446494473162894
0.03233550138747629
0.4175366017814132
0.5949174682888079
0.5895972649726821
0.06577854210319452
0.10713500149892821
0.09795106030150058
1.3266879183589342
0.126388788929923
0.05798350395622656
0.107499923311999
0.33244787372732637
0.011118016009559018
1.1808800725916226
0.26140483260803843
0.11952914815094998
0.4446087126335515
0.3431202207574667
0.2757777601094697
0.2702625184583566
0.752509089078736
0.1165163531556207
1.9742165143383303
1.3597161397099018
0.3749803444647759
1.1962146622161347
0.10229975055828881
0.6098258282146832
1.1882531268343062
0.43238882278045804
0.11754178109574177
0.9435766852107944
0.564241744549617
0.2525648814740307
0.10204123487387698
0.03361664356740477
0.06976815871872533
0.5073615809151663
0.15386293386151437
0.022880461471101576
0.45156116534515806
0.10070939505147969
0.11920974000814877
1.0564120042247929
0.058282363703265914
0.8745131957757957
0.3882386294896308
0.5843129173077894
0.2888469700991403
0.031386153868518854
0.04719740548541476
0.22121803857474062
1.150922751929511
1.2071625644622483
0.20172721859225093
0.36769368379069045
1.2309815419650814
1.041306102676954
0.731398497744575
0.2417364113380497
0.4241889021924016
1.141277526308149
0.8519802235357892
0.5066214405856662
1.6943801302122763
0.5406956468262987
0.4516064703862482
2.0586718314074024
0.16526953777619433
0.47856870247179834
0.13461825822402593
0.30858108727993877
0.13587283229185518
1.0214308587736403
0.8473066454523726
0.6955385390486377
0.7463337956232737
0.7292456328895394
0.9691273675413992
1.1906846688706045
0.19097957680577266
1.0924076269918686
0.7291304172908172
0.11802565820257775
0.1883094538810162
0.3218420778737046
1.2211705897321037
0.4477559979110814
0.4356197177685151
0.9415528571557779
0.2387681568171289
1.5904438314750546
1.2319671241530923
0.22019457274719997
1.9281547603143796
1.2902626982547385
0.2533782808828109
0.5694096827573095
0.5354637853658494
1.4545990681618042
1.1589282359793895
0.44440633377166366
0.8671818196194929
0.3617220726139209
0.36323107952567046
0.38578896419024455
0.034197867399558234
0.0523976515240094
0.5408721246044621
1.3008641298739583
1.0129097801951243
0.5076201919208678
0.5468191826549876
0.2385054843109089
0.041781353614667324
1.6804516109067145
1.365576369742412
0.1707796383915236
1.4525031779645137
0.5868098207945918
0.4989338138578689
0.2132476170866592
0.07290211761606154
0.47823193941434705
3.178826846002518
0.1989685992356797
0.14014242786285386
0.148161817179193
0.2580213714090014
0.10650185997785308
0.848917527073569
0.651838713226232
0.7839215058281906
1.4470639788610737
0.1591817339741737
1.447459736029768
0.781226873520631
0.3235047884070404
0.30080417017866323
1.9579740511130113
0.17378758525232726
0.6488499937044366
0.14106397303199503
0.23128728497287296
0.19091990753686625
0.3657962283938404
0.5513425091216605
0.06347307682924766
1.1385164879610192
0.5481594234721502
0.4384839667315216
0.24632108456545926
0.5726846892851601
3.3965584138498146
0.20535304196409504
0.27278785408390255
0.20959595461110614
0.19796541697352818
0.11687530159380773
0.180722408118162
0.41248577269081554
0.38278228644179924
0.060698636238092164
0.28795478423806986
0.5204980102850278
0.6256556932508314
0.90156073406786
0.8490615154685803
0.6426307250409828
0.29231829771187207
1.1917546196259317
1.183585362236966
0.4879960420466892
0.22370674089426268
0.21241565611488747
0.7429087632685669
0.0463225393051407
0.6788086753506585
1.2161254363336254
0.2905042281558758
0.9075230263193876
2.6442350357148925
0.03401299074080796
0.6265444543958714
0.16114334485891924
0.27575201925034604
0.19202149423678166
0.21561394046343585
0.14569381222183783
0.1113615126032586
0.7280656051420145
1.4985044503403682
0.5947103058959385
1.7019362212232354
0.8234472420714991
1.2943127830139873
1.2885684273369085
0.08908404828548196
0.47903569672187607
0.3582197453139919
0.35649879150102215
0.3778027922051427
0.4241845903815263
1.0645614739724842
0.06864183371725488
0.7252553489538538
0.21003142533720282
0.13404401349134107
0.5663009321968469
0.11520398918965072
0.7692101259213084
0.22177619297032394
0.1867719078137143
0.4131433292736616
1.0091146783672944
0.13407234243506816
0.129334020838186
0.40118040199216193
1.3084962579685695
0.9814239091790034
0.13179205310339143
0.2805311478043356
0.4601538168583162
0.6006669551749205
0.17695327752238266
0.22175620347257607
1.184925842963387
0.29906611544887546
0.5131131081501257
0.34291214688151467
0.12326511113680581
0.05333382244275622
0.09408302420203658
0.11575618085281728
0.12544490558775354
0.3804812720854702
0.20188842834580076
0.06897982555747129
0.707473673372207
0.7122825317501725
0.6628957901671366
0.8379691394179001
0.7818106368802117
0.0225290551102316
0.48426899809557244
0.33419198033314274
0.17126276631742737
0.2088050746812131
2.041564093223327
0.25952745699604857
0.4839919721331442
0.6809657344745546
0.20747420722762
1.0508417480731276
0.5734857096782944
0.275140564091997
1.6356757347278736
0.3529830511978723
0.17062992355412948
1.728327959409737
0.11919646573531938
0.26966831211199843
0.39010242446585897
0.5328016055253507
1.1639629636830537
0.47108299510918916
0.4620071957802582
0.18091913792259928
0.25642722232673415
0.14870559603005074
0.06131197309317271
0.9042173370027544
0.10972011922827515
0.48123013552496485
0.610183722746041
0.05154381752090798
0.3790337415480594
0.501791328274637
0.10370040923565009
0.10624192049574219
0.10830758505179042
0.011261743245987879
0.2050353815229964
0.4347657541398647
0.2930991886126077
0.12582424923609786
1.1800644399731457
0.1545923384073276
0.06991487447822131
2.478340806094973
0.30217362153132454
0.10131366957643019
0.7669241470697636
0.5582996001570207
0.2887297632660954
0.4326504775239024
0.4781376237104525
0.6245284457614676
0.35374547959035485
0.22518505004159883
0.49370524473181815
0.43650338121182325
0.930172614003175
0.08193165347152814
2.3746023746059173
0.2891501455219813
0.0393290945328888
0.6945831508475727
0.12196192327134982
0.19858395433406395
0.6242607554758854
0.2179771643337767
0.38622305805650214
0.2667987199333112
0.45606972336999235
0.25479158936874824
0.5215632111047853
0.5202836124954572
0.07329714927284757
0.5885866957152937
0.17532227081485216
0.03833106086687615
1.1288998849076577
0.5343319002101659
0.271975340935051
0.931604721480571
0.9401976263067965
0.9438963603456763
1.6218779039412496
0.3610848757273783
0.17141113387949175
0.23420703109705518
1.0766674516170438
1.2859894204319897
0.7231258372895254
0.2892019698664652
0.24179647334677046
0.5728779581100322
0.2281892680703122
0.7788594235324408
0.27657204255671225
0.0952700160958869
0.681854188807236
0.986804221541644
0.5283666142697977
0.13989773544177297
0.5258380537367773
0.8701855095091278
0.3300554722935045
0.7238264735530415
0.030677333466719706
0.7136254542049716
0.01926396796362278
0.16380969355232658
0.1625095035918938
2.2478473924567255
2.0376996208245477
0.5885317784609555
0.39303115417640716
0.16726324027693845
0.3992381064958695
0.2759791369018345
0.5083762063117497
0.42522895898328295
0.12861559244514106
0.6804869907515507
1.2822369323674283
0.41153546856518397
0.15082062227448945
0.5178964789507536
0.9373291286421367
0.16966449384997598
0.14177733787236296
1.2917098390274293
0.6361853115175284
1.028149093162207
0.32412410495118965
0.2661490959067264
0.195800723565637
0.27304532094977935
0.48535447474072596
1.1552262662768324
1.4916406601566747
0.7511795599441476
0.8195558577752879
0.776424807520565
0.3005400339204877
0.16690750165584958
0.3823133114274439
0.08495032588486633
0.6913486454784553
0.13171452675469483
0.5362065069877323
0.5199856883872219
0.35916628163992365
0.363208687993111
0.14757099680121538
0.8674506745880397
0.06444197616892976
0.04611874552985302
1.2936812322793154
1.5239157445426847
0.19747328181096893
1.4613101150094876
0.1774305075229258
0.32806530206986884
0.22159253494081732
0.5879553502789931
0.3845976240210792
0.47809505366094945
1.9939955758857268
1.2375918688563299
0.3997849163274059
0.8990270378967963
0.2460402413759526
0.7752272893160387
0.6953333212199733
0.18092410627698055
1.9771812635774346
1.068397103886025
0.65781619317094
1.517509998042242
1.0954973553258136
0.08194151343482733
0.7014493683199449
0.2683372641671004
0.09206513099926321
0.34122321792890636
1.003688849326709
0.1820215649169623
0.28540072653055376
0.11316153599666323
0.035312260437256104
1.0375895776782906
0.40476450912409656
0.2501967529852768
0.17878404122229716
1.4426991454890967
0.37488244508722096
0.5281516907578605
1.0104599688510598
1.1571867192787648
0.33080448558841097
0.41194174786904003
0.33644281037429236
0.4287753061538795
0.6344042776960542
2.1488034587865887
1.7336515213248656
0.1512431817599094
0.10801424433898248
0.5414726387913354
0.9415186101045968
0.09602023150439107
1.5897167316944476
0.42648541563167297
0.7032319846734709
2.269342012111916
0.17691547723710807
0.291133258772655
0.728163589992302
0.7582831501701169
0.024358526826304478
1.6615386609072527
0.2131576660880728
0.6331069026288489
0.19912871679755179
0.13788661459008866
0.7053413574114782
0.4844261930789328
0.209304303355203
0.28959690287055395
2.0537686853247754
0.2778274802067187
0.31135266838972037
0.3153352295572269
0.11619240369377946
0.10966373906550674
2.432627532719435
0.34742854911423554
0.5629667739444998
0.47558837516585517
0.6798515630040046
0.6421996583488098
0.47508587004759395
0.014053696862206142
0.09152867423403722
2.8265044525740333
0.1544278060401307
0.20681824201049948
0.2985510966118717
0.2124051990812627
0.43356598597060175
0.27229099794876543
0.7041862778237579
0.07717711040822717
1.6958467137662903
0.3255841487576213
0.2204252375149968
0.6848329673893903
0.15741954438921593
0.1671485020852177
1.2557069073163103
0.922800548991887
0.9017406491789742
0.869597632585328
1.419875325722278
0.8601291179515939
0.7107483438799961
0.1597963675901389
0.3666602509973754
0.1498804668459181
0.20727322391227304
0.23561001910751078
0.1151516414126623
0.13252822370476042
0.017705261548062595
0.21003923586470385
0.08573935773564796
0.7647440860033351
0.8702222785836632
0.3217025877254249
2.4093654408450296
0.5294333846832247
0.5811142913998523
0.5841730183381525
1.0091458776957494
0.5612666462077759
1.2561231839724027
0.23588787395973682
0.9224488289235814
0.004281469555414688
0.1482476142870964
0.09170487686253731
0.6722109704541311
0.21592453296037722
0.11569070134763267
1.3005000685216883
0.431131136718161
0.32507519183890815
0.22617075015833316
0.2190881506330585
0.26545559835677485
0.31273992348987134
1.548054332094382
0.18696729893258562
0.7681225275972994
1.3365494705585923
0.15676731571422461
1.2285761523865644
0.748115210408483
0.7308723581241996
0.15417457551491281
0.44453604844835626
0.8951213090075731
1.2428642671578485
0.6412949265662807
0.5169646949850943
0.12424779000119687
0.7161056991160735
0.3624316191256685
0.3506313358666765
0.05685829573027516
0.16772111919585586
0.2790477941510217
0.711534269743506
1.229015622696353
0.37485739656043826
0.24722973430191805
0.013647917531770175
0.08429465829140664
1.2957055873237617
0.7937054017513081
0.2963369794695823
1.484434582217631
0.18093386691479846
0.05062351846033204
1.2329720076734407
0.600159424939202
0.5621621399442159
0.6094258291284724
0.024164594362924556
0.08591627418158984
0.8014833614998865
0.05222407216295533
0.1772358285219469
1.161524276215045
0.5090625012282833
0.33721141470388805
1.0616428822297168
1.6287373738255033
0.10265129920982195
0.8225028653293952
0.2503879494459065
0.0632745737109226
0.6021169207307088
1.0189089187709135
0.8888963133004055
0.15075505988054172
0.3382221236711188
0.9330434792241981
0.33078117661696677
0.4651518245384676
0.38855911038588886
0.9326621217454317
0.15931134956464385
1.147822968805361
1.0234919079057254
0.044040167050567056
0.5943174874489482
1.903947360557553
0.7362593166625756
1.0703553743890484
0.31537720020989257
0.11019144523497938
0.2757796288865618
0.11921616528970946
0.07848920621068924
0.09023632434876377
0.5392931536953818
0.5033786256823114
0.39647605585800283
0.42467253293690255
1.4260595344353668
0.3358780073609617
0.8828141922524996
0.021648826995128902
0.7976686980419023
0.07203621875689804
0.05125355340591364
0.4297575846535973
1.4794364035696534
0.32322830564081756
0.28397179431763586
0.3317876922201895
0.038912834062934436
0.009456194548457
1.0512475786349638
0.18314725406573057
0.24482244590132055
1.0471360236016902
4.421296507098142
0.5216221802155706
0.024097983691928258
0.0166350212120735
0.04233090948560376
1.6568843445239152
1.2201037771169383
0.38189583402687804
0.2758222756711969
0.2575749599009472
0.2586539557656106
0.3918048768294312
0.693872482390372
0.6115133598297644
1.526610164283691
0.047638830585683224
0.3013431176556153
0.7734661837954175
0.3931663806232342
0.6783565837323687
0.06967426271375614
0.015195014856351802
0.14983838077186196
0.15581350886648265
0.28183574114157744
0.8448573726918301
0.8998593622361788
0.7656954655899256
0.5534781005043726
0.9244247977111046
0.9728267000058259
2.081456134610427
0.4523881474165125
0.044583567270368524
0.32952524744140393
0.8385674217050846
0.46830329775272234
1.1819181267567165
0.3462007126767406
0.056091134020373384
0.023281943136974178
0.7097473908830204
0.10072593842917732
0.3502858145969712
0.5335580452908579
0.30277614517427737
0.8242862360126536
1.3171920136409594
0.7900945651216958
0.094236283167807
0.5946513798165095
0.636795638071082
1.1274566472771688
0.34798252085254083
0.6373009197468998
0.1447063145756429
0.35530684553797937
1.5573305861652171
0.11945994365293174
0.9803539715614301
0.12454422996964387
1.273774928613903
0.31288291495979814
0.6298972869944378
0.5984362743472341
0.8544415945492795
0.10189616650324841
0.5872144395045913
0.717873735754563
0.2100636695635603
0.03565054926659712
0.9666839500474668
0.32360540107161145
0.8331587227506335
0.8975996934974318
0.05359979044350778
0.013199593668316443
1.6955641405283604
0.11349538072033517
1.455624271322853
0.4220399806782003
0.1750333897478009
2.537808050446683
2.787041136261109
0.10514687342311192
0.2210741119187292
1.0279004067859736
1.051984371942787
0.1294459313664453
0.7266657812185012
0.17729253651656401
0.8250980734110926
0.6392564967654484
0.7701642524724377
1.2727624858614384
0.49454324221682155
0.3555004466171486
1.3882127519721048
0.8858999326421285
0.27676553390753267
0.2530999395396448
0.728612086624949
0.26756522375512
0.4148684700440493
1.4609840480440268
0.3337306643294153
0.20563591452277255
0.32068985940419203
1.16970788231379
0.16832491105012504
1.0157862577274683
0.5977667582565142
0.22159990833532767
0.36794195344689745
0.25367576674791664
0.44450919622561597
0.6146577240210274
0.4399404687298773
0.0754842938012292
0.5210493375054567
0.6487636529921278
0.22626164332782525
0.04503657294322389
0.01963398000942897
0.14058653944329297
0.4589624790691919
0.05775270263525023
0.20720577178998884
0.5856657027553025
0.046486978902332124
0.023662887540017326
0.25990288867536504
0.16116963872129778
1.4329001994399626
0.4349026675006629
0.33926644662528505
0.5978662874723347
0.7178971207574742
0.2176643298915443
0.015097966065118217
1.0611998228820516
0.8273784685034152
0.8309200403315853
0.03234934888946353
0.014735171816225924
0.3598804575156026
0.4965229010323263
0.574389982353292
0.1828876217856744
1.4319626561393846
0.1740914012464349
0.29214920492465873
1.7969098902116518
0.1668609347143686
0.15489466059367227
0.17909973710342056
0.06988192165664224
0.30643645871494324
0.32983282571997247
0.15712284007026114
0.3143950160557648
0.3000965871764689
0.3092030603938767
0.4077674435538578
0.25090446062596106
0.5950508381386013
0.0859062364388435
0.33175907830914664
0.025188354757438976
0.4459628873029584
0.9403927251117223
1.7180625168635986
0.36017180426128714
1.0837204527784374
0.06622902901168139
0.123582313318852
0.74151690025771
0.17510644680632084
0.2628162144217248
1.2527302884773448
0.017634575429032892
0.0739478123915836
0.8757764600116493
0.43622596928105745
1.21455877228327
0.25810551642152363
0.2515107431857161
0.43526047127269274
0.22146251701621306
0.0570470800076172
0.2539770391813254
0.2805276723901669
0.005563827791912077
0.2463102592114007
0.37467177843615457
1.3709740391491283
0.5473056618311425
0.13363229022827366
0.2338766257252596
1.2972761393580106
1.3025661510049882
0.23299555937050642
0.12206807336110982
0.2230682758942373
0.27095030242071527
0.5866013266491933
0.4819460922321639
1.2902916986503568
0.9453946231721307
0.6335389386451317
0.1534959206873748
0.5569209498131522
0.98998992733617
0.08276299486573317
0.5679301410461022
0.45120661322218525
0.22026690299597054
0.4370856737098006
0.7951697121713043
0.11049178238055123
1.789132434296831
0.9911781384885194
0.4780874838245401
0.0977176139547208
0.6077941733546276
0.3583415283864305
0.6923634983059346
1.4139782349298518
0.2591198449287589
0.49072123119229416
1.1815889098504369
0.39150879067034156
0.1657565773144815
0.5033500420228763
0.21729015867607784
0.14546263351551814
0.7689197878512728
0.13718955177390604
0.0203902127335459
0.4648742694094102
0.548158970731977
0.6276375732167521
0.4278244631054228
0.36885427941976534
0.18351443278135254
0.6706915278349316
0.32619451179481873
0.2965922948316667
0.34652578573637527
0.031153560236188132
0.07882033951205764
0.6877158599594799
0.16486983038892372
0.5405753805704859
0.9731755694018118
0.2996171528888185
0.5027174501404843
1.817451241027426
0.09968942299576929
0.04858537148885687
0.9398362574041718
0.8606484088795565
1.6002752878265272
1.2947039124384496
0.9963661167761073
0.2644786128070154
1.1498613718353456
0.44514829621295343
0.2061673092474562
0.05254888008818492
0.04558564517235861
0.10446186931211066
0.9264704457675236
0.2315348099582728
0.4721924354277161
1.9647709530345105
0.2935068875318631
0.2772286105332688
2.34782755081763
0.11359961843804954
0.4113166853107149
0.3919527942455045
0.3236429284343293
0.26809277634219847
0.3391082984211274
0.7567056485543106
0.11465053944366083
0.3194982442658541
0.016691053371473478
0.019429511839184198
2.6483688730046664
0.6998777752036229
0.2275311421353573
0.03607657444421971
0.37035022673895407
0.2796539836951624
2.8726786233310904
0.7766303024054609
0.14107592641522104
0.21358620832498157
0.12309107082048738
0.4119291858747639
0.1906601343747749
0.2660409920901098
0.45026166669466444
0.7992321174917567
0.6834283221274308
0.5402752600734655
0.19986967462289282
0.08441976962324013
0.06963102640951718
0.051643931657435145
0.20015037459191426
0.7065767678699147
0.18129834928254096
0.5242041099977899
0.38338846433793183
0.9166736456116329
0.20453739654592906
0.4118354010398417
0.6540963444702697
0.16829108626857706
0.38601042664550866
0.3279146039255156
0.4752515155893061
0.382416595120053
0.10217259354183801
0.1253202622977656
0.5750025082329353
0.7234752023133949
0.34909986994036446
0.7675311198480825
1.790277086164097
0.2484929680977491
0.14264156394011515
0.10342069697769202
1.1568717568066975
1.081039167890182
0.687977818304811
0.27514815524109837
0.20844410175845834
3.8677313805290727
2.0059149860726144
0.8350199989241374
1.052021308682681
0.14056105750071707
1.2745491255896768
1.048342868197347
0.21587270378041
0.040503032368879116
1.7952869406811036
0.9328580070465687
0.0419954954644327
0.4398374466751938
0.269213192130788
0.8082727032952249
1.5276484449299443
0.09856982871073854
0.7643254471393229
0.3475002940460422
0.048403978805715155
0.16499517344725434
1.7420352741263259
0.11130916792466632
0.11499548064599323
0.5716904998970267
0.22302351260012732
0.7819021983493419
0.5868817207756483
2.0486256686251525
1.0352545733935532
0.7320648392248754
0.15509819416732573
0.12925590702090134
0.6674728165249669
0.12227107867439906
0.1796051273535924
0.45547679604686503
0.28983237896328307
0.31475595040729604
0.10513577429109656
0.7956195257044819
0.06393592147505625
1.2174457543250312
0.20228155787611582
0.04078701177762487
0.07422013889212602
1.6176978594520877
0.15753365705030073
3.1667957419340587
0.2840552135379027
0.6439981385173561
1.7411313128722772
0.3860582625571542
0.28737672754303084
0.5561970664954883
0.1960044928756349
0.13316495155671842
0.7783323233671202
0.12710073327364685
0.2947052372400371
1.3200929754417667
0.32487615014745946
2.0208049070663083
2.3562457142732978
0.09163353712779691
0.10125564384181458
0.8853985344494414
1.792832525923628
0.6507953153079465
3.1966770909811912
0.03689799207999155
0.7396653043369007
1.2652145707308078
1.5864766864553108
0.23255520298227156
0.04199307665886937
0.689748837607918
1.9008747794006615
0.5767029887766635
0.6205216799633674
0.49615071563352164
0.1360908927976359
0.17200862820974047
0.03942375022354595
0.276198649480933
0.026706210380731846
0.08026957077393276
1.378467769079197
0.07386702076122834
2.2635862799022264
1.2095789989272905
0.9225894605628043
0.43007726559369963
0.6334993690688668
1.1052533039614487
1.5413465677955653
1.0026190211862145
0.08305338187811971
0.20042072447537224
0.4317529704722758
0.5025320980375017
0.4304761376795031
1.2990632983860526
1.1681871778456399
0.3415189623989881
0.7278315861396722
0.5838793574148591
0.18213605573822542
0.7691704825767444
0.7515614307999197
1.6152142274160832
0.4607681404930709
0.5902901152066873
0.022484775817891288
0.7648353459906193
0.28939722389357286
0.23535409797130052
0.7316450485931998
0.31216464667331867
0.27057981413473126
1.535138279429458
0.044027539858096376
0.4247601374228733
1.46313580608518
0.41485990519757454
1.0036483392452602
0.7775198758540427
0.06194923149424072
0.017914267192319398
0.466319693018226
0.257647144647651
0.3341249622553863
0.03611557746770892
0.4547801083333517
0.5001405550446569
0.171511755567598
0.32985491129147493
0.20977686006007898
0.5937685892707533
0.02100977214294792
0.7470206974675422
0.36214419922052316
0.12121544886521399
0.21634464934322106
0.4686137088690032
1.037283066892176
1.145970527092727
1.008173735272201
1.1884236608410355
0.9755920349222564
1.3714066330568344
0.4516398752178295
0.08143281794626481
0.4742006240332613
0.9479995067658038
0.2757085502698426
0.40269571739248405
0.03932908244957368
0.05255246687506815
0.13505371734956145
0.042851516420782526
0.08623876654824457
2.16998366862043
0.4172012130230396
0.3823315866583394
0.30781783295600956
0.39520666726620385
0.2523784803233747
0.8019456975266451
0.3995156802713906
0.29333095586486113
1.9916989681789905
0.16887526771845435
0.07231810517456085
1.5885233606598708
0.06609315046471893
0.3533947411409805
0.28955572147538977
0.3679879383252106
0.30663321723741216
2.1595549513717707
0.2640346447269596
0.1400940657625405
0.027702959487925293
0.43643170892954825
0.12096189087313346
1.5386524269333732
0.7447202784145411
1.2964953298909014
0.4349572975997219
0.14265402589367804
0.5089063290534733
0.8862074365011863
0.20359241091678326
0.5298379057546434
0.316611563019567
0.23041095713920712
0.07169853979725821
0.41210530787428146
1.1640671153064763
1.2308017309672223
1.7159028801203746
0.5336597610001791
0.0619472882995215
0.35591351187364323
1.2097395422816568
0.29255560810523856
0.8609418899455895
0.16653124763097016
0.36547477508299947
0.31362718254398514
0.036997188340442966
0.07468114292831249
0.22289462251286066
0.23700944461462625
0.388874396822428
1.2999275411813043
0.3645631929482856
1.3542569849888744
3.844930953077667
2.3410284923925295
0.9814361921250551
0.38385089073735656
0.7801181253366957
0.9522469258888814
1.6431423792074633
0.4109643459854807
0.09127839508520164
0.08826839253016934
1.4930966273865092
1.0224307552061187
0.14506256724833896
1.2824476890137884
0.22785147355914134
0.5293144644242989
0.1150616937034443
0.7787513006167593
0.24070426487274107
0.45027499086162
0.25910817236422096
0.2124279973488865
0.1225164543853557
0.0713284142726008
1.3778643824409371
0.355604357020584
0.1363741753750508
1.3687377846794755
0.19177241805408113
0.2858100230889453
0.9974822673240799
1.2830334259032463
0.18374742156927346
0.3327992441657217
0.27698409291846066
0.13940612220476808
0.6954260914924912
0.7753699501305811
0.04631342451571379
0.7169912536362965
1.1235004870997705
0.5584693471325317
1.2337742021133185
0.012948000884555565
0.2708152703737893
1.5291267907999668
0.6121135556065719
0.6919961430264688
1.0096581341143593
0.03899229550208399
0.025749930125160653
1.0527259660668384
0.25231607356587554
0.04523413032315334
3.6214954585980355
0.20615790874880724
0.3386133614553328
0.12141978910736656
0.1529011141461029
0.20367312109399316
0.9796565282894699
0.9417837933732501
0.3680898999783603
0.27911903300035906
0.01917601423548996
0.08948177908584515
0.6619500360299644
0.30272920524416785
0.3539542998927461
1.5959115565578794
0.46257656798736785
0.5125392153631646
0.30197294774638195
0.15545777292130583
0.18045128811711994
1.1045639220633134
0.05609928663173336
0.11909892916646728
0.20120477717005789
0.10202457563735606
0.5908660770532085
0.7847812516564387
0.2645884170166269
0.956263209489733
0.6115439165017654
0.09431688645281011
0.13722977122889163
0.44118253037653343
1.1127032677854847
0.057356403510570114
0.6529311840562853
0.06075572387031817
0.10031658693893387
0.32407696464327157
0.49707839963991435
0.9080960344074874
0.5271035513462192
0.6766185275322424
1.175073998643816
1.0763432681270897
0.37069289339802264
0.5760834071646507
0.8573375875014155
0.15060341339832597
0.30409623804698194
0.47308331501495443
0.024351585500384167
0.5864942480552646
2.6363769566020103
0.08374526148973623
0.7000522574923944
0.43799183277280684
0.7040666966359809
0.09361652462013295
0.18710447972672503
1.6774194994462959
1.1888342743144609
0.2031605394139187
0.9936529230185019
0.7427470971592302
2.1823634742073734
0.17886107858764785
0.10461103806283029
1.1429949480367412
0.7982553551386858
0.40367488000529383
0.6975160231848135
0.09414566203442735
0.572373597584345
0.3265870266151191
0.21706393061418136
1.1701203443222534
1.5398113237834465
0.9616968605433537
0.2381266513349266
0.5333496757003992
0.17655921436680339
0.6445465345908631
0.243725001046946
0.3502071235368549
0.809272956437904
0.04475185611380835
0.4833658201204538
0.06695212044709692
0.32555247891315
0.5653197307759815
0.2026310625729772
0.15729366461072594
0.04420784143267668
0.017860234751446064
0.8987593329043753
0.9572522872687681
1.3400622237379751
0.9190670007139516
0.10497377402792783
0.2024007054562105
0.3885989488530003
0.14935437254207143
0.7129148306871408
0.8506026506852999
0.05490997808412495
1.5556575358898999
0.5387700690495028
0.7840036839374468
1.0871427201859845
1.340948124931253
0.11813602645685428
0.09405897422034826
0.740365475589067
0.0683730082078412
0.5808418885264814
0.7844153045235052
0.4284694052466568
0.6355105519585028
1.521411316244995
0.817888078125
0.27133480132956456
0.9462517971363903
0.4182054753797443
0.04876076255103398
0.4837818548620791
