0.2656485731193422
0.15401169333778392
0.6941795517623317
0.5000812230931581
0.4472094921283588
0.16795174253773698
0.12198052875028104
0.4248872637425138
0.3814559990567084
1.0565395425678021
0.5888147044084676
0.17399083474847116
0.37416734633173393
0.11515154295331896
1.0314198459576127
0.07140464832904213
0.14734754259270152
0.008149763839011698
1.0167894361361718
0.4721851894746621
0.9472030653126496
0.2669924232821329
0.5109710178565039
0.023214743634512442
1.0735888257574713
0.05396647969448942
0.061069934789894004
0.7041021445533074
0.581426541252235
2.146079502285494
1.398237505844091
0.06980942369025864
0.480158987969332
0.11127341919310489
0.24398757123644121
0.4884929402263734
0.646804999148075
0.4926729521158369
0.14193452842298776
0.45146969357487216
0.3205410579041276
1.3420195604703462
0.11752306609519188
1.261697355675519
0.7170763351591602
0.5424498556720256
1.0778524867652621
2.1820771893465087
0.055994363276792226
1.0667542502033531
0.9691025888233286
0.25159242541173654
0.07678140545808648
1.5399225070732947
1.7486720791499917
1.0789407743985475
0.987935797521839
1.0362975789394213
1.3103000516689625
0.37954979488771506
0.1654127559962158
0.38570533844574484
0.27958948242807663
0.5425735146082066
0.6858868581272956
0.3263910150286213
0.7308656386338607
0.7293069769837974
1.1414313575936366
0.6266854728033857
0.02548093777485722
0.23788079071313137
0.29807447735309833
0.09068018934219382
0.1798684042971295
0.11146998255761947
0.5852533869651988
1.266871292090975
0.3740946817377685
0.369111614969866
0.22591724754872256
0.10020631536220644
0.14015359046727538
1.2703854699903594
0.2537957223817056
0.15488461404650708
0.05072895890317308
1.4342276958773263
0.8354807750820651
2.439923163395841
2.933952952249773
0.12686670069734848
0.5974004887755734
0.8995461894138697
0.4589188290120772
1.6017140667441128
2.6870853935637644
1.7554194091785464
0.22357209249674376
1.0003763223107187
0.4796284292757762
0.5057179838890463
1.1220564725859448
0.5258345091718041
0.01755375910978178
0.7564200522380475
0.06635144132371687
0.6242146231315537
0.5359457942304421
0.06913033109630938
0.271075996134351
0.04500130051659282
0.31410205000219227
0.17595447833789668
1.415579092281714
0.9506525960498081
1.1113600864396564
0.9165424081090419
0.42524472587529744
0.9439942283690878
0.5176135203373606
0.07378467092086116
0.5382193804534476
0.5991858148079409
0.5320094238323891
0.09490995999195358
1.1116183484396183
0.08542120069392402
0.08472468393437184
0.08629926624222689
0.5348441569935296
0.7135604077094104
0.6409407363125977
2.1433938149404574
0.15903283808699709
0.6251417374425166
0.44727554082417675
0.14063366953189518
1.2564744175874865
0.15079213422077367
0.8823999359523453
0.36121783380380534
1.6752772657255113
0.8918424554743791
0.8969068626961183
0.14886239079225178
0.24064263835828803
1.39626315017434
0.16220614629587668
0.37757731614529605
1.4990849091856904
1.2256253250481852
0.6877647853155983
1.156485226423262
0.04207850019615843
0.17008142528625178
1.0650716644499036
0.4490758597181974
0.4981959569695249
1.352018820108834
1.0289786566821186
0.17198097422221334
0.3037842555435245
0.9883208641397602
1.0603180184570766
1.9553207451271757
0.5326973061468123
0.4643618768272233
0.5243010753935663
1.0218951094666977
0.10257273102557925
0.3727435124965565
0.2688182403419563
0.0028732282178242077
0.684268989365144
0.19054312390276595
1.0859089147019914
1.3863687491643655
0.5727172195397745
1.287726821598725
0.07562046365142606
1.6396992536918984
0.226408768358991
0.5749335102115233
0.11828989352777043
0.1915978198309869
1.2911210835476197
0.18473957763693394
0.016596468507624956
0.30698319556072334
1.065133648788702
0.08425590495860141
0.5055832684731318
0.6710529402111063
0.7334704211238469
1.0339294306517743
0.17476969315918667
0.7660808792984349
1.7820224577114043
0.7910426440889126
0.3918699524901805
0.9294218648270344
0.7480232529754948
0.7927282617054621
0.9849067344645105
0.15921550714969637
0.10576847517408866
0.07694687974703449
0.03587369161250197
0.35427312763814733
0.3125479967132086
0.12450074905370263
0.03225098278749404
0.892271357924359
0.32634877509261917
0.44503230640615754
0.7415897732481289
0.527123151879618
0.5406881052343044
0.23291354702578543
0.13273846641202805
0.19895824249717275
0.3465797702039384
0.3107715860765537
0.16629206422632278
1.9977881157374273
0.4909401333689008
0.9683986794264141
0.7547144473709863
0.048635428670892114
0.01626418121647701
0.2417154649658728
0.053344292297238485
0.4607042359067639
0.6416014705465415
0.027842989142282924
0.12371554460759704
1.5932575225324985
0.6188129357196976
0.3607078555634629
0.11037659767133426
0.23075360607845924
0.22284685183397968
1.0704866886564397
0.17621403813649097
1.683585913747014
1.1546481700583977
1.1502778502750024
0.1878687593278768
0.8788963723302646
0.07573765350130417
0.12454886370880988
1.6301282208352776
0.6229403236969381
0.48221212538972996
0.4083815734156399
0.0067456414366569885
0.005171251492091125
1.5239860044426503
0.15565552675329075
0.12723963215268524
0.530444432762862
0.38446858923970095
0.5562508837385942
0.8979395570520404
0.2940558522788156
0.43999599830464947
0.7038589242190005
0.06979544155867683
0.11371702821619112
0.5965699753656423
0.8786154116319713
0.24329048527801284
0.8601052427867056
0.2507286358215189
0.1327811184478544
0.20106737774584746
0.14407390909010212
0.03613030442047084
0.6071979414306738
0.28994846583196854
0.28757389108559406
1.0232186247418218
0.6080210158609243
1.4751072009677118
0.539743677834542
0.18286776336088148
0.4692516200778375
1.1465700789768603
0.3597363407308836
0.5478479061222944
0.41394294369170564
0.19555300669916237
0.047900291442426926
1.1750777272616404
0.4745906017435988
0.14905229502510028
2.3991870506560935
0.21376492785331827
0.27502291914671145
1.2250937801175126
0.17824010884892474
0.41084451198357425
1.103149322121991
0.07510290617863165
0.18234310572051204
0.6073298425773075
0.531035180952109
0.20656584774334508
0.506730218442337
0.7069996792473779
1.0800855914311596
2.972041773961598
0.1621465249649882
0.2426633988183789
1.9324899813922138
0.6123081065414807
1.1167103727500525
1.1559457966048166
1.3499045861102041
0.5200127835832976
1.7683592873457832
0.1640660550507253
0.13034106908175697
1.6114526588603524
0.025265470218534355
0.026215906698576253
0.20023902214045353
0.14795640852658404
0.07882868131282253
1.3873077720192295
0.5271051234552435
1.5135486200977384
0.9941791306492778
0.24654562422694168
0.09967438717830228
0.054821712883604094
0.5056532369302545
0.6005243889804438
0.2741517747075015
0.13509593584455548
0.19294770283939838
1.9262301996253202
0.213043173972258
0.18962481878873247
0.5062533172934526
0.13085902795259394
0.030729672595688606
1.3077414750569794
0.7891750538107893
0.1750176920561497
2.114626855801909
0.5726306629469972
0.5380907429751867
0.8692967707834292
1.0410296719884833
0.12663568012253318
0.06189544426685598
1.543360605774522
1.7124521906247698
0.13573973072486445
1.3625132297410276
1.0380271098393428
0.5446931618864624
0.3737723065118151
0.03465459544670508
0.24397699580848756
0.7619648963538009
0.3634053015036451
1.7672167529427674
2.979644113559788
0.0845536897390919
0.41360843531036784
0.07402212065052598
1.3082526203675378
2.227155155393294
0.15420622362011166
0.6336476235025656
0.6092314076552733
1.393078766638699
0.7017293012933803
0.24328334881419794
0.8604141631160701
0.5605635529313117
2.6071317907021596
0.026069575635407623
2.0432016797295467
0.07839897756100277
0.0805899641272296
1.2140488412924404
0.12883830679525957
0.2178305199812616
0.12821146490557292
0.1103189695804376
0.14494799495629035
0.46411915742186516
1.8398698793813246
0.08422810531483978
0.2107688567126189
0.4276812354059293
0.29030640109945677
0.6162364108217745
0.5828967946591093
1.4306861606526668
0.04244269450145453
0.2984484077847265
0.30680256801445693
0.5459709621483686
1.2151896469742518
0.41773508784162455
0.1647095349903695
0.3909287821215297
0.8330763818540893
0.49724739023619363
1.1810652412372635
0.05278600024652039
0.1881406276789622
2.0936819831222886
1.0254564520435216
1.0909158478811452
0.5444852196885764
0.49854761421387983
0.215735919896222
0.949947607236778
0.3748091291167254
0.0328495295854293
1.0683361853127413
0.6305869678271899
0.6563377571848185
1.0007055936949683
0.3624352978889188
0.16213689276287968
0.4061599350030766
0.06484950137550924
0.11417116274012766
0.17888262184428325
0.7090033439995092
0.4549331827081307
0.3451288740943238
0.6614670002099298
0.16344765611055234
1.9126896733219878
0.07395089452593256
0.5937580787804121
2.313783130473015
0.24825558860552485
0.014824213717266947
1.0079746569274968
0.14525243710237634
0.013834351512048744
0.27806001455629037
0.47324614831217277
2.3401466857458426
1.0940381515181228
0.1516028936128073
0.5459760785319122
1.750048752142052
0.335320581664106
0.25805529761645085
0.8428698834720226
0.41557976994353524
0.33793348578332594
0.42438074487790906
1.2973616057480362
1.0971720863027374
0.22600282319856868
0.15763380387401088
1.5194522505538919
0.28125359015785467
0.6185732258826928
0.38384982859212213
0.1389532414593173
1.2664134013569144
0.265220434463773
1.0241461317195428
0.14743138691115043
0.25629892492963796
0.46019999572932474
0.14272009245988795
0.010795536948753223
2.8369136611866144
0.434090930178033
2.283309201268319
0.5776756607203555
1.247906868581469
1.2353212301832952
0.3959716001355574
1.7856585787843413
0.41925517918076377
0.04825260652106054
0.6606468470953477
1.8193619181309975
0.46069504689275786
0.03373950139594754
0.05247385322288283
0.8803779815586783
0.35088981773629274
0.8164184251986497
2.105997389738407
0.09098841042658663
0.4789211077929244
1.0597933776602075
0.05735980043218991
1.1761346099357672
0.051787417362879305
0.1869822896042924
1.1448713717284338
0.3872420455535155
0.05891848624051428
0.21552660881348368
2.070551038595498
0.517062197034094
0.4334122074897791
0.5520939249069544
0.14065917024322108
0.03424773318125132
0.29791748362106957
0.018839728194649935
0.17647612455165781
0.16291742242968563
0.2129951120123973
0.12248763672590911
0.18828791099981554
0.503769939811165
0.24141628280975824
0.5655741235434372
0.2683797740336097
0.012360349515464412
0.39169556520333
1.9454604785742484
0.15276430632850904
0.3076006313447238
1.6441040475553386
0.705762220573159
0.23020159380714336
0.8852784881838367
0.09422569465782471
0.3728959088909884
1.3802997025789832
0.4992858198254931
0.5938445097257302
0.4362116124469536
1.0709064080652744
1.2319361833093954
0.025114800890234167
0.19150117901621067
0.5579624399920022
0.917287693658372
0.3963303203186282
0.4166385154141239
0.05601762958735794
0.28625524711471506
0.9680934396456983
0.21345141812246107
0.4220986649953513
0.5995926230532015
1.8176476118135252
1.059829497168977
1.1216815104988285
1.5327690363461262
0.593903758560938
1.1116596449019054
0.3112863302513911
0.9391481509064478
2.309376616996228
0.18720340703480823
0.30396889041836767
0.42433416490105863
0.13062527583471387
0.7097631164443066
1.7156834019098461
0.6018605387163575
0.895744203433164
0.15218097091504906
0.2699583792438713
0.2932518077328221
1.7759252421235077
0.3367867214772555
1.2665901787695717
0.17885152141404487
0.6851760505214599
0.026439950509918566
0.3540692324598688
0.33321269766286815
0.40756817252212035
1.2009849461286517
0.0030002539446968963
0.04672973708700841
0.8328706702352215
0.4829517563389815
0.4561061086444397
1.9130058141208583
0.41219734861271756
0.14771834866306366
1.2899331261535683
0.9324180135881172
0.026556766549019915
0.34251177282879053
0.10383542689735897
0.4931548321861466
0.16280775089263239
0.02843267385192641
0.036323385141102525
0.6377961329404254
0.4234798215497774
0.07818543382455474
1.3829095215545872
0.2457973651439737
0.28395650411057555
2.514275480748736
0.39783635978158505
1.96018874857175
0.4353015388228674
0.38805377699074306
0.32876094544114043
0.2554400676096839
0.140750164362763
0.10597057583599313
1.1795646565144748
0.2401706551505002
0.23367301833394988
0.1256305690399196
0.7377194104717143
0.1055124113389914
1.5221523077146701
1.078526333167249
0.21574108332622663
0.46524469504462296
0.36125686711324945
0.025025931654537745
0.2010971219767486
0.4663903581446448
0.028192048121264354
0.2574899504742361
0.3323304927655582
0.6861885350503527
0.6955281370067119
0.23174084081095517
0.09023676537367924
0.5970102143236486
0.11524191279923339
0.38264306614961785
0.19094244082904813
0.8917632238385254
0.6620297004062822
0.2403625285873426
0.6220004072977792
1.0849658492714018
0.9199471495262841
0.568533860621218
1.3245176243381813
0.7091938670140604
0.9314881510643402
0.8507647646914248
1.1328145900413005
0.039297675193980725
1.1419534993392864
0.3652234751743165
0.05140503915204238
0.19583261380718817
0.7573819407274985
1.4425747848386838
1.176730148537348
1.9649149908892454
0.5631599707744992
0.298554035847493
0.12471106270847554
0.4775262115817013
0.06586508114552349
0.7707877219045866
0.5880983066898566
0.07553856439568192
0.3342268291799406
0.4581033650110626
0.45919843689786766
3.2769911378842855
0.3185610243530881
0.2989006909699143
1.1990821228714699
0.05898451030111831
0.22152680760028579
0.49602885601039776
0.0073118448004500635
0.21805631240718107
0.5912127946104685
0.320929340696797
0.09128350396984276
0.6783284683064186
0.12443207635863798
0.24453496636554695
0.576444708998444
0.11722555725082241
0.2020616670406581
0.6054808691503101
0.2985926621740148
0.42531804143293905
0.4912354173028205
0.11898089052953897
0.23177817696671055
0.5185372704136559
0.10674628855526024
0.10583356303926583
2.9316134036569816
0.27170985569703043
0.4912660494205298
0.3901826538796158
0.4602220270522977
1.127781809999596
0.45848440438231447
0.3730651197787551
0.10504388331061197
0.17450376307580306
0.03466859195852679
1.5380231829139888
0.2775292437120266
1.1911814923829611
0.04985245174723863
0.6017856097096068
0.7095196524001636
0.07611233088697053
0.4356860286843834
0.10909519051705119
0.11070643254393218
0.2654480890610151
0.6151269223917392
0.15527836399698194
0.2590893717228364
0.6565927888933776
0.005325086442608985
3.622060836546778
0.9132505510261808
0.7519613839621416
1.1393304510973068
0.5873476061838594
0.7267435080250652
0.4539728680729419
0.11492386105655404
0.07646145279999252
0.1267798847197882
0.09911799123514521
0.30397929568572873
0.5195747295379297
0.23315566182831565
0.7990423272188802
1.1124646516219112
0.3515112312807076
0.1566759596784743
0.4284975760226617
0.48384607268232677
1.1885133759958135
0.15151199275333746
0.09678532434813328
0.028029527627419063
0.4369626313571773
0.7477900133218065
0.665759055029926
1.7363518349188607
0.25183856495335416
1.0048125644717827
1.1640041185721417
0.37259941987622086
0.9975516806533404
1.0120701189167927
0.7488650197697821
0.33711416263737304
0.4140126056587776
0.29887545873763643
0.77360333161553
0.787376963364332
0.34716615610481866
0.13872600383675696
0.16356964020256629
0.1724538953050491
0.23273774258150726
0.9506243000697991
0.02821050506159703
0.052778080589937874
1.1507875431537673
0.2359962364138552
0.28693809070061777
2.4691140980833075
0.3101453594868319
0.36277536568687474
0.5364397718847015
0.36248939291158905
0.046736785366055494
0.61325226434283
0.21569484780104425
0.2320256874109749
1.3661676774779563
0.1559335917674082
0.30137886412788645
0.698080909756784
0.05724515913868894
0.06525812320376445
1.5105974999080747
0.7073570701302732
0.11252271056015145
1.1074548611892276
0.1254077300791308
0.17525140422498275
0.552776241515549
0.874020426139965
0.4263325308654303
0.5825223131880802
0.05552771451760998
1.0774842736329922
2.6231958568286515
0.2774598569433496
0.20344112826929076
1.1844051920315524
0.9501493133779129
0.20662635118671327
0.2690206272076644
0.6682446214655051
0.5110762308958879
0.2891842753504444
0.0585431617550473
0.013347490158442114
0.5784693859929473
0.6742448207449425
0.11534653989200684
0.7797600650060041
0.08830167985577694
0.05043656689566141
0.26799021251486727
0.5197279667098369
0.4692128909027266
0.22158506687918508
0.07379208413135277
0.1967376619543567
3.105530075739034
0.22231487471401348
0.09458360328835505
0.5029737228124302
0.9501933402876248
0.6760359163028791
0.04075651185040612
0.5827165646049506
0.8457048907664046
1.9891814568541135
0.763505205590838
0.4645370968969818
0.19939946789352742
0.2271349561822468
0.12365840802822287
0.895492824964352
0.3124593130442497
0.10755206461982704
0.09287268971004276
0.5237848606701518
0.2815920798786169
0.11650289702505276
0.8937950687523687
1.1745051083340814
0.2977215906272369
0.11503890176635916
0.5877042489269629
1.2793500968562945
0.2769413748862892
0.11982405614233985
0.45172765950358756
0.3879218072465304
0.673471192143107
0.43105728739365373
0.03134031168708414
0.547742129111457
0.5111494750868809
0.15522753124336489
0.5112525124659493
0.9658789208412443
0.1753636141039286
0.28096515112823156
2.115556549536523
0.19952502103588698
0.47428269276484564
1.1014395983089842
0.39396229054441534
0.056477756148742495
0.12004870528382586
0.0191209447092491
0.6093511150853971
0.18099456627582444
0.01385085220967262
0.026846511188786316
1.1991922848187968
0.28883463311417346
0.8188808458777466
0.7704019129895401
0.08600307764899312
0.07901363310417864
0.4573345470103427
0.623395117768883
0.5995986210336508
0.8109253146706551
0.25678174126960795
1.2956259474665188
0.4746557802372637
0.4290759332284442
0.07713513164001035
0.7749526635378222
0.1991643309939418
0.049975557657124636
1.3832414385128884
0.20701667454761188
0.7800948624684086
0.8343099611594957
0.4410738119123938
0.5910052351345875
0.20258911804577123
0.6415772950735543
0.06833414806054255
1.858529750760023
0.27211936068801523
0.49753332591979765
0.48190837894740285
1.3556499919113507
1.2932371118329125
2.308858111862848
0.39852905491514257
0.9725931331571639
4.0930393228542945
0.23582683418697015
0.15986609660054374
0.6542346865222499
0.12935442809481176
0.4189870350283343
0.3096250256794324
0.07368451080696588
0.04610741432853682
1.1262838606703445
0.5904211097667423
0.18415652929504908
0.13052851412291083
0.37235784900779934
0.07277941707161839
0.20570038051901696
0.04310831108790724
0.1576211652466988
0.5354173429745782
0.23100738732411633
0.1878071442896744
0.8548072692588493
0.37061762564543405
0.15136907736689068
0.48656179028916563
0.35999440575271546
0.4674022187816013
0.5844530317121539
1.1662083030250403
1.0370543002272612
0.5312750701402681
1.5937242969954084
0.6645599655103301
0.18720906429407733
0.1827284716020892
0.39711125830236543
0.4418349883949405
0.7879195199185818
0.3491557090484498
1.9875027108382821
0.9085874194913118
0.40593247582719916
0.11963784635328159
0.39268356263847776
0.3374551264350538
0.2360127247731179
0.33599183732212295
0.09967757155911858
1.2229152195698687
0.4569465998357485
1.4342195037699694
0.333472731052377
0.0644948925812875
0.010919724729546656
1.0439985904052174
0.16366263767694322
0.1345616938845078
0.39959773725277925
0.18295361154798567
0.11280218993394758
1.6199930961915314
0.06408128456853217
0.28672662761191176
1.2411810061328177
0.47507126542438755
0.23500306023271197
1.3801617723842028
0.29994441098649643
0.5353576212597171
0.2645011429842154
0.3228961230583228
0.32844768544664515
0.7037425241457753
0.130489435762043
0.821450541279602
0.12270186820470946
0.6822315861250202
0.054964697005133484
0.7022027881807299
0.28374529749710165
0.05886564436597249
0.97379475395339
0.29176510652256116
0.11302227667449946
1.069184454108805
0.09777434909515205
0.880765326825039
0.4223234972691343
0.189476910077966
0.15597658048046492
0.503079809017945
0.0209812867469304
0.08265936948244546
1.4746722629270783
0.7452695937630647
0.4441185970986222
1.7080358553646957
0.04676443317608211
0.18078952955435748
0.31398554886975916
0.14872962557291916
0.05635010671342981
1.3687194875390232
0.06525827503504313
1.1677441777281194
0.2710189169440808
0.0336037773664965
0.7299940543898265
1.7337735395710883
0.2775073240009159
0.26212384778746817
1.0760895345512718
0.9869844107578293
0.021404623794139595
0.38912548545605824
0.6772891492357177
0.664262456206309
0.041718670110390654
0.9272061011658645
0.5817029214209442
0.18808415643130005
0.8099249441063303
0.7152366040623942
0.044964900401814674
0.2377198385185127
0.3400770298777628
2.353335389191127
0.28275194203001286
1.3392028274425816
0.40710287874458234
0.21282369335151746
0.10192311513809929
0.06503805432588594
0.21552750661687964
0.934674941382722
0.8402980775421338
0.10956724832872218
0.3772714025001022
0.14308508516389318
0.7402781281156517
0.5449906639741288
4.3734628395477175
0.3424550499512766
0.03384265355209535
1.0454780545370046
0.3294768455689683
0.664969884139548
4.2720223268980515
0.41284898508306134
0.1321073550034603
0.2523462807605308
0.3177341649886676
0.08771390633160146
0.2937479257794169
0.24161399621898472
0.13259444351488128
0.7023487997144657
0.7378470737249607
0.12016224831991625
0.25604045071360115
1.225564274416438
0.41345856445389506
1.5629114838391962
0.12999635210905636
0.08116802892776794
2.505800594005448
0.836880082001947
0.17549935234360006
0.919981374569849
0.5057875391129483
0.2522843403114464
0.6282317454910731
0.19864371500656017
0.04748509855774536
0.16606825672573852
0.2996177994212069
0.370128805094561
0.7147910197367826
0.23548696419479243
0.25990461423510025
0.4157416502726569
0.6443868201783944
0.27510867773616804
0.9420072544903966
0.5301974667206559
0.06983267554202455
1.0529543817277727
0.395512404152081
0.7096249710031363
1.644006183980388
0.3142596491004496
0.24462021495935332
0.49732436974176714
0.6239504854405047
0.4516401710554273
0.9137928919317074
0.5079709055457327
0.30768842196414364
0.9026643358201539
0.9737087763395309
0.06635874600949647
0.2382520102153991
0.5645725540139368
1.4351199350379134
0.11682706030258459
0.6017848610745845
0.3582493431944945
0.7491918757970012
0.2373993991492036
0.1162105781074812
0.7869813317657305
0.05160042769196847
0.17030452003693497
1.0186120650525063
1.094636447161475
0.524276784488919
0.5683232417492542
0.431736960279539
0.3729225346935565
2.1274988096547696
0.5006823263847453
0.3358742749050679
1.8436270790220388
1.3845513850237936
0.5241218374579649
1.2084823414718975
0.7356468521222511
0.31514723704982633
4.72734619322326
0.40313337605948535
0.26422096681201096
0.5022392201883963
1.8147227258551442
0.6020378777814293
1.1799454316484868
0.11279197518611424
0.88171405643184
0.12437649193826021
0.38604892271837005
0.2211868119313309
0.6824472548554492
0.07571369123812596
0.1441227234042456
0.29671120720179434
0.857768171660485
0.00895491275148546
0.07981733152276832
0.1313175456348382
0.18012879735802437
0.2639901952099575
0.105997412542505
0.30537025266105217
0.13958392216216137
0.49024398456231694
0.7502429591643586
0.5921485525343833
0.6485870510871352
0.8902788435626505
0.8770973622821046
0.1119402686070216
0.3803142374450924
0.08166462510132196
0.06200508515433774
0.010950795308962171
0.32866938845106525
0.3290311474109432
0.34760917242128475
1.5728497019631709
0.21284758908717408
0.019376689815505662
0.8990401609623359
0.1360671303740383
0.7890090685489728
0.12574078703565122
1.304899189920803
0.9839927384806866
0.4257915574684662
0.6425988700546155
0.3290401199525478
0.9245839399729558
0.11360148699574647
0.864715265036931
1.1549533577484459
0.637156704129957
1.3803798317845162
0.015016068206910408
1.152706666183595
0.3642245629440268
0.34882624895405795
0.17174978258885518
0.12388790050784043
0.7603082868515768
0.056584409570397086
0.5613192502244062
0.37334228837263334
1.3432906974860834
0.2702348861863866
0.2260902227538468
0.5069108642197881
3.872655283552255
0.1943246484951248
0.637743942189486
0.7571573550563689
0.12761502957286494
0.5891948178362798
0.09331945858445619
1.4175465282546351
0.7128966609238979
0.2651774577118353
0.3819828765660502
0.1887383375087832
0.16382936752995794
1.3651098637539658
0.11284985919260908
0.7227744875497251
1.3445288611536632
0.3576113820836611
0.1277832242053189
1.469250524391202
0.3433043295853022
0.9006252242970075
0.09184648496441591
0.7193505190257813
0.5552930246719067
0.516660485626049
0.23959717761419916
0.8993260888711808
0.01660229284010271
1.078554660536244
0.1044857149727707
0.07911088203450287
0.256690127279774
0.2722578501235625
1.3033943922052766
1.0093187779598571
0.45808767035621395
0.5616865447321788
0.44386919742174513
0.3962958035685403
1.1609036998633233
0.867410569556859
0.5302728211158374
1.5619605300414172
0.05444604092276189
0.03890153677155673
0.8065446582802331
0.9290728807323424
1.4648382195905314
2.401430056651765
0.47432685970977995
0.3221102816392258
1.9672321417510268
0.4230113226505824
0.2433575597968188
0.3671508861389588
0.4413470451498027
0.6563790389155295
0.3434785355129327
0.1589831499369595
0.6638467391153207
0.37674238412325295
0.7324686184482743
0.18029219436099614
0.19882355053545533
0.04120125439012096
1.0202733874803311
0.17015892877175312
0.25488971707064956
0.6231800311158064
0.6862619116700391
0.7894806099689309
0.9011886186431636
2.1491575855688034
0.03942080601278322
0.23538192628798876
1.4967305142969984
0.9395714449250627
0.5165150551035834
1.1143814648042125
0.3253685534367965
0.14239955891951067
0.28715319016496343
1.0213550342405404
0.2000378215810022
0.529459378678472
0.9928808535890211
0.5283526812115724
0.7818880351233232
0.055899686063856806
1.3092995394297102
1.3292164400888002
0.6085277981498245
0.32892365853061417
0.38016552502642526
0.15146138447565793
0.05094697037145099
1.1057750133919924
0.5226302066799393
1.3980932774016723
0.661693353828561
0.06458266724177228
0.4125603538366365
1.5819221500968363
0.20860099956661798
0.46306177879280597
0.4528236614667461
0.05764435495697727
0.024347447591888706
0.4335895888765811
0.3342184392034018
0.021834998342849847
0.5757308184464742
1.2989798342564394
0.053942255062389054
0.31284031068896295
0.08162732462690964
1.5971155147325777
0.9621544272015947
0.12487865189451806
0.4171646877865887
1.318701031296034
0.4757680553754768
0.7570370260494631
1.1446127826913681
0.7397629571130765
0.3606195628521128
1.2731792413578635
0.4073760419876201
0.06137996142483259
2.110854636411167
1.3693722376502857
0.09925659526472162
0.31121962702980066
0.5628627143690791
0.20033297692324895
1.5819824749611175
0.3620423721161774
0.4105514756632967
0.597482335115345
0.24856642148476094
0.23488318635671745
0.8206483522606665
0.25292270569191605
0.17879664832529799
0.13283771867466806
0.5092994628591706
0.37485573049904153
1.4212365637957802
0.16693555118287648
0.5582828618182729
1.2858077602693028
0.5375691737993951
0.22192971122712876
0.4615653232280778
0.9073911763510817
0.5156080691995758
0.049131415606089184
0.4413652716937762
0.0010986201248579304
0.5457950812761715
0.37315019867315685
1.1827979877002583
0.7686571025628953
0.5397244376063791
0.04749890966310518
0.05033420729645864
1.115961213687421
0.12748243459281378
0.720353709889843
0.11876890892953666
0.07794381894310702
1.8137020896480402
0.12177625696556262
0.5982736502489351
0.1816317979430071
0.9657374649076207
1.012182425363664
1.396436754075004
0.635814172472629
0.13086062893088346
0.4150997118040888
0.09463679022914848
0.22407770516261555
0.5570664710552572
0.5831987699371084
0.24330028379562124
0.5299473941506831
0.9737979055962884
0.6279068556627837
0.31699202817955596
0.5368108158465161
1.2377284420016217
0.8276235999597265
0.927110701226329
1.4689777082727278
0.19142095097861023
0.1586768772648912
0.48016115745436566
0.9272805268904066
1.310486949214065
1.135164395646125
1.9578290798513496
0.4877883359899366
0.6189373020193054
0.014600937609365717
0.012084695141986394
0.05481700076016727
0.7245522265699373
0.7560371773928607
0.057709786749691606
0.3488658477687243
1.331185757498238
1.342860287635064
1.2424000755806535
0.27672237254276383
0.7340265907845629
0.7409485353887808
0.3574587933459889
1.8539728349048101
0.7755225039722355
0.026080498016490365
0.22882540220174913
0.3089086481492282
1.5010379077712428
1.5974761985591297
0.3960346747083313
0.28610362219360086
0.5634159110881467
0.7765519888622334
0.5549643541608945
0.07880331530161942
0.5040460167035398
0.08717651106155506
0.3589949307549093
0.35519505289084996
1.1192221678326963
0.15300475224069282
0.5635041778828708
0.4638372673423022
0.06839023258869191
1.3644609755644175
0.2714291946782792
0.07016796649139018
0.26620579517723286
0.10818710787869143
0.5346514454094914
0.35554616983757914
0.1143638586667586
0.06482411907710309
0.1425387250042894
1.8728246504364279
0.6729266323043317
0.6342633938029798
0.2223944478561738
0.30959620184929915
0.8098754968572976
0.3950663640230528
0.5560736789960935
0.5255112217949939
0.05621077719963324
0.030923739848849944
1.1015983927129145
0.30885069727683556
0.5391968782799024
2.779806180726133
0.07865947944463127
0.1266644379730326
1.8601842075234685
0.9883213444605786
0.2020654577731319
0.11956544623450356
1.4723107273425293
0.08343625612118843
0.3996184081369607
0.05638613512079062
0.2475195558699395
1.7949543076575862
0.4665507861960961
1.676919320620578
0.3266386729320741
0.9025539041838517
1.8397525267312973
0.4178308859686479
0.21331145654308067
1.0282614380827904
1.0130151626110155
0.1103616567928392
0.5022971111567325
2.276947822042566
0.32829605763996184
0.5146804164233653
0.2171044340133268
0.2519506053783955
1.7894968081481315
0.47594060720191134
0.08910618555214646
0.2949973727390362
0.20782753864614273
0.328040360505459
0.6793508242457036
0.26438971161463626
0.18176504214462147
0.3316913810132838
1.8246523556488659
0.24637164258151295
0.5801788359925796
0.9700900208973807
0.14092366067488796
0.11013855689060344
1.2387549528059847
0.5264639797943936
0.24841750563029683
0.21578046967303408
0.03032232000888954
0.010295140084237826
0.38367165795190017
0.2121332979368498
0.39488436128992255
0.9133459384561141
0.3928249016913844
0.07004424140536483
0.057622103436267856
0.34988009907692436
0.016508563228474202
0.6730864579179037
0.7458997924230122
2.2146519712540944
2.4703960144787054
0.13048259350456656
0.5970591446452901
1.1457280236619316
0.3948998754405449
0.4889212857023668
1.7771154564671714
0.610393069300809
0.052508107642091184
0.5198864238416814
0.19178169273732537
0.05118543407396031
0.7507664092075169
0.3223080746589118
0.5249006904075522
0.23975186260223588
0.5362753037478704
0.04609193423450119
0.04884151356134107
1.145499276030173
0.04573683698091162
1.0324744167580082
0.22443298055644126
0.18539688948628053
1.741401098665176
0.23473058825609275
0.3378391194964758
0.1618893383577816
0.5229923970399661
0.4306006264487527
1.0284507867248698
0.10305392996409858
0.5800213522276035
1.9634292505709752
0.6467516940075184
0.1633635502215378
1.244808459087193
0.8734855283967607
0.06635801751685115
1.2560043834664152
0.21820120368959517
0.7396683421472113
1.2811809819187472
0.006244070830712001
0.33716968068165104
0.7823040956909598
0.9579642896375511
0.1454592493483904
0.8006198578233266
0.1792615635807912
0.05769582131124304
0.1259355125759746
0.2689913727582369
0.2828520296188165
0.4557884620729352
0.13346346753963545
0.17042389221893792
0.29111540962233157
1.3915384183410502
1.3113580408940246
0.027620545792326694
0.45473534897404433
0.1188039771733419
0.6352535003421603
0.2540801162995046
0.13547662090897242
0.26950641747421095
0.0807406842781438
0.029920803704075728
1.1882337644698717
0.008333409225392361
0.07031784605102459
2.1159384578176064
0.4911912270999807
0.414368798260646
0.2482512885659066
0.4461245816054223
0.21613566060621744
0.9002405247447937
2.00878754049777
0.7394402176265794
0.6327545641611386
0.35348761582338967
0.41188537609170933
0.3607242572787749
0.023618600246115475
2.0018832384663434
0.797180970925083
0.9050550400986975
0.23554061603245433
0.6041072125011397
0.014425130537901584
0.14601462070268256
1.0123994205671067
0.0564809202992678
0.47591639433923755
1.6228346764966894
0.29581204213884765
0.5219623103341832
0.6448916457955832
0.46207663180678515
0.27447104974914327
0.9545769681633767
0.8246765617164061
0.41061545916524
0.05799136168683757
0.09404116686975261
0.18454402833475486
1.983157104321969
0.5639301901591983
0.7215901066511585
0.19024906131436997
0.49686134936961607
0.24606931782497077
3.8085001362632935
0.11720649586461651
0.25525980590885977
0.30904406543377705
0.12328464857941131
0.18621794777647235
0.17521419099185664
0.589972883001156
0.7169192147716004
0.5442129603189163
0.10693955230562446
0.3124113452493505
0.2547540508015978
0.029720689466580335
0.34628579037864193
0.04684229238088204
0.4444295420781206
0.24784307952831497
0.3444379947363742
0.22768721288040183
0.018087946718251792
0.49100696341334077
1.311474216962382
0.05586845797069278
0.5809242065345893
0.5373648052718606
0.9651097484591643
0.12442708499786578
1.528699679442303
0.03747648978554298
0.5873128282005781
0.6617471261061125
0.13194679707267806
0.8117270136257428
0.23393681222249527
0.3000154094028333
0.6618742670504891
0.45349061686205405
0.15398699673617766
1.4264730969721748
0.05792095301414711
0.5748308915167328
0.35485258316791635
0.2681265921656095
0.38893255327380727
0.2489813116922185
0.850792935876443
0.15024167561982557
0.5121087438282621
0.045233963701269704
0.047700555051605885
0.44159092733018473
1.01384392348027
0.7394178974871313
0.20675729985513325
0.5506711198712491
1.0326577842598248
1.0168035578607089
0.46939344996961224
0.24052908326332245
0.31188567378378457
0.37103779099324896
0.23212286996627438
0.7741563413894217
1.043359872697991
0.25135793356665387
0.346593668772673
0.3381375575696383
0.22895529364903658
0.33957753271178753
0.7026561264953775
0.4559365900753362
1.219790767048194
0.6878153064219098
0.29921701092505126
1.4433087070572386
0.10943171724913833
0.10090616333680857
0.8373242166074838
0.5471356062512306
0.6848399218499055
0.35019419633207044
0.09158035933472197
0.4186923679828994
0.38306664234539894
0.09899077941421724
1.942762573412776
1.291691319550875
0.18022042793369816
0.2353730246018921
1.2371679793184749
0.9256559941698808
0.4323485731836478
0.8311346387082155
0.11981584480025131
0.06075946864745327
0.9180598429885919
0.05803746255475041
0.27498507676209394
0.26645677795564204
0.07310414069833683
0.8695877601563287
0.6741942259733327
0.9767687518555751
0.47384486753214333
0.44261883207586533
0.02851306625687851
0.9159498878191262
1.052414351736568
0.06662718351876212
0.3749136196775041
1.6586093045926171
0.06598344776781932
0.07720686973641591
0.664079326305626
0.3012933166632507
0.5290676953546605
1.6520090106532865
0.3229337960121134
0.8794731777377898
0.24378223821834183
0.29682458691724
0.44098303387339544
0.5772178242112892
0.2551031316733532
0.6923212742576387
0.8606800028031216
0.13623853119402354
0.7769508950143454
0.29849629031293207
0.12031671651601099
0.6179837013523188
0.3586362978950889
0.19276106562235767
0.31818990425303917
1.5688473054720622
0.027798301918356565
0.36074208812399083
0.7047518510870189
0.042997267219637224
0.06120580738337227
0.6205643353085862
0.17067371630825698
0.39320902139209124
1.518848727173026
0.27358843666643595
0.03153308010649614
0.06625218744393073
0.03679712589582182
0.0032020515783897853
0.8426134924411964
0.22907168861690153
0.32713855038373135
1.6793838191968617
0.7356516777271103
0.2476843506302781
0.5851508089372551
1.2422205853054988
0.9364071184571275
2.4319578130843125
0.13505749758444957
0.26107649416551687
0.8948775824745436
0.288044045765733
0.596626016800727
0.44524560952208264
0.09988737169075732
0.22733885507093574
1.8304221895186183
0.07614825164124325
0.13361487860760657
0.6249357022415415
0.037636438881509436
0.07056913514064019
2.159865754961655
0.7986062076368219
0.508834934281861
0.974441902361878
0.05231229582392161
0.1273803137567522
0.974998611411203
0.4840872430785801
0.3283553205084234
1.674835946076521
0.6199600969293948
0.5643527847167978
1.6372251313811184
0.1031487384193958
0.6058811242151584
0.6331239791775154
0.7632473676576037
0.2845707254182537
0.7058455438196221
0.9675691405205389
0.47130836194310793
0.7507329016486046
0.2563477949080004
0.017685980714416946
1.8943894283686524
1.8992256661186893
1.2303627052644055
1.0968295562859287
0.17364096930754985
0.15144088556001123
0.46248661993052664
0.44587255154258293
0.638569976556782
2.6213697524035218
0.10728078443615674
0.4092618584958401
0.3986697181298121
0.16027997856401063
0.10129285287371834
0.28313123516055205
0.5692311732424011
0.6702686927720101
0.02446872958159491
1.4464420149949915
0.6215823727587111
2.7629503458204474
0.39114046146307446
0.46710162267429794
1.5103971196232693
0.10609308267339446
0.005762134995092073
0.9280760114601059
0.23466623630380376
0.36352243171766924
0.4301509796869443
0.25912486980180915
1.5593302456679148
0.5533091076530132
0.4643384777961236
0.4894058828033927
0.5913016251352536
0.06783716737566556
0.1858184222890352
0.38870226189306156
0.08278416634243495
0.12637026446929472
0.7737570385262108
0.4656551892990104
0.23778092874009468
0.6979704089637717
0.07463654723006874
0.023734112474570555
0.7983678522343065
0.3590668522743078
0.8134827396055092
0.4529171842704246
0.14928161493529543
0.46901567611878003
1.2006892771103466
0.13575228624218932
1.169780565162219
0.13146808336344115
0.10250605144179407
1.8104792067573334
0.8775196216381922
0.44420366119613386
0.07739762612572759
0.7570072935464746
0.11692932406329794
0.14076946943346277
0.028070619294830512
0.14649872739510814
0.12407205641582345
0.48857423870415995
0.03222427839928923
0.16604381419516792
0.2964020626797955
0.24941059885208988
0.20759433259773882
0.6847508222741131
0.1588425400772372
0.031830631939789904
0.90670112322115
0.740375114358474
1.2069300143684547
0.3827725438704849
0.3678016789039472
0.9509222954895424
0.7320852545561816
0.08334251462762837
1.7224527967879473
0.06882383116464512
0.622073466795512
0.535057402941578
1.2933327782526896
0.0735806427002707
0.19394894554719933
0.21740118431927852
0.36643600491000633
0.20740689581979346
0.45501141867799394
0.4154268886501654
0.14246364050891225
0.7499016455471181
0.13042282418710457
0.058344921688019684
1.2453449525039202
0.2858660997793565
0.15447894720671496
0.4855241012840548
0.14775186155922473
0.0012251217000054204
0.8702030697530694
0.7065018254094029
0.525556071008283
0.6657655140467104
0.4932947302668626
1.0501520045218753
0.45407563208117235
0.2771369631158925
0.4379117448675783
0.32074551889866015
0.4332995692446625
0.44906998893822675
0.589963744737265
0.05794268082025601
0.12740251428716595
0.12493368572149897
0.12188878864883512
0.29649606870977857
0.787183849691896
1.0180004132870486
0.5721501441539446
0.14679254616293955
0.22890266560456643
0.26591761284927534
0.5512501011444007
0.32028110586554875
0.14073748373015302
0.32805598898598526
0.3817186330023226
0.2250124728734469
1.199395028178179
2.871606523312163
0.8220904577563486
0.74125930721156
0.021108445912561075
0.03872449210399372
0.3495825476803589
0.31325902052751753
1.2626081775130547
2.043029535915713
0.4665586677306068
0.4365129797331466
0.10611066432476525
0.6293802778921048
0.7741559465461691
0.39884093411860777
0.044750745779289065
0.03197229559010165
0.7375172291454032
0.6764558289798761
0.370122338870874
0.9204080399306689
0.3359681173598407
0.1443823509296993
0.12328144111092795
0.7242463327913359
0.9564117532762558
1.7708650934523718
0.22813807284395216
1.1589024954181673
0.8963629619341588
0.37002857851358634
0.12708876500419056
0.8180269609955326
0.381964232667218
0.7937236184772878
0.07134314544357241
0.2550849266409959
0.25897424157768856
1.481694672687624
1.3489813026915858
1.50997390974081
0.432977222518917
1.4243852262815238
1.3023439026177195
1.068930693299147
0.1666259805628955
0.326653563502954
1.3265911140075175
1.0031587436161131
0.7189005350487724
1.0980359628895398
0.5861909786695138
0.11019819670075785
1.0472360173641635
0.04854553603491258
1.4572626220456193
1.0298618921106792
0.31452657219559466
0.047173588233153214
0.4953836668928243
0.038808849219774295
0.6476711283401854
0.20427415924672598
0.49893369344199334
0.3566032382950967
0.20384877881525365
0.09335799992221282
0.05882163567734701
0.08905589475743984
0.10341254196729159
0.6949305998205303
0.9514384177702488
0.1623313516311973
1.0420297400454182
1.2896885631284758
0.5255723928341152
0.5444967600152055
1.32272781392313
0.6988968672845541
0.15242570237735087
1.0945291992863466
0.1599812688899175
0.14673992685137044
0.6777789936619795
0.34964448578204954
0.07198436223854092
0.24006804481071303
0.2136228568147828
0.19437127418371408
0.4190099604834983
0.13890774336906092
0.030766821977493065
0.5919637598089197
0.4108480879310766
0.07891208083700174
1.5257988273387955
0.8417616721244954
0.34606681770649234
1.048174411145673
1.5236929789804463
0.5032461615469962
0.3761858848028849
0.09778829488108695
0.2204944861345603
0.16965914556159664
0.1778062303795619
0.19343334534899378
1.348040229689166
0.04681082505816868
0.15504606119368214
0.7838034937158165
0.29156874535693433
0.1356525015567217
0.45686927346243095
0.19841259191480135
0.833481659854105
1.071490663606493
0.014786076566914176
0.7199615062745848
1.5023986136920837
0.5581570368313267
0.3231790891848533
0.6926205949746636
2.0533346532779473
2.823629730066306
2.316819033788189
0.5773149416178657
0.07672624211453533
0.17964442526299906
0.5597125556485811
0.1568334033519604
2.529778113870533
1.1896264445634392
0.027628056467920915
0.13215476896253925
0.33254703980297473
0.160561473616176
0.3112669414541572
1.2082723960015405
0.28146592363863243
0.183644867676276
0.28341857872130083
0.5919492378292179
0.9554288256319062
0.10767541503040143
0.3190201323719258
0.24644339430541554
0.4075992831034018
0.7703704818061583
0.03835557299508962
0.29320777262221487
0.3674642606482269
0.2408792903414948
0.17658970791139494
0.13310631094644207
0.21962427890353897
0.11414299385360185
0.2834768212399176
0.8077560858349128
0.47278503921349163
1.042965993010993
1.224058084319579
0.8542680644800523
0.34467360224816934
0.48944163149968173
0.2311025906451884
0.4040086178086606
0.17463630699204985
0.6241540462305905
0.8945471857493145
0.7618684154179692
0.4391070385889589
0.3176939630348753
0.8107034929374208
0.03140347400176353
1.0997247441371372
1.0612509629655213
0.5867028049352695
0.04253311705421863
0.5435190923007287
0.8891212160520506
0.30923060244151745
1.1641637926191815
0.0927175692761773
0.05738325691818546
0.6984304334817344
0.5696691882184359
0.09379313877273145
0.29945854427149726
0.7164935964311778
0.3704401872105494
1.1734127414212587
0.15941185852804812
0.2804736717457906
0.8589024179395298
0.7863609074872823
0.18107994372247127
0.6234154631996213
0.3034689860779291
0.107268303033097
1.3277976412434556
0.5175463080197881
0.4646505140279027
0.9190632742625003
0.6144442058892414
0.16260373824833319
0.14412871551777678
0.39206461439939166
0.22100609891546066
0.38756767425185823
0.6622492179573342
0.36228702245557426
0.8047922725074462
0.16751134484648236
1.3388410800875237
1.1857609970254077
0.3237530042151008
0.30958483846147855
0.6976136249758664
0.007891692297261423
0.1996093985651251
0.3509821707460593
0.3195032285497701
0.23996862926999282
0.414197734954243
0.07238349789370979
0.14177615186358797
0.42486155434322087
1.7365840761654168
0.29888076310197526
0.9852167910248985
0.11174503121354937
0.19308352902635242
1.854529467561036
0.6530588958183655
0.20640519599223942
0.12457181719705253
0.23294059251274324
0.7347189215360526
1.530135482215586
0.1862464362509358
0.3663327056999792
0.09251335762647919
0.2619687883901507
0.4118519578808438
0.4420527253402305
0.408992987809712
0.2561535401684104
0.3381993855319061
0.0595461398504802
0.1070787497541418
0.4278300434557094
0.342572416131074
0.3723610404027594
0.9044611779465507
0.8037469128930588
0.23333328543605864
1.7943415183337668
0.6236151433390869
1.0429050208479103
1.4242617909126558
0.5828770975362989
0.7295161545657523
0.6185820621879068
2.358051656750963
0.2177276230325058
0.17575408141332305
1.3799197742998808
0.07156454742563495
1.0869421703003654
0.157120025027254
0.04078565807975975
0.612022670963879
0.2021424871326337
0.43553853637797435
0.2831055212576385
0.4982287976632851
0.4574780619187236
0.3653722147270455
0.07005174345962308
1.7191629137440276
1.3129192904892877
0.035841794252289304
0.32137320077023385
0.6659611794167202
0.3033922903653579
0.1438707859911823
0.05193288670432001
1.978922168824728
0.021870326768019668
1.5054052817525343
0.0889260448761351
0.1676183674426563
0.6954544401290013
0.1979099110250969
0.8152547362387181
1.5106675253073834
0.24687793476725287
0.08484402148702067
0.33438401241746274
0.06555142104268158
0.4888161019093816
0.22406983511944326
0.057400871504549575
2.63244416283966
1.0747381054553655
0.07903216778124389
0.29325276448037363
0.44133611541157525
0.13334160359048625
0.16908223933016694
0.08821618661444822
0.1928534651376415
0.17903351459676908
1.1337309980847468
0.41659810403290803
0.290724372750395
0.03395879124036425
0.04467241207760404
0.26114859799171675
0.35317486906428197
0.019140109180897605
0.5300781029702792
0.08356959705582395
0.4244100312962269
0.12106380552441348
0.777467063680324
0.7519242791491518
1.5837390963159668
0.8760328967474869
0.08703884997708673
0.382006015817137
0.22032772663342473
0.15309415735311888
0.9454080632128231
2.306646760377757
0.6898205478554342
0.09299931090032916
0.10613468374644469
0.5145262069545201
1.584550681550513
0.788535244887429
1.0656916367254516
0.13800827770343335
0.985165679294685
0.408679581819811
0.43121515411667316
1.2015173284796927
0.028389780760129667
0.41628313526826843
0.6496160960525987
0.6750591487048321
0.05588923669732171
0.5333135492579759
3.975455717275556
0.18586749634830196
1.0738463687254807
0.33776225865086484
0.4891847927751919
0.4864435154809403
1.2044446756827347
0.5020662873202067
1.7506457767561723
0.12401015176607809
0.2686865163936929
0.08344384189138268
0.41687013799700107
0.38966509881835776
0.3370423385169842
0.46207270475053697
0.27804080197728287
0.32018877607978435
0.08133938869275686
0.08902998016553175
0.9474256478082592
0.05571141750101983
0.08279229728378684
1.2853653199454915
0.12494451955327246
0.08860059777529819
2.5021913166301974
0.30981913203118955
0.6454098102352291
0.42401922072619747
0.6876082390518226
0.019219013298328032
0.5671011670027117
1.0007229225400784
1.1382773368256673
0.9607384347483832
0.2997958478072324
0.33717661805891325
1.2022868366845207
0.44720524581964166
0.2667930681850042
0.5990093621123289
0.17091315945287758
0.24134300581819057
0.9243448699795312
0.032002297829016674
0.05177525275673297
0.5251243643681871
1.1907368569125794
0.8763521233360304
0.9013738660655927
2.275130504990353
0.0675527942898529
1.5346144368016148
0.6566398934106897
0.564609139199435
0.5092715536402252
0.1076039496616636
0.3351060427768905
0.4572899791786987
0.4479768100641596
0.31274063897777477
0.6124392466025165
0.44381349385447866
0.11847572103918555
0.7730760114098868
0.2406178479964412
0.2172153190588244
0.24827298119287358
0.3089761371360897
0.4264835696804694
0.7545320452576346
0.28173751260887253
0.19200226598105843
0.31722066399817733
0.2992411861923007
0.04582495871837608
0.6463965257447157
0.7803608342301641
0.27866852947809334
0.3698025885725588
0.1594674116301664
0.018432787773964128
1.061063466592012
0.19544505413907795
0.36325229143787824
0.00954337623479633
0.4276665261019063
0.1875249127121993
0.7184051199572881
0.8061768841870038
0.07570364990258044
1.128626032372093
0.6321361186418676
0.15871669703402552
0.1833828537311377
0.8129343095100262
0.6766030820787967
0.12968830227374617
0.06009168087767043
0.012339870256190436
0.9233818626262688
0.06459820781478515
0.8957028914914683
0.3476909478663495
0.20527123229405664
0.24513193498066768
0.13136754805760562
0.4008448199876848
0.15420475144302043
1.8032419548426113
0.5118208170699406
0.1306426642589902
1.1206352353404732
0.1008014919994478
0.12264847354562707
0.09370977842346934
0.5285578439520395
0.48093977724501175
0.6273144967116984
0.014008805254997378
0.08406839321284523
0.6242192692286065
