0.1004525372061525
0.35721712604442196
0.16038390203957295
1.1693653921922613
0.13650943683881403
0.8029375502038284
0.5587427422578095
0.9458333245865302
1.1908711643735022
1.1520046298886857
0.19494355651847847
0.13069055496263124
0.9259284849201375
0.14958645208641744
0.09482970491828252
0.236330169569619
0.08714970960991081
0.03789279460075176
0.22995594316837412
0.1479207300345679
0.030067572750100757
1.0121913348998786
0.35337313455890573
0.21573335777955724
0.6646034827288644
0.06403091168155904
0.8335869304859994
0.3255561313896838
0.07578788966317163
0.017265771962917602
0.3835028143045143
0.09149130826629973
0.1651943049785349
1.379054981071528
0.05869062907915829
0.0574604130073172
0.8780975717907277
0.20218532175992002
0.030246607331809613
0.10744652454628761
0.08348615505099087
0.025163064762982492
1.7037647369543705
0.47822320566521215
1.218680514886738
0.14058886406385307
0.009571233259739857
0.026902961580662937
0.28303959785616944
0.6900930227959126
0.21864229436886182
2.9150243460076553
0.35011533921230786
0.5788077905566297
1.3165320476543458
0.5943228023718259
0.42404728258096686
0.7348256771513876
0.13087182159687072
0.9633077346984605
1.9412863965172493
0.29952621121969414
0.14535178593723422
0.2962493057882977
0.5001556211611197
0.21408168657787463
0.5797730514742506
0.5762603535164594
0.7948216974516328
0.131993785547012
0.1228008366388766
0.15902201303998478
4.261582854643203
1.247061460573313
0.2795118050771725
0.41547701092127187
0.34628962924164985
0.11861490009080423
0.900031662767733
0.17116017600989725
0.43434434678372635
0.47374881322009144
0.04219373429516453
0.20913491552316665
0.24640407135523915
0.12097867324216247
0.4360042988289408
0.26531034549390775
0.09015323459056891
0.5215035859766015
0.6990991397555879
0.24264715673884724
0.30257166639142685
0.7895732742046652
0.20676961193382187
0.2369913459201416
0.0681942174176133
0.2953675884790727
0.43544415483137666
0.06964696541052746
0.3355527392880544
0.096295634847455
0.6905359637581806
0.11809199583901471
0.09087437032705
0.7935557483645709
0.24342249272244965
0.91287916202665
0.24189095372654368
0.13044399079727534
0.07165085769778692
0.5999285744155057
0.16587111991653347
0.852067691336683
0.5825545128468929
0.05396950848662503
0.20215440601204138
0.3978644944417064
0.11955517345686219
0.07152762623128281
1.210826820013234
0.31377863605831463
0.11261490539014395
0.16406622128117762
0.6045985213848464
0.4405497051763824
0.13249308723609368
0.5370408715582276
0.1788776312496829
0.7778652255248176
0.20343541464402823
0.06118511234284101
0.15673766972902392
0.04369354708380481
0.2832654599478426
0.4287490676879353
0.14440805996293143
0.07989500838659416
0.5181385875091394
0.15820696756166203
0.11841778776447705
1.3267061554422597
0.2452476296101745
0.43459197292673185
0.20795322309974484
0.0790925426667167
0.03977612390402702
0.0847145643157603
0.1657323349028655
0.1528290507491353
0.3144737178213773
0.08957967795821772
0.07926420650901826
1.0085429646015915
0.2775166103117705
1.7976546547064411
0.28115447588159126
0.33981471179127537
0.1597697992803252
1.1416008386405765
0.18857582431062556
0.3939923742278705
0.29081795080788736
0.2363693068960224
0.18451440788028092
1.3379458979210388
0.37343227274746194
0.42753191612236907
0.735038032147608
0.5995418595032878
0.1454023013411991
0.34760444886074693
0.0581089192013388
0.04155964688971608
1.5878317829456081
0.2620591654548969
0.12610897728386997
0.748261458119736
0.0257650793247016
0.1326118038617139
0.4862821973438442
0.1462143805085732
0.09899777913580331
0.8170804872343149
0.14892722946057857
0.5316069674132646
0.6089017559560851
0.2551520772637387
0.8339849144162403
1.7422916017265888
0.30522883392824174
0.37453625644889615
0.7238381461100796
0.12405538325031942
0.03310190988970722
0.7243700030129999
0.33030099881817093
0.12957461661775416
2.110866749658452
0.7978120585513587
0.055616894599509276
0.11673941740459516
0.18989949340461754
0.6276664011308097
0.6916762010572428
0.04177633614418819
0.06973123380320018
0.4714622820066237
0.0002883604576348782
0.022813816886663847
0.8816614695092053
0.3561796168558123
0.6422570302198382
0.30505544969033754
0.1383421336977549
0.3822926744853141
0.1357454833421376
0.4975031993056608
0.3573085657541166
0.21866554182271755
0.872896679894921
0.1559760669238041
0.15385061487442922
0.9690392879032621
0.9769831177012475
1.202064451252504
0.3149030044817883
0.8452451692507736
0.12490575124297332
0.2731917065972997
0.09097384587314894
0.9767909732719996
0.28453246268177435
0.2859266071581488
0.13569970990371294
0.6712719117687308
0.3014833653216919
0.4849654544178305
0.41795790190293536
1.6664358381657223
0.22491274136161066
0.11582244625064575
0.09142109010372068
1.9137600280665226
0.03639641993136612
0.15771736682120827
0.832641897262315
0.1453381189306965
0.4266215772765127
1.2977754955826333
0.19582333494347562
0.7311443864718178
0.5590422348606636
0.6712426712659701
0.26104801361497587
1.2315091992914935
0.09759483207442093
0.1670109737655372
1.8911375963829344
0.1404032343409546
0.4877106874497193
0.21909029743806718
0.2664646699420224
0.27209051879379786
0.6342682677085864
0.25008891702256314
0.5050980795916084
0.7828084528977962
0.43125631321392516
0.019179482983336472
1.709957255835022
0.2832256009746632
0.29120423864957135
0.3273367038612038
0.3715575937063713
0.10045247991849922
2.394469961219389
1.8065882067297407
0.10291510391414217
0.8333392535697607
0.1236660168406097
0.13569524100240893
0.20385542213504482
0.3842982394691899
0.36602686749828195
1.4624158248088357
1.2690198719724761
0.2640900005296373
0.1657698134725992
0.19545787656997893
0.2021812960782175
0.2976379624953284
0.6444917567150862
0.1808847408369711
0.19419659589620536
0.3976529227210608
0.8323631064513735
0.45768710504473215
0.06873877836416876
0.31660592329206133
0.41621049248301095
0.21932777886801103
0.03174954874732611
0.34034954418386903
0.7207528673597814
0.10740572700387818
0.29122218211864
0.030660874185346763
0.012106811508382007
0.229969116502897
0.9430917312617109
1.3759640025895001
0.7708533311355606
0.4928643429847475
0.8312722911002163
1.1005898290418015
0.08286401029362216
0.020669206748549124
0.21925740074851988
0.27986096351314016
0.35778587070961687
0.5265129361904602
0.9218092568602455
0.2829228787011155
2.633204892627709
0.07569874474017471
0.42391199588386486
0.8290724434861702
0.10150930234471409
0.10213740904097447
0.5880271764396532
0.6842390102127275
0.5382421486714359
0.17562640692152107
0.38339104386570344
0.2106509973017034
0.14441645201259012
0.0039449709777042525
0.3206957895247576
2.5558668300117
0.38927583345040495
0.41835070413836173
0.4261661446205552
0.09409847252555557
0.17324171841746408
0.11817585609302798
0.20368487151561357
0.4273968167098229
0.3956810860670816
0.1227663442876847
0.14821229243073186
0.21713445928651132
0.03811013124740306
0.23940968630584114
0.6938190123313585
0.11784919628315428
0.21935756256546363
1.1321831217825833
0.1317112888664
0.07987854532174253
0.9836615845625851
0.5610620932741773
0.6559301761987918
0.044371382773379424
0.09302173453769834
0.22651914746931773
0.31755325831752845
0.1251412178969084
0.14578015412684733
0.3129160042764779
1.4160798385245321
1.9189670754552948
0.08023788912825244
0.39899941591859256
0.5453431444575627
0.5865428414362562
0.46292875943147016
0.2121315694742613
0.2815442989342635
0.21646893396302264
0.022958090804149938
0.9362816823757585
0.26196390985584694
0.21863516256876311
0.9512441535432598
0.06670852961738126
0.25122496902681757
0.6655935437675653
0.2281616922069581
0.584363683497843
1.5094543659904012
1.0039485521619795
0.07509414820757306
1.7311457912497323
0.05991251881137514
0.9361482974262115
0.6659619527602174
0.10123282768252477
0.20080864941978555
0.7335687444093901
0.33327252865516305
0.6707131950008454
0.5909818480935269
0.3937230754244793
0.09150444364334626
1.2524651063729861
0.5667529385285549
0.24843762584226955
0.19419354637014358
0.8216258778360462
1.034193279903944
1.1681844808216668
0.3798252040728345
0.08707001246166989
0.5567572779626706
0.03810565616860508
0.262197347954487
1.3289146600165636
0.5776211089237958
0.48714387523223907
0.7581482706133044
3.392551042344838
1.85874330396175
0.32291535191801235
0.4710342507194305
0.25935197339193544
0.5711648050119101
1.283737968269037
0.29757887770408253
0.30247339277889096
0.06488616376981658
0.33498075347530615
0.5820862872248002
0.7980714147418401
0.3860242037276855
0.5724557516379731
0.6336398270828503
0.7836158925707711
1.2385019928557373
0.4521258147548917
0.388858649603475
0.8460310122537037
0.70845577702853
0.06794955121934391
1.6476590388870922
0.10358209502556041
0.38318160851046057
0.45294380149808794
0.06760362160750684
0.04745051871132189
0.9115869207223809
0.45399036615254357
0.39733135878830234
0.6717620251285188
0.24366780465957746
0.8315723657443319
2.2312426887316046
0.37543302929277034
0.9817934434901274
1.1010040620344446
0.11995665225014747
0.2670587091309587
0.7954151779275849
0.6421956033478944
0.10937040053872188
0.5016711857807684
0.1523700117496737
0.09208340001184678
0.23871894153620313
1.0017045447911104
0.06374191743367467
2.1935924905084416
0.43183374601132596
0.45351218081125083
2.606596272224885
0.14049512679290393
0.5764937167398886
0.1757861800105819
0.7320133519294701
0.34300543812474404
0.10244457225583677
0.2247529564154565
0.28516098871022044
0.052318241737379055
0.4895364227894698
0.7557617154827215
0.6695389771649589
1.2620184085182982
0.5399613932041435
0.9645705909091101
0.031047008693281235
0.21968212448340124
0.6429847541156203
0.041550693830363944
0.06561552363043088
1.51878716174394
0.1306856483961929
0.08709425241427585
0.29147459317888125
0.2720638484704732
0.6476263876740385
0.22842511728776377
1.1095489378208683
0.4230067741257597
1.063990472399663
0.28946620345722707
0.9217799373713875
0.5214432791303234
0.5271403765902806
0.22394622938742478
1.2935140779169125
0.37545517733530465
0.6743931906050796
0.25358313376795866
0.027221149679449767
0.16067346299192112
2.4657249737745994
0.6349864859683637
0.14861780038382114
2.023125669362779
0.4001007892587067
0.17507188364547277
0.09759075326585531
0.1762864531298834
0.01626443525849397
2.489093646280223
0.47256229667593463
0.05838462206125599
0.8584191375782408
1.2137369542696732
0.13726311145903752
0.7330434501455904
0.5381624794790747
0.13872445526644797
0.01418002129855332
0.2701304837860723
0.1604484496363545
0.5590910517980727
0.34512529088085525
0.7242996753594895
1.4819388535752176
0.10467977233768842
1.6975626176094016
0.30519523115526165
0.40718678096735794
0.29538542875537704
1.9970217806442863
0.026219575876055584
0.0027981559689455966
0.10885173943116604
0.932824489615597
0.19487735433699865
0.10730065327696749
0.12700437271679912
0.5818326314467088
2.1298307626273627
0.06158487203656281
0.45618465897962074
1.8680726797755092
0.11202849721773056
0.009474191353859067
0.5217376705806537
0.6944846750443089
0.18671241557722756
0.26412250714474866
0.5637340712071979
0.339535016591445
0.08052680383309663
0.002245433728122839
0.5177143955624095
0.637047371145502
0.4027931800317852
0.9656485525905462
2.0952927894837807
0.20095670741806781
0.6819288611173558
2.025494058295536
1.0047439869750927
1.257277199005721
1.790480825006969
1.6775695019502581
0.6262024153641055
0.018093427295461408
0.4931461625652408
0.004003306480104876
0.20112797694258042
0.45715208368825255
0.20367963538159406
0.4193132819806104
0.2356156678898773
0.013679588342234254
0.7193025499013984
0.7379042634127019
0.3450819404923122
0.854129560606775
0.7175288482939097
0.6276831086634636
0.5586308313075132
0.10749120880041246
0.4264241185272267
2.534330959064527
1.0172698406716745
0.48282670999983524
1.295081627689265
0.09420574050329114
0.44734674869165686
0.48939703548253394
0.019574527124072417
0.39507749818005067
1.3803363059251454
1.6520415036187162
0.12961285571016515
0.7814812748589621
0.05076394707656409
0.009694787387416814
2.0439784124394995
0.09842015280902897
0.7249163113456956
0.7862027795776458
0.1013525041644775
0.02327092340929605
0.6414931884734929
0.3097086362040078
1.1926564647265943
0.9936677217667853
0.1503907154252361
0.35080902387599516
1.892228885924058
0.23469585245403662
0.13308705310603908
0.32452475578547313
0.7934032555913738
0.16611791537826648
0.07451387975889524
0.9788181601185958
1.01794155180915
0.8677438675547767
0.01928841929126339
0.8568813553909072
1.8833191543187866
0.17459995991667263
0.7116689852022366
0.31645985628424844
0.34751738580286484
0.22649776032162974
0.6177024588583686
0.3565015390856875
0.06874975801975414
0.9544723681002234
0.019363836182319558
0.5561200987275089
1.3005590681324908
0.6398390589933522
0.11478471699658396
2.5519314410997525
2.060391515002246
0.669483074315904
0.3532396843906408
0.10858541557369993
0.43431726664402254
0.5600727713172395
0.2690613500522694
1.5739963634989815
0.09609208487062161
0.481668160731775
0.13591345677736882
1.1251374719466334
0.013889139449100463
0.3017080660093317
1.051934371098232
0.0701293896656864
0.051500793606698125
0.06909340709640463
0.12510135344009926
1.0580661467591772
0.6878909361690749
0.35291682315986245
0.8001909022481705
0.47784954090048176
0.7572241657343031
0.38720235202714687
0.8337867997654735
0.4695012364775173
0.5918120918781948
0.44433647194776904
0.6191773667736374
0.645541230412384
0.8649148667612101
0.12385294534694848
0.3499873874165933
0.685290538377685
0.11229306067322485
0.06665321849099774
0.8106001785994679
0.1529741576458569
0.1193910602296826
0.18924481196154264
0.31892092556610824
0.018234616321325364
0.35474523499340727
0.11255640237170336
0.15031848610972603
0.37670851915442854
0.15548594191911572
0.5798675643066198
0.39700250589299135
0.6597674864203801
0.5801388336333139
0.1591790332815997
0.08866456879605941
0.03688879424669139
0.23470754772792876
0.705523160665923
0.399482977523472
0.5910913971022275
0.13616960077825066
0.13465404753253443
0.4056384643591268
0.1334126934203473
0.045829622738389995
0.6284946866905666
0.5864674618554113
0.34920038481900967
0.8358285584809488
0.5164532370412309
0.36513933389741515
1.2283358487233307
0.35980304615494557
0.07927135605375803
0.3127182543738313
0.19708081674734365
0.28833175678728407
0.5858274031225048
0.01879876960658396
0.6582853915749193
0.8045899988479588
0.20177869431343334
0.17594514010118148
0.33418608526629157
0.8564466597447791
0.013196039929928412
0.42799257243890687
0.5511670874064005
0.005342188408603462
0.8510068241228194
0.33777780991672607
0.14177817317147656
3.6664730748047303
0.07154488125070535
0.07805664851046885
0.36056432939945027
1.7443759907975673
1.350292945152512
0.1922239739338318
0.2250883774575441
0.24999574904902983
1.753891638435089
0.11659312029884707
0.2337814542286397
1.1435210021326192
0.16960052336243564
0.32394884592320905
1.7157755690117498
0.09824216726885328
0.47602723222089377
0.7015799814290797
0.07434215126575774
0.2438416186974766
0.4143228096332887
1.3293761020424817
0.27909877415331713
0.8212456396380632
0.06619773663149155
0.06906380796869865
0.08330032133217162
2.0507295069304736
0.050447447848048596
0.388039331662767
0.13770236081096054
0.049650401636256405
0.26011711002607557
0.10889721188501272
0.14934740376490427
0.91965130944722
0.2589492013554231
0.256469993936077
0.2014735089499563
0.6184767426368746
0.14432144508879016
0.19422135389498646
0.19693139989086672
0.23426142287555624
0.3197034386129019
0.1439637736106325
0.01875844639139375
0.36532181954682824
0.5859629964378058
0.551853116277367
0.7546164033714303
0.7234618143619471
0.33493146331408485
1.3635938992220065
0.10813227465946892
0.2733539793089087
0.17846758687022538
0.08833741383279622
0.2454585764201077
0.2051184355839198
0.04398814729462412
0.2330557134134627
2.727675032076986
0.53737040670321
1.539567971048869
2.6794792747446023
0.20666159792596267
0.6134123563435869
0.7636708015292082
0.2496021252284528
0.25099947511287024
0.9181545047716286
0.23287812537248223
0.19844539859550936
0.4611634711924592
0.030141468541443228
1.0818995991096902
1.3926024191630675
0.24307679497832915
0.3152526151406676
0.2629131133856028
0.20019555071090547
0.36516960118424624
0.08239169852201148
0.036949243368614465
0.0045308409395731835
0.43693989230413166
0.05734046467975175
0.1367024304183782
0.3995229844190404
0.20338120797822679
0.18318335389089874
0.1775112764629809
0.2752658572566943
0.24246894128584828
0.45918767201443694
0.7495958127363836
0.08649286645209575
0.44403874220266437
0.42510418210310263
0.6162081001551373
0.26766848858309616
0.7053150077153407
0.6408400830510007
0.7271273943896279
0.7415838327009375
0.15990776544260146
0.17280076549043005
0.8083629398118005
0.49215259202623546
0.4669990821118393
0.1486442114166891
0.06649134600465495
0.5914049491748093
0.06424546194980449
0.12734194145697142
1.5715504996998093
0.25165747735303656
0.294624641008313
0.8759851056423286
0.13986779797229418
0.14480921246299897
1.426964498841348
0.2708725410584201
0.15610158396330176
0.4277065596484533
0.12297244410881435
0.02084386913885807
1.4367640935699162
0.1333651923613921
0.23675909391957356
0.5869845931911386
0.1364227102779938
0.6957860854397891
0.8620230944079285
0.1152081307805577
0.4810981873488133
0.9452803016793844
0.29316589866811055
0.2933815764412837
1.7875900137097267
0.5229513401526501
0.8593351943938091
1.0830689749208007
0.920353551555045
0.38357614143862756
1.1341139770872872
1.4308630189495686
0.4720136137283824
0.18924453534790178
0.1973030253116478
0.7306326394997728
1.298264612420391
0.21079000525104852
0.3320080612817847
0.4619348475849989
0.26792799611661566
0.18313546868748504
0.0354385120375778
0.684212671346991
0.3819227544066142
0.35275458190112635
0.32533288295035373
0.2898567748502214
0.04434675589394878
0.671740225847828
0.3672369924907374
1.0938243510351315
0.044696327296567584
0.2433159321949943
0.01280635154720901
0.651503762256859
0.7612134492654671
0.20409910402681575
0.09133672563875145
0.06158957272825627
0.6155662251584387
0.09914161114094908
0.09085386276502304
0.44478118679662665
0.35015745300484696
0.08562460312126653
0.5200630967270687
0.2980474997056818
0.12279387725981608
0.14563877580666454
1.2217159699036408
0.9783803860900036
0.9902981241594548
0.20300353399596854
0.08323201566180874
0.42279108514650626
0.2109314172181934
0.3282423063877386
0.9161486037027766
0.10854511841766433
0.126713605670094
0.13157556535622808
1.4352372478399493
0.8052253143811233
0.5978222065562446
0.06098502074286875
0.3878068480839338
0.8483288236495835
2.5564611320987365
0.07539370397755248
0.23993228317069662
0.10282152470119393
0.233962520332395
0.25513928942163294
0.7483956673198708
0.1757416807313896
0.14195288928394748
0.33039553540458594
0.5276400465326836
0.4686957890217732
0.04056293896926695
0.038932909208549395
1.4452909048652862
0.20089955341809443
0.707528366315408
0.4164615632046359
1.139361510601862
0.33584420202672255
0.2910619055098421
0.07682537074188057
0.02912256930367519
0.49438900867053287
0.36635994214021356
0.06270006536500448
1.2305883133933366
0.08082817822469934
0.1772069849554256
0.4504065320197688
0.061724404582225695
0.025680932855023327
2.1414920169859077
0.6745695273455857
0.11285603954087008
0.9710453937432837
0.13650817126824336
0.061511626686383596
0.14562753217657212
0.40535640347551755
0.1017909869704707
0.122027417716808
0.10294233214606129
0.19413989143288538
0.45796817376455823
0.8200039217993687
0.10193411487481496
0.6005550936806708
0.2857786432749357
0.023166285984715103
0.45056077602233335
0.2052493516907595
0.6442694438119472
0.4489880167028063
0.5120804204822429
0.8642404509223465
0.010235061252771821
2.0183350687079766
0.052947655819583224
0.7848221239120469
0.3039434507815529
0.08474915068875184
1.6791319619943716
0.24284762344714123
0.31970774346539643
0.4754019054920086
0.02537694699670568
0.12608189937196002
0.10792875353855243
0.04945132439274654
0.5002011723168714
0.7471942669485052
0.04216368858241806
0.09792471474763143
0.38396336660392877
0.14305272042859368
0.6611264483219713
3.604707394042315
0.5219529925204935
1.0528611376385204
0.7538212570170765
0.2985634284541422
0.3294595018896667
0.49770300974220616
0.5827894444152099
1.1881512419488993
0.8253902791421918
0.6161341117889572
0.35079034692093686
0.7240365487717831
0.6350230272482107
0.8669119898009057
0.20758700354853185
1.0029585996994588
2.1997113913489446
1.1166856940842425
0.12697506340723977
0.23979889114921255
0.2525364091181709
0.7284798655774518
0.6219714949281506
1.0559310371190596
0.09240030309671621
0.270663248204006
0.7112416848269253
0.014490986963660671
0.0598680046262559
0.13779989591575603
0.5374790555206223
0.534570757907426
0.5140223910232874
0.02971164803987537
0.6185818671129095
0.30158684139156156
0.2412957904366572
0.19266598334356358
0.4620273751974034
0.26572575330412657
0.5115008854303872
1.0743470977638456
0.1401292598745381
0.9930714879976433
0.41275440777448813
0.30158911139173655
0.30596691752055705
0.24167838900553995
0.19607705663205535
0.17251135939307363
0.7993314189250567
0.6480565982539261
0.41141643051305543
0.9795714783871521
1.4438009496837219
0.22634548487031808
0.7341801804037401
0.21876883219187196
0.6181343004842458
0.7986210751372288
0.16029072279345116
0.1121137085685212
0.2914842983821182
1.5898535936368845
0.12678640108888597
0.12191862496839245
0.40775847961753947
0.2639775615901896
0.6243063121896205
0.13700372851509085
0.05693469736627757
0.1207292154570448
0.014701906323861608
0.15492097707814437
0.29075730263021266
0.5674296820934766
0.46022605441786296
0.35111118977793887
0.21811130412730229
0.026681752149451426
2.130172225596922
0.013734485283202088
0.2259494479616994
0.7797831778190178
0.8560387461953732
0.6262635695326044
0.08474658982357341
0.5908733916668572
0.4201413761537546
0.2597560000899745
0.4272336982058292
0.5885023595743605
0.6364960076851497
0.2335360308182609
0.8489500140175396
0.6281430215203837
0.759624194313542
0.2473993715008927
0.5048168854042283
0.03469700975679129
1.0763875559359593
0.6373529951744331
0.9970256386813462
1.31062807639312
0.8888935532478669
0.002833321476381276
0.1815773413854904
1.2347901252159739
0.44168117164357007
0.02095736015646787
1.156208542649286
0.25635737946200726
1.5343362223511574
0.22049963142091633
0.183312336970894
0.12878340594613724
1.2831819936598683
0.10267568775339428
0.17571002525985427
0.4275390849491404
0.11833311031804557
1.5272596199817614
0.17806111752469245
0.568730777930692
0.1330013521588028
3.537434391142848
0.7131986017890501
0.5843586056331388
0.7237007483471669
0.5261246331075037
0.1441286879807994
0.9319729538769292
0.07902290519034023
0.09576733741684182
0.5397424178021445
0.6243498309800692
0.41430838473179177
0.7850837367278264
0.5925037794829894
0.20033750787551494
0.3924560673967411
0.18911404895360598
0.2677871147822929
0.29852156959711634
0.3727214075141315
0.809432046667167
0.22418899041510354
0.05233946749348071
0.5581184059474815
0.8479318493193565
0.3593592877341426
0.16022646179171124
0.19021959038591593
0.32702241138788474
1.0124699579361425
0.9137021793984087
0.6136168948463873
0.3089311361278753
0.035358787308325555
0.4241285479210649
0.4661014466451349
0.710803865895036
0.05998658963704146
0.04331018018167994
0.10163971396455859
1.092897337887477
0.6362934326953069
0.5909910094239706
0.018879285750106962
0.3108625138674856
0.6030666842569252
0.041109606708434075
0.22233251038045562
0.6380493002633303
0.8243771827734433
0.5559535092972036
1.3604462361980278
0.2545890798703339
0.5554893305549267
0.4782562021714564
0.4053820423845003
0.01138459670175642
1.5914083153504406
0.0641496494943289
0.1258749198450687
0.9781045491680807
0.7523158031903348
0.24915694685067566
0.3982221741977382
0.14184679675509398
0.11413820146772088
0.30669468062252336
0.22749345700231038
0.7073427472487239
0.33413121092212994
0.26510704063325996
0.6679219270140133
0.35463626511960505
0.3306278014194973
0.3624854996229675
1.6477158067936037
0.3811419834394416
0.5129497683863357
0.5288953283963727
0.49662211312382754
0.8112643959559389
1.4400728191307777
1.1825402644028715
1.0739837652711264
1.142915792953876
1.6916278141700494
1.2815566836337124
0.5934383080003962
0.1702233690753264
0.3249575014410173
0.2427212700456964
0.2218041641750732
0.18743257096017613
0.18036003488502095
0.017904361889097862
0.01206685385699243
0.43294635879041665
0.3492134262955112
0.4019126465431334
0.42260934783394033
0.08907293253700972
0.1232779444081154
0.054265451226113516
0.45467959948708825
0.13051013042012694
0.8890736923846468
0.3370303690455988
1.8378076383441238
1.3063313736013538
0.8267064849979234
0.6257870751836652
0.46070847599552395
0.3217569005530745
1.2075833235149467
2.475503263139496
0.2823987137492666
0.6911502698322708
1.0439612208010123
0.2631207680743956
0.2127937345635443
0.39635409646978226
0.21384567173022678
0.3718004674240817
0.117824211647185
0.2901379395580814
0.1143942402472356
0.955290621870516
0.1643020903218322
0.20390357716058885
0.08198464980543399
0.02584110929258796
0.25369806559480385
1.4600707698306679
0.5827784960403111
0.4355375002784977
0.7596725212133382
0.06640718560762503
0.05060895366953104
0.4938278442438848
0.21730094276498768
0.251776769016134
1.428102172964726
0.07431642876833736
0.22026719330748704
0.0832220167796975
0.5454738075931284
0.6333300708055981
1.1836727782883714
0.17813442921143272
0.7557179928487192
0.05053055196650719
0.22703943062467208
0.6276707881360443
0.8856822091043706
0.05396029390982867
0.7216838503885037
0.1351888839446337
0.17984440076678715
0.3003953870700428
0.9631206547247213
0.1620564337305774
0.125588325094411
3.2505076359232725
0.20063995792470954
0.408316224491333
0.8334887194142158
0.16157962188856925
0.09167806842709676
0.5469962728573712
0.026503459703557934
0.5363264546745586
1.0654607650158463
0.5354421931016097
0.13794712790913938
0.37176071045826914
0.21217135512212176
0.10595315298172726
0.23076982060180037
0.985330292431602
0.46426661351928894
1.2175751976336466
0.590418614487916
0.09897225123235417
0.4172117652066856
0.02720628854690058
0.5333409727423086
1.1818919209685153
0.3076424302825483
0.24632380138995402
0.018856235994904665
0.052130311186925585
0.6329766013580422
0.19868304806844
0.45340679256902133
0.05175843943389993
0.7425362445955849
0.16523986071073232
0.2822706617915114
0.9751848225749957
0.9363191805831855
0.28155876957435727
0.8975342496750336
0.9958360061175251
0.45014318264803865
0.49482682273002565
0.21028349780660208
1.0088199564093756
0.1380042599395592
0.2371197348494376
0.0879539582013229
0.3915030483954677
0.19977792047240717
0.19862641677130674
1.2526199191318048
0.6578188046472528
0.8312307758400892
1.6533539580011472
0.02110742612999622
0.1255905410441569
0.6868545247666162
0.49062051693213043
0.2731375938501803
1.216821277760136
0.48899255624053506
0.506627393165852
0.007887340633117714
0.16985133578526654
0.20275204661277557
0.5772610521091711
0.24345479118587987
0.03707535286021609
0.8685059968492179
0.41314057121861814
0.07239524250778527
2.761950063663566
0.9910460800111848
0.08329255462452817
0.10255079552677175
0.19800831707465824
1.959743292480524
0.2746215892056987
0.5387875118915175
0.6226028538187222
1.3013268523253831
0.1499636995279335
0.1836688474816006
1.1153662911375664
0.22024520269217965
0.4903320235291214
0.16423740985818278
0.7867081557166455
0.6934676796278438
1.65324583580513
0.39906528876055036
0.04177356660203342
0.7401039060498477
0.089478953524285
0.1881175936637402
1.449086835540743
0.04893844035504775
0.03928896310899271
1.1134428021933236
0.8978743960984461
1.7361747050546907
1.000427036927102
0.21907858645509423
0.04676320264223156
0.4339420328778277
0.0031632240918076926
0.9809157859214258
0.7762496060715947
0.2599151971374014
0.1738386864301444
0.08099524190193436
0.11281879354283546
0.015863831948131662
0.32968434730539176
0.09201974028390447
0.11378071329957967
1.4659550960505083
0.1689501019337341
0.24163144912404072
1.0312587970438005
0.22023280885570942
0.29288949873932885
0.21103309360373115
0.420268172261808
0.2827811445176736
0.3515557406733984
0.021255530214576497
0.04654399858146135
1.799849104390603
0.10542830215659561
0.009603977320839122
0.42705324584870397
0.3618128647687787
0.32250406622738853
0.5476487678964638
0.1537727033740199
0.03299768383024973
1.0076095507822482
0.5338955982784416
0.6431650057562556
0.034833486497990326
0.33010463309975674
0.40087210667401735
0.8669697054961985
0.3709174164567015
0.10818246847705335
0.4903000927622433
0.2852497229036829
0.1993781823499257
0.4056837769734595
0.03687504670798183
0.5847241119467277
0.6827690685805419
0.40961712019400376
0.5767051506981506
0.32950406757251544
0.6145036202351558
1.1029625508064649
0.7727312107215277
0.21408637458255642
1.8164619390171304
0.07952488523782693
0.3276156151843729
0.43665686656453123
1.1549711609575926
0.10898139823251088
1.0652358590158049
0.7557719821383768
1.2812839027191587
1.619340019665441
0.4345154980018775
0.09575193911212122
0.07858941713537117
0.2261941715994285
0.45248943028043576
0.4074390707958947
0.20412816807112188
0.19273815973487932
0.20097908454116983
0.07944839261307998
0.177595616190508
0.9978112112803275
1.34189229408923
0.20131750833269602
0.5565766842757831
0.6566776562232844
0.16866178273275614
1.544579716647791
1.2281870419419898
0.2774789938042013
0.1254042601391697
1.275460496874807
0.07569241705908172
0.4725236453792095
0.9657468056814799
0.20058505925187176
0.05048431660361058
1.5078860145715514
0.6823214161548941
0.47321216222210516
1.6424617104416739
0.07444038025216043
0.5959545865601253
0.3421364847793095
0.015466477046866135
0.07552827808557841
0.6079980458478405
0.03905600457300673
0.0582197901876202
0.3826182370394223
0.06034283445076926
0.8715582098454974
0.14436291778245494
0.2649957832676031
0.39954186279725123
0.6440408157359377
0.9361759103889677
0.1082144402305879
0.20661506347661165
0.17651052901251452
0.3349552780080465
0.80127033788086
0.17900859360998111
0.5600803039507054
1.3121191606517204
0.2896392298426817
0.04924434390323934
0.171419837094589
0.09183340005495924
0.09105121502785761
1.2719420481027761
0.18594424009602104
0.8226083757621941
0.17472668002714614
0.03294435761603691
0.07341794288868007
1.2255194884449363
0.25046852858571556
0.3104536439837396
0.02550732612388136
0.4030546017759405
0.0694596108157082
0.8428687756685327
0.7540056724354859
0.02290384724177712
0.34643281450732083
0.18500267850415877
0.3536272793522442
0.698977031795166
0.29064280856081287
0.47428678497107396
0.9919750386223426
0.09875755464471708
0.19648135624553387
1.3810821446484538
0.1132756610270987
0.14439748349471077
1.6047549173449918
0.23436246133866592
0.1060604005371466
0.7122648891281517
0.12101154800682493
0.21894082894062475
0.5441455121526156
0.22515992618598357
0.26210483516608235
0.42439915823241
0.2099343344647421
0.3036351145223578
2.2284410621034643
0.22500490895946765
0.36085927287131825
1.1535525647946268
0.17332104699394785
0.4711548521554425
1.6126450651054267
0.8407092225463375
0.5617497269625646
0.469449944018624
0.47376175900042256
0.297716705315661
0.029367919643347385
0.2106568134194526
0.23557499212856117
0.7758428823193582
0.07583288961106001
0.31208106709239697
1.7826279545635615
0.9275328797508159
0.2610183798051225
1.4232549451636496
0.0983064355052953
0.2543975805407847
0.3490316706191885
0.25859809615936713
0.3475687065529029
2.2913494250057376
0.04497788108371801
1.120551157157613
1.3705178130033646
0.6337021161727978
0.30973237889881367
0.6350769559570034
0.4146799159254233
0.41888983609505637
0.4940537388499401
0.3273262736226241
0.01804291178423445
0.6683207159605438
0.14269441626954338
0.6701753862487859
0.9970901562887653
0.2511048259589438
0.07368749033994879
2.0710259102141273
0.3423311561139707
0.19017086982419978
0.5722884256347465
0.043560662717614586
0.110548071517402
0.608357809061162
0.01936702647000431
0.12455177749314726
0.46412062416886346
0.20922624430064943
0.08877164833895425
0.9668225756186208
0.329134163310803
1.6544281341046934
0.3943404406271587
1.1816971307852784
0.3236232555826472
0.9367222521336691
0.114953110017056
0.17471200379864257
1.6266379934395947
1.9776753579471278
0.7740781463489695
0.04776967837646055
0.04598328337784924
0.027576414130037023
2.205333815178919
0.7159186671808414
0.21068041051013803
1.0732645878042506
0.6312564880138768
0.4361597124547479
0.18406895669618661
0.31658774959057145
0.024080228344182022
0.33906933059504113
0.030058471250919164
0.04677857352453401
0.5768782861836421
0.3501369706357127
0.3292604048295847
0.3898995205711603
0.5960500499616139
0.4191687217527837
0.47624658198799125
0.4281967947263976
0.2229342718751694
0.0729639905295862
0.2071523895393167
0.06779681601997267
1.7306832119447233
0.27592995229712797
0.4908214406041533
1.2364548039934293
0.9261855948011125
0.4684032117925004
0.6079360453415379
0.9041292605236276
0.12081661072572565
0.11631854624698164
0.2811832542110204
0.011462339877680984
0.06328632131583715
0.15410026816920513
0.22775623259508718
0.12424095974291442
0.3833766982742659
1.2730967916028577
1.4247239868325332
0.14733867235705092
0.3193424020522327
0.2267509069760843
0.24631221490522243
0.11139227975557699
0.567814720616606
0.3463627219213339
0.12699395121454893
1.8576775579965754
0.17547116309265043
0.5598993301629039
0.6122964190520654
0.21870437661458642
0.33850264193770396
2.6066560575550937
0.5506889784138636
0.5025389012424867
0.12855641428620615
0.9855125822741091
0.42833972508986756
1.3225890619215637
0.1838345821746614
0.3856026173576961
0.2014280223061139
0.46690348407209403
0.44723402164564335
1.2230361711666156
0.07783505641175292
0.1902833478917705
0.5092400360378025
1.0921568255810918
0.04120481711997783
0.6102429017871355
0.014489379027769913
0.08954919388432854
0.1239735050476104
0.9426654528434802
0.5196520294270677
0.14042073937831265
0.21537125814641614
0.01806919032796348
0.3222952772826068
0.7934499122451295
0.11416007982775947
0.1663851157195858
0.10660433739033942
0.19425759591592678
0.22659320213122763
0.1293796080513179
0.13666477241644975
0.5309353259723449
0.04741480338875118
0.11911207944070475
0.17335780592789254
0.14798110944321455
0.13052603057673934
0.7845565865338049
0.6757230319135259
1.1380872315571227
0.3961601445568574
0.42091037455677077
1.4312944061799135
0.37651046630899554
0.2017720174376612
0.30062508114264136
0.1010960810736005
0.0028507269235348944
0.17582912661075503
0.34646596988092304
0.3435552861194386
0.19326786233042959
1.0325035489369898
0.6947702740332911
0.1306761472712673
0.08651845426684243
0.2865616527460164
0.02226617392145882
0.06967897145640609
0.9705713265900837
0.30528904062320056
1.4161845197152971
0.03729770233785823
0.1910631644008654
0.18901747403202065
0.31553565729481214
0.9276352062612377
0.7967959005315985
0.515235232326729
0.34713274653351445
0.18052184159874418
0.09114560792665548
0.10118302458228096
0.5297604640325555
0.030252337026728228
0.0645246543687938
3.178370290567083
2.958157410480559
0.7083717586851128
0.20542193776208514
0.14923835667348007
0.03863639730629148
0.7625692289830498
0.0584437081398308
0.36310323354024066
0.2584871948125762
0.14772651704109224
0.04024954761729993
1.8435075716451075
0.45158564546654406
0.6443309068099603
0.9271122533147438
0.2899729449570516
0.3046355102510831
0.8146926430461738
0.1612530552189081
0.25882915982051946
1.0124090163342268
0.23432688595525583
1.0922998858570214
0.27528534678922406
2.6620421937429453
1.5536190527049334
0.5136779365345225
0.3682776427841503
0.16219676175282852
0.5132636371167937
0.021129458090582903
0.15178681921778953
0.1991545866565702
0.39810465097975634
0.06242643738487948
0.1286079658043631
0.7874681434604923
0.23139521270234814
1.044423022592421
0.3011186968134144
0.39516655355442504
0.46799414208104434
0.17900340895254863
0.6760366817541701
0.7201589733663255
0.32788859092504813
0.08531157527321498
0.4911892815681685
0.2086308002873227
0.21817063649048288
0.735242742663555
0.37379232763365755
1.2458814093206136
1.3918956795871769
0.9677347037959021
0.7780842154809394
0.13975950739683252
0.08960219513470287
0.04623323976640803
0.06720564530166998
0.6810261891262499
0.6906944397390539
0.48088005697807146
0.6675779603982285
0.11169251087530334
0.2689173789568731
0.9250760072784389
1.0304876120543849
0.6032998677136439
0.10254807770718377
0.5652507138626516
0.5001730752526746
0.3077125830821206
0.5010152708975514
0.09054632845511339
0.3677104244267468
0.20667145685448468
1.8341950356749168
0.4169092481223028
0.1612498544952811
0.5086615604742195
0.29069549265490485
0.16862772456014938
0.5924348482973946
0.757865232439598
0.11922992248979056
0.41956901280329617
0.2973518764096455
0.06849113234551744
1.3706103698483196
0.2705324499310564
0.3912119846895497
1.1405655494675786
0.1040389183029148
0.16037760333510806
0.6304668812387527
0.22585766240776112
0.934137721838746
0.7120246090022774
0.8784816999945012
1.0033714345970781
0.34981512855991653
0.4213084227332875
0.27287068728417374
0.58324694306461
0.16740971142085773
0.18701388365089888
0.1605006558286266
0.021996011873159624
0.029552480651431966
0.3727971143286318
0.2100091689415956
0.29273835927932584
1.0030220696405583
0.207573569670604
0.07951627940169766
0.13238691730320046
0.02971680564531672
0.04534329749525529
0.44248097372884443
0.24139464742752992
0.1344580047352244
0.21906902046901605
0.1062596991153784
0.18630773796322578
0.39568363866864226
0.8767409707231109
0.5054587696907108
0.9515487585959176
0.6268389805506627
0.19585263980970347
1.051159547019148
0.09272819450271275
0.11753417967963825
0.3589331818367466
0.5981565934479798
0.34247893005033764
0.5681216735529049
0.3714330304980981
0.09319007897489233
1.738413894386275
0.44233465744614103
0.475254689038364
1.508902884815883
0.6979916468632258
0.148475937066332
0.10684316299994426
0.8707622822095603
0.9434933790860278
0.20301853793254618
0.33896498615093273
0.023749450896270372
0.6459148736651749
0.2766148445048884
0.0750902218613465
0.3080536824450212
0.24904249902308087
0.09320369785350925
0.4499113656031642
0.2657726674574896
0.2134248149525271
0.11225625439411571
1.8459119754927058
0.10669970067494823
0.40206413117413564
0.49210635815601683
0.36405525870510774
0.033179956803839956
0.03469128343127319
0.3279660243833413
0.9064420925552253
0.07653927052875721
0.30725340364686443
1.1376669649640356
0.7489308606019469
0.18135169294457879
0.5726966251647175
0.3908674429667972
0.23996363231064913
0.9705139661133285
0.1291031171451881
0.5442369249117172
0.18911286249464085
0.37749198002792217
0.47298843165866644
0.46564554726823026
0.23621391121292606
0.3073456493066805
0.5751156748380681
1.3371350314299206
0.31307794649685666
0.9821986111899704
0.29142836566904606
0.07845351397724748
1.0032372000133165
0.15378073323344263
0.1567678219930692
0.6228419043836184
2.582589061184592
0.8783449921379027
0.481408950510876
0.05988456210166601
0.2523418129400945
0.5149579969632749
0.2757698397942524
0.4011811088893237
0.3178723351818812
0.3344433910310093
0.4067296294073762
0.3304602109438918
0.9108289489882655
0.07883040218953653
0.36202982124591526
0.7715205570314595
0.3680387486645965
0.2689969279496791
0.03595392625866514
0.42949367406678746
0.8610093003419891
0.47741221394541117
0.35840648812930054
0.6542351347532455
0.3716703899744417
0.9062337958281023
0.23681036119042778
2.137521200622364
0.24675822761123803
1.000151873799845
0.24567874516504584
0.04340427837852473
0.6064233707757659
0.7498956799721321
0.3783577627091234
0.3529632788906201
0.9739245587804799
1.0946901413671555
0.07908682051398803
0.13650546422064652
0.03935033878152626
0.5973990426600185
0.25604592572182694
0.21523094838807375
0.3530479241637198
0.4259690797069355
0.1558534867162097
0.4499649401168086
0.07453318029536198
0.1782991427795802
0.7614796017065261
0.42835264117868715
0.33527459165024015
0.28973195472257846
0.3869954339589528
0.18323474292834502
0.16121736618577592
0.09215341813514705
0.2220938584279946
0.5609705483747752
0.8814255436088813
1.359326640539736
0.07312251180235363
0.10933741041262877
0.11706437867384391
0.6465381967376138
0.0441279049768773
0.1170813695630413
0.5987607087190033
0.7431657596191548
3.6404627087451478
2.0909878912469746
0.10475138991812875
0.11136089040064316
1.4476805051966
0.04953487871529924
0.113885547771643
0.29565397079810335
0.15755113298424941
0.403427404905076
0.3036882226688601
0.42903078722881405
0.8993879892062839
0.6408899850981845
0.24910557463991376
1.2190121807181626
0.643176322837511
0.08324971753359113
0.07057008038602434
0.39281205425766375
0.16610876682590983
0.14988214981435474
0.642789839667031
0.18199473904722172
0.2792504638197796
0.5128912488760935
1.4852431246236952
0.20725783721008983
0.08001327119206118
0.11423925575382589
0.13269149397559898
0.19060976078710237
0.14639924335693297
0.22251052536616908
0.2583966708262817
0.21420798521282503
0.1226512768061879
0.4086402741395491
0.2164047768415406
0.07053861976962367
0.23610192809859068
0.21523552867237014
0.3930109254092772
0.7747528506518455
0.836164563190164
0.34584429424093827
1.5964883671142247
0.09509263067450031
0.34304561317130366
0.7887691471375564
0.2017447726282984
0.06682117472773158
0.8269558942833705
0.4325329245309423
0.28090365582351595
0.23673177492107567
0.0065980552090320055
0.010641082140646047
0.20011527308313973
0.8352979389057418
0.9537768995464584
0.1853544099498548
0.0865807754535531
0.08523921118654068
0.17493614521017464
0.07349088447860917
0.20364839462813208
1.2214817625045908
0.16983697765047384
0.14299535895287316
0.7386843046325267
0.31362075418976526
0.035515895100291586
0.9146509633560718
0.04666324073243958
0.2174371494987578
0.9228389899947139
0.5182583448196425
0.30989521920039637
0.3497409972072811
0.15450302019683532
0.12643852049086143
1.436320749779691
0.5820314900878095
1.1742405789368386
0.5505896413501203
0.20003141925730178
0.30819210575647504
0.32777414025214446
0.05677627664090977
0.06413083893181178
0.6474741752962226
0.04000336221385476
0.6845907533773516
0.6148486111313137
0.04894626318795586
0.06355426647316392
0.9467672116918742
0.492290465959662
0.08139344092921592
0.10640927306742086
0.11725887231111963
0.09086593067487654
0.2541747043459349
0.002126246220476783
0.16981434196123116
0.5586936791837412
0.05554840089529677
0.1011829663038698
1.0672486637740657
0.08355506618372821
1.0031784267541592
1.0471089726305638
1.1744698820639534
0.16786800180017214
0.3098941876568212
0.0445809007017202
0.8940894468231033
0.22688054365979185
0.42706027794863477
0.22216774698226793
0.34526628202479487
0.32444803740423095
0.23686937601108118
0.13315305815819392
0.24445741365903662
0.2624191530408225
0.800633749526662
0.0731270652755167
1.0486857338120135
1.0098941834114326
0.08604700663241414
0.4460678810551376
1.8266098549306506
1.2368145365570455
0.25021312792931033
0.3177680213856937
0.0775814187413664
0.09289524339789736
0.16557918106739278
1.823731687626124
0.016261593979070454
0.8534572463977114
1.2835395892749177
2.273378950561623
0.11587803584316088
1.0326907612652898
0.730019471677569
0.11315051529431884
0.4921376297667574
0.3326841885853057
0.21278542926149172
0.1766691267073574
1.1139672549537052
1.0663769638555742
0.4712918812968759
0.16863098285861522
1.5302568962809486
0.2511339033671242
0.06428490438607304
0.8275504979561037
0.08471319350771918
0.0825579614479935
0.9834170730060376
0.41603958870253555
0.14927408615280277
0.11451720042029642
0.4677930743362561
0.1167542195003208
1.053370784549762
0.18457951479875
0.15789437810227222
0.38981963833615735
0.19424083186215346
0.6619653493654777
0.7020144295850498
0.18483574078587253
0.3457102318679001
0.1672587255603202
0.19990472663279008
3.310166308372308
1.033736619735793
0.9621936707308271
0.25127349425282225
0.909162448331704
0.12129683458592641
1.4287000315699359
1.1973401170582818
0.7404550171109553
0.30507623680928386
0.3141483435700091
0.2552815017937007
0.4684344654078491
0.4795386969255854
0.3228023576083352
0.3250328252779342
0.6401724468438157
0.1071199069551491
0.03642765352908248
0.5668814959376668
0.5324735820672485
0.028021782616735394
0.5218854368107887
0.5684064689100359
0.4819328577950446
0.2634981766517385
0.20533606822606865
0.1515175633772239
0.33671611228401727
0.6405119284868913
0.03717166595330191
0.7890920764537545
0.23833905830493604
0.27705128626089676
1.14267890747985
0.03979206600569635
0.3506156542763794
0.9144333298737523
0.8054781998998981
0.6908944928998884
2.0452101736532073
0.18239533436630329
0.391184185443686
0.051596294885886844
0.6772380180016913
0.12112955687708818
0.5046908732149008
0.20385576227331753
0.03608510434894424
0.08518135937988622
0.19057895491658042
0.010976491256826183
0.3025794140050637
0.10055271956632172
0.6761283387584515
1.6906615879552522
0.16931658313158462
0.8812685798602077
0.7963299182435292
0.7542394916291177
1.7206395737130358
0.04582409529038884
0.06816510430573082
0.08874630254868854
0.3050002967996589
0.1868017450304792
0.11853743822713972
1.3303364196122656
0.30731733431805314
0.12713602141854008
0.3329206495146664
1.7142355173661303
0.15232972407236747
0.8567115927625966
0.4052673779503751
0.30964404406202795
1.3807975866212454
0.09551852229819027
0.20685664459383327
1.3696430200973355
0.37298511170480064
0.1655308914674983
1.0241329590543722
0.29544448917290606
0.08175546951832631
0.5569437575914978
0.25747290686664537
0.6134105224477092
1.3226090066018426
0.5770815728731563
0.12419387114455997
2.0660550027093407
0.7765189527278512
0.08177776595785814
0.3515091400635472
0.34388171538292794
0.21669920784696306
0.10843169324227127
0.8371421766098472
1.0084403489363218
0.9118178957337811
1.0230789075577005
0.4049603085223286
5.808990699460918
1.3216718190466017
0.30789053046980747
1.8198382779114648
0.12151584746739723
0.7954386724935728
0.33719947921704785
0.04621648680373228
0.10521095320975435
1.1472147471997216
1.6371512202702625
0.7858168994056572
0.17923695407814613
0.1222262727187849
0.018184433677658124
0.18750814428374943
0.6677207057724807
0.4258218404869705
0.6633810773068068
0.43712138776936404
0.6825370115634742
1.1309130752371621
0.9308718457387424
0.291784555271554
0.06854786497146331
0.2927915540356532
0.06620022047532909
0.19254830194140787
0.26867965926081144
0.21194529245747723
0.1215412501940181
0.908989788738815
0.14493246800117812
1.0922314680149436
0.02375839453989121
0.24044165153466854
0.6693129937048378
0.10280343437023359
0.18295612968914202
0.22210080062833557
0.17314704007398452
2.09135994452852
1.602533138135385
0.7085336023663477
0.21929934717454608
1.137873216199737
0.3097407157886274
0.7273145702109445
0.37663457727129795
0.0962900642054798
0.2651661360210463
0.872020612729763
0.5945051526494662
0.6753442839412422
0.9162945531148999
0.7730186470143534
0.6016903820923597
0.1490817841856039
0.192473283372157
0.42271098788658107
0.6670598042465549
0.07173235187807342
0.06292984585500665
0.1818404823770994
0.09600190571316441
0.16110047765478896
0.7385726129253289
0.03197508519736357
0.3555006357871361
1.0778995167013352
0.526635571738966
0.10294869449097986
1.14270675844732
0.2200085849105312
0.1507441979018572
1.0237781230548821
1.358360500359301
0.29436623110603677
0.36623175109667666
0.496324352574704
0.9274875201674153
0.3744125544370224
0.5118382134373622
0.5506605275533171
2.6778234315680765
0.3991454881093028
0.5001961348480607
0.7143766566806411
0.46770661509765654
0.3482155724840646
0.7872661408389118
0.37284550522221227
0.5693125309186113
0.08271398644195761
0.11332012862238942
0.017574728733719885
0.08649259583887932
0.11061630541157436
0.04825619824990109
0.10355743084195249
1.8643794703561674
0.5951133448764914
1.1242409104437219
0.1566672957689558
0.3101657197923933
1.8714478107142387
0.22133107630107157
0.8663854940028074
0.41639345844106324
0.17471598530694463
0.314466579295807
1.9930023241079182
0.6317840891048544
0.5261723714545439
0.4974456525503273
1.2174939130931084
0.9702830526667768
0.2828061279666165
0.41321462473600956
0.06655427357831022
0.2811856316152262
0.21785758120860968
0.11717321403333734
0.44368919543098617
0.031186737959067744
0.04948489449494229
1.3107681942289215
