0.7982120145686639
0.20619509211227874
0.3469207048760528
0.501531709013668
0.3354005590676749
0.10573115068769456
1.2346582101634451
1.1290146347843015
0.5610132106305902
0.3483179798809421
0.04787496830181435
0.9487732917634693
0.142311647255949
0.18366589197711486
0.11287605759554581
0.2906138066524427
0.32332757547070623
0.6093467346403776
0.24944399137328876
0.4765875709437416
0.4179790630813268
1.1107713623399242
0.8513997998299345
0.24675947558017486
0.4823466946833613
0.10927379390453683
0.5342616594508358
1.7982448202837387
1.4406577839514259
0.7926192503854478
0.8962121069126963
0.3571975351326898
0.16639972669487543
0.1580378530283969
0.11570634997422305
0.2238055174351393
1.4582884748581901
0.474650094313032
0.04863414973445744
0.8658658079867043
0.9157680262586446
0.4192186950868503
0.3602192510580617
0.06636559519339821
0.036854951671440865
0.5259369168261454
0.947383180011244
1.137044660498336
0.46123729281665016
0.3378052503319152
1.2322308828515955
2.0227082867159836
0.30086294308535033
0.38145320454828774
0.15235473050127207
1.4186678246634687
1.0507506336232395
1.0323280132760952
1.0253000670306336
0.02648198439005301
0.4331047617804181
0.274535767713707
0.02820242492422982
0.6532705941579015
0.2775120538751266
0.851250024714069
0.7910460411788207
0.30274114419028986
0.10400936170998255
0.9295145039270122
0.1652771587250213
2.9918173911864026
0.5430530011790641
0.29312975536794644
0.3315088676431622
0.16388870378996417
1.1098290043460062
0.06976379034757217
0.8348542615459672
1.90983594679503
0.4674154717742016
0.7911299037383624
0.25203997109714826
0.09415522708910373
0.6082035785857168
0.28910833495434796
0.8880111190513493
0.37965298508521894
0.06921984485847443
0.08127668478112834
0.08112574928021701
0.41491557323249795
0.03447679628753258
0.5563003803807683
1.592786002756499
0.6786221829997143
1.6276717644434249
0.8026937301703786
0.07331556760165324
0.08043907301713338
0.619885880313153
0.16618393011482707
0.9238145664096448
0.1577179723615739
0.35664333628610806
1.1781970668765132
0.3063549321632711
0.2645358526509992
0.19890343816630646
0.11543258918142767
0.22180858607901435
0.4232702605752699
0.004590717070768635
0.15671842779696202
0.5377086048309239
0.8697227934659223
1.9068192078793462
0.4117868565479632
1.3188058578369966
0.522053001549788
0.9239591063036428
0.03815398658174556
0.14215059828425286
0.7099555251883519
0.5286408167565977
0.8939428610763832
1.0854395714481508
0.4520266385267683
0.11993312978358092
0.5494126402200669
0.5439275458769921
0.6455100904896144
0.8845579166078535
0.35182278233367875
0.057902367816087465
0.6121517182762413
0.09103484575164819
1.2355044428486994
0.462923828773303
0.25550334114342726
0.3075830706681065
1.000103752674929
1.030492529639507
0.3674722344833697
1.4882794571764588
0.7149485912952631
0.9634290089884469
0.5282988483287034
0.24874612853738304
0.08211411393010809
3.298994114736522
0.5600387538783426
0.11055109317365505
0.3769865116768644
0.07551899374276426
0.02454979674247638
0.5604035703334455
0.05094184318965883
0.08597696399434795
0.17623328923317513
0.014534594979237894
0.39154318229044754
2.341769423072081
1.1042083861438756
0.903499548175485
0.3189916235337767
0.15062376275129405
0.25001624782351
2.718672408890918
0.24449723433531473
0.32632567408943863
0.1622287408284157
0.1256539108245672
0.07739930739237184
1.147679894027429
0.885337776691906
0.15539166188482295
1.1819518471123185
0.6824434860298471
0.7641466355781207
0.49402143543396587
0.48395069871054963
1.7540261373467958
0.2231388955775544
0.11965189174341943
0.040994166781798055
1.012721064009418
0.4788229431799046
0.036783490782119996
0.2863442070145076
1.0211041978450601
0.11216497034611135
0.3738182759430271
0.17983636950492632
1.4309625268950183
1.0890120759316466
1.0837757627399391
0.5187120295568173
0.08138764961101788
0.20706485663174187
0.219623590129285
0.2542229293487444
0.2725764902121331
0.12308468921753085
0.7221526988625093
0.12958402967191712
0.4011611634014963
0.5472821129171686
0.03335791051830411
2.1528738846643587
1.2500723965190523
0.013970559979089
0.2956742497706937
0.37659235549311093
0.3540508042029814
0.5109424857857708
1.6217300407221935
0.3907686781449771
0.15995271984170437
0.3611754720555476
0.4656230054961152
1.4409303306839532
1.2328466572485641
0.9044630838825208
0.040898449318728686
0.5372508912733998
0.1654093523049796
0.2340179530602703
1.789674767274601
0.3894891100225714
0.8898652480196847
1.927219895283504
0.4391961897742204
0.33078770442193867
2.1201032123424968
0.35569035186506315
0.21359854606719955
0.19772661838410896
0.24691272630575928
0.3047685922111772
0.3806688966957286
0.44420960930307857
0.2009716843804462
0.055358036367227845
0.19617563397691623
0.1604017956892789
0.4678792196850224
0.0862974049776035
0.09302591205615762
0.17260135859617654
0.18660515676525846
0.053167799068165746
0.5414706648070531
0.2328366797604142
0.8472225098408148
0.030222261166496813
0.2878727185518069
0.31258256332156825
0.13244882275430916
0.4834251219906637
0.26530145545064815
1.623604857378714
1.1776819433803063
0.21713152874858
0.08692502176209566
0.3147368268320165
0.008696852729819314
2.1429153563135435
0.3001688424554763
0.0887314923221852
1.8829864554075633
0.09017095715730332
0.16014791923965033
0.6390627874553572
0.11230022690847155
0.6297680886873962
1.719992962561862
0.3012807536135878
0.40732095913814376
1.3247927922415355
0.26720764367398436
0.16779265738364849
1.5596978616957209
0.04856576835383252
0.3872102872812546
0.6050391598685944
0.4212846675828891
0.15992056878723795
0.5345553154197178
0.42804200634716805
0.2788433870096451
2.713252279042316
0.16531173856593415
0.35154167389806584
0.8426648911640217
0.027756955844575323
0.9197981561470692
0.5312726823257843
0.18733467352347682
0.1835539579418489
0.965036626891798
0.7299592640603046
0.21060164234367026
0.27134403422311937
0.7408237921531013
0.1946795438157398
1.3264041154489545
1.359632646295427
0.06456205764564038
0.0617226458350864
0.07716715795603458
0.14722498490624625
0.9458194041993551
0.07295074215194718
0.24348504667114737
0.4778528063200463
0.28146158873599253
0.919377582988342
2.8386533896114794
0.09427844962536676
0.3285880783099505
0.4962630575601464
0.9907276124949685
0.4553850254770412
0.5955837875050821
0.15357276710410986
0.022719651855171316
0.5876722355844138
0.77266167590706
0.6878330703045555
1.0694438713722534
0.34812928746328187
0.7920637362328604
0.3083869770594335
0.8323145492284242
0.6517149374661817
0.38000862622391113
0.448820205153538
0.5809375777976448
0.6064818531107653
1.6015424756752916
0.12390505986296373
0.8624334801216255
0.12013246823285774
0.11307666769385764
0.5012984092563474
0.763365211150811
0.25763643285159604
1.1540372947565045
0.3436988320105044
0.7394880643346237
0.6818001238569341
1.3000439160154158
0.7049240024010459
0.15192432529342156
1.8024525489453944
0.19948856431365064
0.8188245338203979
0.5201352514923308
0.20738345309198586
0.4513130124344952
0.3989422572913591
1.0931622138641395
0.413085566320823
0.037289753128469
0.07527775998336697
0.1990831322808037
0.7104428589471706
0.9153582426595113
0.6160080497296078
0.31022422106661557
1.709033903408808
0.5487667131528507
0.38227102310801964
0.47412974301155364
0.5514362356751165
1.6015427689448318
0.1565111542616536
0.41022783865871404
0.8440821676895213
0.6833291634325717
0.5601975517064502
0.5017052051196933
0.3244445066104149
1.028853711126973
0.13908978668902638
0.5750282526622101
1.5888165345416851
0.6561161229680375
0.3323431066714454
0.8812200830495782
0.1588895119510347
0.7132795141292142
0.403736775607483
0.1552533164490012
1.167224478242225
0.5607393991163414
0.30725330153495617
1.5112121697275547
2.057532744400954
0.6240601367135284
0.25525498415353176
2.167530389661357
0.5986936801259154
0.13363874452272653
0.410614547370015
0.3124625015451637
0.024495867377377693
0.8315335656792258
0.041436645729923886
0.7278870802507463
0.1852395575529959
0.10958575794638986
0.581357207808653
0.7912652275406399
0.5157600231807472
0.008627016196640256
1.0037970135536938
1.4224472116995015
0.8241073503627806
0.6298315671691355
0.475159777552885
0.06812445212330302
0.468143372908328
0.07861935436864688
0.06281966135486589
0.42795712230177446
0.02321540406054457
0.10975213965139088
0.30438579223764095
0.3931243689121971
1.534161264283783
0.31533824165353114
0.49028471542143764
0.08654086900600015
0.8879925631222666
0.5666059203892706
1.4994112837987155
0.28973075095607115
1.1736891475967686
1.3238599885408424
0.8292449577653622
0.24553696149488455
0.7630776581755075
0.3627122324861993
0.6479535672956714
0.6458681961771129
0.45178498607612416
0.2464940835210736
0.12110276818590221
0.6838552415636237
0.6877505967405249
0.45858024151422305
0.1614210928658909
0.2976877718410669
0.06609061033860977
0.06082976247654551
0.6086491879495344
0.2046186930649284
1.0597354492035174
0.15774876202977323
0.18303278587485916
0.6113677039403622
0.688892992484157
0.143076014863754
0.6736400761516113
0.5922295085249613
1.3760757910005572
0.12669212303899177
0.028970163586903137
0.9974419272387992
0.9108577081580056
0.30197107264012213
0.7392116353422928
1.2477408288680527
0.407397623143039
0.44296411178636236
1.9144497546897772
0.1560858967130187
0.6577398844229969
1.0858282486094286
0.37664617856708194
0.21255387253739008
0.498834306183372
0.2010266120996212
0.047311350181361955
0.8729518226977331
0.8216872274323394
0.21326577104974842
2.465404215690226
0.4897180584245878
0.5424712237884447
0.729347106478498
0.14261848256406803
0.06702687647057816
0.3729175499672937
0.617533786040739
0.3171901984063751
0.4159121704837449
0.07207957982919976
0.933729065224068
0.9565585431841249
0.30849693239632026
0.19453538306702128
0.9243829186855584
0.49771808099773046
0.6693149789582891
0.9751543282363729
1.026268016330175
0.185098667754877
1.0800257087764875
1.1910556180428251
0.36595475147249257
0.5406962047986849
0.11081322417315978
0.21053547060840958
0.315524411454051
0.26576639036475536
0.10998451698203925
2.3246387336323795
0.5894644174707949
1.5363333556409722
0.0417070961064353
0.09065558020120149
0.43576459201941314
0.3620455257736751
2.1231565485242805
0.2462716589300562
1.398811870383978
0.7679848612336465
0.5790277094577736
0.02050016102577729
0.15570051426138432
0.23875729150914957
0.39397747079413187
0.019465172083211503
0.20363070553986684
0.8568290605736326
0.221019799247803
0.06934502952620715
1.3490688652569531
2.506981186729542
3.4679721183193473
1.2308281090419564
0.32853728943715504
0.10105862880968065
1.6524703875583806
0.048212429661996715
0.8658006231323206
0.058956139410819404
0.03308096540554737
0.018373894825279947
0.20223477153037858
1.316662074222723
1.6102613680042548
0.971822577394443
0.27740053810951293
0.019388367956779146
0.1585909898699024
0.027419210986018978
0.2669083510652896
0.16350527832293374
0.7517021257218811
0.026802106010352794
1.3513267038289234
0.09454192203349852
0.4471480001898357
1.5410150307552344
0.46333624337140633
0.5077494635930248
0.2588055825530064
0.08054708550913393
0.2155916333841874
1.2323409538962051
0.05036710860328406
0.11629272610428047
0.6359209658779237
0.5426722216610956
0.5749429480721091
0.5632971706189245
0.2610884485101507
1.223355449207314
2.258314815025443
0.2480137291395404
0.10531845337363821
1.1630168136186234
0.16473970961050097
0.7406949161471876
1.2836805876414212
0.23724156019456336
0.28899460153484174
0.09247033870584051
0.28132687357690483
0.14901763751133112
0.9234410412078456
1.0333896936575757
0.4165395408173398
0.8146015161317752
0.3158618695102556
1.4032041860611528
0.4972463500504481
2.064343958900687
0.867340242230319
2.5545987495077984
0.6696732927039619
0.10209262724112539
1.1634534998192925
0.23848170115863082
0.4388387402470456
0.09921388443070556
0.009493408863775477
0.172492057088999
0.21487032255732408
0.2742808791328231
0.10295535608228605
0.4006557729337719
0.5015160613949987
0.20864544659722203
1.017700876300846
0.25823465614926866
0.3663068225977256
1.1272040895690265
0.7839192299771636
0.2053325183180548
0.189768490606819
0.04500448263890081
0.1643107866242841
0.6396041166526832
0.07402299081650604
0.8212305331145524
0.9457935181587386
0.19360895034856093
0.12602996802688024
1.3531645530347378
0.10396155126097092
0.45595368848772727
0.6692656347553393
0.04766126035998256
0.12445987220804809
0.8842560397725775
0.31915195273357566
0.0857115370778566
0.9248652896868891
0.12516217926857828
0.15579914489064275
1.185881108957242
0.28050522218470375
0.09849935625024174
0.6079116921786687
0.2524402706199276
0.1652097935602796
0.12304585326452641
0.17701623730840277
0.21791516345578274
0.6124768831846911
0.4633402835802321
0.9989993555349312
0.8894068846546158
1.6769999516255583
0.277008781284521
0.571618578061119
0.03898922489343993
0.11321813690087375
0.33792563537028697
0.13281568074114566
0.020855832710990046
1.2810191458214575
0.816940538280097
0.8656459755218503
0.1934276293570399
0.2538768818886483
0.978983680847962
0.5058806170047713
0.7390470745226085
1.5123469000170477
1.0677903873137156
0.16781449833007647
1.1579789952653627
1.1909275513215627
1.4851186052858592
0.2137952891518272
0.6784544676966366
0.24718449909260354
0.6347943608693194
0.16251046505836308
0.09524123720922491
0.008639945838816034
0.030678015079263498
0.032438970727620926
0.364134327136925
0.5328953263489732
0.5311021695213937
0.42233361510205064
0.21435160861763758
0.34380668094183975
0.027010541601179588
0.07121183575945422
0.18408676898245327
0.05998962702391383
1.1720633604833968
0.14474036769360557
0.12055141406454507
0.8052183724376213
0.5725745983425389
0.2406469804897707
1.0770689713378583
0.37579349749689017
0.010347704830927744
1.8899755537658087
0.13666929703604658
0.13101934604745943
3.630954381296225
0.13143780591416465
0.07147623423391013
1.1991442317556413
0.3993717123322158
0.12078517790030904
0.07327557946821565
0.02847165508727859
0.08476438371874774
0.416077438727232
0.006156526197176674
0.49230582143469487
1.0099383783329436
0.392281047276686
0.36871406336682294
0.26271819089531134
1.2158481200004922
0.12576542245158576
0.07343266009694398
0.5971198336616038
0.13651981864343857
0.2867316577385683
0.3749634918059497
0.4483396016073942
0.23370398855434385
0.6482900910485841
0.33389790492426974
0.3772814396266359
0.6540773127700051
0.7774962399535275
0.768570470699786
0.16992705486118156
0.11683380763262147
0.9397204602494301
0.17983770569591584
0.27477890673662614
2.25454757075497
2.0458905906234053
0.501040971105524
0.3537001422357149
0.26932706885275964
0.10244453981097879
0.12308637588556048
0.3484126267765344
0.0352339697393562
0.5027108797619846
1.0342031832838936
0.24729902519589297
0.5557218720424878
0.4064085710713136
0.2685041997846591
0.45542115152577595
0.7036522364070773
1.0569700911078401
0.14008122850891583
0.04348955471698142
0.18917318131089794
2.336464615019972
0.16206343157545702
0.1543768948625489
0.6502868864415724
0.6951876409862252
0.8545718524153361
0.38185897276877023
0.5976175707137426
0.07781341986582535
2.557845497758334
0.9571006661501411
0.16177218990125558
2.26265574908555
0.24174774415540012
0.22922041609816407
0.36525165092931
0.2110353251085265
0.13609762174117365
0.7346538463472542
0.3879480984799044
1.432292258384313
1.165658545455588
0.14133740900661698
0.07729933449490405
0.93382342261232
0.28188729051237227
0.3694004979468032
0.23485118144027708
0.12795801943172264
0.26447122569656234
0.5316067501266054
0.30551155589537543
0.05520610435273537
0.1308429647641221
0.10251673420417699
0.17188977981695375
1.1861605568685452
0.034522072397228085
0.10443872160458238
0.30570817736752426
0.2738472726532176
0.5012602081910746
0.9230476242289821
0.1617764140383324
0.36706862888192116
0.666660542039892
0.061668945194921373
0.30951463743070445
0.054166171420067785
0.42404821853957814
0.040319098248245075
0.6743194352517443
0.20238569606906867
0.8959222742183166
0.0446771298716612
0.4885150241389591
0.05818370099171958
0.9880730381678859
0.5451852119245176
0.41535223918381425
1.9795228737443127
0.11081577346040686
0.0960564271252083
0.2597320065731746
0.5900925302855575
0.08739210147284587
0.6839939956961022
0.21820163182635544
0.06404233357491897
0.8375952362249299
0.7953700677270654
0.1350900965788283
0.6942575979543886
0.9357956562145221
0.38361850894526295
1.0232595480909417
0.2247472813592543
0.688478496072728
1.0098971286609613
0.2633674306454985
0.5319984086799963
1.420784952515829
0.07274017330496357
0.0547624955299466
0.7858141804593904
0.21358214221010066
0.35584066065977615
2.749267111464681
0.6301464114129717
0.41201697992691444
1.629391231035049
0.8206123964512552
0.5264959212872241
2.4442941111407595
0.8474568824163551
0.3877551009324534
0.3885719051841599
0.5701916018195478
0.15473289745417607
1.407697071583253
0.9218785218589685
0.5484848161920677
0.1948717484891952
0.12001663240358425
0.05225615311588095
0.4063832022491446
0.4728362848304663
0.11140160025980546
0.18209605503188034
0.4991519502590065
0.44806762025785757
0.9648550706637254
1.019702987740473
0.1612743227232788
0.2716756728823958
0.6125586688755337
0.20297358586219877
1.0055152235262048
0.021516825387648767
0.10221157433287867
0.2836938607424039
0.6421013948157036
1.0182104056508283
0.9118154914468528
0.36264265348122454
0.11047201825903415
0.5738682286962191
0.3331173195102031
0.5678360646064685
1.1473330660855146
0.6709437776964681
1.4680048147516547
0.602621861165519
0.27764226889115007
0.06319208705133388
0.010619419271651904
1.1426157778260218
0.7138175922718224
1.2109439359618581
0.07456492836700636
0.6830282868649765
0.2304932238450746
0.6248477263845232
0.05558889597134504
2.554110179715771
1.1220691185748046
2.281925990893466
0.04898758373179087
0.4234086104586814
0.6982554742078263
2.0849335059398157
0.5054050974922827
0.027715188322424228
1.39976710955231
0.006358571304837059
0.32036593330097035
0.5883711238097251
0.4544330115840898
0.5079724934797296
0.160798945810384
2.640025694118552
0.6646284809966747
1.201420672701175
0.18728327791431373
0.544967365880677
1.7479506760345707
0.5128106706756563
0.5004130894599754
0.25342666092046445
0.12464170629118052
0.1335135704241274
1.2011889848109667
0.7050295855737313
0.7653646909767452
1.576442652470336
0.6851767487147294
0.021652641094487137
0.08547392977877576
1.1522563796800562
1.07564461120335
0.7792771241442212
0.13537346322980107
0.19656994842925915
1.2824782975843232
1.5765288548264094
1.308971073871702
0.19465018261553144
1.025756701022019
0.00400320754516118
1.2105915626712405
0.07212016394351473
0.04293887168823857
1.2611062068660701
0.5622596859216017
0.5285854776724374
0.4533894099668556
0.36383127510587454
0.04446436073652798
1.4227760128264844
0.9990285895118999
1.529699318832433
1.4350597026003602
0.46697490713929374
0.8793915959886496
1.5952870082863115
0.31274767444331375
0.1094224832416511
1.0860765770812337
0.7629270275261816
0.2621844824763519
0.4013206626554767
1.3812968584032603
1.9669475735036406
0.7816668225033032
0.7684410459004983
2.433248663053535
0.9273076942928905
0.07420781265917491
1.248917001794556
0.5893185614271481
0.21082025756352654
0.4711171349109197
0.33499710954505746
2.9595420133738926
0.09323386216838822
0.009319704511077196
0.986920630004431
0.8512654048164983
0.8040530015053601
0.17224454496785888
0.25696773903324555
0.9693497942383075
0.7892776988401029
0.24428086176378982
1.9484873753196468
0.7833289610962932
0.22381956826964347
1.1626477163721711
0.43545194230622153
1.634454147647925
0.4797023850810904
0.5012250732154825
0.41055185169393327
0.9523582668169499
0.1626965940474801
0.022083235762292094
0.6274603222005674
0.9419117671867044
0.5245401780910453
0.8271434345512211
0.06593237542572672
0.062390659044805764
0.04455584689008353
0.8487600439039312
0.8604253650979172
0.33709703975882127
0.46701435237417027
0.3152026568080635
0.08381253189835487
0.3733948591244976
0.3216341274432607
1.2051943530166047
0.27910666490323344
0.35126787373468604
0.3484740213947737
1.1299718922500963
0.5654662541739633
0.4096040803329224
0.4843610955324156
0.11436920756617855
0.5158736111805691
0.0931520888463103
0.2010412900699685
0.9746496322145494
0.04128430705499642
0.1349332335516317
0.5665546531262194
0.6119030374066132
0.20040097756122957
0.7812042858422775
0.6663934057190772
0.4767308515810445
1.650777866139988
0.8876287416432781
0.3237084554063407
0.6564220791516784
0.0869544743414148
0.23409886698721144
1.0250849635121582
0.2046173161097401
0.4873591201959458
0.42011608384643495
0.18417003904120138
0.32426957262139156
0.5422335029831815
0.12179239750858789
0.24572382704537743
0.11823894189210789
1.4604468736555332
0.237367769495992
0.25664135031109025
0.21680894765823377
0.6123479625691562
0.332224973762459
0.8828038757483004
0.8532451450502813
1.4926387160786774
0.21217666657047315
0.15344040554463897
0.2722421621287548
0.21744208992866684
0.14773557974877152
0.5075704898520504
0.29022771051883994
0.8290297406055375
0.17706312517010206
1.9969932439823035
2.2346563246953695
0.32392907431919166
0.15610494281838166
1.8010681817233756
2.005637200830369
0.7274636314072457
0.33204656865065846
1.8544536482862664
0.34316496254568307
0.10240426523450412
0.11524292248593715
0.2000611982376961
1.1078496415899854
0.514176332783362
0.10446710001961523
0.023911962671879727
2.1234518456670157
0.8553508353972189
1.3837932524585956
0.3515903629955969
0.18661841256579773
0.0656881934255037
0.30425222047932776
1.2666450724713036
0.3585137747885219
0.33838463642433275
0.2544438216848201
0.32597940238143785
0.6933388862533149
0.911499320492634
0.4238805568981343
0.5813161461029467
1.1797111029680794
0.7580728740044336
0.5089627679533539
0.40082097816158024
0.7143222823079233
0.08161877450363571
0.16566124493157713
0.7656002825122512
0.3143831406978977
0.6937901211703099
1.183895839681632
0.2780265923783762
0.6622730929894347
0.44623439329499603
0.6357108207022009
0.7571748000025806
0.9047667591310197
0.05747588463949654
0.5982796622954266
0.5541454641000734
2.0735429420672458
0.9857504590725755
1.009799360588555
0.7020540159247388
0.2899199589045278
0.030255580064204583
1.104975743950965
0.6883392631100765
0.40996631766216673
0.8076221679295488
0.20762385777034886
0.37116296251438724
2.0711054565189975
0.017087953382999392
0.45310342075756505
0.24470787286834483
0.3221705477997572
0.002097037215444237
0.22233122741196357
0.7472750912106434
1.5666148719629251
1.3490968881918506
0.7483248075284474
0.15732697154259676
0.5372930857559707
2.106305918117536
0.20018355173403807
0.8767705005206328
1.1879360587831538
0.37461696886447143
0.706958012408388
0.6200630892896618
0.5155446432645008
0.2728705231317164
0.36383275082997846
1.5562886496102764
0.9069884664821004
0.9624221757078446
1.687139279740213
0.26584634023650494
0.1919633003691102
0.351362054626634
0.5965206953383736
0.5862341347897491
0.14432695277955243
1.0760765415687845
1.4303519615520182
1.1756457896754369
0.811337421141553
0.17359630588201283
0.02924232765481793
1.3871062672093455
0.27711918909596284
0.3647684910141411
0.89487675934944
0.09653556381777235
0.402462770415479
1.3177233151704402
0.09434085462671198
0.9403818689704588
0.364708118560062
0.3542203816276574
0.17942315457018512
0.32494771922338406
1.2106074549418082
0.4574009368867735
0.06167538046270151
0.08712306954672433
0.15681325091376025
1.2121516139233042
0.10170929467381394
0.11110712987206631
1.2940221889916617
0.10307865354992879
0.3220274288968041
0.6562630247853461
1.1863293421959895
0.5361309491450683
0.6152934467609836
0.018457245371850454
0.577794914096223
0.09665754840156236
0.30354825760018445
0.399866314675326
0.15681058836473175
1.3094616187291832
0.33357639873938916
0.6802363203729013
0.029847623362674214
0.3096908659141324
2.2201281197961014
0.247951572673738
0.46156955029682645
0.02952886816299293
0.7563488498293999
0.11092939829379102
0.5951402285354505
0.5638130322346434
0.12432223655870533
1.4300508583234255
2.779179270707368
1.367808161092995
0.2788954636690863
0.6240907380051919
0.0639270048043647
1.1541188356192351
0.055956215648006465
0.1210595779655872
0.15297584996831456
1.5315049677044015
0.39736043271726906
0.22798710557231872
0.07948572899226496
0.33564716266106875
0.8659014992231084
0.12169967641503465
1.047798956413384
0.29962260229738585
0.11251406206882203
0.05111329620348361
3.3381928057966466
0.6310237689118399
1.1191597247315699
1.577374827310306
0.8653401392378829
0.6686838911005522
0.21577082455540028
0.25370430581056674
1.2272927633564943
0.4743319453457103
0.9472137804188504
0.617172245635641
0.4299774485893126
2.1430226092801297
0.3481071047772771
1.1181250371508031
0.3440305972807532
0.28202776089000436
1.6431868704771142
0.4834588037961132
1.6350497154792454
1.6342551988915706
0.3146890959731148
0.9740451694943161
0.8023208700625857
0.289925334285795
0.032126597602187425
1.5790368390311378
0.06337443078675972
0.11120014704899381
1.8922685691407388
0.07354499311108798
0.3001695125804406
3.1614805533649477
0.2291382358084841
0.44081486126131075
0.7473811067553832
1.0346953012703102
0.9837910890233875
2.38965465352896
0.32132478056121316
0.08521923570221716
0.5016827365660221
0.011485465118636448
0.10686703406700998
0.8031843190865957
0.22266564193471763
0.34916173806949763
0.8248040656346921
1.0993501607239131
1.2586786629039124
0.33727642963259696
0.2204714113527173
2.209646503337751
0.42807110780905555
1.125846776821624
0.14331029321776143
1.1716000534802624
0.9731494716871282
0.03109661156861423
0.3710854545446713
0.5241911550204585
0.38798301705171256
0.6252751032746334
0.6087915323824538
0.4527362659482331
1.8357421790667134
2.182757284673987
0.6345448247103069
0.1632923205743144
0.21368274186275954
0.6853897386133428
0.8138586746305054
0.1857364893592573
0.7800174144309349
0.4646768864338372
0.7661692089891482
0.749690243212613
0.8335416858643302
0.6675549504416652
0.08443534859430069
0.719055490158203
0.34857667440363144
0.24253109240288145
1.0002466079435377
0.16160017235232063
0.37155499156679855
0.4471299186273988
0.06591523856356017
0.1444929171183699
2.72042030775349
0.9698943840189124
0.3200045593096393
0.977626959042073
1.2018434710862158
0.1953984845500231
0.4051633235870095
0.03355207895730001
0.11387155180286831
0.11779459829420197
0.2808925648006038
0.4358829895082209
0.9114882426279685
1.6128456170285106
0.54511872405234
0.09957571967172943
0.45734138106499367
0.5284238784213177
0.6753999267604813
0.42651361633026735
0.6534019476541767
1.7299135877522382
0.09171337351205207
0.4376260516202108
0.9904797113974269
0.7084329549670395
0.3756732916442468
1.390523588351256
0.23827535822231927
0.7437846616555797
0.4681855987594525
0.18711101901852065
1.9465680537259915
1.432063137112982
0.7278845782943454
0.8213550249205265
0.9228715007324534
0.13742514670908823
0.11323960495980982
0.07499474299338671
1.4524196513483154
0.04804083434364296
0.23287173467618302
0.08592367349371609
0.3605224460665169
1.2642496173347542
0.6523315496071144
1.293346408406018
1.6129777869718467
0.8465799551440341
1.626051784741362
1.0080853320543222
0.15715111528545428
0.5065797523093561
0.6528478824783033
0.20801366958067025
0.021365249788448257
0.1519931255112346
0.14365668965857464
0.18005137841040167
1.0984281681098769
0.32521540946954836
0.15322512544122485
0.0733835875810388
0.05433881399319885
0.7244549293040401
0.5581202483383373
0.2500390740863663
0.2910863850761453
0.26312254319605904
0.019444562047432765
0.27846180487752437
0.07136886811618132
0.011644016282261159
0.2650800732573131
1.1455983564692953
0.05188203511947457
0.19028850436047817
0.9930547012620843
0.6885719101700917
0.300129120837041
0.6680481808119311
0.40894685203552494
0.15586711792811767
1.1299166401928287
0.1406657661077073
0.34680664533890015
0.24952165583211788
0.3904250947540637
0.33451511072562906
0.4018537318271994
0.4004978404520707
0.5650958058801104
0.0845291892260706
0.37823331782491165
1.2583622128975094
0.8310125709865973
0.7573726934438152
0.29732064278308395
0.2513987869789857
0.2188944833579443
0.11299148455142011
2.4722007456038977
0.17804225031575477
0.9044841058157133
0.39060479842101054
0.40343456359834795
0.3744776985134251
0.7269107241820068
0.29940804894469975
0.26051316005248903
0.28038444035841653
0.0871973345038604
0.039427586603622534
0.3085821470351728
0.5297835803595595
0.6524845180801179
0.5444844455837856
0.8293491438360272
1.087457335841677
0.19450141348843045
0.7126634126353267
0.8406236762940834
0.7212235176282057
0.8910824753810159
0.5036981169446132
0.19190375924768666
0.2697055065171071
0.28784059647901306
0.9079070092169748
0.6932568644573875
0.22429742080625256
0.6867301290521045
0.26687637433712524
0.05487880283392661
0.35713679385531555
0.4554781137728741
0.24007190072759244
1.159927588802086
0.22006506273183032
0.6710079123409703
0.7189232836288789
0.1189459439686997
0.42543827215840935
0.2669597738512402
1.5673968326680106
0.3195998274210744
0.7622455351162492
0.2305553091433742
0.5748847516270752
0.8496641854290883
0.04618374182878457
0.2033179498904909
0.3916530831218118
0.21826665339405116
0.412820825696057
0.4243668937772613
0.1815141878689269
0.2647986046368979
1.2036927800870947
0.3312957696334904
0.12468564303956528
0.18399417763246392
0.2836803951590503
0.31304436152761594
0.8243873752881111
0.4509024394774918
0.46407870430253023
0.7524251509240036
0.4240776444240577
0.11698778048735005
1.2021539886152355
0.03681657580285212
0.07928607256993254
1.2768633309187027
0.5274857998109757
0.022906777865849114
0.5224609888776164
0.32705123460797364
0.19103446940691854
0.01768965912045258
0.09007754167648836
0.029787323444580602
0.4852064585126876
0.09164442811979136
0.2189597891794365
0.8964436793100764
0.2577216342614162
0.01181139229358867
0.18102023594130442
0.26293560913911224
0.18725576038631647
0.6732056212323451
0.4702330438886792
0.8864230236159877
0.8654544340797151
0.19382298411872687
1.822998534401438
0.045263656930231065
1.0891070218422885
0.3562493091417376
1.0723881906783193
0.10818278139002031
0.07041069938454092
1.3895953190942214
0.6614056836253991
0.781435336578948
0.4170058716817808
0.0739908486893348
0.33445546110889046
0.6578391560680892
1.071905907157358
1.6414578217709184
1.1471965063995007
0.15133873510290546
1.4728409878768707
0.8667780119535066
0.15729206537868437
0.13999232934623518
0.8963156027018487
0.13315704305921494
0.3952586153548901
2.2054177587589874
0.6449005629732085
1.360788464051621
0.018874579796526125
1.2173219510541011
0.6689033873048389
0.26951951579057093
0.2294669619799017
0.08335870012666202
0.722897447786918
0.06515415384185254
0.12442142071965163
1.1922239759333488
1.1452242629080616
0.04892977500057003
0.23832464492315056
0.16147475678487336
0.04454733182123878
0.16819733524107844
0.012776136358471558
0.03990209580696647
1.040793786998235
0.1588727934804343
0.4337429360378707
0.930148671632244
0.06020983071726819
0.01600526751303203
0.8355312595354932
0.28811058847930077
0.46931226633047857
0.834441938626312
0.05153034813908576
0.7351800359913697
1.2015649175052936
0.05838947494975731
0.4822798327756229
1.2227526825813135
0.3262225037091608
0.11991450351723495
0.5831650475196122
0.5861436480487838
1.4944886194774014
0.698579718931269
0.18027811802330085
0.209623534301233
0.23156228099379492
0.07597002109409876
0.4004897954416456
0.25555268769421274
0.02692603559334149
0.24857872540830814
0.6033280575831007
0.0906760456567492
1.4566474210817404
0.8940542455665844
0.009010850752295733
0.029440189896507273
0.8249258532558289
0.07482340211064378
0.09589721593152838
0.6974460018997648
1.0451814781155904
0.14905571179568844
0.24797267716760196
0.06548926476734618
0.10668044497354044
1.4088690158804362
1.8190947369542565
0.49499967269319683
1.5719583440912386
0.061667816903448636
0.1293571670961693
0.9627513717810716
0.7381039124030306
0.07221612121972143
1.0995384802148893
0.5197094950534697
0.3092228139832986
0.3113823630392224
0.32291435455285483
1.1793002701385678
0.7541918785126013
0.7447027908376198
0.5435768941064486
1.6493780373842126
0.35483824586915363
0.137874764364485
0.580621001761102
0.23255141934113888
0.009777375591827538
1.2702909776069982
0.4825508726951777
0.4196648584431824
0.8274742011482206
0.5617339600457154
0.6478262757473944
0.8638158418211977
0.13578870166908288
0.06208588901367234
0.27724017848873617
0.13686896410409005
0.8013651814866679
0.7515245311752654
0.14383653666478205
1.200673835890086
1.3033644023960433
0.07034691388888153
0.10228855221295002
0.27271088810348537
0.23534067689801574
0.281958536744042
0.717503094652463
3.4136765394883812
0.27153692963076315
0.3523142433891
0.6936777521211269
0.5324719816705209
0.8420304133663549
0.014056348075140822
0.541456443053119
2.122222496770432
0.25545395384640224
0.5853226460562351
0.9726191651955451
0.49697805667468076
0.31691425636671644
0.10669567732154803
0.9185390830160998
0.4708602616409321
1.0385817706965241
0.8103588164879367
0.31845262248122
1.7953843085270087
0.0952195407685826
0.18892242621991667
0.7654336226310754
0.782259490779707
0.6027186575378857
0.13211942579063124
0.7409357717170248
0.972065860590206
1.123700482940027
0.40545767050031295
0.5915636086546754
0.2523076245276555
0.0998843588119704
0.6684682060182128
1.5493563846369367
0.20520480537119318
0.12857777752494182
1.2585235777834398
0.4173441019306665
0.11523365409790674
1.4889198742298733
0.6231926650714306
0.3576314020884981
0.5398862181533026
0.19534984028136276
0.4269063559222805
0.16936557368519303
0.01358923752661658
0.9888202880934546
0.6414537741093732
0.4312946382108252
0.7082553833586563
0.7235926958243546
0.6792803513649315
0.4865151190038882
2.439756571716266
0.14064164022164313
0.8091076416432148
1.7857328550063296
0.47460856880484903
0.7595913594317062
0.25666248438111255
0.47590286416740163
1.2904974558483635
1.1103949539985913
0.22470304492689303
2.112619097496442
0.6818862847627829
0.18306880868281294
0.107994523224515
0.8619530059528073
1.0154321920784233
0.1092659034396466
0.1753040550010984
0.10443052761371513
0.3604504047490022
0.16234217319270222
1.943357670350644
0.5480284216987876
0.08273529450620946
0.044537291291150895
0.25783330798130166
0.799324258731696
0.8030464022955551
1.9244881622922376
0.41898388464137454
0.03761269972634335
0.14423833180724102
0.8610638196371366
0.5782921732317422
0.27794391676641617
0.5125107089762491
0.15635616165897054
0.18924261097246486
0.8993985907549705
0.4507029871562198
0.27711896443274486
1.5665928423422883
0.4234352949908861
0.4106235572479038
1.842373539821782
1.958360267281249
0.25685225762283687
0.22234410293840373
0.1643494266293948
0.6491450645849349
1.7639816637929644
0.049879289325781284
0.6582841848699551
0.9097908082005611
0.15295077767273654
0.20147110086579012
1.0008473568642524
0.36397423969471365
0.46713805213765275
0.9464132040058878
0.716872066108081
0.6389272343837711
0.13313439596008836
0.36732969636697
0.6031341427781719
0.2114951454005992
0.016897134667274792
0.020064192473065307
0.6240228993468875
0.22994079703630319
0.10648373512134457
0.5828323328763136
0.25274793248270605
0.1262062348356405
0.6515747353895625
0.2668232975548785
0.20577940801666458
0.19783134412882922
0.0978167432012705
0.49120743973095843
1.4869085784497071
0.17328664650196665
0.1671259823826202
0.54760116371974
0.5332826223379756
0.7367024834877677
0.07463098057370579
1.0588690004042693
1.0529143401265006
0.08266140004739932
0.28763098402906634
0.14831175667444138
0.14842012136728153
0.01666427177120029
0.1340083455492424
0.9998830993616769
0.08893906256870765
0.15273783987465278
0.37140260502617867
0.46134865675145004
0.8592507511820261
0.27923933688002467
0.6787687791982846
1.7433372285029112
1.9305868796018884
0.5250814600428663
0.4063351514620263
0.3189026914912913
1.4485176258845376
1.2876335451763952
1.383190747774977
0.48401240922409655
0.2132473748848873
1.1646592308151762
0.31590254642309873
0.18935707084062633
0.6396848605987039
1.118713949306774
0.18489253399834057
0.5846177299526343
0.07612042463133833
0.756288929723337
0.4523940553798039
0.5536371285430555
0.5138765730903495
1.6769433521550317
0.4012139108439235
0.20312947265648593
0.7700528614067104
0.7221992376913965
1.0269339096540442
0.3033100288254077
0.6087885805117151
0.6081200224147872
0.6550114746700431
0.19498987374845939
0.07376358055636602
0.22719997737519623
0.7929032976273335
0.5854830564201927
1.1139821109439456
0.47412768959488394
1.6284515818491998
0.48652642275387564
0.14811546468997694
0.20606138816444144
1.5925468870700268
0.3160601898650737
0.39559477038472113
0.6276314507442029
0.34198683542495223
0.4957434717238657
0.02162008538830468
0.08875346930661825
0.06263692872468211
1.1211807516388228
0.3285209758647858
0.6823004478414912
0.027806391310053667
0.5391576515339005
0.9269305135503022
1.3008823162774314
0.0735769992422129
0.2670691174853968
1.2435230694034127
0.1511105912922316
0.7288745637555412
0.32031577921805987
0.20327249332687997
0.7847345833916743
0.15993755433549942
0.7916232812327951
0.5662158489993402
0.7520637513955686
0.9518717992644843
0.23364469740090418
2.0368025290023395
0.1869323924878291
0.6602287983676184
0.17909440691578588
0.07764306312198
1.4075283486235712
0.7943455842977238
0.614745879875528
0.954336738845086
0.2721550783274851
0.33515601640304515
0.0581838915745703
1.8924189589071958
0.42426603476622243
0.524866307446479
0.6385978868448021
0.5088986210106987
1.1173060996357715
0.7616666023873283
0.6297716285964826
0.044099694634324955
0.8074043687866926
0.14755025580351677
0.8393785034755656
0.32939612828266124
0.14131112325037476
0.33371515236732713
1.5164268736605413
0.20248590886139764
0.10778943787156584
0.7278808611203383
1.0046734965431843
0.47858680962614053
0.19582192965641876
0.6539190792883117
0.20776427449834417
1.1242158963451703
0.559558401694301
1.8250855167400932
0.06156686823899819
0.007995124862678052
0.01341606789900926
0.4758249340300604
0.7926176821305384
0.7677460140060669
1.2893753679481366
0.49001898321351745
0.11727081472403636
0.37820847754728365
0.25259636868688856
0.16093096874670965
0.5658825108193726
0.21383532526743906
0.2775586133712752
3.2208569891310876
0.7360704925537016
0.2057389723846903
2.5615415010252787
0.5345730172932431
0.48782526733033943
0.41953008006711456
0.4012634189700101
0.5218032269591996
0.9987201830111014
0.09534151418354189
0.8019704153377473
1.2046301909659156
0.6350785121734328
0.564477689403432
0.6440819058339841
0.1728723139499451
0.8636075189877226
1.1173513210534047
0.07420558412998769
0.0662124170963471
0.7643327439642873
0.7455145660976575
0.05508575507538929
1.0494763877612994
0.14524120546437022
0.2988119489568898
0.46567361761043663
1.3795717320656613
0.08728272607059369
1.2905758242204937
0.029768176061560854
0.025125683951565697
0.8351690335804717
0.9038547620371864
0.3465597171555931
0.7650297859919384
1.8488012392160593
0.40602981320060455
2.081311893278385
0.40921043865197376
0.29646544615820714
0.618840619620338
0.176115012575315
0.2790697460023172
2.0987332856158196
0.2672431299611156
0.7075199351999066
1.7254060976110628
0.245454897026576
0.1821952356778551
2.040799986230981
1.1747755189371685
0.369871370262665
0.4607972038347743
0.32794994382247494
0.19034163929701137
1.0706300933084523
0.8002225308367796
0.6610443525686508
0.5459752594420306
0.564629056997765
0.16757179912159342
1.9867770044304962
0.15333919934171036
0.08421110550896516
0.4791175092902864
0.13223449337826002
0.005325345737956139
0.3601320816251038
0.8728557980413647
0.25423954496037293
0.2222572602307013
0.5582493157617282
0.13429656811009494
1.2626657139467157
0.4153024228026615
0.2441374377267322
1.7545693631734671
0.7053444063484712
0.5616090831985623
0.2531797297008108
0.03254999351621014
0.054414536500644005
0.5350015039993067
0.3095350803894756
0.937102817267799
1.5286282914004237
0.12172278859172395
0.8831448345228347
0.1565167048468922
0.3375645071305058
0.4263205739307108
2.4604187288653856
0.1249787955154022
1.1245760760176267
0.18610439885090876
0.684001230609853
0.5957712204281549
1.148921532352379
0.21380805608121847
0.44865551552062205
0.23330134809785652
0.25717803629694796
0.03336974375876269
1.0513146988911495
0.19110588666301123
0.16462313520438676
0.8307308007155142
0.08802393584052064
0.387936293936866
0.1642287190142536
1.940860349142507
0.7385620651611223
1.4434747195291622
0.6921428151824236
0.8758173343945308
0.3049703432459869
0.08189363914596262
0.5558394987702362
1.342375897009384
1.0146716218592056
0.7549807827348624
0.013973319357589671
0.28236557264563933
0.3297373006168282
0.2722008654725228
0.14927300851494357
0.09978189081129586
0.7567298657922317
0.5811008614784426
0.12505319970654136
0.3289332464178465
0.16500040134433394
0.12511537063068
1.1900209003117865
0.3549512628596515
0.34358044333252247
0.2810589992544561
0.2323075976597446
1.0437695836631682
1.5899695744833977
0.4597875567967818
0.6357986359486135
1.4858243149555013
0.27834588829357937
0.5447853871106018
1.1032078143614588
0.7895090666885666
0.24114468564284972
0.9550535548605035
0.26340056720953064
0.07118165240996797
1.6744930407326652
0.672605179503585
0.21213808537610834
0.41891133411237913
1.3908451035896277
0.732041809182814
0.39203314875257717
0.35538507385653495
0.1593805742433611
0.5094152701288652
0.10842184250279788
0.05032914161330012
0.785553189971552
0.013742508736888056
0.17638477809092706
4.601178385637196
0.318799682859486
0.26077648841934087
0.4138978065010701
0.5165093174602453
0.9943115482853359
0.12133120949574469
0.5241443719511917
0.37244215722862617
1.1811573292357525
0.06925548490849906
0.04599176691358445
0.27717547088377165
1.7048282547196736
0.2703215999795884
0.6401535209856344
0.7961284699082127
0.08431836929919972
0.4569411170526144
0.3859064945016773
0.2334500135491289
0.6284617230204956
0.2232138954436701
0.08963666674444726
0.9792473903865055
1.0420478322222233
0.3917714011270068
0.3168132608983404
0.1927214801969338
0.03295430129311403
0.11941509248098099
0.029882803468861765
0.09795848348197361
0.4911970260773912
0.048945147190738614
0.895308080070826
0.5419259337223726
0.4404783463223899
0.8045128471501753
0.09531342379642209
1.7000271674895144
0.37114707431874994
2.1185949851446373
0.7940136734198121
1.0121268135175698
0.30607164268034537
0.07393831844628163
1.131520552586428
0.31231488096296844
0.815208922289356
0.4745194447304448
2.010804772118832
0.19127837956605354
0.7861659054711456
1.269762423319532
0.3021954928922925
1.0722473104718502
1.7764204733784457
0.16519551987331108
0.14835917481815128
0.40781338351999213
0.37255298750806404
0.6933099916626624
0.8068500892689382
0.8265310982208336
0.17097267148612863
0.526817263241243
1.1048006190601853
2.256017390093305
1.9082455200122448
0.2103925238293033
0.3155712693409001
0.2971795918316086
0.9263207270279237
0.30810841888261803
1.4180344072909539
0.6098073075622507
0.8644617882125079
0.456125390486192
0.2574493066077212
0.48761625541936626
0.7409608907482611
0.3793600227750861
0.576598079564075
0.4910762902304727
0.05763734222474145
0.5301375384795309
0.7382892966556892
0.615845191057364
0.06755178424765011
0.6331047813120956
1.6432704945085679
0.7978077011024518
0.792402509118381
0.8563726755821088
0.28034319365925947
0.8929653879924578
0.16056051185815517
0.09731481756986092
1.1551760209702229
0.1057808946068325
0.05952769953793796
0.8056728371044749
0.3906839875286662
1.0114298893435532
1.0131065654913913
1.0000368783756355
0.9983900872519997
0.580049595082118
1.7905989723320983
0.16927715032248394
0.2037736478313989
0.274275813784092
0.10469535150985869
1.0992075991412185
0.1828769395061212
1.401278441279729
0.41773692660153783
0.009075134830054074
0.11688846668027063
0.30670049029408575
0.8114071766261338
0.36850177337354795
0.9371194253017832
0.8993394958087438
0.4582360433469551
1.1930930560196864
0.28031323904301947
0.6355181745112176
1.9138119190723508
0.3687159444178101
1.1895495372460374
0.5811017905828246
0.8548080949357101
0.7588262324598167
0.48249279303944187
0.6536432982398379
1.4278545958555555
1.7701257268506774
0.10503626329562404
0.3884589984470808
0.8597846340482421
1.030131801319476
2.2082931240767696
0.6762793161009936
0.16916509814958333
0.9025112011746484
0.056982840707965915
0.021056583167948617
0.9823168974069345
0.45219832304275953
0.03664133367626614
1.3171833260447268
1.2910340518804708
0.052778686588135997
0.29307504885120145
0.3150646463463653
0.2904092703229975
1.2166541454513933
0.5764613305728217
0.2742537111053162
0.24464385825547783
0.824684426331833
0.0881255249055442
1.094110791137612
1.0090448191640444
0.661271415232877
0.8170826659891058
1.3307587934153684
2.200260435729739
0.6414807103059277
0.11076733083359312
0.04023839871934712
0.009107410617411087
0.49090044150415946
0.6981568718214635
0.15748300389133507
0.5644331618103183
0.20319290373870608
0.0651957811536565
0.4968220663580323
1.2654581033572738
0.4965223398267731
0.6377343264694058
0.08328799150602505
0.1331886348821837
0.32831968385821025
0.12537952802151275
0.12789021160356565
1.622860458816269
0.42811122971539733
0.4242525008485558
0.3844797778243456
0.8612437033491073
1.664629056488718
0.6029051565407527
0.029046388607227705
0.38360984433190287
1.3284447667087809
0.20628349448122008
0.11986328542377582
0.13604711430171443
0.027290836398815473
0.9845199629432073
0.9812028911667984
0.16996684969309184
1.4962151840516982
0.35135113536547874
0.4260149231532042
0.10939763600287392
0.5674181267915387
0.18088471101526327
1.1066874752578473
1.4372025616590007
0.3750025842898003
0.6346455806957919
1.3981342977356261
0.39002264479180776
0.27696530841072675
0.14468820323081932
0.3808339096316723
0.21274823588821812
2.719705837294915
0.18769605837934314
0.5244633834168198
0.2060134922676833
0.0958204377503563
0.5279199476005653
0.36230676292750985
0.3233275773168212
0.3698593595318303
1.4768767725494996
0.13889130800931335
0.3102251756519922
0.4574678782062104
0.19110174884862285
0.02393139643671719
0.7582091756115348
3.053899240488981
0.12196146239558733
0.43074031493441706
1.2417649169689924
0.7197607274372722
0.7943618145036752
0.07704397994649764
0.5394474414258279
0.3361821305708769
0.8611021380771057
0.7483629592327358
1.3711674144931407
0.7734278480617094
0.32500209668421187
0.5331982636569927
0.1565565054410879
0.7136606378933433
0.635797282644636
0.36780017065437154
0.15823546020174697
1.61513038439176
0.46921863115941
0.7007126500858052
0.6247965721943316
1.600402917626035
0.09370266404037049
1.2649632990809943
1.0895797752681828
0.3148649864980297
0.12131156161775052
0.7040554980059608
1.2524757182004143
1.2720787559651432
1.5125808628016626
0.882036428059278
0.6323779658788478
0.46106776920776565
0.029279093128046867
0.867034148675612
0.9612402118717686
1.4497706017396212
0.4389679397797873
0.5865801473807338
0.04349673380964554
0.39855434792330274
0.1217634428776306
0.23226950825131779
1.6924957897400692
0.1532520814021304
0.2732389023188448
1.2742240607955213
0.3060219004989712
0.4227999324810285
0.27953147750488944
0.015707838810558938
0.03824045052527366
1.9257486349220405
0.045487667246414676
0.33938429370466705
0.6398304218004608
0.06133968781590708
0.14033689305917701
0.3413536212249576
1.0847148086461864
0.7796904280246235
1.0872756911032024
0.399321314986982
0.6163390547905607
1.8672557262234104
0.32735358679060594
0.09251928786332872
0.10076473613914795
0.2617981213290433
0.5365167882110653
0.48835217766772926
0.8029616185016913
0.4776872769892972
0.15526622901755247
0.05137537752411042
0.0771884237463636
0.3097626444828828
0.08764372732773461
0.31006371567552965
2.605786323012643
0.03566030573874491
0.027803141961843907
0.6893272687648871
0.2802128821612713
0.23023615178578902
0.5375993976346274
0.03385508607397513
0.4351418944232222
0.4272870974497172
0.17894794172961287
0.3745057327744296
0.15457079056053954
0.13297300857051697
0.11467456796254868
1.1216467934313923
0.2707657076314268
0.44968865676476083
0.29780326159086834
