1.5533799905526173
0.4823905319884883
0.26318745230149493
0.6063393521281538
0.7491714629606965
0.7319435239924377
0.8484718808839066
2.352572849579297
1.2965447897373275
3.443090016334697
0.10207615766978659
0.4590574523305401
1.1622396461341677
0.05908067919737394
0.3435746549036501
0.481722474591698
0.3901392368629055
0.5434370547995414
0.3821967925124197
3.2852330412065145
1.101761453884929
0.20592042753357803
0.03859938298250196
0.03174289462744523
0.6560960698989893
0.712702533827731
1.0674416774342934
0.39798804825552314
0.033670501039584105
0.32538932572691215
0.821479834254848
0.016905577228478512
0.26879488981330657
0.17884438863114355
0.6064789601388016
0.0550801323264276
0.7564150112660547
0.050208443933664165
1.030069287095183
0.33734311889555524
0.49281775942170825
2.226580695192458
0.6725629958542538
0.45693997531364333
0.20960851269292113
1.1516994462806969
0.0480333097428539
1.3085960954781808
1.7767810971736833
0.11600035467241594
0.15780893088189119
2.7041392215493794
0.6681329578575544
0.16770375234478285
0.9817683760878209
0.3183223522958869
1.1785053644364483
1.0541273393037534
0.16807057631210962
0.3696845547597967
0.2206226898945982
0.2709230620075437
0.2753982685056211
0.38621535284429576
0.25889298045178083
0.3605160473915695
1.101137993511796
0.19252917263410432
0.18513329823240612
0.5114947466013349
0.029720917024017555
0.22468578964232544
0.8896177774586176
0.07723065908870604
0.10493468553230256
1.324786832949032
0.3900310562029048
0.29659393855239513
0.9034145291824717
0.19818179106747755
0.003340579502918092
1.4599375534450554
0.6511776961707968
0.2764331825750867
0.7629480610566156
0.12269489402461532
0.09470817134380709
0.8061543855656848
0.22498164637593332
0.21621303087618907
1.1048123588829062
0.17597042339909502
0.5283251018744998
1.6130808345011123
0.0404038714799186
1.3246692103677358
0.8956708807100294
0.03550431894423227
0.0725668591291157
1.7076953777816737
0.596885665454577
0.5789754935220138
0.4405390344649089
0.037132222792730776
0.012864109496401446
0.7436121955032295
0.5887570412512309
0.6213766604282946
0.8859335331437107
0.13751062392815344
0.8387832438171924
0.052606487078315604
1.7232400874709948
0.34283168845878625
2.166407996680953
0.6097506758967133
0.33715774785532143
0.9355836252316543
0.694360036728145
0.04274242422779026
0.0348266700796576
0.3152664308343835
0.35786354544040966
1.269518163617136
1.1658312997616243
0.27734087194892887
1.1091426313220902
0.23451372622765607
0.3998576444102981
0.29024125996977934
0.22762673816214288
1.1736191495248038
1.0116247379203498
0.16274948022918648
0.18607265085731478
1.1766108372779496
0.0153163112002177
0.3433336349119585
0.31838077664744274
0.7133346145212333
0.049671681196942194
0.15856140734252142
0.22276109496437016
0.13309170748596635
0.29499755819004647
0.42172400375160013
0.12318191095302479
0.09311960986450316
0.7719905146697328
0.9408665508989311
1.6850480685281444
0.19247479146652346
0.7499354361995124
0.8715412077507066
0.8630151343354809
2.374444922013533
0.6024747581705494
0.0506957507644266
0.40392508313166503
0.618080221581199
0.5062116810924656
0.30626435269411284
0.5251626545127444
0.46359225419269223
0.7274318131112337
0.543815322528182
0.048165012694794146
0.12775658920996932
0.6109701629245234
0.08992437782963156
0.07316921449600852
0.47226818581267094
0.29151158363801655
0.1888203289604959
0.25539467628181534
1.523965194291835
0.2959951436680587
0.9314956100793773
0.6860620464250484
0.2428205320681299
0.19543155183029542
0.1519110561654268
0.2136628538523573
0.017683827779929544
0.05486837704020969
0.02929781565699351
0.029351965786694776
0.5700219986451591
0.03393981860501514
1.4121384603969507
0.0869723271872287
0.6536385613435242
0.9358036428462061
1.3930573060068188
0.4255028041792926
0.2799777550206558
1.1013772741728245
0.8664012934321152
0.27681381713106784
0.3450883641567312
1.1179618076580027
0.34241757684751506
0.5424264751332175
0.28379202828023614
2.5934439509845446
0.3696433632596182
1.1026054054189804
0.6273530217564108
0.07049852774319973
0.027902263153469987
2.1482051017103383
0.5001623242314751
0.12648309497093269
2.1023852734678106
0.12626635766789218
0.08131971614090165
2.938849118497982
0.11971218096932548
1.4916357145738457
0.624357229759969
0.5517057876252532
0.08000293686125373
0.42756826855019153
0.5207923053888923
0.05973961739742553
0.26904420861288697
0.8352776551117306
0.9170831322939025
0.04969167745102886
0.03885717240237047
0.035310152003696964
0.03621037364812298
0.009315404909303937
0.20538817648241256
0.5002292925101275
0.868285651769115
0.09358208142192387
1.177873549629609
0.13640493511372534
0.13342885619623077
0.7239582943289227
0.6424260524615282
0.3118127423609103
0.7618818892557588
0.1814840104721353
0.22616308557786224
1.297433821773233
1.0076902834802803
0.16370997972322684
0.2171517376239868
2.2712058644764332
0.9694192813533963
1.3197444602916584
0.05103051940544447
0.10438124635279412
1.2252076061522896
0.0039923886678897135
0.30610476220772825
0.6886849399568302
0.32163149842939215
0.31232777524215816
0.653008670603942
0.15632487564461958
0.15289516172429216
0.2694611156827676
1.1951499261422265
0.6475839519487882
0.48281584145075457
0.260948070791732
0.2396042608108251
0.5454355540696177
0.5199830512754886
0.6817988946884675
0.2826500889615035
0.6932590197595854
1.0927372941289266
1.724265159100738
0.13609299441398995
0.3515769065733917
0.05575136519733198
0.857398573032238
0.7384748987253069
0.043676653444802566
1.002236311228044
0.9865235441224071
1.0895717856286213
0.10327971359949999
0.13902091528020472
0.1981497055593838
0.5741075673202201
0.24428933510149406
2.1540021499063404
1.1543729782699894
0.4132849309783493
0.19731638280096758
0.2610272212468562
0.018504797578326154
0.2488208350913061
0.07710964799802017
0.041610583365354996
0.5720520205600985
0.6343687496839546
0.134825890980278
1.4525508758112038
0.34166775825631457
0.1606622636993003
1.0598034123396392
0.5150051651198958
0.2881221438552197
0.4652395433792944
0.7546386105452801
0.45426153835566535
0.7566962997076795
0.643015836566339
0.7601611437288474
1.3757807093742713
0.5045702269395735
0.46400498523838873
0.10318349939590392
0.40681359513625664
0.5443448580154149
0.7453055176800282
0.44637429811374607
0.8080443699965639
0.7667710498372579
0.8622045934193324
0.038932160480930816
0.6275711491218658
0.7370688498013477
1.1365453512390125
0.2395840194853923
0.26344679389703624
0.06960831375958178
0.15247126641918493
1.5443107747683267
0.7906008362479189
0.08348781034037941
0.03480554343008572
0.06271213308296697
1.4353611484156081
0.45791106137934146
0.4058073698841422
0.5193796936990639
0.013973614421144599
1.307366718910653
0.30223327793462135
0.4572411425418649
0.4548166188229619
0.3245450496413931
0.4900256710992027
0.022697588077138158
0.25483080484013054
0.06092949369605117
0.03452820143909944
0.3973332903273333
0.21931001651429663
0.15373476647278098
0.21547779833381875
0.3337149418634417
0.18654374326961431
2.4951272218859204
0.2907299337008989
0.3535572224237188
1.1661351307605858
0.5506776341023486
0.1882040241463045
0.5732757503420024
0.41932260063774235
0.41177029081063965
0.4741668009123881
0.7051145564708327
0.38414740177781154
0.3561249695744281
0.25244043731939997
0.02616327908646973
0.46589459633200486
0.4687115910341758
0.47137370979820353
0.17332281889824397
0.014573951414296083
0.034139876340808346
0.10955405071068139
0.13901897580335762
0.03265989251603536
0.3904743651450709
3.3830474399501664
0.8141554823535381
0.12118616157600261
0.3283538709953512
0.10574080364490855
1.508522182661044
0.4059877159170091
0.03747088554419308
0.981914526495487
0.10234591669668702
0.05683039220904582
1.5169112544567218
1.074147261684278
1.5660078733786427
0.44128619202912694
0.03585681582973786
0.818191035812716
1.2673708196280196
0.15663119166502706
0.08601647335579407
0.6129937202621403
1.9879161420467097
0.7321032340248151
1.0239515866553153
0.3712523216200854
0.2017453438146934
0.08666340212480356
0.45899766578446155
0.7626230013575045
0.2155716354717961
0.13600034975057887
0.05241269392252077
2.121996101514649
0.18253650006836566
0.31584658811324035
1.13182631096414
0.09711482960489978
0.2171598155166705
1.2995095920979995
0.11982331328193004
0.7372611811425935
0.4076433885962129
0.1960755494785513
0.38999933845387674
1.9329328111337551
0.0788997640463714
0.33398906821266205
1.8874277223913503
0.5803950228217591
0.6240636144566726
0.4823844231901195
0.45799164277100285
0.35052701367989736
1.6114852036827125
0.9753256011067053
0.09191272175118212
0.8018312537519061
0.054803189710476964
0.04617499701355478
0.39842645338604277
0.25985439871395744
1.2059233420451023
0.6936666232212783
0.5870951223765298
0.39999708064682343
0.7972661782250422
0.9450306535561719
0.8946700424581638
0.615986680168684
0.1775153350865143
0.9803798079834365
0.9362792235634647
0.0688168812550647
0.06499106687187803
0.2350268542793109
0.0010845811945224524
0.18580903242444557
0.8245916867073342
0.23309846142127905
0.09058020622208983
1.3960049416895095
0.3221025144652141
1.1932119333376332
0.4853306425680604
0.31834577853955154
0.9436787501859698
1.219732863259562
0.40066943220583856
0.18471797191029765
0.3295313768271049
0.8589457752894252
0.893795282713235
0.38074161089669945
1.79439584241678
0.0825123126515731
0.2154297094122894
0.29260964871138284
1.5717472813929827
0.5549230639939386
0.39014948915325015
0.08840746191659482
0.40298554107656903
0.18568659534727863
0.9881651389885577
2.1490805219753324
0.4273899104733298
1.2303676775520673
0.5494306902317266
0.2800032753768885
0.45097333861426403
0.14077073467605797
0.12463103863926026
0.6765615226844408
0.5638297890669304
0.5645406370211699
1.5223509569458016
1.3658503649343825
0.12708874148330537
0.5991793153740288
0.7925343246373135
0.1570830386900899
0.22466676444098008
0.5669233876156281
0.05894599345419067
0.3502771184762055
1.3847463410458756
0.11827701815135999
0.17595925789706957
0.4119557594965584
0.49921084288534745
0.43130237378181907
0.3997873197297658
0.3055698462870426
0.38526051223983715
1.770481941792178
0.22534221692639436
1.0972287306003488
0.8599435732415084
0.0635428215668322
0.3056724737191434
0.5194956755918045
0.36058388494665256
0.27547089525961643
2.48853986137929
0.4641804211298501
0.6131990624246516
4.3041625414674325
0.5405974179603124
0.7978408737671527
1.332612018771876
0.17766400169631028
0.03896570888932072
0.11292299622471663
0.6645551066167714
0.7228434980638034
1.0991107698658222
0.1732097444063582
0.026391199387825498
1.1413444331308322
0.14261486927591754
0.26423623832350257
1.9234296402289046
0.48935367166983834
0.5268473667509928
1.1384791515934156
1.0168797615745657
0.6830042101892169
0.11191497019229264
0.18241462819975923
0.28361734147495865
0.4463050636108104
0.45446777801559984
0.9603000131444597
1.5978130042714433
0.07306249914307596
0.15828303910907626
1.826198837519706
0.46139341040463866
0.40667286552523935
0.18643339277341028
0.10877192850300603
0.8412837914790117
0.793600981887794
1.066331023869244
0.3136997450975466
2.1014852824068764
0.3442846908150442
0.6193347577589767
0.4212780154190981
0.4836467524139781
0.03726374132360295
1.7089989098226848
0.014353918443911495
0.1594181770773441
0.19872015602172316
1.4587945223994885
0.10120831454408619
0.9206297396072537
0.07168795413290957
0.2550708621647391
0.9984606734912119
0.1664610095716787
0.061874947842542556
0.28937895255927143
1.062284870619827
0.08736162317191916
0.5465348203566428
0.20305999388023727
0.10835953144195451
0.2539714581614756
0.04495632389254156
0.08780642280053934
0.7390568549937739
0.23222688388464496
0.2464096803907695
0.6398641583947395
0.0421646106476212
0.1656760017457311
0.5893198084626469
0.8028255623554981
1.5137920881612514
1.8069313491719718
0.4997205638415468
0.6477923149355042
0.8812940936361123
0.21166804241670104
0.32154598654415906
1.196548433552367
0.11154545131727125
0.12860292243196927
0.485840448763134
0.12985051711213935
0.19936553667345577
0.9308104355161853
0.17919574001306077
0.49975070260986243
2.681872934544549
0.20102854652160557
1.220920087904281
0.5166063932312133
0.19999270730105892
0.3656238825263427
0.3534743407133249
0.046066231131099686
0.03188354229365748
1.862440419820133
0.53606102868962
0.5214478746768495
0.7433965717617983
0.27424480445843236
0.933025871450017
0.5026406398328118
0.21955960986135983
0.34070982335664673
2.3070215182841975
0.6933860801030413
1.2731810542077453
0.49721599733637944
0.6898422520899785
0.05806280885079397
1.3549168117674777
0.3831583837351084
1.5296519415060614
1.059164124193458
0.04579509480823169
0.2776936218675927
0.30981392081852005
0.17146087831177492
0.04250240851498389
1.6695533278559338
3.9512364640144604
0.39348307364275337
0.8885346250310159
0.37327746584138893
0.23882431302279655
0.34933063994464697
0.39380482968661495
0.12972748108823895
0.8676757254608854
0.0867596374675605
1.6997290003009122
0.3949408957269068
0.039201236172025984
0.18312662846846312
1.3078039237780985
1.055868769736862
0.4415871052705164
1.5604137173166608
0.5474655760670424
0.044660231832642824
0.2548411615936199
0.5411809822927028
0.8303868060941135
0.33573088369174303
0.32932075246029846
0.6497523469987033
0.19882936873063697
0.6119536891126465
0.4236716272219028
0.8154772706383462
0.6131437067483677
0.015881858708571544
1.3622680669593838
2.7414085749533124
0.07426624380723686
0.23786744539747962
0.10172534384870215
0.3213180464698561
0.463481801114811
0.3741654141918763
0.33947483167576714
0.6252291821514527
0.21735764933533167
0.4579215097753234
1.6491367275393816
0.32205979430810444
0.7411427999414447
1.1033895511975953
0.6801332632471164
0.12044532258193576
1.4050964891779387
0.8614359171275007
0.6879720084087244
0.6082567712354247
0.037224515222210805
0.11402156904292768
0.5066674173760112
0.2520859073232284
0.5664114206749518
0.004382350033251339
1.1362152456929655
0.18277065703228043
0.19646036970193004
0.14905485721553363
0.03896600203607451
0.7185159195588782
0.29082322690564205
0.6992600581734055
1.3971860002569816
0.11435285437393174
0.19245488795644186
0.40688872128086584
0.3905232138378209
0.2960632693770027
0.12838529871163218
0.2633636277308963
0.013715342786015789
1.8585290726788424
0.1721863382862849
0.8171525818841825
0.3311298320993145
0.23262145626350686
1.0735667291952304
0.2617078134277531
1.5218939590565705
0.6822259032537105
0.27244269815230926
0.09215461291870795
0.4131384856664512
0.6078014251279255
2.061937434862198
0.41682679455688143
0.6336663830955191
0.06566820432950762
1.389761548432457
0.5515759227552156
0.10387309821736171
0.13310469858500545
1.025173426190601
0.40860678362721253
0.15983391271425887
0.1386401502677097
0.1052293021885483
0.03282130026662932
0.24025369474537955
0.23404667560746706
0.24385440333445646
0.22194091382088715
0.1456198243945465
0.13382144023246315
0.899349927620648
1.2566048323599646
0.03242088340584764
0.9682176962344416
0.2131809024164489
0.11547607394327003
0.4876114777685288
0.34205576219618167
0.9337242046188097
0.5145620405676558
0.3746985107641535
0.06516727788891846
1.0623864028797283
0.19996024933128986
1.1552583525272813
0.3152918496487192
0.7310749520794722
0.736797272587578
1.7104529862553581
0.8865247299213723
0.12058337648191697
0.5058709024733756
1.938156814908487
1.7412773442286515
0.11543789066237278
0.1079533533507186
0.5613189269906517
0.8960474990999884
0.3430811236579943
0.8356973037165719
0.17858420065976555
0.5568290251975541
0.02694265805470829
0.44014124005242566
0.1440741104131455
0.6084779869578609
0.08904546743424813
0.296896945520206
0.12589105742353734
0.6851385253314126
0.7262922741004811
0.07763039736944563
1.890445069316937
1.1811506901961213
0.22363318731814708
0.6008649855779784
0.27409328130996485
1.121838687209131
1.4425666497912122
0.07748475404031174
0.34962344212638113
0.13434328225402398
0.05236584751692559
0.9433520122912326
0.38455811967550835
0.26296669800525063
0.01225566361845744
0.23088908525065172
0.22231455480609238
0.37218978184633167
1.5112943842441982
1.0672052443770401
0.2093241556415643
0.42571118938297486
0.34436249709162614
0.39874081558618096
1.545659633522001
0.10134517826370179
0.16876304622778843
1.885280520804546
0.14353441087141156
0.09560909792288226
1.1922985244712332
0.2377290337507926
0.3243447481040905
1.444971448156835
2.689461084521649
0.2654398162511143
0.32379800688357513
0.6306015384653714
0.11293359599842112
0.4798186710991906
0.32683698011196394
0.2219147531728056
2.592332353552366
0.21174700703101398
0.17615568913328233
0.676317789096559
0.141684243627146
0.12519672233130313
2.5203817587985653
0.10321510920215578
0.37648692349456553
1.1704347292605883
0.14566492824406102
0.15992828873508383
1.8543088594607693
0.4310429282389579
0.504986101656033
0.5637113847798207
0.047850349468361676
0.216557206801071
0.7383472347263544
0.3437055988510659
0.6268903701765135
0.2285632238499578
0.23381923935391774
0.5181494428359026
1.077775240586864
0.13306330192317112
0.10183600271687733
0.10068178518887981
0.4728754597047581
0.39144689974939706
0.36585068313791763
0.6556033670539773
1.8280248209646919
0.9054532119946401
0.5644251058081622
0.7960439142651408
0.6873933089541888
0.861257288561398
1.3944236160901182
0.5804490243982108
0.24047715886134044
0.7555247712208021
0.3978201065065629
0.6174808340061632
1.277831059637438
0.5759443273271275
0.21167560383610198
0.3418999864908087
1.8244258318697517
0.7178776959750933
0.28286278211804505
0.7975971972320716
0.2672243997483351
1.672177737048237
0.12177008605521614
0.32799897186291266
0.03025855205157116
0.2565962243402804
0.4808368176509384
0.03680100304596144
1.0742029155724278
0.035230437853078195
0.5756071642193636
0.07247969070532484
0.3529995787095014
0.1375435146037116
1.1661047272581484
0.26267757526472785
0.1570992577838018
0.4749708351046509
0.5650241117275527
0.4207327793479252
0.49458526030022854
0.6357541575498821
0.7358266225103618
0.3756337800758215
0.7791074969491086
0.0225753902144782
0.06784931643651604
1.014127796557921
0.8824790643162459
2.0679806838486248
0.72952146716573
0.8361427328386479
0.288280767813912
0.36965933277075674
0.20974629245361776
1.1313730953479764
0.14643510475013743
0.46682274017840253
2.2579330639242463
0.5262809381610796
2.1123351832928363
0.10119741245555819
0.3481074862981113
0.2409004612633348
0.1681304082920122
0.2494829950597506
0.37216334333805656
0.9084457257469608
0.05452468237901566
0.030786570693247608
0.09096946021223644
0.20978257478135154
0.08665624387368265
0.30044204725606444
0.2257492582101076
0.15000511132341293
0.7139493060548359
0.24667506093527533
0.20359665594189919
1.9210094988259394
0.28244301472972483
0.11998651697368805
0.04882108992718296
0.4719019159891771
0.04187384348354318
1.141615917379248
0.5963269206843799
0.2528279749367298
1.386711590428236
0.28085574058321877
0.6055702158079066
0.41936642438225924
0.15751913870159526
0.3913269803933744
0.8223187173770544
0.024567741553237234
0.10778327807297816
1.6897311484012674
0.30548607221965596
0.16214117234671419
1.484025178638623
0.4109436720015105
0.3372788309167373
1.6656112773433276
0.8095905313234125
0.4211797898542137
1.7400491139243117
0.7576252729377354
0.7208464888288558
1.6565025869039585
0.20993318322669133
1.6093602471815336
0.03789332357029695
0.08298476821952683
0.09511259151990241
0.1998434556018759
0.9870272480804572
0.4339936995877167
1.3148348167377366
0.11174457534107216
0.8327794611921426
0.31198470121425603
0.9734393313576838
0.70765083993319
1.691592661364296
0.6999759852310488
0.9588113682796869
0.31782971476513555
1.2146820502280988
0.21430913552239425
0.40989983545803776
0.40673518474344206
0.2151145883402835
0.22939187859313406
1.3741848722544034
0.5088097089392256
1.191731180259057
0.9984640757673838
1.8038693735807354
0.2636585443524707
0.11160400857686845
0.010284892060051289
1.1506724434134465
0.7961521725927728
0.08670043991036008
1.3393830263559448
0.5254467730882331
0.11229350272952097
0.3636233152591543
0.1626930782828511
0.406065262855335
0.4100134363728631
0.1964169983686297
0.07072792718233963
0.6887480086420116
0.09379718248439085
0.2499231171057175
0.6900330893221954
0.6992998119040236
0.050843445799957136
0.48771626232287996
0.043572731914644926
0.2916745974428192
0.8204489211570268
0.19302183489733535
0.33112061577011975
0.4375873229721877
0.3979984656291162
0.30298691150615126
0.23451071796176134
0.33129171682481773
0.5308077356595107
0.2695082000038539
0.4330406963251999
0.00506094712792541
0.7801288713641481
0.4970825734575773
0.6091156859885041
0.3877738277983127
0.05199764974657649
2.645230704782985
0.3999269493354122
1.246983971302764
0.20053257696241772
0.842597596247938
0.9591099773352344
0.36278966666513807
0.5084219297964337
0.14538744086780578
0.7760634715896146
0.4611899045269779
0.44399817132509856
0.07538643797756922
0.6229595238358681
0.01854927115254327
0.45256445977272397
1.890411632494324
0.17757801247467248
0.08198674473053154
0.3044892668899706
0.6061113545187553
0.21003565467932583
0.0804360597635945
0.15833282737409685
0.46919943863581437
1.342743203035781
0.3978200580111593
0.38544633471216805
0.20525315715481804
0.8030640659576271
0.04169118845909451
0.3596472423002249
0.20162937982722082
0.2174986521828494
3.608693397245611
0.1823285319739272
0.9280556499495618
0.2814986026700345
1.3572863930466539
0.7873644047483392
1.3341872702284279
0.19746091822786002
0.35907352440979107
0.43778826563051043
0.18984706633763865
0.2952144856814993
0.6653246538069231
0.1527434271772958
0.5852890327128979
0.202151817213841
0.16466696325392616
0.0995107589381152
1.0050288803353018
0.3546859807810959
1.338975332691129
0.9654666656864952
0.16023594353066126
0.4209620138102115
0.38345745122565533
0.07294489946075004
0.05008230573387468
0.6376771032501828
0.22184062298012555
0.37029979029076604
1.0000690361028377
0.11606029377451438
0.21645341115497094
0.4759445387533972
1.132748758743463
1.8972893071528414
1.3931153760955561
0.2601086051094771
0.22299406626934123
0.563525086899348
0.3881456409642138
0.36374993350336665
1.8154387461370438
0.08650011583867755
0.18088659846338342
0.18457337591660142
0.10731384092090723
0.22176930854108334
0.22928570487898342
1.6929712215478787
0.20930577404665412
0.2435451476875133
0.22955847526571152
0.06745026554328194
0.6532011375795815
0.9263836476211647
0.2538436516127588
3.1325228496224757
0.2544463209378309
0.2163991529909833
0.8121616938993769
0.054044478979049994
0.28765062590092616
1.3846644752376442
0.08485634409336215
1.4333304671734555
0.3752539248808473
0.27883225686418767
1.2958234005135054
1.3805930661589747
3.128744829650367
0.12505987047618985
0.24291716071348754
0.8396581721332514
0.689488968603603
0.8006043189219525
0.01772377327353434
0.011781197374974135
0.6360680345585343
0.4426819477348422
0.15571407304495605
0.1638480612519399
0.36566733878082464
0.9604230232468131
2.3626142801275094
0.05324766170193869
0.4868457351699404
0.9985427975758914
0.6469112772527426
0.3879143738804674
0.2989150872373136
0.8735049809881239
0.8350545686706707
0.010305379202386156
0.08701333160578295
0.7871086095432218
0.684452555357464
0.7568986873141083
0.25366429482914027
0.5639275683424492
0.6862036164837646
0.367310450861788
4.662908382944572
0.2051125111219106
1.1810522020482297
0.34083061152347155
1.6153145435960665
0.08987273339767181
0.05352474320614985
0.13232755099948262
0.04561030583042287
0.790578937680653
1.2560747649900197
0.05122508684439125
0.21556619025357804
0.2907608054651712
0.08138955580385228
0.5127643175144125
0.27943511637387475
0.14283353018694597
0.3593771523834706
2.667088428372068
1.813995591260522
0.11967583107163476
0.0568886286693742
0.019459774269180916
0.3755253526860816
0.19643210832285568
0.4951476809572144
0.8246393834637041
0.3299405802055834
0.7637794005775624
0.18911893904294869
0.34320664500059594
1.0533441318786159
0.5114761537979113
0.619253583817264
0.9518372828125702
0.2555616586480169
2.0320098578410923
0.08809965574322355
0.7266990967651017
0.26633647873868244
0.2155675872302237
1.436033532917809
0.201040731978909
0.0397950337991576
0.23796054814054635
0.03004364231336675
0.05272571429419043
0.4095774875367686
0.11051902804038963
0.09110102675985417
1.0737645478009317
0.3868704438583339
0.07992719743219891
0.2562006506391601
0.1043831402068338
0.07234814051491133
0.3733664617471302
0.21745862140530287
0.08796816391363146
0.8461775092517909
0.4130460901258544
0.3978760180831697
2.444198813493368
1.020490603923337
0.26287940991832
1.0406422240219455
0.7722438312009695
0.3340542817686092
0.2276493256701784
2.0175571721565504
0.7944484664632097
0.4502302779014332
0.010296105177817752
0.11613336178194518
0.9174519919547316
0.05866171757182311
1.0413442676431963
0.2905914238811541
0.20808912207867092
0.5961230835995641
0.2865165683633428
0.08349761331540993
0.17559310333966818
0.23711833929193196
0.7020330990448966
2.245720687211214
1.0589430246985871
0.6145200443322996
0.3815649774762359
0.3647036496979716
0.10266196113394645
0.19388193221529282
1.6887154786356886
1.306811460944896
0.6751053446878884
0.25024682668299475
0.03773153772525867
0.2675084512321052
0.3956735210972266
0.6083839308121278
2.183757715712122
1.180231089932802
0.10247109177361997
0.529089928944745
0.3346519947355818
0.012053707256948343
0.18949653020910726
1.2165604304092796
0.9160050936771674
0.23862949930387523
0.7848940402782248
0.5272177533399324
0.0676001656648739
0.33215631243027216
1.412194927269878
0.013675723858000643
1.4410043750097796
0.04912774768660889
0.157050607776071
0.7825652962724858
0.6041460757459127
0.4428801319020196
0.4081620579194758
0.37214002084879855
1.141701968165581
0.4498414748791977
0.5118337038803432
0.07156841171978742
0.19254363390409543
0.24774737463239258
0.3790221812903742
0.2498875167171614
0.24988629758709524
0.10120172911732701
0.7354939351731922
0.08349314427550858
0.05607195966427135
0.5527052861083377
0.428482040878462
0.07433965853794249
1.2304063783356691
0.10358788811090586
0.21892167297481663
0.1333159684328488
0.4180619442433039
0.6483840140296404
0.7316745102566878
0.6277051226331858
0.5124693391549223
0.8801800367879948
0.5505112672392732
0.14623833091771732
0.11301493010952844
0.12050916432277615
0.28337913863276654
0.08685784433911219
0.3949163213572781
0.269918670465907
0.8793755957070556
0.391000582619243
0.6068780185841534
0.0869501106198417
1.1716032285153446
1.418789346107449
0.4058453599250955
0.642871379336618
0.21143770366334738
1.9143287051684899
0.16520198999395533
0.021117904636510035
0.07187412179438617
0.15591857197553388
1.8587459639482296
0.44804812330200655
0.15535319623066507
0.6586805295109202
1.3029715170269665
1.0032710690295217
0.06153119564963104
0.055116457952990854
0.10092299065943493
0.40192011079992845
0.48810964227274506
0.13833238519508964
0.7108637241307142
0.4378862123286998
0.405487808661802
0.030407790953271233
1.2456184147805287
0.05377902878993732
0.38924890756498504
0.9213691120932059
0.6256079304707779
1.018724148191762
1.8857313675969087
0.09253178163409663
0.11595042324562076
1.1671292720356536
1.133999697935005
1.234003596034434
1.5861952377837178
0.03936401303328661
1.9159518516301486
0.4532053110181461
0.03909261564098951
0.26295087343796897
0.49345686743752964
0.41501410401132827
0.7310750737047377
0.9846565275948493
0.061018248824779
0.4466820989649092
1.165196254965575
0.31159074197144526
0.47962459560748083
1.0972436563699692
0.38772328840103903
0.3684707224752595
0.6055735148987209
0.40369636775020945
0.049472907384403686
0.6996306329101917
0.2738419057028686
0.16753084492417245
0.33329801278141713
0.07251929123729399
0.28497194640108303
1.8204208218679325
0.19741091623077933
0.17975881732063823
1.116737839148687
0.2389366869546682
0.0955492452689825
0.35298540161345854
0.4723239165110249
1.1081677283303701
0.48559210063781094
0.05595138075390201
0.7447785247975124
0.11864837706557987
0.35646645598399557
0.7335476693676367
0.09532973584912832
0.12484416654109157
0.4177165888808214
0.32953567391977023
0.2896658625157451
0.3476162829358658
0.23170676258419948
0.6689750691446994
0.3691686802400386
0.48436444705986487
1.1033247786239988
0.36505789291346813
0.5183878952648009
0.25152531599704947
0.6957368906314971
0.1318178668843862
0.15530589342858075
0.012252385015123164
0.5409035898210505
0.1185089350260455
0.26636847329473573
0.7213180696236269
0.33938323565732453
0.051566091732700804
0.3205617160823837
0.043580652900992035
0.4698613098448357
0.144586907930632
0.09808980417889268
0.29728532470162006
0.21494270875438462
0.25059623444231877
0.9029935191502435
0.6524882286631235
0.15594186396024304
0.1220114376341205
1.050422297057502
0.043473307328666284
0.11110722246336702
0.5418377961373669
0.7540688190986643
1.3073845833455568
0.40004691438930967
0.09007585025977545
0.2976432591521484
0.26835883462680715
0.11484920267952124
0.7738855886764388
1.1741005750574178
0.1356401867780092
0.073806144808318
0.7842709083472253
0.21419394404096562
0.3504211669908099
0.6584051943963359
0.08418963536970486
0.1448936118872367
0.4176704243690624
1.0091036015431911
1.3282891311135545
0.7540103652058641
0.39531704399085166
0.8794380437780476
1.6076527649939258
0.5063656282247704
1.3338404508644475
1.12055016887544
1.8840999577582649
0.1779270006363009
2.6667463540444474
0.5195872570547084
0.17935017974669892
0.5127514414397132
0.4848545982899761
0.802555581248757
0.5872557048433533
0.8003576130383832
0.2646246628267738
1.6892566654994268
1.2237504709983287
0.24681413424320026
0.24411217345519026
1.5145175733648693
1.5996868738712156
0.5914463543557666
0.6823131103458473
0.06687863579833522
0.16521043430603327
0.04455954405442104
0.3393883031581871
0.22215163740340468
1.818163759900368
0.16484035122313437
2.0481234536532806
0.14847340174798065
0.2217707141969013
0.9853117786095364
0.2604170748243203
1.61873286711255
0.197334788374554
0.18747034306040172
0.2556969608375356
0.011558712021851136
0.8910416665037353
0.20001714453962155
0.743983136192976
0.010747109845416354
0.11566448790141927
0.0392400790317549
1.3356152410261142
0.4914879922085843
1.4787093954754715
0.4171947894881975
0.6918175794103988
0.5521641124834383
0.03306430325567114
0.9840725970288775
0.5669130200220301
0.8947142593562859
0.6202137106776867
2.1453881520558538
0.6562554589215494
1.17947055896485
0.5190129036088207
0.5307917586885865
0.2311966356779191
0.17523157668456615
0.2205116998543828
0.3011009019007645
0.45958757501778336
0.055089362709830954
0.7828084765906774
0.5962724447574247
0.183682354508791
0.0409854345132503
0.5099497980011568
0.044100605151413376
0.6960132656333559
0.4260707135772107
0.3415176462145032
0.8185235669102048
0.16290193964960242
0.2919118577820341
0.24246435998744875
1.5018862180528216
0.7976184649779132
1.1046068046131152
0.2999766169398789
0.1962021438164893
0.40535073643339664
0.31126791232888407
0.07539443800165413
0.3120889586635291
1.5024575613336706
1.1390093257193739
0.3622312753732082
0.7417095964973894
0.501270278911378
0.11222519909502504
1.5644307312218098
0.4287464189664545
0.3038495116427198
1.457943948078243
0.6030211503358627
0.09159972889521911
0.22742686872741588
0.05854306923304295
0.9456493861168931
0.42578428383476224
0.35893756500643936
0.35340501931633594
0.36971737907685387
0.5189568073671358
1.2598699270328049
0.09937928116074622
0.28068804255040264
0.7148154832575622
0.6432624435577833
0.24838190077995081
0.1614751369924273
0.5711535991468741
0.5095652927935626
0.5583989432951981
0.47915511355131957
0.2667393321639273
0.31847566988456444
0.7543643448720733
0.15030311069517055
0.9102872896946319
0.476699519790517
0.230602678339379
0.09027351954599455
1.0765096924256194
0.029724852595288023
0.3598255531295623
0.399890149457036
0.031161633029097607
0.08031086537513243
0.34766468725770333
0.8489779000529455
0.8094519511172706
0.24232641356026688
0.02231077450587779
0.8518907757633144
1.8328969709549339
0.21620712543990567
1.1510120198063893
1.021124533725402
0.2524672780612991
0.32624954447895543
0.6011046738015856
0.45839752351703844
0.026127572312059904
1.698709062522134
0.8791262903655752
0.5168368580842428
0.4536389726451542
0.18033356426602268
0.423977507083528
0.6472066075520415
0.1784928061050935
0.7242221257478052
1.2806777353460719
0.41373125001817307
0.6844743476336919
0.7113144954193981
0.107227351927855
0.016590024743909748
1.76317835738288
0.3774654443657746
0.02150018360123727
1.511618129576569
0.018643381969984933
0.1996364134807926
0.15111009423044974
0.1253541591653873
0.01708084457313817
0.7266211105349231
0.24066084503152677
0.381721209178103
1.236147498038297
0.053215567779914486
0.2009970862262952
0.6787920245874608
0.4349178102750477
1.7166124938910818
2.2193796642676453
1.2722023087678458
0.2505957224316804
1.2293906110230022
0.5894192572263078
0.48882282957237916
1.0526201140093276
0.008145632354128015
0.4075353548385316
1.7804336760424648
0.6689259261465617
0.3225887848176548
0.42769122468370424
0.4657017755904375
0.24826541156423212
0.588733902760442
0.12423841425831546
0.14278879749722018
1.5283262958973691
0.2722172682136807
0.6000234216092891
1.3773792816696826
1.5497056856168536
1.5003898232606778
3.6125973913203575
1.4521609207767974
0.5079824676502777
1.0865351609498457
0.6003676212453282
0.3121561854758981
0.8667428367645001
0.8363687819070108
0.3300635350058073
1.3001085671901647
1.0582224598106913
0.5036834581246277
0.9798151330133839
0.6217282949406269
0.14216857371535005
0.3783890538806122
0.054397725247246884
0.22278263002517468
0.6234178407114537
0.07053619728184808
0.1827061920392722
0.18536632171421633
0.292400801630419
1.6820764560311212
0.3189479738394967
0.2860285206516709
0.052734619661139605
0.3714878305350551
0.1058392931361739
0.3713502157618304
1.2762598993966288
0.06489231031957848
0.4683170781471069
0.3593526509336333
0.04811770940895184
0.6750734747115436
1.0782521827689675
0.46218062255568165
0.3110404545596182
0.5773340041877124
0.784628329782263
0.7721336047888748
0.9926838508264548
1.1401614552733976
0.014951464477410352
0.09370313423045874
0.7394822330138808
0.2939797024742746
0.9284911760017505
0.3855497253994879
0.3052783046248557
0.25640900828507324
0.24857173307705618
0.01578375673439724
0.8833976630590145
1.0417612487681656
0.6711424797953482
1.401290408737097
0.01820212041890064
0.8919351396473332
0.556241734418159
1.212296232979518
0.8953139959476396
1.1034651806861178
0.3013532394709439
0.03610887055298557
0.5940133846098514
0.2795082101698063
0.4257177890120964
0.6686274651917569
0.06635895072862731
0.2121054036262395
2.10120909513193
1.3566909128761384
0.5093184450498591
1.9062894989858503
0.6381805999085453
0.4194830134843213
0.05331421609229396
0.7809072209638304
0.5957183701469059
0.8526262595966273
0.3227730030213531
0.33116195743075755
0.7065895140353098
0.20350946926949515
0.03404570896692965
0.513886560952989
0.007733917938512094
0.26015817740612096
0.3006205384463533
0.09717663781152928
0.10861145818761761
0.6042493304821139
0.18152942536323907
0.31517971101324216
0.8711318638038522
0.12559871450568738
0.2523602226384516
0.23089298035057568
0.08496171314673119
0.23987249277986977
1.8990693036932371
0.07931495891597334
0.09477988689953137
0.17812510819914867
0.9923399298800456
1.6330345121936436
0.575435766573883
0.5228692246447623
1.5776254164150232
1.4768783066418876
1.3372943333357545
1.4036212607372966
2.035283532166972
3.3068198141588785
0.34993204805043576
0.4900288126707942
0.41979876205547834
0.0020770223777388745
1.2717822688712863
0.42937950555523924
0.15145596416403087
0.3833305611378913
0.6193972681839335
0.12677015134935662
0.8105252881060608
0.0734284021263807
0.07978628293853762
0.4143254449691034
0.19215624875194626
0.457082854253197
1.0715382904857331
0.226605488650903
0.17112727462985772
0.26313298463813495
0.2913045837962509
0.039027171217644964
0.6490849461293798
1.417676408894014
0.507684270965522
1.4811450106588222
1.101971650181371
0.9166848823169567
0.5685598168852766
0.5419615392901775
0.5860430870348387
0.2667492993764728
0.2962109128141852
0.022733830758428275
1.2092703579985236
0.2522779568802389
0.37545158031809844
0.7441993656280191
0.10356291541230318
0.10038081454794831
1.114073019034465
0.3226333378796596
0.4292124178814934
1.1993819510889083
0.22537237891830475
0.4395721500196411
1.3585897362940436
0.13306726787307183
0.09832434387220111
0.7850585923031351
0.24195687202627994
0.4510705853652579
1.1703890739223435
0.05167636433031388
0.12307568853190502
1.1080360891308074
0.02162504326857775
0.24562808839232952
0.7239525418342224
0.2187214837884624
0.3608796714541761
1.2834625941576074
0.5163270960348462
0.12279821743990439
0.0010977484219062575
0.10290624598222665
0.11046789525531557
0.9678527257028798
2.5974735845779766
1.1243980584558202
1.370906318270456
1.234434255529364
0.01833149793857897
1.8964688506269443
0.7890596116082484
0.6026896116186405
0.6079235581036713
0.08033828986838572
0.059629524912830655
0.2311595261924111
0.02985275147598044
0.578569605102336
1.3767114225117827
1.3956646451558945
0.14842289608731946
1.7724492795233637
0.06043918123330256
0.36168079911234835
1.0679966414396247
0.23947254444545577
0.5340697319034077
0.8566877621550052
0.18055619937542408
0.6993491335473095
2.4847285094060747
0.40639599498816387
0.602502668923172
0.7630890228739399
1.3554316557405706
1.9530955940766637
1.3898743200973598
0.06377726637467547
0.274081750961228
0.03752353295481335
0.21187953950325028
0.3023131373411443
0.3779958202490517
0.104495024515067
0.09751210433738328
0.26014608876307593
0.3537978340917711
0.3169560206617393
1.0568565423670808
0.29198785138365374
0.23054606066551595
0.326628770506013
1.0217806365779745
0.41631684827303655
0.5621453248412229
0.10074681800544032
0.034369858289015245
0.36964124190931635
0.4540581895450097
0.13860050608453447
0.7487936768048918
0.7319678044503523
0.41079756890165314
2.1267690157100123
0.5017467166162074
1.6089912228476306
0.621234322010413
0.5523410317887423
0.5221276225887141
0.20101941841261303
0.32092197854063176
0.6794827738343023
0.08444576418322479
1.7746742836930045
0.18733600855735374
1.8683309323600923
0.6798394863824434
0.5642730056836811
1.974984092126831
0.13491702868325708
0.18754337324341327
1.836912598337247
0.17716733555554134
0.06569533973750785
0.7412911022549881
0.21722158336651215
0.7437749281592966
2.1373346263261306
0.37957040769544964
0.34195808770363884
0.6686950726757911
0.45437472781884125
0.8759724737763177
0.9371572324563461
1.102674296143537
0.222274841114365
1.2101908473014669
0.08488132911379508
0.06170280882221612
2.1217561445981303
0.33041890148519615
0.754734917436215
2.632790822398334
0.21862399814540479
0.10205250577654795
0.3034864555819822
0.8166866729081268
0.00797645765029032
0.32700255104957426
0.14822720993997088
0.029272253200039015
0.9816823549936922
0.3029613851236421
0.3479536630594304
0.6225637616379917
0.13654104235333697
0.23664575140784577
0.206624380056674
0.3804579276056527
0.38147937918550695
2.403462883679784
0.6622347083795702
0.8443734016829155
4.816188516592224
0.10280001692126156
0.06311598191890525
1.4206114447979616
0.47104831910642186
0.1446355371873137
0.47466603936646695
0.08558794162100178
0.7352479336936405
0.3425204466681872
0.08878658992386289
0.054100900399056184
1.1791117472439665
0.4263564993277448
0.2763473742568887
0.6438549821479284
0.1623040007711299
0.15786945749664533
1.1924609462503204
0.5865512015109678
0.27012469700976693
2.1522048326779095
0.22664380361251632
0.10824234247496448
0.20709090713200287
0.20782615360952472
0.7384251086579953
0.09274212833582732
0.5774804298414926
0.046392408693032565
0.1918684587579443
0.5402026672327892
0.005963688028537854
2.4442109191427566
1.3148283304203503
0.9755957634405118
0.8732498720352435
0.3212339006868552
0.4309573429261839
1.701438183296688
0.47650027218360635
1.1064579412338131
0.11916179827577233
0.057642083585318034
0.22851514813311238
0.8960288343074959
0.35443058538646777
1.2559685359230912
0.141076721960383
0.12881505627952294
0.6224797481705444
1.2945377391934787
0.40960339267612283
0.10172100526707653
2.0986200533171813
0.25691509402400675
0.14594705174873177
0.38466501940644965
0.02496497033846968
0.05808259228007728
0.19789249922960966
0.4106690231764548
0.15323011138813625
0.5682445529698052
0.23062356362533631
0.2764862280944539
0.8779468756405961
0.2614241445976565
0.551067924055806
0.23299388725863504
0.08870253090191524
1.2253444217113723
0.8562505979147088
0.17837982107238995
0.9342262680253207
1.1057780010321117
0.4109936481765418
0.08732321855432487
1.4090624548975192
0.08699483180202358
0.1291380322222601
1.6689001006479767
0.21264072038555068
0.1600363813620214
0.3480345289114349
0.04468086917617855
0.12924286819444686
1.7773210506243238
1.3549040478541903
0.3337944844389361
1.957039283045295
0.5175694540042631
0.8393154123565179
0.8774285991689836
0.19376884073099618
0.13248450843248935
1.2722476706251897
0.5020850437520834
0.1713576768112632
0.7194152783735687
0.1204372179784511
0.31257722135838567
1.3724259199402837
0.5189951012345067
0.17466783729147686
0.41350228470040884
0.36378085988529596
0.5167865452959488
0.060235828866918466
0.12654804009554083
0.3784767596373343
0.5804086105776912
0.072027245067014
0.08451305371851577
0.405837039316526
0.11942146835829429
0.0027269217232609956
0.39444267950729905
0.8876501736446379
0.08803986348634854
0.6520398769437639
0.48500667765437655
0.44965622954245904
0.9069373187146151
0.3032178311521465
0.48495978535244394
0.22411015494289208
0.07452313757925871
0.10335736402351367
0.2914415926050038
0.010429635370921628
0.15109389487429423
0.5433670171753723
0.09921329677895914
0.0669465603505902
3.270749909197299
0.265885725125633
0.3496215193882062
1.6004380045905935
0.434241038448849
0.31759718138116055
0.4019287378495434
0.08847225939009305
0.3696326733857618
0.6200326345786311
0.23833137639304144
0.458880869211813
0.12119515919390901
0.7142255763799186
0.4690319299523008
0.04469775329180031
0.5480847445908927
0.07534055037628026
1.6266466979286391
0.16239407727450528
0.5639880567988957
3.432562433359035
1.3405839888466775
2.2108937777213473
0.9840363905103823
0.1900489464325223
0.07496218884885951
1.58299859204583
0.9844663168089473
0.13104872010287777
1.3283644151593175
0.3080961187760359
0.10350181968404581
1.1240325056017113
0.15974073504802305
1.405151602916662
0.536685756350287
0.3952958241899637
0.21699693420512245
1.0327614451854044
0.3079607615592566
0.2637669178037815
1.339509145378364
0.18491639049557046
0.05726310436946047
2.605403052212046
0.3727846900537824
0.5444263663864634
0.439858080119966
1.5367249858560892
1.3820106352220742
0.923693741281358
0.39400860051432085
0.0651968124877978
1.274416165528542
0.2934213372860353
0.8813736080281824
2.7320074478964282
0.3205704234300347
0.49974012259915357
0.13815476218561334
0.2946833072401405
0.14241538432749187
1.3721787537403796
0.31971505142492884
0.2773149228330609
1.0652818302699762
0.29994590167147117
0.047798634430393006
0.8121594437663165
1.3928233954677842
0.2709322225073954
2.070621904341347
0.5417123089021497
0.586825657910213
0.567563521515143
1.1323067236645368
0.09130034930986959
0.7925334187003737
0.32453447899065324
0.6681382457915371
0.7107645487739592
0.3638248482135334
0.4210237251388775
0.21518669441578162
0.544956405427625
0.035782127377239396
0.17307707307568881
0.6035011432489295
0.017605104861549044
0.4343139267656795
0.1029544237983502
0.9078934381570549
0.5422605508511421
1.4041197325717978
0.47056847259547335
1.2156313509862036
0.2362875244002438
0.7602255530422799
0.114912459911078
0.25279770173642496
0.3755776637518483
0.19234863441383743
0.11131748175229932
0.5846594628182531
0.18921432809985927
0.5873030568513746
0.4919750636550469
0.053866457039318694
0.34862177833562824
0.7704008633583235
0.10506353438518116
0.0035891597681778865
0.9506920659898564
3.022577242326137
0.024776948394141858
0.3237811736695977
0.8973515071878171
0.7143807652132138
0.2813352141010628
0.8213286813467976
0.3707629816194261
0.21799073333801772
0.0664955231462954
0.4329844156212416
0.28822535255350695
1.0068929726200904
0.08655188372986572
0.2353970412229177
0.3633678302827904
0.5798985525790568
0.7050029178371345
1.872264790684194
0.6175997700534422
0.33404304642201155
0.34943131845542025
0.19718909027300063
0.07835759697396873
0.6788270530080402
1.045047381643281
0.35176134829473016
0.6709421268449988
0.22395702477433038
0.06618409361071652
0.32006772899905206
0.2828051532192391
0.24251488341321376
0.17087537421798954
0.6149519575946094
0.6772637866991353
0.7870251083351723
0.6858881618766878
0.6041360134308617
0.4371143200300083
0.2632179920597522
0.43634458534886505
0.6270829586890921
0.16209828620535924
0.30053013595446004
0.6504796623202856
0.6293086520128303
0.29337531651019466
0.8868073703731575
0.7433555175843718
0.8477103269960352
0.2684982722282381
0.13579877765105394
0.25400255188692905
0.7532812004797093
0.2512339340030254
2.6671060626112975
0.2553327348125544
0.38238812007249456
1.0979864158758361
0.17700314422497973
0.6119393628598081
0.010379106508254009
1.3511541696764084
0.10606597089311803
0.08680979516269947
0.1443730664542235
0.44666283975894244
0.40281918957867513
0.1632926137093485
0.3065877113727989
0.3589735994873595
2.120525884535258
0.31790597951510613
0.1017385783537438
0.11053313628302742
0.1673307867851698
0.0728649652286023
1.47065804107447
0.5599501790138761
0.13196610035357964
0.842975702388564
0.20291263048928365
0.34013732613557496
0.26975106047016556
0.8432699695761267
0.22668054266451157
0.2899272702208039
0.5889347162346126
0.1659914798975918
1.5806009559953231
0.27248825331169263
0.6430585170095089
0.4738564990452854
1.3390978919879688
0.7785184357988427
2.6999773615344247
0.4456179025918705
0.5951160510319757
0.31753317339382153
0.6444677973755539
1.5929410892902875
1.2843347122383277
0.14869100492975793
0.08050256354533247
1.5858849670243849
1.1295860462466967
1.303343907915848
0.38913054135865693
0.1971931059472752
0.5985581355704923
1.0856061921630662
0.2654124565482788
0.18968602149191194
0.708510642086652
0.28321531798883715
0.037820434553069646
1.132788749946076
0.4405063428317006
0.1760260394817326
0.633350434626728
1.8293461209648032
1.4046523013013772
1.217771416824992
0.0074510923102629025
0.10290918060288688
0.9127896902366713
0.07275957556405399
0.6440083614387659
1.7983981510051004
0.9087016533684961
0.43392650920320797
0.17138720187502693
0.009930410238008584
0.555065753384336
0.4437254820049409
0.35972344250383154
0.5354211138942157
0.2051356762975594
0.0335269377904332
0.03986280384760905
0.8429701755890011
0.6582338458250826
0.4750492746257403
1.5075145735922526
0.265214909886535
0.6627204580714608
0.6995581159781591
0.24626320487041375
0.43774233045060074
3.6614016417668998
0.046168903359039344
0.22898549625550468
0.49671384356796133
0.03412142487602896
0.03885502903745417
1.7389353797830323
0.1048100111582159
0.11218696824001041
0.3347277195312634
0.0860949770748633
0.13833618307384932
0.016596434887722337
0.007934813001708976
0.538537223109863
0.18903533309710638
0.3772086848582494
1.0726105599772406
1.0983198743366542
0.09493124692003295
0.2739888873435752
0.605420843204079
0.7034906696847762
0.1663025454571349
0.970206443013316
0.1838539487318046
1.4273467987568604
1.057341558634031
0.12146444662708183
1.9524890764368485
0.9337865057387196
0.2791523544376344
0.2575466769283478
2.0085871687007657
0.2759287460440235
2.129571168517769
2.388478100139302
0.42106045731440883
0.1856573556763008
0.19710201996743498
0.6388622735738907
0.07093452117891706
0.4330862368876466
0.029989087325260535
0.27963811903074426
0.986578345888274
0.14121118264861376
0.3648666292865355
1.35258527347351
0.2788070917029481
2.4444193567115677
1.0923216481760256
0.16318301320494485
0.02727363388653812
0.4068574388666778
0.15601896228244783
0.5001909041380124
0.3384046615144844
0.397076771146254
0.34798111552644506
1.8896326185697683
0.08762955955446261
0.1137883636446349
1.0152865730991596
