0.6507270013149677
0.15933654966216348
0.30455019212978457
1.1426242990237254
0.501342340566924
0.11071087486106816
0.18239601555682083
2.171877819319834
0.4433425208289079
0.5517320554529562
0.5997703488951184
0.7373879491854114
0.32158077121922607
0.3247824109706797
1.2734223887445075
0.8615615626925713
0.6572884158834931
0.34460550424724556
0.7099033466292318
0.16516764970598588
0.9308172842598765
0.7157086191612875
0.9484173612876452
0.44197541528749884
0.26261053557778874
0.6881993881850574
0.6632120184227575
0.9342486773128891
0.04091609811856307
0.31908484050090435
0.3507362938496678
0.1190067412574622
0.1146154689667245
0.10244134915768367
0.5398427215838791
0.40473809146696693
1.6300887527634178
0.2309612904590284
0.24054735140559796
0.057262618594359105
0.40472797653115383
0.40910807694944534
2.683686196976336
0.9137382957335095
0.18449741214846163
0.22179800521595958
0.12597365014182493
0.49036886882292763
0.947931174941743
0.1283942478997459
0.20639223992771927
0.472635565011492
0.07170553837066158
0.15534045830614682
0.20692842382419793
0.16922741415756584
0.9886764472409826
0.05335584755118324
0.20287563298050884
0.7000368442400894
0.8433548146078835
0.2407161022864634
0.0315633882423609
1.3933857325052312
0.15135755752418822
0.34099365148161115
0.504827999084978
0.8623937446668812
0.03169595683825119
0.9984274831208788
0.1364069071790447
0.9319036531117861
0.06632618644930709
0.49430156992830443
0.6369930919114616
0.40053606206138265
0.07581460708147286
0.26169748556351824
0.7899568553682156
0.1265274448182359
0.4551388880857417
1.0468493919644046
0.019838106450750466
0.054516709394864124
1.4900068826395525
0.14753764344859774
1.485613059346106
0.9810186937906364
0.3982289689673077
0.21999346575336795
0.9531346633428383
0.35486203551826573
0.4154204405081478
1.659033066219653
0.18083941001902892
0.10459690498494906
1.7602042465095475
0.061822034052506046
0.0903678120773983
2.083810963168478
0.1578249307513455
0.8110014309785963
0.7587278691268741
0.40735325208282264
0.5168352431180006
0.9663164913972616
0.19783494304748978
0.21992845250007423
2.2990416444424007
0.2903526818540778
0.0933049477570132
0.7303486472527733
0.10824548449363225
1.2182420166605923
1.20375222576289
0.9788001229509162
0.036902899645324935
0.3135304596293218
0.3699969161878345
0.13644097797013677
0.26269851167912406
0.265561730910347
0.5846940396581187
0.5048455171524643
0.03736913837359186
0.034544944599848706
0.955002886561936
1.1028083328483884
0.57557810451451
0.04250647634004346
0.057212387771697196
0.22836069498481482
1.0470285174774783
0.4198450614689338
0.12104190022357578
0.4450261503954774
0.3835829353644347
0.12196909562619446
0.4659121723485538
0.20707211260703484
0.4230082549358422
0.5956576435456641
0.42735639234883815
0.15921085026597548
1.1150676016516843
0.6212776793924556
0.5005932768654937
1.946862735761912
0.22526530085607344
0.01125444766165866
0.9269421225894535
0.5138991936788825
0.19292965227937672
0.8011942847399537
0.3350696105125576
1.1284177732535856
0.3567663146276594
0.2014711344587816
0.26246571675303526
0.2611809649331343
0.26334153750917266
0.06291268265188386
0.47416829801632415
0.42882585841665577
0.9446823782688133
1.2636738050659946
0.12202361718137245
0.40147375668925284
0.48610825223950316
0.3720019939772688
0.18333432698556634
0.8926743763512298
0.3767699116441718
0.11048651828867347
0.6281815892430744
0.005865446433879287
0.9021561683273537
0.062162083245809956
0.2502743602803815
1.3440867924557487
1.0220989442638535
0.0505499650626158
0.22610420963409078
0.15354135381356704
0.005712751078586375
0.48784912965946703
0.3163916287855162
0.6435707783128124
0.6079014939707648
0.667367275678302
0.21203120962200864
0.485126215622395
0.17836810816052914
0.26502018965464985
0.07194934870055936
0.4317116094463455
0.4950882601450295
0.04934795847688876
0.39872594934254096
0.2587585480964684
0.15970430040591688
0.7643555957017222
0.03315031748420379
0.6459771885339162
0.8678083299153698
0.16785250364524193
0.312933979588682
0.5332414912489317
1.3870072489534508
1.3303924491368133
0.4698147257946823
0.28370626208655036
0.06084349188417009
0.006756595875016434
0.058009989697754547
0.026142127893842335
0.1387770588319303
0.14250757771621267
1.8243008108165804
0.9302717416076427
0.2343606237304814
0.037525659955734425
0.1612280908356961
0.04430291313183265
0.1525369290903845
0.5683317378848662
0.23480347264679807
0.19014933210023652
0.4307590044665742
0.09054003999380145
1.5160839225507117
0.29455945676958667
0.19204500608181943
0.3089026537442562
1.5538412228744556
0.3614501457639769
0.717191467847239
0.32642910136198994
0.2589665921110186
1.6143955289721645
0.8833651926404673
0.05400857062708888
0.16316087929609746
0.1345602532281431
0.38047159138336456
0.11412039444355947
1.1395161352126344
0.313030418163459
1.0702325181288768
0.7517809539700441
0.2181672801878294
0.04656380128693232
0.5771731276397208
0.07413894340994102
0.31233236286683913
1.08736728872714
0.5706010240516465
0.2697556637373227
0.6434437560043033
0.4000478696735286
0.3267395517947194
0.40472980260364805
0.6173758553029426
0.17576459662767738
0.5307576707332851
1.0497527714636568
0.1330282083692294
1.3207492460427295
0.5798107981200529
0.6601936427747174
0.49224155056090624
0.6198521843603308
0.12068051287785547
0.8794108558577244
0.8223748198082182
0.4249852139080641
0.3066474176672793
0.2557576010282664
0.07211904856337863
0.1165837494023294
0.15348349623053537
0.5559593530409914
0.17141701523572114
0.8367243834151628
1.1915031355792238
2.463871125593865
0.15003177078533875
0.5022946368746897
1.0262894471475144
0.16826805070903036
0.06353113780438023
0.5189816054755241
0.04060691011908675
0.030550175884872407
1.8598868868761056
0.23501403223715012
0.13449156897831127
0.6516254830016591
1.1265743773994443
0.23774646555515438
0.5066186652326179
0.024675138373649912
0.15239903480799072
1.2082481882211626
0.4541726699290406
1.31774749363109
0.4911655958760008
1.628426874461654
0.46256039130664395
0.07090620179075957
0.11195583343603578
0.3397851001768359
0.7366876018393154
0.3258852972464729
0.10851216691246367
0.46995006500519665
0.24084721539888276
0.16219655013368542
2.0173162882032343
1.2799169113074265
0.6736074984530466
1.3624697408828446
0.035589701112057594
0.3414580946014132
0.715013819289428
0.9169183985497765
0.15194060873166318
0.6333919244475709
0.1624078730784487
0.46035282399257954
0.6967182840220044
0.825430539585708
0.37948973729260504
1.1669933748255443
0.24555443826189752
0.17269128730547648
0.034494598021556896
0.160857234484247
0.05940919537154801
0.14790899102557567
0.23948584372425546
0.3146214332447152
0.5465574905666339
0.9519136365873563
0.5705708698589586
0.9281347502570849
0.36303115336242764
0.5435321709238535
1.2196671267139219
0.09812235994647733
0.09893124781647701
0.8008224056488974
1.0432177061849468
0.8147354589518466
0.8662058266041058
0.3927279297650244
0.7916794703966668
1.905853102246969
0.9069434861296158
1.7406011801431258
0.32211179619451186
0.11991946090410528
0.2510527856940609
1.1415124420324336
0.6085603944464991
0.5924219173287689
0.12092891167708944
0.8072475506924823
0.19287866925456026
1.1856107063862924
0.37163755893344363
0.437923446660917
0.7570552095274925
0.3328771147052116
0.2223821395306207
1.6177261418661457
0.21433598663248074
0.9523407686461736
0.45637150809633864
0.280923716049967
0.12361615299862579
0.2263848258165352
1.9718574967260691
0.32250106619278
1.3006145614537972
0.17403568670686628
0.02311042167857639
0.5943234811735445
0.2825530556776197
0.3685786775567645
0.8328119893608101
0.3140812548808473
0.0904533110043815
0.30695147777146353
0.3781222982047099
0.33658626614829334
0.38955668156973083
0.2356863013800759
0.1810707332608909
0.7389913286163445
0.03605988026391417
0.20997470937714866
0.24783629042088887
0.23901149409556627
0.0631462548127911
0.1666726795041459
0.6684671264595193
1.7873735334124152
1.1687952354212003
0.36129182790427755
0.465827037183873
0.27408637281611914
0.3409354650838803
0.9087861006209226
0.7210198528615444
0.5748037272113511
0.8894467542138365
0.5202768464790941
0.7114082018697359
0.13496812478570572
0.12492326361321761
0.18498476972499264
0.1338831918780604
0.23298182640833112
0.14710403737829403
0.6685369621195923
0.19181119030212887
0.2496844393977838
0.09205208318548895
0.38762188307394485
0.23495147614204434
0.06539854649734736
0.11733559734057317
0.4389219026169259
0.5619557710171246
0.3665178575712167
0.2842889414696649
0.06166058848181041
0.931328428027457
0.9305617376722981
0.2683741195801833
0.907824733635633
0.08125699645647823
0.02193206427156999
0.16448947015195328
0.44015963624813625
0.6770531053403372
1.4018373328274456
0.3532214952991749
0.2530410465302873
0.6483568384036101
0.1488830657719295
0.09291735027569524
1.216698837404211
0.14256807345535474
0.036675357908037005
0.2732065829096979
0.14211940962172342
0.45535775517579363
1.211119425124018
0.505320151213139
0.15040856167882663
0.2745607707360992
0.7026684740681131
0.14684080292078655
1.6089542596837916
0.17064198795808574
0.22243384152440118
0.6867073355186227
0.3734379740187181
0.2754860448034659
1.272255546565206
0.44411990301221504
0.13361199569847837
0.08540445865640145
0.25830900373680704
0.13870220831379693
0.45218778723353725
0.5367766503110896
0.7160347449491586
0.42186852894843135
0.3191298111498568
0.13197846576337047
0.14536089250138728
0.9253362742673177
0.48325650636803624
0.2710360455061119
0.2655417132549383
0.03681061363512216
0.47729522774950794
0.20028066852546203
0.4016645502753305
1.908576331915297
0.056204775215457206
0.07944706418072237
0.7108982668889249
0.25466932641085993
0.3759786892234931
0.6689959205363833
0.24155695447766706
0.2372683886973561
1.565863023296982
0.11613590125642305
0.08426934225411144
0.36333959169287633
1.5559502052262504
0.10802789015801523
0.18920938850163452
0.1069928271074591
0.13471974048286509
0.6901432015262
1.825431988348638
0.1951677859925763
0.2964937893626973
0.04225471923064549
0.06618067210509002
0.4889700343127015
0.20807045445547315
0.21390622560051167
0.8167935434784969
0.2975603719807792
0.14894481643935237
0.2801844821640823
1.3897181440861122
0.5668934365708767
0.5205976357561647
0.2214296461482743
0.03418935838807431
3.020816434197009
0.5849070025808857
0.3984238568505994
0.8956866789232925
0.12258979062763678
0.28584535651690596
0.32932195288042254
0.324989844026562
0.38321126803931815
0.9805591424714296
0.13046780131418032
0.7598772517700751
0.40521801665592483
0.281721338463922
0.4051871770674298
1.1917989919421486
0.1565792723353806
0.29220391996022865
0.6586450263251785
0.24442706725320273
0.4906170926884394
0.12491157245563325
0.4629781219563145
0.35720359551336034
0.833145857469266
0.43811505519676464
0.06826261491912723
1.0289020339120172
1.3461635493018707
1.3632342715581827
0.3371643358350961
0.40711202801276536
0.2159805275872529
0.47803624006718526
2.094298426736808
0.303499755395537
1.6804587703199023
0.39068788391849824
0.052808579586471754
0.31391332557928603
0.29170054472160045
1.0082445177036818
0.7060506194763573
0.13294303123442014
0.20905634780563626
1.3303025364935999
0.423541865918875
0.27103996981521117
0.13586573856530124
0.40063629788517424
0.4918798230201837
0.18248605177278365
0.27253012708032776
0.20664203814790738
0.1651032217009585
0.09819144715316706
1.3357237486605351
0.10319414834144756
0.7637484128102238
0.406775064574479
0.06938105385201489
0.08785538124055269
0.18624974437452094
0.6340961946823911
0.07008175057565227
0.05712848124734116
3.0968663905790934
0.07810532717500007
0.3694298538492347
0.320053874409225
0.6810611347193307
0.3361799498219184
0.018248462096540272
0.043784002083878525
0.9948754599673482
0.1878711873813762
1.0455488600279972
0.5936253560305365
0.07068636810447596
0.3137135437139667
0.018505172576959134
1.1067869367307444
0.043441698794816797
0.20168707185407223
0.5036884276441455
0.05405842633779966
0.05575686592952206
0.39479677628210097
0.3211991924673655
0.5716593877131032
0.5158317938533367
1.2925061699960492
0.27155465978299465
0.2244899910563814
0.07414504462305373
0.2250979838714322
0.7792819180192145
0.8141220816949247
0.26166966567403543
0.3249445995506913
0.23635380964487457
0.9729028947412683
0.675279032333027
0.33806888601049756
0.5935109081600812
1.1180492739102845
0.8567752718278566
0.8604331445754974
1.0431407893618976
0.322802066396238
0.48946993729216726
1.925146170397891
1.1420051262343467
0.09039474303780057
0.4435142824974455
0.030146156704639798
0.5190977719992879
1.2889191471932944
0.13929034328873832
0.5785704885970459
0.23967689469073708
0.8162606821680572
1.1112210355325958
0.20899993320805868
0.6672238551925926
0.7117765426323869
0.22465727602333022
0.2229112410779803
0.4453395241616356
1.7366625558625282
0.1208624681332608
0.23247289798281115
0.7431667493024519
0.6700496676702001
0.06053779379392326
0.6314044303514152
0.07658339055269235
0.06664128854083665
0.47917252672072186
0.33781750474813177
0.251037398422643
0.44347587268332644
0.5483639066584893
0.2905943035566637
1.1892943067727668
0.42998268266755235
0.1440092586223954
0.17252489837142174
0.05181739481779814
0.3824825002364187
0.526753254169473
0.06163184520421133
0.20985163188244052
1.0267782365666
0.030713460478679608
0.37126644271834025
1.2183631645152184
0.09480956908735821
0.9556358389973556
1.772219563228548
0.24582547596420576
0.08867753067918299
0.8297168422370753
0.32718712636367653
0.01632697254442022
0.37156083494654835
0.4546337953663177
0.7927998867650141
0.30363331564138607
0.06982599754380556
0.013596143807003845
0.12098642527440591
0.06554184448556999
0.6585056532476595
0.5765267132612978
0.4080863035700735
0.5316606262764226
0.4059443074735546
1.0622995052473796
0.5951526791468545
0.23190130174016332
0.10675985100269494
0.13221214741916137
0.36498706493958144
0.057361516729793574
0.09334309038196317
0.6383086379549479
0.500282121349326
0.4712290516702655
0.9363458447069162
0.08877277842593032
0.39316567266302715
0.43999229905403686
1.3855033674440163
0.6969557022590174
0.4385731187733099
0.3596890397953466
0.21328610940233572
1.3906541358970959
0.5677349862278567
0.1664988169372457
1.1529234201746978
0.21155752567297792
0.1641015309984437
0.27502102059444333
0.06650439746914681
0.04825269024016424
0.40201022335578873
1.0957199625750422
1.1246194782849441
0.49657322502041273
0.933396596145118
0.5107545243428279
1.5935773810686586
0.3858152841937098
0.6496943376068101
0.09493555078185527
0.5144557833100794
0.17610244831894406
0.10711107888432024
0.062303773101215494
0.3006006055930014
0.7002787310020736
1.2201063355522
0.7964960821685503
0.8054049670201635
0.23255012738541783
0.68628707140605
0.7836366931206149
0.819362504268934
0.5203054730793144
1.062453941685864
0.23964439082888114
1.6965932533519776
0.9546796167527817
0.6454559207992697
0.25791527730071995
1.0451754569328688
1.161671580674044
0.15944887863838547
0.8331583363473347
0.43592511397682165
0.49665063307346663
0.9637228140038961
0.37016627643475236
0.27117783053166306
0.331119429978333
0.04050045611282566
0.10621851983262179
1.0051474814129417
0.19791002031625743
0.09789760317798402
1.989646162937961
0.20760672605696137
1.4644414870111555
0.6512115090993206
0.054219404877348776
0.07655888909152955
0.39694615361721075
0.04716791023432348
0.02529866398309753
0.050638998578334586
0.37031343813513995
0.18083064519406913
0.7131766378880824
0.7265653535138566
0.14292493326329478
0.8602489902209285
0.816433243240001
0.5923092209646075
0.12329356743695483
0.012125063411107258
0.16707891114515827
0.33908058200545876
0.030170221449616567
0.06479129358056725
0.9416771339181972
1.1549844735134864
0.10639380894056288
0.6154363958247747
0.3000489730831009
0.15739493837549495
1.5969138331370374
0.68411450301695
0.6157164574203592
0.3907142708292653
0.009383933257471713
0.4748375056601757
0.08333286932193833
0.22204966202584597
0.196562894304404
1.3179045988973301
0.2988322390819454
0.050905078781524074
0.15104727175900257
0.14778113409775068
0.1960931238185952
0.27294543286061074
0.07838697331454576
0.5971261296312873
0.21219786457485382
0.1824743973705284
0.8185671300694973
0.4248590859723869
0.33917226710319276
0.08674947156062984
0.2140624585726316
0.4572807699813376
1.425559974858742
0.8096776099491302
0.11235136116339665
0.04230528531148737
0.15485118611214432
0.3120687179826368
0.07099764430998858
0.6622628581335102
0.1413504918687638
0.09119095538657385
0.6052643499640699
0.03358656625716961
0.30752657482765794
1.2891161687699444
0.16238042202761901
1.8237428109373837
2.3365345690756483
0.03613700448087653
0.04455369944960365
0.6574647603572842
0.13207527707964875
0.16294336499604506
2.6800684986799843
1.053598773823231
0.49723351084859946
0.24710135343342102
1.6498962628771423
0.06456341584573838
0.5013241530537325
0.08685249876570825
0.30720176027921176
0.3266900359594018
0.3437504620633418
0.19019089787876683
0.5825653809898872
0.07597470688945389
0.08282444955414757
1.5386262063926843
0.33039061587872376
0.8469580595022161
0.33895235475200614
0.11200585496701286
0.3285463305503733
0.5467682677670662
0.5660394114730124
0.14072117396353157
0.6645072521347082
0.46634116023069294
0.31675947622830414
1.3103708063077677
0.43397499060953937
0.5726542823716525
0.49588625800513825
1.1984463553081859
0.2430186439852658
0.5384309206884884
0.09625244377970495
0.06943586438460733
0.7044742638195657
0.23549717374909795
0.12873791658446182
1.829700905292012
0.2841650345755342
0.04654699080175185
0.4449633770280412
1.4590114943099854
0.1568690368604906
2.4121442184837054
0.08930950688525514
0.12552346467699732
0.23960869573419177
0.404451871176363
0.28685062881395457
0.9291522986257958
0.03844220529638957
0.32878285921570777
0.15638192048102867
0.225994767350678
0.5415243563891108
0.3726970181539035
0.05201606741193105
0.13886822481428363
2.2364127704473815
0.2173154524603646
0.38931290091477694
0.5581081543431275
0.40517897389622753
0.43975778203919796
1.7519311109562612
0.0509277533577052
0.5658707542290293
0.48076534827431305
0.01930990053239379
0.057817929942441726
0.8820973687316426
1.3687221738409818
0.4914877994605167
1.2387295164718712
0.4090405188299568
0.7761580005412032
0.6539496965851593
0.10178695988523231
0.1158735764748324
2.304135108450606
0.13450520782329617
0.0801163556711235
0.6767055057980397
0.11353677277150145
0.1150935605772492
0.7134368732258267
0.7001198628782619
0.08163449074176489
0.4770270469577723
0.45345845702003595
0.04750382227577705
0.320921853838529
0.5657639088140773
0.6798033887477071
0.4718779506311809
0.513886518546176
0.10127670726241203
1.0903467763087793
0.056357598075815286
0.4981380816794561
1.886811378365383
0.1003599417240436
0.16869964410488417
0.9608756990596444
0.2952472836492836
0.39722814807104023
1.6856164473166722
0.7691533051624999
0.9064941061142211
0.7504748824153924
0.5178823271030807
1.2192821232205975
0.23177496988788152
0.804733637744347
0.2176743273945636
0.346446312182482
0.740002632207892
0.2977141561925611
0.6942062473343038
0.053954770536121834
0.9619183691761614
0.1145918896974564
0.8899919380973599
1.1833095309878012
0.9076241107909211
0.3767394272830769
0.07915252165203604
0.6502497626326139
0.9765338685646991
0.11113441891490329
0.17994794065351502
0.09374966862778386
0.9092989254317829
0.4300065378099955
0.4555365501052603
0.32693992275089684
0.2710643315860366
0.7452086107642828
0.04919929081121074
0.12439135231625063
1.291434586007149
0.7244673573550676
0.9950957164628371
1.3261247941660579
0.3385635851730438
0.32733433143802293
0.5792838126744834
0.19551421267254457
0.3540029628308725
0.07996937662413543
0.030089768129047356
1.3700356550330925
0.12117286783439507
0.09608290390839284
0.6607356401382842
1.543235685932487
0.43891168363036737
1.6753054966657137
0.3157181048878534
1.0350719164335522
0.24619904763102324
0.19113919002439614
1.036976134359865
1.0646877194760531
0.5479137318775159
2.7648793381277397
1.6428047496490845
0.776234015449208
0.14641600263246682
0.41493033419635844
1.059766403938651
0.24508852541911058
0.12413681638559615
0.0557691830530166
0.08122272315368151
0.5284517267054647
0.07706931117960149
0.3259360139797062
0.4433466700955835
0.4644863782291877
0.175240597596671
0.15298906588439404
0.42316313323413923
0.21810287225360933
2.0421006670885125
0.2876378570861643
0.23714183063585487
1.2381193340615244
0.13134898305377204
0.6916824275866832
0.624659781988947
0.479092721467285
0.37693188615725354
1.066022506473421
0.25984234846069587
0.48419561502037556
0.5088980031720355
0.06411614373339031
0.30449567526887567
0.30840899450995
2.330507441499161
0.4885599863053684
2.7679067392038945
0.14258072658922183
0.2620780862438258
0.43718787607334686
0.41048073992522566
0.3602536711635664
1.2271147434036729
1.1212244767046724
0.9399115493607805
1.529540958558586
0.4195258854977901
0.49002551438229586
1.2605583014831856
0.8824054306199175
1.7084472058753288
0.14237117669502228
0.42173033899367895
0.5514378938669129
0.31384210396985057
0.7484693073004297
0.3373072528773523
0.39567335798425257
0.7138632636669795
0.14127160705135294
1.2966039274860297
0.1096643417757363
0.5584077902723704
0.560019426495922
0.10327926530819691
0.15928003953173006
0.06539166978928304
0.10888520103440569
0.04437630295997071
0.045409246761988625
1.1858926168055437
2.938706360330653
0.4181788303494795
0.5792509471062286
0.22260738201388341
1.2289875485642676
0.22295598514851442
0.22566357476016483
0.3969626329017091
0.14828070933050425
0.08844937346270017
0.28912767926861455
0.4689728302670242
0.19626208554850558
0.8632018601834236
0.1255950615137473
0.26529928226449306
0.10232916980656492
0.18235905522939164
0.025721585149005785
0.6199956175813034
0.49722431916204907
0.1781122040640533
0.9072514746806981
0.5697145679697626
0.2739258782115615
1.498735063501094
0.2416097328796473
0.1904511042997018
0.14294455920379676
0.6332838856278172
0.21020713499689261
1.2775750205879384
0.06262400885704848
0.04101489018083402
0.5087798217714605
0.695412946250661
0.3298105759931121
2.9855163017619253
0.1018955510108543
0.2711615375347184
0.556293947182266
0.3151886165620677
0.027001069954598066
0.7459594184810191
0.2247176555379358
0.5418689193344763
0.24730518620927586
0.5248774590288423
0.42290311204623504
0.3105163265457262
1.9781913009101295
0.6468328845492792
0.3771851432597782
0.398982357674743
1.3873646803101107
0.29469076373893177
1.197133709542418
0.03665526853638835
1.0682193157619804
0.4953226152451809
0.038446821571004736
0.3247236041703593
0.6800354387926417
0.056828312649628905
1.256166394713987
0.1911983274205399
0.6226641257658514
0.7683396971923698
0.10319487431457679
0.12410639002853958
0.6602732705655162
0.31219208094796197
0.604953088230956
0.5578362766625141
0.19140233335768084
1.2595744144774759
0.221442048953271
0.9571229135354112
0.5746315789523518
0.8828377999949466
0.4190759137548548
0.12275257451389414
0.06474588535945276
0.04024752497790612
0.11547515610587178
2.2734389941076545
0.43115930397770846
0.026869511662266424
0.21667912650809185
0.031537296432118944
0.10929927614746851
0.298086827743189
1.1881887801675521
0.058749024321806016
0.3071117333010343
0.8475792451864177
0.24664907814068432
1.179790908692302
1.645974242959447
0.07737814049747058
0.9902816487507401
0.5268606741540374
0.47256974586290346
0.3755831928927182
0.09846895117417244
0.30126948333797593
0.3152286776824606
0.029163204432614793
0.06403519444380203
0.1825995646997703
0.09266623374281231
0.5713202726112444
0.2380800299781871
0.0495567369376731
0.743958688574242
0.8976898052127641
0.10516041113054421
0.023020928147883285
0.9096100995605807
0.42261359440116
0.13021262667024872
0.336018959956471
0.08227637750033831
0.5922404699628533
0.09829105378253689
1.9705202905620356
0.3486585374212063
1.4162910903535184
0.32273309473046263
0.023468627288887003
0.774257093400907
0.31570694181219583
0.1063050760402405
0.46738903137948395
0.3697978033253549
0.6023758168441388
0.3286662239999886
1.2536837312462399
0.8885285042648371
0.27909966839699923
0.16633781280610704
0.2974315558922409
0.3006118269356247
1.8112357980966782
1.4244005676076756
0.015926584713779623
0.13981021843065708
0.1428921113450608
0.4047775539726936
0.022381096385884234
0.04255689309446811
0.2231020284848953
0.01502017656891665
0.7008333856739842
1.047593302214822
0.09647549120577156
0.32052587708038277
1.3885712115847957
0.7501327416311262
0.4168648655155202
1.333118973869998
0.31710131964181176
0.05314933942312436
1.5112663918557836
0.4415600691927615
0.16979651756765732
0.4709698206153352
0.5711101573883024
1.4170764381678127
0.21071885261324994
0.011201653077666606
0.3784952023228799
0.11266899542732148
0.5877249848768705
1.1464489839199563
0.13622028009671022
0.27955573342092355
0.5629976217491639
1.319404883778597
0.11507251005084956
0.08602569924352904
0.7933982332926952
0.6335277552215474
0.5011357025375798
0.7910174657013768
0.3785187268078302
1.4992981257063849
0.40125228278553965
0.013657831850876738
0.12676101138330648
1.2727066944166368
0.5254905177104858
0.08506727029098064
0.8370966396779265
0.17746505806473062
0.5295660568614929
0.33341741502473077
0.08253867662879805
0.26786698793654506
0.1708162179673099
0.168884593446013
0.2754133049501905
0.42067634262380726
0.062488737617736545
0.31044488058533215
1.1002380061105685
0.23719994333148015
0.9673133571951954
0.31011402613609684
0.17319993209658577
0.20425246685958015
0.07072308810145074
0.1607103684425907
0.021749227909400363
1.3439648992429136
0.0650644667160856
0.41962661970739407
1.6926874900632571
0.7413135257532613
0.8497174871378692
0.5762659194289093
0.20657493365989696
0.09251209441133883
1.7221025158932548
1.083146366317681
1.442256015908545
0.4733856785679274
0.7338311560611289
0.7492191803184876
1.2908240252353722
0.17082487724164944
0.15137964944906773
0.18812223570836278
1.0930560093927058
0.04405031767675867
0.32635677064135776
0.193144627134715
0.23176668539686954
0.5000242585568513
0.5633212680336406
0.33082544120688523
0.3389973523263365
0.8792411334433716
0.2282798987724183
0.877250355007192
0.08432067705265014
0.06474187094344808
3.203743903171724
0.04697170517003091
0.33977559813979663
0.4472580401526432
0.2445863304579763
0.16527847261373066
0.13654242398341718
0.17730510199082325
0.9358125462267254
0.266964177153337
0.34907368987060977
0.4100700230723959
0.02199920853501564
0.15192616962050232
0.5830085950046447
0.38471693405885476
0.44175924329533944
0.06299907198026809
0.1563455696125118
0.24697889530663653
0.6287345796527151
0.4866681562271789
0.16395808762170969
1.6889190350492518
0.5108158282615365
0.6770986853689469
0.2572338254228911
0.08457557424926987
0.5222533656105652
0.40578171712698813
0.155668068515218
0.01116720202731999
0.17840228817634804
0.9479185315052493
0.1442701013227532
0.0805046269951448
0.08402783625741822
0.0754539492104105
0.40560915998417335
0.6464757540535263
0.40592751815291817
0.29100171826940824
0.7910612462858544
0.12200194254920722
0.022499069228447657
0.5791847106359322
0.6842214778440608
0.6975884739046515
0.41344511402288664
0.5001351334357638
0.17731913077402606
0.23391002561585655
0.2690560592782451
0.34783146411567384
1.0144884850824956
0.3696164314222517
0.9403210103032659
0.5284966886827894
0.5809589651431821
0.07528244182798105
0.037070802572353935
0.78260650013742
0.07987832919972776
0.29853568299093525
0.47089680082868446
0.3886461123712312
0.7427873072305852
0.35443229733161213
0.22217786096473308
0.2834909764159053
0.049885434281201346
0.055886535655590736
0.4678672837560901
0.45086808163911674
0.32148863664296673
0.04691493412735861
0.8161045058057893
0.3759741593222442
1.423227803460878
1.8859656467798847
0.914875606404613
1.5859550768453925
0.08916762395838419
0.25625047709763993
0.5291742316482941
0.1349802252973312
0.5068754245895443
0.31537791335275484
1.1301771241678353
0.17884213504876567
2.2831871268160824
0.47589073564620915
0.38313945129411014
0.03339659865550437
0.002274117751680545
0.0037227799402516134
0.08836976592565861
0.09264233966408672
0.3003384536910622
0.1508812471225928
0.5121806568802296
0.3968970472276962
0.41526235080618346
1.223245050289351
0.11530792750073882
0.571854020311495
0.027881580112898655
0.3435302719680189
0.6965898515143489
0.1557935575985681
0.7162966024153298
1.1125588950902559
0.40152177147942253
0.2561676994061017
2.0879217070529963
0.19438293650191169
0.3398699562706447
0.19233575467947572
0.08785678105502728
0.7696183955232523
0.01036993251152678
0.5825241841908934
0.06672853471440067
0.6054012318816747
0.2527606339240972
0.007688236693316001
0.7379486183283759
0.22416188335578255
0.47495939002647075
0.7414970431444364
1.0780066892582632
0.3566339838392011
0.06678876979091412
0.3615310441749368
0.4428993067811275
0.8793958493773038
0.13903016112194394
0.2721985348125881
0.1644280963829936
0.7032319482552587
1.2006382799128528
0.4454644307464545
1.30984723501882
0.14798600193687098
0.318794436462144
0.30111418259008266
0.8585882169142479
0.5542767172361562
0.15946875254730092
0.09309680185631154
1.9186882677389343
0.07182317354417705
1.3980096803723454
0.5199989205158563
0.17303963203676967
0.13444354826519278
0.3367798567865381
0.4092274749356239
0.3697515299090812
1.3074771675550854
0.19327394516724425
0.08652823154936333
0.2445271578463558
0.2007234299752871
0.16589206641812854
0.5737299184182127
0.07697650316729035
0.0881774486726559
0.4006951845672211
0.13148859265755253
0.3842486830543464
0.8234578736465784
0.08818444777655822
0.4731563046820467
0.672669504342156
0.22597248911550152
0.4236517875265349
0.8807316793658241
0.11763350363879742
0.01368123442862543
1.2030354166451962
1.182763066369667
0.7779527492971456
0.16751862789248315
0.05388201710365743
0.8457749794333101
0.35089367873201305
0.15127443542102872
0.36189463107756037
0.2792174572512786
0.1433102524308815
0.34219737976667286
0.22575765682111615
0.26841819028849295
0.17362802957639117
0.3336067252571636
0.9398236324270338
1.3971357015317798
0.3818823385632475
0.0673821427452491
0.284980976931794
0.40413954110393324
0.29197425984632397
0.7608945258775139
0.2936537694250621
0.16493506765756835
0.11946656825189299
0.7359327906574975
0.07213780007702501
0.16395979021543847
0.5340276382557686
0.7268393835998628
0.19761671965942185
0.4899817974366729
0.05036294801120792
0.022057859930695835
0.6155869145616968
0.43092713249539766
0.07748049218244016
0.10099438540459862
0.14638018953329468
0.15523779691052586
1.1039383749293767
1.2252990568940898
0.10043227138174299
1.081641297724201
0.7776206424699943
0.2662979275224667
0.6117966128968066
0.024004964733889144
0.10834443996212666
1.047269400206027
0.9121246903100813
0.9706477891765904
0.23545781970752497
0.5560771784717425
0.06685495833917494
0.40852034353340666
0.03780043316294577
0.3591287320983675
0.13460068636397096
1.0505945734926767
0.03677716319644928
0.27590670439457726
0.3120255785673399
0.7125367087200537
0.6217029142823112
0.24614835630177662
0.3150920252980804
0.5966445924223269
0.033598190587707834
0.09809219356591481
1.955606433944768
0.21355606827388343
0.01824176757513197
0.23003139736016867
0.09170887187812814
0.31693175298000953
0.3539967768232058
0.11468762197507601
0.2178658243200862
1.0817574155694263
0.13043808448899172
0.26025325293503165
0.20281984320668361
0.18050688994076658
0.30032340003372754
0.6955481077531198
0.9107541441753334
0.0394157182599616
0.340355553529591
1.368230298241718
0.05710457637354982
0.0497768483826109
0.042972557334200474
0.20170096731577494
0.773341129753967
0.16444472760744366
0.5231614325886634
0.045981782341929234
0.00335130130971735
0.013178810690875465
0.3848320910590414
0.49738185236077653
0.6509145685547487
0.9059436790961841
0.7062450610187402
0.056065329731738105
0.27139323708011337
0.4501846781275921
0.40413908323042885
0.9535950898278597
0.06223099667437881
0.1971345164092765
0.6325052378664672
0.18423076526340185
0.09572864571337134
0.6535692704809172
0.39674643857404945
0.00410585881479232
0.8353917470150918
0.09592373971950445
0.18005970600324742
0.25175181153813225
0.2986398361725636
1.0838413202023705
0.5739292910325904
0.4459132435364054
0.12966155395200032
0.38245352446917125
0.2501725394270583
0.09223957962756674
0.5078886736574993
0.1902237908446357
0.6483902622843903
0.00890669354175043
0.5393053868101446
0.16770753849656234
0.10286487619849445
0.03264941374241453
0.5779883067174697
0.9181541764240171
1.22957564863723
0.5805392532152681
0.0947721823075477
0.705598918029705
0.7223381114147941
0.0976084539556737
0.11253485572084738
0.284226377996162
1.065260492224395
0.43096674467697943
0.519694032896112
1.4476018008458056
0.49898380706361367
0.3881762733121186
0.7160646188742875
0.48834202424037354
1.3760418919527058
0.17227815548790737
0.2325311041907521
0.10041630372472322
0.5160321149820506
0.13941991062927733
0.34462419615004203
0.2597211473923828
0.3282935832285291
0.20147197542568282
0.06851907208092022
0.05182477466658476
0.15570274216207602
0.8373734931029513
0.19989259725278613
0.2336316572609161
0.853575237776673
0.07410944329665331
0.3038514048970696
1.2118201533237034
0.11040172444651444
0.5326752383403471
0.48071759798921826
1.4820603655190108
0.1434504943506192
0.9833247642013635
0.15669078085639293
0.06480501224552565
0.5470375218644292
0.06376938604273404
0.24801354735332248
0.7524756192303085
0.1112581275254224
0.713897897833198
1.4543356976671062
0.24318765471947715
1.4728686084450764
0.5501744622416492
0.20096975938220618
0.9760888034324747
0.4442247391314085
0.041756763925778456
0.14850102311639057
0.1523506995992129
0.7947892865216768
0.12007065076384497
1.2533000095980764
0.13417261765046815
0.4684472471331045
0.4596940047764225
0.24583639216592068
0.6384581191576081
0.265074217783977
0.13975312009874197
0.7380122393479327
2.1206435464828663
1.079020231874063
0.5257404677158882
1.7031720547785993
0.8370319718849489
0.486304517772773
0.398093191481681
0.4213112758605628
0.6746780474133687
0.22030106039841577
0.5332981503106856
0.49601858697731305
0.09730991400024457
0.7088583465623907
0.360138867360198
0.46087075701336844
0.10419020395140446
0.41542885792004797
1.3488191502269617
0.5183631500089969
0.5903105770567536
0.3878708081889799
0.2572901464182229
0.25813970630003097
0.46981821119418776
0.37051984959422457
0.061063250082856006
0.253327797638023
0.643914224899416
0.7124908080694475
1.7729429515319886
0.3249732344836746
0.022123578335340267
0.06676163262816608
0.2899040714552429
0.09566465070071277
0.6011965270642308
0.5001977037866036
0.5052330001733457
0.8792533364953605
0.5940114062698865
0.15262878244161507
0.6510522819171821
0.8343428342511084
0.9140948983684444
0.47418414123070457
0.28881305680657615
0.186811988680168
1.1682934280244708
0.1587569809584653
0.26408169898991685
1.474904198979928
0.19291362902809772
0.19343458301733987
2.897740903962872
0.2919643113992974
0.19572212612740225
0.3004643473912489
0.5104694508474792
0.3480197193216504
0.38093130053756913
0.9655119668136786
0.14490841756451797
1.595101986179369
0.13685883559501297
0.10257464398376831
0.8671432603871444
0.4356213795561099
0.39347862885990165
0.6585259695022169
0.9466011021470588
0.6367527507509488
0.15154309868169974
0.38736675471484894
0.21868396090380882
2.1053966341996095
0.738007622823256
0.24497418001998364
0.13102176051056139
0.15898755080250684
1.0606473447446765
1.5884470121226404
0.03193761607376324
0.9454452131043004
2.494257806698193
0.14210844456766952
0.07327620004681012
1.0018273749620168
0.13666573376716615
0.17229078251731858
0.1519521186687672
0.7424623442941202
0.15513856079616134
0.07128212879947746
0.6914153987661689
0.0062234181913573315
1.5095770346924635
0.7479064337119004
0.11557096145731502
0.5566815900417533
0.9761984010327659
0.2614968671872596
0.27077377259921004
0.8256643673336054
0.34326858955812484
0.730574688470904
0.23211377175541778
0.16370668201635666
0.057488568035946354
0.1102995481631321
0.027308977335712345
1.1838727897099712
0.41489959036541124
0.20286121832349646
0.6156187463883591
0.6629728074021386
0.5142441557669988
0.4731536887704273
0.3087241461061298
0.40070750824190465
0.5520004254111461
0.13237873156206453
0.11214692334192945
0.7637206524937578
0.5922494093983146
0.6354131835304611
0.24955891169311337
0.5791904936369562
1.2047428355486862
0.3323444181244084
0.2999747369871186
0.436723392899313
0.5218727100687114
1.5393721138852512
0.5003290024979273
1.226728999308902
0.35193417652010217
0.1580092617056834
0.9776153383194081
0.10289641132258648
1.1272797619758197
0.648755176380923
0.09591803902731885
0.28884514225093305
0.17630185971331397
0.19654510533188785
0.3334043083925403
1.2791701194663738
0.16317613242723675
0.6043841603501562
0.35695641413084944
0.6056520713942075
0.12089229949865084
1.1924548329774614
0.2654521458749676
1.0569374509375191
0.5593190883351384
0.6853683322448271
0.24718524258208996
0.19667132052927136
0.10909296731901498
0.1248564944109435
0.06243448457343657
0.007960739833019766
0.01249384046813887
0.6706023297005371
0.10635538234792094
0.06293461033314608
0.1036061832349254
1.0228586476628914
0.28260708383468175
0.9852759172677027
0.5044878913508554
0.2171934598222694
0.12748200145332664
0.13057786659179904
0.031144937833153214
0.7839828141103926
0.3098771813661247
0.3904803233773125
0.23972085139175817
0.12694933906974692
0.15415813161989791
0.013412342052986977
0.2414693754264474
1.2751878019795104
0.4620200266622056
0.24315114599472384
0.1636159772506593
0.4524954614659076
0.23981829578501818
0.928650342452534
0.997500787438646
0.3249986814813315
0.13233885501964518
2.548234627104406
0.28898348963086085
0.2050058944880497
0.511628268044007
0.1641719688715136
0.1639364964402658
1.5048796906673076
0.2673788950825958
0.05980552313524708
1.4976556901756692
0.14770453583305893
0.4327188261857777
0.027324807215760975
1.2422948486782048
1.1308770734057463
0.17793027115289506
0.7673317834870431
0.5784413050076209
0.2284026875720208
0.314125962269979
0.7093249611506106
2.0507903223309816
0.5495583450685518
0.2571697574281332
0.051970352864882524
0.0663249803611597
1.1455342848652965
0.8463908184623489
0.45251607914982284
0.1511306371594834
1.654491150555548
0.9156324602133747
0.2582404540034618
1.5457426472174423
1.1873048553159165
0.4530485681459369
1.1580293057039315
0.3588807933212497
0.20209833800498317
0.05634469092942438
0.23304717676303507
0.25605730999608173
1.0123429544767304
0.25398223394443054
0.10305960963231282
1.655538887497563
0.3775367407693013
0.4125649051759326
0.5984918125356699
0.2616235036874752
0.09018911751000193
0.5799792758094195
0.10118020424993521
0.6848601149739144
0.43858933942651684
0.2965008735547481
0.0730466783651132
1.4346401339135613
0.41563866059722043
0.15456095272497786
0.3779830151682622
0.0960969111431093
0.28439338345055026
1.4203616098462373
0.3567276850682892
0.1111081521962403
0.8618553263888745
0.6734285407814432
1.5647437884074882
0.7328825843499671
0.053449936212145416
0.21595755212085488
0.08268753722422059
0.1318907323639531
0.9367369920428129
0.033044368839649015
0.9742019542168834
0.5235299022098197
1.3352906158942255
0.4341631234157348
0.24756609547686195
0.33143162974190987
0.06733842114484898
0.1497719456276551
0.27550936183828895
0.41877943357382685
0.4323855890809134
0.10713793426108836
0.6256552865172356
0.5729441348468856
0.2635406369556872
0.17798039954448977
0.25147566059815785
0.24554221894235007
0.12039469949047484
0.5680169329363862
0.7199323027742783
0.5241499785496825
0.3760022398235136
0.32191817434559866
0.8887207164140475
0.6790775652971491
0.3463327638728749
0.2535499952105865
0.31350904908786037
0.14375198958725172
0.17527901333949766
0.44093589037807257
0.15134358562098726
0.07370203231196121
0.8405834705095754
1.4797257800749437
0.7580399795054511
0.4566823717734184
2.697754420255663
0.7578757462086905
0.7177920604949589
1.3360617712517269
1.204357350435005
0.5445654386466441
0.5125605299281424
0.3391282464443308
0.06336171135342111
0.22412696527683862
0.40074974036239847
0.20923832414803392
0.3550142751880624
0.7683314347077927
0.2465714770530903
0.9344445768151598
0.0093403533476828
0.10448796760096285
0.5150228918614644
0.5030053404535231
0.23051371553428013
0.8776951655451516
0.5686541890802601
0.6812199327155907
0.6948930884196437
0.2801776622690932
1.6736540037356975
0.1154690619203901
0.2209492628018806
0.14641940856041658
1.6975623841753542
2.23019049437203
1.6152385255413757
0.6201017152194639
0.2752163479797064
0.16905156976365437
2.3641708421866476
0.07981696684364717
0.1481464821021795
0.44159092966854774
0.22082137081286032
0.18120018909742042
0.6070234166523208
1.596732980123212
1.8516934653171553
0.5865444225049508
0.11530441925614475
0.05097526893663961
0.3385933115962761
0.11699838551482404
0.16209456125250404
0.8375648390821452
0.08274069663262579
0.09963704182024923
1.5030742739810359
0.4049128737475949
0.1922346808261961
0.3544326194932418
0.31815161541540193
1.4831284072273816
2.845641444474951
0.37963069487077883
0.7343888960021926
0.25337406496762216
0.06047445284927032
0.06581278245731134
1.2481122519364312
0.04598474886066551
0.1610030958004516
1.0406444943845186
0.8011902751986617
0.21968612755060452
0.936085515700928
0.11699714453519698
0.7661141886655207
1.4576554681674527
2.210822092903507
0.05841185138149645
1.6698109860243768
1.3834371129339869
0.025795810975166884
0.908817294509212
0.09976771636510487
0.21122609714713725
0.14187883711436047
0.24143738334942963
0.07975462929594059
0.6628520023981784
0.40847218800716406
0.9995206308103681
0.7455163986491276
0.3762604050630532
0.6029842123418758
0.6018855315122554
0.7203887453578323
0.10841818325359721
0.3283577783162578
0.23048497837399604
0.06693553728659714
2.0460632340476037
0.20945194692118094
0.5951651498860245
0.5274219136949432
0.21000901259795826
0.6352436423061292
0.0692690790420175
0.04541063764202991
0.0646262507928361
0.44890637642728565
0.092753301777096
1.1015913528571135
0.639285209652087
0.2459638709998552
0.15835990614014417
0.12057258785895769
0.025091073000582345
1.0150561199786372
1.988858607931132
0.11730159388946972
0.10200971498721972
0.5747137607515452
0.1072806052635626
0.09650600438333809
0.5933686125126658
0.7534793358516783
0.13429897415071376
0.6704391929122652
0.28378106543708015
2.136006676600969
1.9402402534912286
0.1716705092158175
0.1664588199985486
0.47962974137540193
0.4426582950977195
0.41484157348987233
0.7239721306999318
0.20886885544987052
0.38567334985236623
1.6602367349035032
0.5322617886639768
0.4291624770599879
1.189436897017234
0.1869050126979457
0.30344220007994466
1.3122698882671375
0.5772842027986553
0.3433132457503677
0.05594597071251218
0.34782215507309877
0.6334245682977797
0.31202192070149914
0.44499177625788583
0.5585806996022231
0.16121972315448424
0.15001089614620128
0.4928495736517808
0.06821867056241
0.14241274000522333
0.6917481382047159
0.18817850201682795
0.5048843801792977
0.5472840612476861
0.270771891594912
0.23853365580931923
0.16436279302656603
0.41429633828508944
0.04363472190345321
0.5396529945737031
0.48295670765121124
0.40958565909808764
1.5804696796097728
0.26437155702234116
0.4184336183913914
0.37056977064876906
1.4676135071621081
0.35252640941861835
0.7793064730681575
0.5582844173797209
0.024776314722693135
0.7091806282960676
0.6867209905009678
1.5192492632884296
0.6817925062514235
0.4588759193014433
0.050492678498455804
0.9441880941539145
1.0873586968052795
0.1483201419699933
0.23333936538249556
1.197749973307382
0.2415423142005349
1.0720514187604837
0.6755066833953893
0.8034102855145231
0.6181050315326327
0.11186991776388731
0.0985540955552877
0.13830258239759452
1.0018347428867516
0.5783646124495668
0.4233266283679945
4.744670256960429
0.49738809255780453
0.03363475426076307
0.33737673920421274
0.7941303153700087
0.11325005023793538
0.8696985373082561
0.3790993472731533
0.2321267162259658
0.06987578197784397
0.20195407617616842
0.21776952700304106
0.1626285395822452
0.42290587748915176
0.43616971415583344
0.3232540756280008
0.5160261703534574
0.6857948058263806
0.44905289556568484
0.10264719126640733
0.11491021854275069
0.7258496629181173
0.1325764089446177
0.23027044310327432
0.14784010389814478
0.45714572518784685
0.5352125019134144
1.116273502399119
0.15268239266038813
0.08540206911698749
0.3687970736204173
0.8782649231860095
0.26104771794918435
0.4546090226426836
0.040620122625369716
0.12101822763276303
0.5789399233048617
0.0265710173483503
0.29329408227507003
0.9300065925872891
2.5158288437502003
0.9473218388515436
0.30238664258028686
1.310468182662386
1.3804742383775084
0.7493949189511603
0.26226139684254274
0.3069235093478046
1.4825259402663629
0.18932454331064202
1.3964257513288296
0.8385002013109117
0.1623380713372068
1.3403491946071786
0.028498211797027398
0.16914705938395413
0.031936538284140635
0.6004900766087254
0.13635648035110567
0.33284235502035103
2.0424526534507605
1.2740483005385796
0.12180171924259066
1.0302154824000749
0.291287907071023
1.0501632283724758
0.6014556330547429
0.0388931128348561
0.18749293499225822
0.9009393399168028
0.12855205925425128
0.2133713810300976
2.4255111632057664
1.1693755358326727
0.14005845237606263
0.1811821713913951
0.24757945474057175
0.06560167433189826
0.12904075838006185
0.27765516078222413
0.45878538116747475
2.1369714856915825
0.4424382647692955
0.6179949447052921
1.1203842896775444
0.08894190142152483
0.48347781573728454
0.3315494782567103
0.32027336528168476
0.34117315816163685
1.2817058442875067
0.34449645212177726
0.11828128532826203
0.2583451587534893
0.04435740120766399
0.09346161293051813
0.9073673383811786
0.1781564539008506
0.456589532146034
0.17350413836296433
0.22901986502089433
0.4658253301421255
0.37695428093448785
0.21318274708590484
0.14318921450763158
0.35976925208769434
0.1112926052136255
0.43559994798330115
0.7447975028832904
0.16507715865036454
0.06130315511187358
1.0844152947499066
0.3394665924615934
0.3458682744489199
0.260298615674389
0.2668480250238233
0.10118731227110844
0.4291705656043799
0.6590717238590534
0.8948836187283941
0.5421010079392898
0.7693077539336777
0.19967775048694852
0.6234661986238283
0.988281396405055
0.5176429667824914
1.3824957294529858
0.4719964524360088
1.5114844601310264
0.18917864983791113
0.6284164594666298
0.11863895042463232
0.1892305945743011
0.35976491367673796
0.11424689186985898
1.0142200659318124
0.25717532737798715
0.14557147079059618
1.262853496923167
0.3299431027158328
0.2995122996951805
1.1054098910622185
1.5147231359890618
0.25486931819239483
0.23123758115051868
0.3610164292869253
0.3347644774193616
0.050651732104423544
0.2670059478922209
0.01220177098696949
0.6324612055355205
0.5687408729748298
0.34958981849152027
0.40140201680482024
0.10744703044657095
0.1635720603453806
0.5284672133144555
0.08821016907558794
1.372505827991603
0.6726348347825845
0.5058330868722669
0.6396426827469585
0.046883429017635495
0.11080656976509132
0.5033355667575771
0.3908303984342433
0.6614668117469892
0.20112499974187575
0.7281300467859422
2.3657479744993415
0.4399331776934176
0.14545916315589186
0.07263161320264055
0.2620019747909307
1.2191946887906995
0.9365628426656936
0.14365010262215042
2.0935286810375335
0.5100580835427344
0.6545737241900041
1.0380717510082842
1.061623242792753
0.2683101955711666
0.14573382606847668
0.05291413141004353
0.14631076361352394
0.8984484058222877
0.22298952992254747
0.12010173153205467
0.46249669870013
0.6095234975433027
0.102093506662667
1.6759746629981935
0.04387339358746758
1.8250219676195725
0.5638036195963237
0.4179385490752909
0.26060522310880024
1.3003035121357782
0.28586623839887204
0.15567115827246755
0.6936585998051144
0.10210248058989527
0.11148852157129281
0.4031827999420962
0.044382861819983764
0.7763202225280174
0.12429772961558937
0.3334765681888594
0.9024578681287152
0.9672681443883727
0.6499510989749895
0.022073059460324968
0.6486810497875378
0.026034585839872178
0.021675512370476113
0.9385330774747743
0.0766377663716506
0.1486825145334663
1.5675709719562712
0.35689158198663856
0.3458383112868708
1.323186582413485
0.3813551246161189
0.06182539332966419
0.64795649882908
0.9070833306920665
0.5537420820554954
0.43827003065735004
