0.04553573694448725
0.09540027673509213
0.06396967481077469
0.8581122287567879
0.17993033790146243
0.9356702406081779
2.373762697762401
0.13384361755616225
1.413971811322389
1.2301315992264314
0.3127660503734673
0.08549919401598396
0.37227199050559
1.2023485669318268
0.35505088358590414
0.643089181691385
0.14641966869843628
0.3037450539455986
0.04405884458651238
0.22252635515227168
0.08693115086209827
0.3639237816139457
1.2406416566459655
0.8463695093304208
0.8463032611058658
0.12130252832645287
0.30171455235877426
0.23724596014451835
0.36287120351859636
1.2615297161213657
0.30750396054734913
0.13135378926919022
0.25640662709831014
0.3683212470975183
1.0802578255186628
0.1512880604115895
0.7394906594344614
0.2965810510700463
0.2779095968786372
0.3851756856016411
0.2102894619335769
2.595015543153676
1.5469798318858823
0.13266016810726822
0.335408588328829
0.25987356935578787
1.8244336410447244
1.0751111182466417
0.3381830666302461
0.3855301499104428
0.6736950249752699
1.762811457378098
0.07490363074460654
0.1966359367157323
1.7450764078892531
1.3076501847555113
0.35501782634428386
0.9304301180637585
0.3294953649275034
0.0488499947410246
0.29800292167082837
0.36743667200150554
0.38801850655495
1.079423103469682
0.05254863889247154
0.35045725530951016
0.6214725894286526
0.04345031074454184
0.35237565337349164
1.222331522216359
0.26107117484379033
0.39234579619708676
1.5513332496236718
1.5049896845885529
1.3238652758404124
0.8364698769912421
0.041590627244941364
0.18878284646585253
0.9304840373879827
0.6654727416898946
0.2538778930595748
0.09857841752725453
0.2911022187599815
1.1619909746386556
1.893103300629461
0.0550691468004629
0.2505771954121617
0.8581754573917338
0.730519462470535
0.2687964851406755
1.695808276314547
0.5968494503619631
2.4481064268711417
0.2477589702862769
0.07608436817945717
0.49231422860950175
1.087885819904
0.6630475955493161
0.17277524406483377
0.07083961672843864
0.02663504613918861
0.20700027206838983
0.5091633737835434
0.3315919133736628
0.2489907749026741
1.3627366022522625
0.6979662053178356
1.519725117316015
1.2463056154038645
0.2800911462670865
0.25036357720102737
0.13283077643615832
1.3512147216650607
0.19783032670561784
0.6788537013576328
1.7120878175514729
0.5012808359726563
2.2083196621219363
0.5520685311914787
0.3742842612415334
1.1437436715109286
0.39187429143105235
0.26566413112757514
0.317424353582719
0.16170204299573115
0.6486663076956505
0.5267089564452755
0.9489056869480552
0.09261690641091483
0.7462195578447204
0.09665740485777159
0.27534325111286123
0.7845965813528322
0.95405377136006
0.051855734496844705
0.18549754639394278
0.09523064272500512
0.03802060748729432
2.5730262025799524
0.3345464540425794
0.44853193146742276
0.1440514386505217
0.121564489908546
0.5906624868809937
0.8467778415413364
0.8474461794726892
0.16238550602284815
0.3075337214513425
0.617058365325817
0.6238719574779669
0.6299885738897946
0.20308639754427812
0.1797705250287445
0.16235571154115863
0.6378654128680552
0.9494274811764665
0.5116006156786378
0.4062548888005556
1.180197349808754
0.055174383884871045
0.6609704222975392
0.4877514640382651
0.34867381689590815
0.6544248645533306
0.5135314718712883
0.5617864915014418
0.8288651551381285
0.06328612906814561
0.8004465013765394
0.22199656227071368
0.17173897008242484
0.1865021010808892
0.222468754880044
0.024557594288950397
0.14587935130167795
1.5715642192396506
0.4821469282704428
0.2879395064488825
0.1449993618674435
0.21610164328336576
0.07916994497059177
0.19357592639611143
0.23621792873953118
0.16214630714635056
1.3540759568321028
0.3215593838819821
0.4783579339343351
0.9636740089359549
0.9035832831374805
0.6014208889939827
0.2806249763089673
0.028954860825049483
1.2693288109416159
0.8494330974350682
1.1649381704923576
0.9472005454660742
0.13107696977670277
0.2097054731369506
1.0967496510005967
0.10572842736092453
0.9958333939047322
0.14220390047515352
0.834536870973236
1.3550388399882942
0.5611460273907241
0.2740552305253074
0.11173567054494232
1.3320658108573802
0.07862659278318049
0.1057126210570417
1.289913224589525
0.5156775111076458
0.1722644546443729
0.23306269515058328
0.9329001228203362
0.361099638885999
0.7007610792315054
0.8957261675745023
0.023785934786838586
0.49501632750479924
0.1615276241029761
1.3190466777332852
0.2980666963763715
0.5607482312608224
0.2527548442368587
0.08062154692250051
0.009404263764827451
0.028144282359519577
0.7607518770531945
0.7396143797243605
1.0718743780833393
1.5903505015555728
0.40140739500861483
1.6844729887520922
1.5252505092644943
0.17049125800964274
1.0468691837885418
0.8031166857123591
0.6537208674705546
0.04765750294087893
0.9045131765037209
0.04605940284719643
0.24394527839828867
1.6498306248867078
0.1446436968981392
0.3159596685370394
0.7624215104041375
0.48394510292519965
0.9879613601133902
1.3904628387020466
0.09390147386667466
0.07334962428754983
0.9843000563562453
0.8540822904318498
0.6249606366916766
1.0611867493059384
0.4908526841230269
0.2182412532296385
0.16719360221017796
0.4854710844958218
0.16434414284648138
0.6372854210727584
0.09995514121218485
1.6235958223100857
0.7537582042669246
0.3849070618996613
0.36862324284768
0.8448187599805457
0.1394376287762147
0.9343010922559077
1.0820466789726755
0.3241078308268066
0.5918463202531636
0.3224999368998925
0.31392167653660036
0.15940460444248974
0.21029753210783148
0.3220982247595614
0.6110762746121335
1.040577721843592
0.7693693926915868
0.05211153831249485
0.7224240729909653
2.0183104601992006
0.3370808295893419
0.4388427756245389
0.27414376725827705
0.839318663205649
1.5180013618565802
0.5048011125143258
0.17097313748954437
0.8769761971254568
0.39584472351656225
0.058070029712103725
3.1216457604373704
0.05989249172541309
0.5251367036156497
0.298999833483883
0.29376340928873546
0.20429896385577753
0.0503313796530598
0.8085076728413745
0.05950183306674457
0.9377724953738135
0.14959619508762736
0.7220370588190451
0.18167527748035192
0.12475558061174431
0.08740098897877581
2.550886784512867
0.5605188601264114
0.5901230876493528
0.7567345344829974
0.07385964798349617
0.3331815446787787
0.7194287878751822
0.07971833687427657
0.2884670132672601
0.4537815781096874
0.1927017418448423
0.19958667513271655
0.515676540746717
0.6490962638810902
0.4472432271117457
0.8557191226735621
0.47270321888791367
0.6279881130382958
0.581857428809023
0.9277306353275987
0.4644042223067556
1.6303042462802637
0.24972777403279553
0.9339178780497984
1.3847965292136346
0.2939174612539294
0.23905445512720558
0.8670081836617591
0.09681789761249622
0.5638810005695826
1.8658456748495214
0.1469368206843578
0.7635905528828096
0.9267502595825972
0.926031799610824
0.6204797662699142
0.5729808382992335
0.10745279059364521
0.0666281512900778
0.9351626269452203
0.5979737367890722
0.22912351224764435
0.5622595153461285
0.09207666609477001
2.178181026159123
0.6485681726266916
0.051628776694758544
0.1261272072769067
0.3371735480014464
0.49102068392847253
0.7470807849746482
0.12674005707396108
0.030043536392823342
0.44207907244522787
0.14691520701884597
0.14452130500776558
0.1313550089137972
0.545072822729019
0.07277000852107468
0.05537389231891105
0.8936762726868076
0.2901767052779775
0.1721431336864094
0.2777269071618646
0.5803750421095741
0.13675728713972626
0.5697468395733107
0.9923432348234941
0.8017092567957556
0.4983668400404105
0.09434909793227259
0.7915897910293256
1.6339834648515912
0.025330174269361357
0.3491448502033986
0.5339241385614538
0.22478083560199344
0.17056613001708432
0.8020537262141728
0.7870712236654739
0.14979121457037975
1.595402838654103
0.7413674411753187
1.1487201443699615
0.6866786424698847
0.4567722345933088
0.8306358437397746
1.2764007666871795
0.5766039906485072
0.212633166313375
0.37571931148036825
0.1042227880133709
0.11652334671159661
0.8842036580061224
0.683260731646443
0.5247597004019082
0.008988289933643033
0.18975682215093534
0.030162924212839434
1.082791916531267
0.6211473131413946
1.235525750236375
0.4206957065777952
0.886262461156952
0.8007956846209795
1.519571834421516
0.0478851227768687
0.348083871251223
1.0579736359497944
0.7641433439138753
0.06992325868010907
0.601011049477196
0.10024519690954581
1.919281662703748
1.0180707063717036
0.2965685474230202
0.424182432747619
3.1774853528048803
0.014926026512266282
0.37915289381084394
0.20531823349679507
1.2841842774094552
1.2752663836772573
0.048628840251516044
0.22472228487376922
1.0232549918523017
0.12291558427575087
0.08706608248157069
0.1721631419192391
1.4653418396959157
1.5517446110005995
2.078508173653784
0.42351774446390184
2.13185736664352
0.5396856684929958
0.7001517543194483
0.21744089212427561
0.31208162266588957
0.2133267304199923
1.1094600342187626
0.23402959744020502
0.028211128732268758
0.6353249701851711
1.2124607089775994
0.17038693612666728
0.8492453688883511
1.805022912479332
2.1716814005254843
0.2122991375086685
0.843755879963382
2.1336365427147634
0.23756180092695958
0.4850028145764526
1.2188844373276249
0.09633875844636927
0.03260928777703612
0.3984356041927642
0.5653246747977871
0.43465690196873963
0.6864914647168603
1.1258786037084283
1.3667309738872433
0.46797121737165315
0.1842641255807432
0.4314486762371213
0.6774999456216901
0.9047886362885332
0.2813103603351644
0.46970327948264334
0.9106572532603497
0.5589822795948787
0.7018234759908717
0.8545989622064435
0.9267101120442334
0.7935167201079817
0.43182758418289563
0.026870057656305714
0.9176909598298656
0.6821616447457838
0.568908917595943
0.012264590172365045
0.021942377754101332
0.32801828623925733
0.9231333620281601
0.4904632850678015
0.17816231550438386
1.7364938180727425
1.0875467662251015
1.286734557915883
0.44824893361397267
0.6064098553039401
0.8301124825269772
0.9962327655822398
0.6144179119529724
0.046471907827460746
1.4414597967993312
1.1272080766005832
0.37215612004523957
1.102753599288603
0.06493783912562105
0.10166566891543473
0.06957946368925189
0.3736434806870126
0.01529613784036958
0.7282897239856254
0.43366686093998097
0.002764222350466571
1.5664376658146353
0.4863068277680804
0.06134909541972634
0.9085846513900536
0.24839699139454607
0.35824250848218764
0.8466533701797647
1.2127181613199955
0.9416637583478665
0.43543116606477694
0.13385915148930091
0.10924196237932624
0.5576303712694645
0.6661308387257177
0.18840473419413448
0.5889727734833662
0.2773869414137441
0.3798624419464209
0.22144595012174956
0.2733749136237539
2.3431739334420487
0.2548730992050067
0.2101372117186163
0.025052706935623437
0.8555399287604253
0.23658063349141042
0.6866840142992926
2.1725331541400275
0.11396159600018967
1.235050903925501
0.6927755556160563
0.09289926948834218
0.4013616828884699
1.0446903546628723
0.0436658689188571
0.04474878818688743
0.7545427816144136
0.36591767537563535
0.44932795307043943
0.8717285758930665
0.558982225499549
1.5793449458481033
0.11521442469384353
1.6349009128614482
0.09358930476509017
0.055473007546336425
1.1677430312835548
0.5995988686941932
0.3018850924056773
0.20897343403806498
0.2272425447800277
0.40742876556442476
0.09020978310461103
1.1314258445662486
0.3389540196567862
0.23238203997565987
0.16523310117741774
0.06262916034615226
0.504869175634638
0.12991899498544726
0.09971242785009243
0.12874554660488324
0.553795933208907
0.6325635248441509
0.2494055449808003
0.04976022483907172
0.4629564950775748
0.5216587401251878
0.7607424243721721
0.3875830003600145
0.05758517111244372
0.05182715376993374
0.5171177677589797
0.18510666178432222
0.08433412518547627
0.3233998307154347
0.06151829609228746
0.23486532994880827
1.0861488162401722
1.0410600239728336
0.1382248831180121
1.2516428132226582
0.1850330199926183
0.4802905109075911
0.846418563268473
1.0043351069931366
0.4613546039981712
0.8315362168482806
0.026456623767277185
0.10459318579472782
0.2625413346388806
1.082834300027503
0.9484856282954338
0.445410586945009
0.21752984923555654
0.1680603375143777
2.155318136484695
1.5298190240711
1.4080886280611355
0.08705707369866482
0.1353180261227387
0.1094932188262639
1.197180185645776
0.4032463961203904
0.4476974639092719
0.43867020135320234
0.5396259503654751
0.023419115597611062
0.1282754554106188
1.0319615738837873
0.7951005190947903
0.8127177814851595
0.6615146489892412
0.34905143585348714
0.4449569363333471
0.421261690067011
0.00832949531326945
0.039692635024106415
0.21886539897952467
0.2947469549097714
0.8963615559766942
0.7502227100639385
0.1815025665436144
2.3395314152822944
0.22994758512143088
0.08077894180880328
1.1476775388453162
0.27274630357532087
0.1595772443627145
1.5357457041922837
0.33886111324693863
0.42962530122279474
1.433830696253604
0.4887179101475098
0.062171893621696145
1.5710649637170244
0.9807994659412462
0.4631706527848989
1.5199888911407398
0.06925206727435299
0.04778868312806478
0.5460772423002243
1.4909060348060028
1.1290682723226597
0.885218488789356
0.43039653296920405
0.516272202026064
1.361433788965383
0.31616733866151653
0.11955129522008774
0.27966741987955657
0.4314377038373522
0.16572661482096848
1.3661470599758203
1.2021160202588925
0.07552411589331247
0.7565571596236174
0.38429346361924427
0.07086472259338487
0.4284176217600892
0.12886536036649313
0.09741739335094173
0.3388483241105901
0.8094991861502506
0.43335084666098644
1.1948353454336842
0.16086956689829554
0.25540139838234743
0.2902427018236869
0.24395971291625973
0.1699889292424184
0.1240972211861514
0.12618329636484307
0.3643784848344278
0.04899178432650905
0.3620559509054402
1.1328888463968685
0.74263661397665
0.3901343172822292
0.2696143031215435
0.3916984049149098
0.36274654237438436
0.26832386998575375
0.5856205663038232
0.20510650820534185
0.4812189453402982
0.8216104823861152
0.10533264592052063
0.14643394988171599
0.8958842652012374
0.1993207930218897
0.3151042434558261
0.8813599992088564
1.3417747948562893
0.8141342110586808
1.0418742964557153
0.5184397064794527
1.128652279338194
0.15295424780019862
0.6283971330337167
0.7608234723465218
0.7138929558068915
0.738451232729298
0.298113127638561
2.025330450449287
0.7907084500252991
0.11687830980339142
0.8379689001099968
0.1208954645457153
0.27035234164112587
0.18565173324568415
0.004953945607822456
0.12784626351968914
0.7514331261789465
1.4439639084710332
1.7572434757878554
0.946046422002919
0.2166026111465737
0.2734943322221427
0.9655039424121031
0.49257982846264126
0.7910454180066643
1.131383709572482
0.4608103530944636
0.9159538360497964
1.6417167631311373
0.27320623849372583
0.770499078878627
0.7036122207597832
0.6985302650533742
0.2263698676215795
1.3749982516684007
0.17972829482960498
0.1273676857280571
0.5989115697602488
0.256310194500591
0.46738363795716115
0.7890529222232301
0.863594458579024
0.23254075675707536
0.7243747624578256
0.22153861301603667
0.8486295759462682
3.9791184614327646
0.16547956557005056
0.5034439478424965
1.3341148455257372
0.06478640743390143
0.04753094021228544
2.0065441453234745
0.45620499506647577
0.30735960623461256
0.4632372321729401
0.06779440329523022
0.1499609659196724
0.3074308586017392
0.5939106520981293
1.0484491851881432
0.5172594165086853
0.6107778555221702
0.4268019758423197
0.338188764760881
1.0954838533263949
2.238426666024099
1.2911125151397846
0.20834354032789307
1.2379956426251533
0.40484550552392246
0.2069545890695984
0.9169199306345752
0.10784165793104973
1.2721484349323058
0.46237138919732423
0.8229181720339905
0.21554568753557402
0.24175287823886576
1.192728027509713
0.7489387065167731
0.4585656689895349
0.6331443095093642
0.5345062056665463
1.6945991998554548
0.8413048000582755
0.9049956946469947
0.02336050141295073
1.5316729176822534
0.35277714127334964
0.5971439507446371
0.13303896608104585
0.07847537777484087
0.2667357453997908
0.17339609857462135
0.16129784200326738
0.09599955972979606
0.7821602345444351
0.3845973016610932
0.24351679717177344
0.7883859417351938
0.8786976751551053
0.6689353050099421
3.259711674685175
0.2115867237917885
0.7962802456987815
0.3206131215611172
0.033789945598661116
0.7944767468303778
1.4901198155205615
0.07160220006150564
0.0943179275574982
0.5471249405689788
0.05265117027983591
0.01596039271236661
1.616894028049385
1.273630721336525
0.3777392564168853
0.26226544712338373
0.6251915659942985
0.32346054187513185
0.7621328643621594
0.7507310984188037
0.3318624222841212
2.649766417177907
0.3779705663305307
1.2223502849772303
1.2362222413071968
0.05513176618751472
1.147608984278627
1.1608527472401027
0.09474992785993605
0.7863772666766955
0.6190931016223005
0.6718198165413062
0.919462898112751
0.7790968180440698
0.19004742044595607
0.5457699131962288
0.4579497492531437
0.018517188141263578
0.08621012698011049
0.6276703656450383
0.5985910145241918
0.2868428814597899
0.6880428453104165
0.44183958904487336
0.30878862247841793
1.164945301782736
0.274734482170214
0.7554114276024874
0.2561928435917306
0.17295272191453928
0.5377369005638731
1.2282753315756372
0.4478064375240433
0.1675447351892791
0.8734922467602538
0.6017810444494365
0.7195984430135345
0.5549932574360946
1.146851426791389
0.13963862927321732
1.1387533435189212
0.23057727405110642
0.6051853806826498
1.0647429709522922
0.29249246506960463
0.5980903006253706
0.5220180062866041
0.5584180907317147
0.9499590555711063
2.0556918676471394
0.39093683478385427
0.30316772859841207
1.62431021369402
0.1706736672666643
1.006667469520233
0.5197400326876065
0.04269273046191099
0.331818015807322
0.92250525942547
0.18002562933416782
1.68218339191879
2.5624124771294716
0.33336594237636724
0.4216375252672057
0.4740637950942864
0.072076512592658
0.30127207152334173
1.23135459452513
1.5069785112919338
0.28014341318640334
1.663627966410555
0.19328476905269243
1.5089078101471785
0.2503980468367439
0.1496198124882119
0.2333996962958811
1.124707361980529
0.0833858641011258
0.12891404083053293
0.7995589537800945
1.0571887972523115
0.23304081351252434
0.42783978319980875
0.7004501675007702
0.24814739200287372
0.7731718187753078
0.17798087390538941
0.052723514592733244
1.3421359849404888
0.21022118877326978
0.1252937057608031
0.3732162771794208
0.2758365591541217
0.11949313802345396
0.970929156258784
0.8968981046272062
0.04848562563807623
0.8555507793284932
0.4510639962476532
0.17889481232520926
0.1834386314554921
0.12445784726919856
0.047701116725421766
1.1421951134801518
0.7799214315507111
0.4236954074371607
0.41385212301631263
0.4528392975521825
0.44890611420146204
1.0517321097688206
1.0749626046683014
2.071499399682102
0.25137228831065195
0.4936751822646966
2.094027037462299
0.09319283205402147
0.05263812549519415
0.23390423654321432
3.301357050053049
0.17612585611025663
0.263743487419862
0.19001231524956017
0.4765521978809553
0.3826865731302559
0.09980036667549347
1.3977568334178347
0.47663596782485906
0.2432727941231227
0.26536404549141523
0.1409451379514348
1.3049778165659098
0.10835936820325595
0.1762435385719173
0.4879437239948671
0.604761562059938
0.2637456712297157
1.285235129954138
1.605775271819455
0.2661381122456521
0.6297254133332109
0.0962662670053675
0.2322746327737395
0.6067050979035785
0.2645680492889436
0.5586415151317127
0.1977848035393732
0.13541615060202375
0.13159815237056907
0.37211343415703163
0.7340269581102942
1.2016753094208572
0.6434346565845348
1.3268993913880673
0.04415173003086209
0.5465617446560008
0.48666828941389256
0.24698312852051768
0.8118474909904732
0.6479764195161231
1.0356225908510233
1.6023247156316573
0.47889860619858626
0.5318056924991662
1.4224798925331046
0.4761425942691006
0.5142160638072978
0.30227912699730275
0.364099805530403
0.24573885423517342
0.9255637084063125
0.42822635873768033
0.5311239150979453
1.6820361758298026
0.23854564456516733
0.1129241144014278
2.405121119848131
0.05111416214776422
0.18453116809408837
0.17824224710234882
0.0210857996804717
0.16791303690951032
0.277754012969245
0.11532282510059408
3.0817934878615274
1.3850827921552415
0.27404320387720826
1.0011237271332507
0.40265245989254017
3.2483097316759006
0.04012764019646774
0.5285124050501018
0.286611247000669
0.2541247057766222
1.2422000196340024
0.38615120171538614
0.07059903421994088
0.22603839927673178
0.38624042772956274
1.1226359084946815
0.7551541157809669
0.35594679348208064
0.35312111229352916
0.6056837394160061
0.015476429547730002
0.47699789715881585
0.7625784125527072
0.48554152336412665
0.12176180731779686
0.9743495068331147
0.4739020513776123
0.3444159667871035
0.31857139055883404
0.135033025178435
0.26200107971443637
0.12294048156407217
0.02655805974762462
0.10962313133606454
0.5923544606056529
1.3937202227203374
0.2516030797942967
1.2367281777398713
0.5151441866691504
0.02953079032861065
1.5039239192503133
0.21495539829386326
0.3236706830854576
0.3110320435884494
0.1260872164036116
1.0303934257920222
0.9023701186642603
0.32720948321330173
0.02777656315037217
0.374129897827862
0.06078160745684948
0.2106740493134887
0.6430953727656691
0.2011877553355238
0.15114435943567714
0.5132579726113925
0.6034869047851539
0.03232989695292735
1.08877190576684
0.20212945664969123
0.1938370254350117
0.019528872311990682
0.05024660713376698
0.12524281594865097
1.7962715410551764
0.2867687319882088
0.35986568966199334
0.3436388126644732
0.09425691003094792
0.08135648695865123
0.4907803476866603
0.19315310179886364
0.3617965600100969
0.46573829688635926
0.7185437796803164
0.3491328873215579
2.769687708101746
0.14298185346568204
0.2439431637516709
0.3331636175367225
0.08865373373084108
0.17962981452299231
0.48959514859307257
0.3222932103035661
0.24220889589585345
1.1695590929314197
0.24250461883909483
0.15285514419486676
0.6514201672739678
0.2285950684261922
0.25852346333194764
0.3897690508041277
0.7749989102629048
0.20658114702754762
0.171932229308431
0.6604212578106827
0.7585977877956521
0.2859392355346266
1.1200605775038832
0.14128042523555712
1.6835684478655215
0.3524803171619563
0.8246964814923662
0.6487069248408261
0.2604790185763502
0.7900164201589438
0.6727207997940364
0.08346250746544039
0.2789843011922852
1.3846515859649262
0.5628243342953898
0.2018844912761375
0.20255806140166457
0.8277752707985118
0.7188533984562276
1.0142138627069925
0.3877710433158337
0.18235236969171176
0.8852178279208626
0.6487438364490852
0.04362732336166754
0.2501459601102891
1.560525402952053
0.6527347864301645
0.444485330788135
0.031657312139896795
0.26569925413338136
0.23785560149732865
0.3344300661048644
0.43559901032597653
0.6521112159766587
0.2647572557634537
0.4881986033867226
0.7119818669215039
0.13295507090598527
0.6569444849258242
1.195944983361336
0.8717471381977817
1.08033756894846
0.5916529460439769
1.2648728412549006
0.007867884642277936
0.9239436012487485
0.09337075444930255
0.03044005814100349
1.5427089796816855
0.03341900493644023
0.24293137248893548
0.38820079647769995
0.08213285249282277
0.04487053783514941
0.16441905651442534
0.3285967655082465
0.17210251627604933
0.939400926121344
0.7160738771625375
0.10233879741622083
1.2813852495054783
0.6025596671412837
0.774947673891844
0.11329002960666987
1.1013418015661445
0.5530705351392292
0.6599384231367658
0.18280091904707574
0.35981964960994
0.9108862377930845
0.5398725795209347
0.2690675622322393
0.996899329493737
2.4151356422486767
0.10786033055997438
0.3630324863977732
0.5642546586168912
0.9300977931818764
0.23688067833215437
0.057359016432854064
0.003653571791233796
0.5238241418696531
0.23294093298360466
0.15067641837748932
0.18352643262175908
0.878812660727334
0.9074721259860373
1.7955733355618533
0.8390422647462021
0.1974387033517627
0.5109498689890527
1.3316582516788418
0.10825693132783375
0.1031080915017709
0.546419772709189
0.22090302816746343
0.25989604449198056
0.854769780453453
1.0542474714223025
0.2701848279515193
0.43740667421367607
0.24456541091132605
1.782129794090719
1.9966799051180921
0.5971644893361269
0.8278359357062453
0.23238976910841916
0.46936016048901547
0.7858520831743336
1.1166392345988863
0.8633183320636996
0.5550435363880214
0.8022632230885307
0.31427772897592776
2.2640566810567964
0.41239909006948067
0.2548849632481848
1.5574905892442146
0.4193241591652985
0.5302364457966047
0.08586408626307508
0.12959307641014087
1.3571255307636856
1.7789808663511046
0.148018378053293
0.03061403679258474
0.5278877647065304
0.24742497233966623
0.0658108929276307
0.2746136033857152
0.13452937363392686
0.5726031783076257
1.3994476669424614
0.1928712015380213
0.10638707975293019
1.792900431182595
0.19371463364237243
0.30047796181781017
1.055575608711916
0.6901322737514292
0.5228293265397178
0.9541215361677788
0.2415993091664491
0.7153666640249663
0.31983018400713714
0.26353365647742405
0.07561918781837756
0.7917523136952728
0.9888229882246522
0.5646807430354223
1.1642586303129911
0.24961389679562646
0.3323092331026849
0.7307721881818896
0.35644842307252056
0.3424150050146212
0.4245147443223246
0.09057523941696213
0.17444634734330608
0.8115223915472595
0.3388942093171204
1.7420663677437909
1.5191586117269895
0.38880698164365135
0.14430290509380447
0.8011493709968355
0.09150610011951002
0.5494616396144469
0.6612529290264607
0.6682713110134068
0.129771183123658
0.26706620685326427
0.04459726933628637
0.06208202264960433
0.3756693689195118
0.9882306504514903
0.25165166029148595
0.8026140909343045
0.08243692945011577
0.04698329298437051
0.16598863473692646
0.05827826526124973
0.03165200289306699
0.2518180470335295
0.03539973745794865
0.0974255654801954
1.0087877306704018
1.6458526909779811
1.9861471222154912
0.6411140411044518
0.15138392814633597
0.5660452748050396
0.7866236050518362
0.7258357456501123
0.8924928908278554
1.4748137912473462
1.48416384226344
0.12748327627368583
0.6204441987806163
0.23309703189977926
0.2316100375944473
0.5057118680540643
1.2713249344876372
1.2062102470408211
0.5069611562108269
0.32610794469152576
0.6136953727594563
0.7987309752530546
0.08375003797280733
0.03721261871104462
0.6135487111109156
1.6220335146031775
0.13179425108081375
1.0390154736631585
0.3237256499858899
1.1213516398030572
1.0033595791334355
0.23050991889189681
0.4642356887122676
1.12808266310762
0.29044502421776447
0.6221336338917326
0.29415508803066814
0.48010388639454593
0.5396593802275841
0.7990456771324227
0.6996962785975687
0.13542620302905728
2.278275520799916
1.6978819841463755
1.1036287446474635
0.8581335867799206
0.04751213885442187
0.013576027364938311
0.935355507593163
0.0006503432918626151
0.20500253659660017
0.22020512726469768
0.9994399216814158
0.08860916465033161
0.48762534422287773
0.9589972004978876
0.5291570751794861
0.8750543752378452
0.3422269528314721
0.3677680382585969
1.1673259503623752
0.5799668169605544
0.04800897518418505
0.2048791886774112
0.39475270999948925
0.05285122169926134
0.3368629133694864
0.39132087176882685
0.20884752584265762
0.047350130814220535
0.94046539055244
0.3851228380134838
0.4422438911093701
0.1728645617693778
1.8677387763154514
1.1633754239801344
1.1836222578418192
0.6432747456297465
1.2342983069585867
0.15982132556382717
0.23947097799637015
0.16753088276362277
0.6416253895782844
0.29213341727007686
3.6019610442992427
0.584377393481072
0.4983761030670847
0.650320008230035
0.8390081651694214
0.5630423697433533
0.1206148233984832
0.5052607833341788
0.26820686137957417
0.2154969372130715
0.661576478369572
0.34892820056498935
0.2154464618409778
0.28905030950835947
0.6956216727481076
0.16710323144375733
0.022767482875609073
0.08810648981278232
1.1000153756806397
0.11061408014350824
0.19116700500669695
1.4659306669663357
0.825001763889521
0.7195147715122544
0.31904995533167335
1.598842167729595
0.5688628841112295
0.3116989165619183
0.669454738757643
0.7952233005427257
0.979108336420716
0.4826556720902139
1.2573043038403509
0.31592687152205523
0.705823608423911
0.2041883380055108
3.4496534274476462
0.11745219864319499
0.6174945614958951
2.2040380539967486
0.40172223109493654
0.34927591533231395
0.5931699424354759
0.17954374070919116
0.1494038986238005
2.2906135958136056
0.33873126983157487
0.4474042586875229
1.1875653376957558
0.3741560210801757
0.3823527947613557
1.491331344586984
0.23044083072730953
0.2110580927923181
0.8688287890882294
0.279894871152067
0.2040449565759453
2.0350984928763554
0.06959275115511163
0.11640786443790371
0.45283278983287106
0.33585912384644634
1.1641126398265182
0.6904175004098081
0.038669028368836136
0.10709553725812059
1.6551347780112085
0.5826379869219863
2.022881036374242
0.49056126856054044
0.4365681109552212
0.216163173653836
1.24963948996355
0.8244313481218024
0.23516390071239338
2.0273174886320393
0.10730462135362824
0.18611276111489924
1.4956309578393139
0.2514423001234015
0.3994487701898483
0.4768568780070991
0.04886491987184945
0.1005650395938795
0.13802291511455156
1.2754155574342192
0.09107196968479354
0.9432951263657773
0.08585476439654458
0.16255871677981232
1.2160018421084144
0.32911640166888323
0.4380018031478762
0.9456715197102274
0.47609724502498274
0.1522074701475289
0.8150107889986529
0.1913492529505405
0.04962092011584161
1.8025687405203465
0.3027206705889738
0.3020368117408724
0.48409770617090847
0.1731642875198653
0.1877505087031491
1.0494346359317435
0.07631311136693145
0.701925296715682
1.347284334304361
0.1167908778837235
0.7029569272880369
0.5093960720741845
0.4666355283493562
0.18461500524796898
0.632825693131595
0.023109405468586273
1.086478537117311
0.24607531325397933
1.3189174324842707
0.17994947796391814
1.099992395931183
0.7203152999916148
0.0545448690329612
1.0024617235672675
0.06984490474023454
0.41938506360059014
0.7807416396843965
0.060295105995598626
0.11748718785986395
0.1243024268738642
0.4411818379950784
0.1055116937140322
0.664112343888269
0.10552265680008753
0.21189650660489207
1.845290346762687
0.06283601062681336
0.3964862331192216
2.1493955876720445
0.9665087708496887
0.9296554179219502
2.7353291166510396
0.05333987631220569
0.8515780791728649
0.6498143886063987
0.34577719973133747
1.9817265980448533
1.1810338342739704
0.2882350904062934
0.27660887752245134
0.10844253455674445
0.1414965290987103
0.05883720273050594
0.8639625845836728
3.1732125880389126
0.9713988295622237
1.6226797073269799
0.987004336150007
0.29373613817902333
1.4366374108858755
0.16187465603546972
0.840413626980852
0.5336553905686686
0.11845138301046715
0.22257688411411694
0.554311760287232
0.14290670874222616
0.03700211528085789
0.47671847328006794
0.36410595860286404
0.06310488352573108
0.955775777181743
0.2167578232252181
0.40937951172705994
1.2083115996438945
2.1004752993938025
0.34127336881691783
0.878997532580635
1.1823349598542918
1.368031711499319
0.2853650622502854
1.0117848682592672
0.22287472074653691
1.3687515892645454
1.8845262868000654
0.1930931869994485
0.6368505115906647
0.023933787307279148
0.06772997696313644
0.20040453616905637
1.2125607781890366
0.8969659805269327
0.07791955186317291
2.113329272621646
0.10994214057588823
0.5610776626709978
0.06949641338163248
0.2714571368017337
1.9111254751805118
1.3186898235047584
1.1441876130764488
2.221599212571784
1.2567926826575555
1.5404512154248466
1.7411382529411918
0.07853477134225831
0.2518746726639887
1.0914684386008466
0.2099229422929057
0.01655476392862429
0.4878881267822898
0.29426276167587995
0.397669951308442
0.5899459166405354
0.17545096793170759
0.222461201926343
1.1776976199942972
0.0802040434485945
0.12753452382426048
1.1060931561877891
0.7480492033868764
0.5260135179042729
0.35833501619225205
0.5858780569920693
0.3035100510470611
0.4329911192910535
0.1703803386344414
1.7390571424093009
0.053743196513833066
0.1615999887541113
0.12205946051113867
1.0321437879995903
1.5344587613340437
0.9897249417657314
0.34763477417514066
0.6693378598536396
0.704595725242627
0.41939087434781513
0.12879162123673368
0.11426715672975651
0.010918007955551787
0.9104195365547236
0.5436183403999857
0.28322661353734413
0.8997351990105786
0.47606208906491887
1.2189395083263894
0.7147632257214876
0.7754293974777426
0.9915969477164251
0.6760896659245056
0.08197847235036186
0.682593457058169
0.20602031732945417
0.03883695791412053
0.6092807756170464
0.0226645004377983
0.5570400441853476
0.4691627603306219
0.09445249368813045
0.010617461941004665
0.8541610264739012
2.5022533776231564
0.38787149486972045
0.45727929846390675
0.813628373215518
3.132312189570383
0.10207290733053176
0.09720813262638431
0.12689865575680973
0.10604003996793551
0.19890319267682327
0.2786585724445222
0.7092149823128054
0.21406501564041033
0.5083129578848116
0.21420217710773531
0.03542329843548295
0.2721519089248415
0.2541733833452644
0.47569265924223686
0.32613824087752974
1.2355787975890258
0.6775502957885478
1.0429435746999605
0.1414622318897318
0.8579664228902963
1.2235952936884376
1.2656141812965815
0.044587121923598885
0.23613772023040194
0.7273960043988251
0.3312199048622303
0.17808380652732322
1.1911668187406745
0.5885162723869083
0.3529063056367852
1.1480714844171085
0.47906451562035357
0.4526409355235357
0.28007745494249053
0.6794974397041509
0.4830008350324809
0.07218097625020183
0.8626125063080243
0.7041653958427959
0.6455097992865255
0.0798813887591388
0.05670275659722885
3.287573138829116
0.3097868755195581
0.3752230625492824
0.46660023176308524
0.5031589348424275
0.868078768891512
1.2560776087168128
0.37748103293328145
0.20596177218191047
1.4888857537843503
1.0035697724669765
1.5480432836740345
1.2567302513720808
0.13220467895518384
0.5329701939562104
0.8702535994260799
0.3175801823448168
0.3567591086901894
0.1991354517129122
0.044257854646198795
0.2892321011267869
0.19568189818300302
0.2967841766751458
0.14293450984767378
0.6506170974658174
0.2558151877458593
0.44364196530659283
2.4898589054479165
0.09184648084648407
0.18911603421314035
2.647597577870345
1.1184063065351693
0.27705878256131616
0.5055635030366137
0.014193425209876234
0.01003610893108879
2.425993808485464
0.17165755188908358
0.41155103337914994
2.317386319423724
0.15392840701817243
0.37445816511738433
0.6612371396786858
1.3349632441980188
0.6328417937709383
0.1795069486843928
0.4777591479508519
0.31088079528611284
0.18372913472534566
0.07148181448911531
1.5141488969544286
0.17636537162085472
0.12493010412450514
0.19568645243154217
0.28060130176028575
0.10647169406317555
1.1872996707918164
1.1834005320600967
0.2772374175281988
2.537450779685903
0.4580791256193451
0.16398944947209226
0.21368504787067044
0.6363184751916953
0.40123679234285736
0.10126325384218196
1.175307959556472
0.438948681698807
0.5604064429793809
0.07652040806205745
0.04004679262049903
0.20718108423178627
3.158610371054168
0.15967854728560113
0.21171681966392333
1.9021408139553375
0.32496455290716714
0.24934815343365205
0.036273767032010684
0.013287034695936017
0.13474590264776976
1.0181671515365507
0.6525628299894342
1.4757244283060138
0.20376537069558767
0.06998913919992279
0.517628532879949
1.4681424888408048
0.21018220274459531
1.5231543150634088
2.5596838411407155
0.7298471289035159
0.24011730705961778
0.09036302710059513
0.09952249591212665
0.07886933887518088
1.7235639317114047
1.0243671617280254
0.32727923170283524
0.4671400723817861
0.7402071779955796
0.24046465244241716
0.7937864729500859
0.8398129288358819
1.3603531035164416
0.4800893635460377
0.03562209389354077
0.030351405492164377
0.7527796292301784
0.06478020394286617
0.4123752274302801
0.5203920069535184
1.1038754605074435
0.9483791391668285
0.7236395331009937
0.18248107257381077
0.952907136423194
0.789760773020514
0.1631349792331752
0.07646925501408043
0.5227142894729984
0.7444222673937206
0.6366895540195827
0.7586579713592047
0.05659544396779272
0.23444734019599708
0.34736927516504457
0.3379634220268541
0.017091029280343336
3.3737202159546595
0.33456712240574116
0.30242634192593715
1.0086201514307864
0.2888982254491983
0.08154892071923991
0.9014658459290279
0.2331099054116036
0.7231810359470539
1.1647581348684501
0.6771837099571606
0.5310583530853145
0.7029209025943183
0.04443193553068696
1.2297329754356083
1.7528640146520849
0.44499334828696946
0.26060312112090084
0.43962318757841445
0.6788549180083187
0.5270835916102832
0.13431494879036734
0.05322301657691893
0.036728792685102644
1.4687790937799368
0.9509509224974753
1.7318264317247285
0.4887410310974336
0.114606834047248
1.0379756688349704
1.1937066129647989
0.11225502371767823
0.28950835885034126
0.8145858754337387
0.10619255763002272
0.9459790370845244
1.7043200147446045
0.9089616191330134
0.8468684212975435
1.9671535262916888
0.6321327218728359
0.6876075834328839
0.3506903289712454
0.378243713730502
0.16035713418291023
0.45244372140944744
0.5859827033719185
0.49806064915795906
0.49307896810896423
0.13448894447878776
1.3000136306178063
0.9713282508742045
0.14266103748302153
0.10508735228742302
0.674206910242225
0.2758717501391729
0.10972141373185636
1.4844415256170096
0.16297816504018925
0.3595904421486859
1.3821917846312688
0.2556629923006621
0.14139106528507253
1.8481904356502123
0.20932717993253694
1.251093917751032
0.13441155053428758
0.3328765293287179
0.2642851761492315
1.217612861603063
0.28540807664307716
0.3840609322045859
0.8426125367658944
2.538980470528811
0.29106935064065576
2.7032384952891135
0.3622664000484175
0.5291716483459528
0.01861692564919115
0.24873694119807394
0.31270415472405333
0.5610090675986972
0.058610422262725635
0.08216179017721945
0.3189293503532891
0.28141402765446744
0.5733498827849066
0.708028251559179
0.3458448779390147
0.05081018514478689
0.23014245683399606
0.813123560353427
0.5289171650819599
2.3826355905981575
0.42237961969996646
1.057629610406117
0.23913468419235465
0.3507899531983353
1.1441452993117733
1.323415926187052
0.15297548247467732
0.00858512173045793
1.528142609382924
0.3487056871475628
0.7581911673526771
1.2608163088744657
0.08965246193086468
0.06768669372096997
0.31286077456434674
0.11200073562299807
0.18134717903132772
1.8636084244503817
0.3445846886275046
0.2526588216478673
0.8275733395157713
0.4052693455247764
0.3128773223926028
1.414221246095071
0.1490145308763783
0.3472146946858353
0.2096992089483489
0.29702317651091587
1.6891943907016131
0.7081817388110613
0.02440698544293205
0.4838409736280094
0.9377769399110348
0.725009907619154
0.15253013739308496
0.577474329837713
0.5497705191970634
0.8092724078025332
0.6912706401335174
0.6387855191905407
0.6044896606158052
1.7487105788462947
0.30581700010049806
0.009021411486058319
0.24622638669756794
1.1071296272661517
0.15627913496997556
0.495598421248243
0.8145409231723255
0.5949862163393851
1.0547672968234858
0.8188326737662245
1.5248591107568605
0.6754317575004443
0.4578048918783612
0.3884289685466121
0.08445956314133064
0.04488332191836171
0.12053905813856114
0.9060592013334989
0.8353568558768019
0.6600194043023391
0.025486660461096256
0.5292434438711798
0.5076406333899798
1.4090361137438758
0.5004746412380037
1.3767058395287182
0.7929948420739191
1.2017436815751628
0.649555359961104
1.1217433151651395
0.32271767992426953
0.41309478393317345
1.4374223105289086
1.1823153089629233
0.829607202348475
0.3248632082652219
0.3965563157453298
0.1899512169495967
0.23836797896600953
0.0830342842480708
0.20254246273377596
0.7754388046723258
0.3188302326326892
0.8058368422802423
0.9704053724727821
0.09500080636078959
0.9472794055665585
0.2895309328711368
0.3899567109415424
0.34590032941827326
0.7307476002214353
0.2662806070178975
0.4666409762458881
0.3927845617775194
0.25470807343070767
0.5942089216916565
0.5329965687577105
0.6857238777472249
0.24550202905588359
0.7492818649040149
0.04416240327747571
0.1456681633871762
1.2493798922159616
1.4130256112541217
1.0313061175774514
0.709005600403853
0.07203129227884691
0.28679990337631694
0.37197245072292695
0.3704958094988529
0.6349463075415147
0.7042806667130929
0.1769532068629128
0.27181401874330563
2.285733878456038
0.21020790223803665
0.6710200402622453
0.36975861232075613
0.09799296098425177
0.08702198643252397
0.5902049484421859
0.46835570432464224
1.8110009926707131
1.3433137571732152
1.5983444719288487
0.19875414091609575
0.9412317423839706
0.09469058659476517
0.03450997729221803
4.413396853508026
0.2449592760173448
1.085823442776653
1.1033725642134018
0.9704184537550054
0.0029965587121662087
5.3528508945171644
2.022169494599628
0.37201996039646906
0.5017434318096009
1.1423003428838674
0.18831157016004513
1.0588819298798906
0.7667792879731351
0.8732427312007253
1.6621982892172227
2.064929539578435
2.3792158903063103
0.47252100216400134
0.7815418706004118
0.401363583645659
2.3615535719058776
0.642689877847321
0.6110019699540578
0.887556971181968
0.1598473341107995
0.46063775420009995
0.2315682635249635
0.19623292467513706
0.0864935344960683
1.695712498258817
0.686129588767929
0.05711072567694969
0.04890179048320419
0.005676806216585857
1.566120096233977
0.277397359801404
1.1298971069099135
0.05815442271493975
0.5766131564525095
0.07714902614839486
0.04174394803103593
2.0005708749647706
0.43906044266954447
1.0871318204262324
1.2089339573956854
0.43776875918487507
0.5393930079189417
0.47174211655288856
0.08026091780372169
1.0863558145313719
0.14888735912935916
0.1939446342933507
0.2935626470030298
0.5273782783285675
0.7626643284864455
2.5503183628418125
0.6580154221861393
1.1919393676248358
0.17065240182351796
0.5210933847481017
0.28011602807975855
1.1978233096933713
0.4018555150806574
0.4955618211381511
0.28448322687770417
0.30952025173477554
2.184928604935012
0.31927342867514474
1.112781623790169
3.7416579080957453
0.08250847513395265
0.6034529855278203
1.0333596435141779
0.02089948952941158
0.2206028546123975
0.33916670379248526
0.23958622935036888
2.7847805824284637
0.11270922481712306
0.26495195514838854
0.15388946317061794
0.38895346531413477
0.003247507036298928
0.41631784694992946
0.3813536031977238
0.06778086619139617
0.46305156942104947
1.3319245864151807
0.9624153217791448
2.8239014912127347
0.1576379013517706
0.2638768452971347
0.7858449299369725
0.7546774192896463
0.276043838811736
1.0055460579865552
0.5302525059518876
0.17116131671565674
0.5817546487605085
0.720477978398767
0.1962042702092418
0.24948564548633068
0.34149109689122037
0.4357528492990808
0.7736028985318967
0.3439447063550167
1.7662062917450634
0.29909608139940913
0.29256045524151736
0.3705896692900969
1.4792930719887512
1.23503848832821
1.7344980219274628
0.2542832899236456
0.6398775578881142
0.6439697485331718
1.7308857206081332
0.25787725638609443
0.7866192419955792
0.2695153640716949
1.4690348438060292
1.648327986165446
1.0976930976960053
0.28377907339116215
0.407157538549828
0.33278067401442446
0.4882594957993766
0.14934086700615662
1.0365263072934077
0.4789441800687168
0.18067253828741994
0.08867883992640938
1.3686841654154658
0.04154093322191462
0.5165491584914291
0.1902022532979093
0.06981307775917014
0.3346489150434984
0.0843632423702152
0.12286723706659378
0.31950467579173375
0.8678330904324715
1.0585483495340113
1.1747611038571497
0.24452543359819173
0.6428875409287477
0.9525672491200868
0.1934691467184868
0.1525618783048333
1.444460997021936
0.017153731426269685
0.40590966277025786
0.33044765671901
0.5930385806335748
0.6015824507987254
1.0010493431235017
0.06868901600867512
0.16730297001376407
0.40850786574258685
0.45274730618500153
1.063168421073155
0.2319980713823423
0.11960686362506297
1.377394488584543
1.3709099301214536
0.330725070899187
0.44778202797032557
0.5195385223537237
0.7676477111480128
0.27189797391918186
0.3550658213508552
0.13267583107881153
0.2901748006545036
1.2501638073361596
0.08161134477572748
0.06085948458288428
0.7541446427727475
1.696119497622545
0.9063457986489477
0.6185286764684245
1.0213632662836316
0.9362725641696856
0.17197733315929178
0.3411345877605133
0.15717274310724766
0.7871278577645445
0.22850750593273084
0.38918080610724226
0.6558384395563749
0.32298750668890547
0.4657403084853088
1.2124162847754978
0.4409738262354164
0.8825028710591042
0.6860006756554836
0.08241902723829052
0.28566924496144636
1.8326347477173397
0.5189694644137598
1.2537338144483887
0.1416397422076696
0.361891964172998
0.2671053215821334
0.864761523325167
1.2285320352678941
0.726656912835357
0.1589192762909655
0.16394689813489446
0.20591779916766548
0.7205046062946003
0.05838129892147611
0.2269513495933548
1.2290250633195068
0.2081378559376388
0.35542440099387773
0.604257210990912
0.6984154365622282
0.2829978164462371
3.4995624276722297
0.21857129511540213
1.495539175732753
0.567566566024746
0.41840639770773475
0.06572896163529507
0.5433016665745571
0.15715583913363726
1.599697460883897
0.05981041434133431
0.43221682477808016
1.1180933805074909
0.1975798044298164
0.38507133742327415
0.4951152777847864
0.6909373099118841
0.47875613905044095
0.25149076376672197
0.45919028984596183
0.068424988166851
0.6134178209414188
0.26636356944795286
0.22823416547683445
1.8479584073153814
0.7535444617934504
0.02410376282225012
0.20172340974181255
0.7622553371598706
0.04181935062445796
0.1082212256631076
1.353354881242393
0.162900421357163
0.286384349411189
0.05302689890183695
1.1215902704462049
0.997181324669252
0.21878950360229013
0.03560659531117286
0.11146046982819088
0.5227573102923053
0.9496795179079536
0.7182316866223859
0.14857957399231142
0.494147767426969
0.6353327088607055
1.1415777735573325
0.5288492006495084
0.793186985177205
0.2241655734738544
0.24652774251991347
0.07562211162408448
0.4222255093010204
0.3907765548885418
0.05170449578955635
0.4308860080659996
0.1773070152626511
0.4329883206362145
0.8290361779978416
0.12922417357786722
0.516259343542351
1.0898319727369314
0.1442227516175455
0.39067062446836004
0.19871668248476568
0.9809309929342048
0.1851300406589812
0.2526629621145817
0.06744615856457907
0.06384894687264318
0.18828297691105517
0.3193439100692285
0.5820374108516204
1.0469859846135983
0.6001539795108595
0.6954590002553822
2.8973050263672584
0.42671510847172717
0.19539371606667857
1.1088875454622702
0.18730737039066098
0.2339509503294958
0.5396764001414618
1.1978944668281808
0.08050077235983091
1.2356426711778805
0.1502360618308678
0.8261652766410744
1.0325399977599046
0.2008551811385592
0.5346685918614387
0.11842669843464097
0.11032613527528076
0.33396258180757765
0.18739136625549296
1.9225241162706297
0.21865052457379847
1.0651375810796924
0.20142004841681288
0.6132395140942061
1.5125735911299574
0.10074821046449807
0.3167714981768801
1.9311459337775685
0.8122728736432905
0.010400062482286036
0.3314046315436636
0.08348909455105817
0.9001518427638753
1.1655919078624253
0.2529846989501376
0.48009693816159177
0.35742678010975804
0.26986381436908013
0.46985339239606144
0.21680051134112022
0.2647743924123456
0.1750828670697995
1.045293494020675
0.0892955823629586
0.0985571448164896
0.7166439335225192
0.9151542373661559
0.27615145165044175
0.47098396107511026
0.029977905313708645
0.4738318676037713
1.1272867724695843
1.143279613581784
0.2834372759502618
1.2425562064245101
0.34571538761164367
0.5723342632453666
2.5916428143505916
0.3681306352415715
0.1644397057134699
0.7991559626588652
1.0083649732558686
0.24776893019040666
0.27310665729502315
0.4564115463611729
0.4245204186206593
1.2841835193277777
1.5023499334100126
0.1486492432217306
0.43110026230772086
0.10509467410236328
0.3560145319522196
0.2500258590787099
0.07624145875293936
0.03086366852786655
0.11713650776973422
0.5215857525219441
0.38188894450548605
0.16590032693001583
0.08329333510605233
0.06721317487287065
0.5046016140243104
0.6974197679965399
0.7212558438741802
2.6873161831479324
0.5363671189719257
0.4407145491484784
0.49820950711070083
1.1005807315237444
0.2627770093439586
0.25270564113200317
0.20871816075936786
0.15938402046335154
0.4572962873552528
0.09134063868638709
0.03637817680419492
0.13544110668323175
0.4003129550990446
0.6596032661215673
2.343058114642787
0.2653902963935279
0.1487344268923694
0.8170844906621024
0.5489277053372735
0.3443150002248631
0.17954144194704075
0.16946292139932265
0.0793077729554408
0.5716671875270857
0.005398155863840302
0.20237313674721877
0.24864894170346785
0.5128832766293773
0.4508332846076771
0.5455594380212992
0.29486982194675887
0.42160164045113796
1.0837160866944242
1.039956206304069
0.8928233099280759
0.5371479924750826
0.21401378817006564
0.08905731873555155
1.0602521408768308
1.3451529468891377
0.7170498299862511
0.4893953461525984
1.4102510665817352
0.3138472901528335
1.0544485221744078
2.2532646210236202
0.16738953919664612
0.37340802085960983
