0.22840415233621336
0.6575682437738829
1.3687993084115486
0.8967113511402246
0.17688940636220507
0.12017792157555653
0.3736333894685413
0.34676772414141044
0.4863462796748037
0.5846249253916319
0.4953298330471999
0.08301594673540941
0.2457198827735547
0.049125597653220957
0.04020507066408576
0.8135525593713716
0.4334512106850401
0.166274109687727
1.1360301408824807
0.1342642612596072
0.35411500107300714
1.6023682030771527
0.0721364880118862
0.11547868084260816
0.6180697788235363
0.1704839626095215
0.31056537863036554
0.5958736959325467
0.5516100423125987
0.2337720652107897
0.3423784481187743
1.1438588885276932
0.00619302549275647
0.3635477250512377
0.003959911101778414
0.3192306132091111
0.24101565278846424
2.5539852698193
0.1648303307818528
1.162360999470393
0.3055472145074977
0.04452786071063262
0.25715215454601476
0.3183276961636744
0.291724938857241
1.2366550799252574
1.217875601808023
0.3015723827356799
0.1592215896840154
0.5338260511105788
1.7395519744421282
0.6603255548547847
0.3189492933864668
0.35144627681422314
0.9349521900981497
0.3576421845469681
0.3021728543798294
0.5116058578215696
1.02994229974873
0.6754045082723845
1.235247228115085
0.6246943737189229
1.1081052165859397
1.1347620646259509
0.9706016775850433
0.3360918839014435
0.6521851467678728
0.17524467592829174
0.02862636487007349
0.47481764047839947
0.02338838297974026
0.05614024961538951
0.07600331119589869
0.19051560797204847
0.17938470467702006
0.5382309324318647
0.0699952800535205
0.20263988020901524
0.18167162935743258
0.10430075533507256
0.09722113926398546
0.3566260613052659
0.46000057181684
0.695814489824565
0.5474900514198247
0.5060458618886702
0.11082926647874475
0.5846975529087097
0.12424085968955756
0.060169072922994594
0.25630142562356745
0.0762068197847315
1.7850479871646006
2.7583778602061306
0.28049378812166625
0.110049951250178
1.6566730112106673
0.2858852035045248
0.3930055679571483
1.212679008694838
1.0556443983496546
0.5078312967688704
0.21052402619150337
0.0965368771681941
0.0371563565686325
0.6266322786769716
0.6768037177582249
0.36614673895986904
1.0500043476979046
0.11144564052619782
0.348493027803757
1.0270552962560626
0.959444496254828
0.4577645326599076
0.7665113246252712
0.4796852061311397
0.6473554449905096
0.08694872334338553
0.09583189252415655
0.188110370247554
0.6568569506899042
0.49295543757645155
0.13152786300461358
0.10127208824072423
0.6287308268336085
0.4275079869696229
0.5667189402828334
0.23326175127967907
0.4126772729676881
0.5442557954239706
0.018445992259675772
0.5871533013001489
0.01839763896179224
0.3005062225153555
0.1205641818840413
2.4795199863951374
0.029847908038223927
1.0215250830676028
1.1660687570143418
0.12668193329057742
0.3407805929208684
1.810048462826024
0.053980751232593265
0.08263334911356444
1.9352839796117511
0.4534990852988311
0.3465460022062172
1.180887472014725
0.08265327734991532
0.2744651484998797
0.35775138985740407
0.3050110857439446
1.3594436673488433
0.9535507217297969
0.5972923971327628
0.07557598434600968
1.136837330509064
0.12206368557194357
0.957391030625627
0.8349690186824786
0.423172592667131
0.5148038433874523
0.02211097717152133
0.2931598746297761
0.2127082188677922
3.390494455742342
0.9269085874983528
0.13932385874739472
0.27125254698548323
0.3864738084962301
0.8368813109860594
0.766976194892214
0.8551173034906344
0.017563029064526465
1.0167388492668388
0.5015321309579329
0.5097220766415899
1.3002676656160277
0.13256491057014097
0.518802128122388
2.228622528957049
0.1224417720642392
0.6472012636199741
0.15656542007639726
0.284402482208103
0.05382153068841455
0.3190904212298507
0.42801945452249784
2.3523423949978564
0.2786305746276149
0.16482535287726383
0.10389446757215219
2.089903006817352
0.2617463446027885
0.2958051843104905
0.8725777813895063
0.39285659226492137
0.0277317705077985
0.3158617399446661
0.05910476494346979
0.0063486403816518456
1.3302343402311572
0.08398774070690773
0.5024694159727382
2.118442487511835
0.3042488028234792
0.9049890485049509
0.20672466780150547
0.09304008942098883
0.11853758072253472
0.5323835154418738
0.646854221737728
0.1980447782516141
0.493997557491658
0.2080691598862869
0.11786411886234313
1.0991693844546933
0.051345893079506204
1.036082058744256
0.2285564263509944
0.1665646406411581
0.1203443875747046
1.1532255121797077
1.4149205412570118
0.9975612082224113
2.5239760377872447
0.24104641586461267
0.5782751349783019
1.202860977089551
0.5531957600481552
0.38820025541821557
0.19971000701139707
0.7727260359000157
0.018856183897603455
1.0580589166448289
0.12536568903277298
0.019485711898834284
1.5721129926804795
0.7761008684239703
0.5271822473591131
2.3803128154386415
0.15193805816126124
0.18789465941648803
0.5294684318715113
0.2734152704451943
0.05591119951536662
0.02647908870338388
0.07081058342671251
0.4543203812076525
1.107999659488146
0.6378226329274902
0.11972292805248437
0.123460812283657
0.31758630800297005
0.5321951746032669
1.144753094214832
0.5920566266271111
0.536709864089186
0.545472229358522
0.8348088667259419
0.22066723912248856
2.859776423966079
0.0337668110090445
0.08737895138187068
0.48186693311448886
0.06256500313393099
0.1757201620788401
0.321405574896488
0.9431874112368441
0.6364010862448501
2.4427029091450154
0.3473319978241647
0.6420808921376121
0.3404371850817154
0.12913481438990806
0.46142786473453384
0.3259781831544919
0.4343708298971736
0.09142173988239356
0.70992524336736
0.08766371070799639
0.41775433892462127
1.7565425233101675
0.6349555853006239
0.5461981990262733
0.7608886499438656
0.18249249635172377
0.7042780675305362
0.44188784726852254
0.15746632991599857
0.4909581429751106
0.18871605980538325
1.9096578826937454
0.5525518367653626
4.81670556846981
0.2856129999979578
0.9259898122642951
4.170902678208609
0.19182609151498284
0.409633655717703
0.2507027946970481
0.2762611125096606
0.2708371537211126
0.2608343912009212
0.4585167331639325
0.44138760301505087
0.35954388111969515
0.06844849136173994
0.3019274844655461
1.5302652659118554
0.07111122078841979
0.02363880454432389
0.2986190568440018
3.091182699089665
0.3829495197482654
2.2304981028757886
0.6589743089517605
1.458402490557242
0.7408136426046114
1.3707560122099645
1.2291054375978945
0.2747111878614622
0.5872761603764961
0.036149338210658355
0.8564809911385625
1.022839149652408
0.020384914636853303
0.1085650411494453
0.11843059420624849
0.25407500181316506
0.03920331753866279
0.35372938470019283
0.2942156181545524
0.3031756952870548
0.24288245812941156
1.4502269885474233
0.39352635959864424
0.18467493127944234
0.11938088499724406
0.6113555916284472
0.45711729631537956
0.1473168068014865
1.0681832797781727
0.8914643210694428
2.369858375055105
0.1817142575540839
0.6586709944139248
1.023569298852154
0.07596649174817396
0.055229160826268116
0.13588317261097962
0.9730190731272338
0.07508120898746487
0.3730733837136931
0.3757992064406072
0.9937277102881086
0.5745309507753628
0.6807243261092267
0.07583232735248788
0.24898609125691262
1.009448189891911
0.08659556474806929
0.5825424582101154
1.3678663344988378
0.32633498892191193
0.8141169453570509
0.25223899358821805
0.5366239637549798
0.8688588122849098
0.2803821363313419
0.14755515960241727
0.20062223067682122
1.1264648595434161
0.5933862991105266
1.123346168511502
0.27053509552824645
1.0149445689166352
1.700269572673133
1.0937445991923418
1.3233064473240292
0.20624757777127486
0.09704700207196505
0.019949953110194353
0.3116058211188188
1.3553866282966955
0.02692368347240852
0.2775098658115617
1.6253210237935338
1.784167312308455
1.2951754441920886
1.2252750459292558
1.0497946892117118
0.31309839105637016
0.11041558595830399
0.7820714857500191
0.32667992601212636
0.9413643837422536
0.037117075638322373
0.017991096071278894
0.49910112740515744
0.46891859360654936
0.7027891290516796
0.2426201799679504
0.4768520249864925
0.30318729741462275
0.042348355004156436
0.11688850907218276
0.08844171773612541
1.2731270915854858
2.987502477446801
0.27223080405831
0.561484449814157
0.27265983606401295
0.47028846439644745
1.058446223079544
0.633279303747022
0.27978011786866763
0.7894301218516808
0.582056935737463
1.0651197008333564
0.4312947780606135
0.5703844345406698
1.2793044272385368
0.7752703928401935
1.4716195392907347
0.10838583747724313
1.7878476839954645
1.3551221170243786
0.5107712346687162
2.024601853510976
0.7102090312178863
0.12507131311279193
0.6672273669674416
0.4130126455121902
0.13717342339277253
0.8379448702421952
0.22981802332127413
0.06424244659961681
1.9295953149497336
0.014830829941765553
0.6116671700314626
0.9000046346300941
0.7230286856982864
0.6149053426001877
0.37073889669335724
0.3316648784375653
0.22480073328782055
0.3566747188755965
0.25878302192739255
0.006054088905520239
1.3571284040212048
0.09220058238818869
0.20079466690131237
0.7325371790120502
0.3226141651048895
0.06924707695975452
0.4582034818371344
0.37498061683224604
0.3282718878211018
0.18025754511915731
0.19961619698471078
1.7961952564914507
0.47409200093027054
0.02306888856636148
0.7344823999863447
0.5560583613556501
0.4358633030787814
1.3838470344960316
0.3743646044894476
0.42989972345064636
0.36005287352561555
0.06484818138609247
0.029205608083219134
0.15105833460435833
0.23126815070040127
0.058900861255498815
0.3000355317715928
0.030720274705506607
0.047214594318957886
0.6420586871097484
0.218172587484396
1.8085179925418615
0.5291068271797206
0.7385533417335477
0.5562418774988018
0.09888841300103055
1.182612753345458
1.1634543648468956
0.9668408115561343
1.496973999385039
0.541846834151631
0.7048830219498681
0.5649033941997529
0.03432042788041677
0.27639862329880177
0.1810446334899485
0.2377299238242466
0.6649952773750316
1.0339667749467507
0.14372704331122915
0.3456970317914884
0.10620087877868271
0.6664282213397372
0.9300443565446004
0.48344300825290093
0.4297662125427878
1.2807529400703777
1.0508837358084395
0.3733840410321242
0.13137908596533332
1.316294057295265
0.7065718942184352
0.5024009345302927
0.5264045390603207
0.3326717113974605
0.07946105923111133
1.9006256911382176
0.1626404315967751
0.23695109482434834
1.8470546603871527
0.2569695099241452
0.2534128976256906
0.2865531859556291
0.10156142340947862
0.6882836953389061
0.23820495644686243
0.29700657252580337
0.08422920971142565
0.0338743583095947
0.5355614114429053
0.8529096190531481
0.18617645024241183
0.619098670863313
0.3990417223533123
0.33828180080677495
0.19637394624625756
1.6406859401477896
1.6335882498767689
0.11467011600080286
0.2124121606463157
0.31706526679743674
0.11368165641029532
0.6238367368151674
0.5322388723898592
1.0193979190679847
0.055914018304980134
0.9178093062290728
0.9332290825059139
0.14208209781042735
1.4707995716845406
1.0838478056465592
1.4789798677727144
0.2842774643572472
0.045712002176605676
0.23906138949181865
0.567008237544218
0.1767333440146458
0.18788163868538438
4.118571562189929
0.48717061139896317
0.5877555560401487
0.5985546604478218
0.36185927012500346
0.04248629974192501
0.5559998841293844
0.2569176878174597
0.0652601865866016
0.9656389054525816
0.04607649218028117
0.6852029469613486
0.21379586462890884
0.24611244171555668
0.01907866584582327
0.4452863236998167
0.0826988247904083
0.404687038078383
0.39193624132798227
0.5770762245013767
0.14517671657365996
0.4534921215073167
0.028854245211503884
0.45574050738147087
0.9956771048428599
0.49979595201110316
0.9789651858984144
0.36482301691046404
0.9371444668223388
0.16645039575324147
1.25022533263793
0.685403621033106
0.5294484970820635
2.4498504751657735
0.44494443449692206
0.3898099197979129
0.6530452320664705
0.8852867561464557
0.19663029671551283
1.9666321161954363
0.6625251899243193
2.0291530212435775
0.5439223875120913
0.34465668612162514
0.024243863574561746
0.4402804574687679
0.3804760575866707
0.5411607354337967
0.577602104424881
0.530063976115436
0.701970579017404
0.5736273450444183
0.22561249868440958
0.060367570624084814
0.278912025131906
2.138221845804741
0.5791906282193887
1.5189343306656395
0.1566651768303207
1.0644222209969618
0.9049353886898461
0.6157257325621474
0.49922009375887116
1.268910748225453
0.3926299665869258
0.10422344331774537
0.1517155683851332
0.937116334280653
0.11219439486985838
1.0579582887224814
0.46438939617127456
1.8893517861152531
0.5793839156547953
0.16885592330777957
1.1168313539616548
0.44034457939658145
0.08275800793284975
0.6272570320409673
1.8454202543689942
0.4747391521701482
0.7069443083798884
1.4147590436055122
0.7321672583344124
0.156435699809546
0.8509354719075842
0.33610546547834036
0.31502327380092854
0.6465150912843538
0.30020366000751547
0.6512778626372064
0.5791367419594863
0.1328063499773658
0.0863654819604078
0.7581612107321954
0.9048178252201027
0.0826000141527346
0.24022846991314706
0.11366701682723279
0.23459944672562705
1.1284346332070607
0.09429360883745821
0.2288272969579546
0.03764353706505194
0.14401180105697883
0.017833807109267057
0.2984431036971582
0.03231921697091571
0.9509268763636602
0.07051678516948734
0.37682453696281276
0.3697274840559606
0.32964239849355226
0.2454431049347126
0.07079005378263162
0.23475100181851088
1.2416025508137294
0.04240329203269682
0.7141957743433451
0.5023344984993459
0.05773719207860507
0.355583434112946
0.30802503401209325
0.5101670048425391
2.407016300385222
0.4508919282950797
0.18102640501209502
0.026211555764015546
0.9887499795325495
0.018307589201775942
1.2230751188814744
0.5871167850180297
0.15384417919267704
0.43536072620815214
0.7256432393732277
0.4621477310565957
0.6965036380508571
0.945560337243177
2.270262345533078
0.5731806641728912
0.005464521204328604
0.22481494395621845
3.0695703116115354
0.23384232091421486
0.03013750223178719
0.2040500738751421
0.03271933746870117
0.36027334424399554
0.6142633409522794
0.26404320217850247
0.3393057320860471
1.5000121555781647
0.12126973336689159
0.935775855195972
1.213242625722902
1.304236723726642
0.957244517010235
0.3365948608473286
0.12668504382830945
0.19074159277317523
1.074255291630368
0.11269436850149826
0.7628016623838201
4.50412817503259
0.05220632110885375
0.7470871329471515
0.2490037396121141
0.3622107928214933
0.30010057315554206
0.3909043619441757
0.027970394157186648
0.022771289273830028
0.3574759384046981
0.21039520245895496
0.11689302380154547
0.8898985033537394
0.292637447771442
0.26930980540189314
1.2728677213434536
0.5691602394432209
0.04229739848861554
1.1302327289791037
0.6696224115342905
0.8496078947375367
1.332656143805073
0.15162884271358498
0.196605550937107
0.4212811993994796
3.144230943573027
0.33345713904279056
0.22445581453478208
0.16465421121245027
0.758077689688047
2.941224289733827
0.10432976503041633
0.29865024786836614
0.13428588793881827
0.20924961349692756
0.2586623090918741
1.646442921414895
0.15913094440679537
0.6127028731648304
0.5491134566177365
0.13903029077391857
0.056116466462269275
1.122530693258965
0.962244539026467
0.7608471619292698
0.15893928191609374
0.029884391063498265
0.06299410011733848
0.02396330717273269
0.45632100435231887
0.11340512028881941
0.6824302659090618
0.4111636732821206
0.23674811425980638
0.7721889091757255
0.40307026896172043
0.3769216483212288
0.9039799554910413
0.23384547091090419
0.1002096664124398
0.1256769493680524
1.24556747623799
0.08942312866270852
2.125865534001851
0.31715016803401463
0.24791008353587127
0.11167867143198458
0.8788922455511844
0.8249264133602006
0.6650898655238492
0.028492023475988434
0.18644507875435545
0.31711355355797627
0.9980850093014452
0.3885458967875318
0.5777967825764465
0.6214020475689302
0.5812069532142796
0.8587830044203609
1.0984950036564998
0.27254680022168304
1.1274727999082281
0.04974071323776062
0.08611800581471332
0.005092774772277267
0.426490044686186
0.41337672278748183
0.19337173944386352
1.2169015149220965
0.014243383964154921
0.4811098320920535
0.5985709937497872
1.070278707565945
0.1410561663906272
0.24478700075173573
0.04412166669428942
0.28966351633919224
0.23689749844355387
0.39681994410103866
0.09957419293726608
0.46111744936259597
0.7569740280469491
1.0222839153435181
0.05690921589507945
0.30112767857828293
0.7675429427673964
2.243973167268425
0.05095934247981807
0.05388103101413477
0.020677792642659468
0.006829096489816708
0.5281504543828058
0.18062239456666546
0.4435436649696509
0.20558357683895634
0.633325613278686
0.3368030656640712
0.13889285694639278
0.09187466223832409
0.13252769001690606
0.5883799704258487
0.4335180212514004
0.4208819491859365
1.0261117067817496
0.0392696835703141
0.0354554310331974
1.0097812916145743
0.3116425902217764
0.24740202440698422
2.112295410834299
0.48478617808914976
0.9314665344359838
0.16986490255623132
0.28654799202718007
0.2837503349622842
1.4755764620170704
0.336598486413103
0.03721127159440109
1.056988018541228
0.29695368170739567
0.18223806566560577
0.19001967017941157
0.10131351882561862
0.2513232484144998
0.3519139263423873
0.04874696466434029
0.23840172689495517
0.5530357924184955
0.3421481451614527
0.34243622571373716
0.381092488131932
0.23465638341904965
0.10638648702199202
0.8045216208385357
0.26923952727409356
0.47448164567346696
0.26120785836295524
0.15085350938767358
1.0232454469235954
0.6942834934518539
0.5255747606185531
0.16952535908509697
2.0938627026097203
0.6749395651163991
0.9259220537075562
0.19783619802309108
0.09618214879755814
0.1127409308546421
0.7808218057826432
1.029553690227807
0.11609498079903764
0.4775416378549177
0.6169585745989975
0.898078542724048
0.31463531823993746
0.20310696081357474
0.1425969275108676
0.5737380009801842
0.10953486906719324
0.43816908683760863
0.5417808187389117
0.3396209027328179
0.3933258699159193
1.394235895385599
0.10153667888102874
0.42274111535057785
0.18265257952512495
0.43705510610130605
0.9393580664128071
0.5259432024931439
0.14257511517715737
0.1141268198807441
0.1977367025646014
0.024583387194424978
0.7254826315816566
0.9942995713158582
0.10349995345547558
0.14033751068656805
0.4311447407204464
0.13595355075558996
0.32640498164440973
0.7065716906519228
0.8644405637055964
0.579046465102459
0.5820673294836273
0.8550137154188902
0.48043769894373517
1.9878896371809869
0.34148117050618615
1.0203761388152055
0.2660065117002516
0.4193782090199812
0.21243489771716054
0.11264282090694917
0.8332732058541131
0.1994246359536196
0.47942336565550603
0.7976261782717478
0.6517350293850419
5.123180998954615
0.2984125857064423
0.25162953145085876
1.2919123510313555
0.03786606559245432
0.575150590804975
0.33153783140560045
0.044353321183529415
0.08761516042033628
0.5250959151136902
0.09373554498380916
2.4250227043185983
0.36012787173360705
0.09552420597188142
0.45175054242633467
0.4253571012603015
1.5707306590740366
0.5463783356871148
1.2026868261384474
0.126932238681163
0.24902236250221674
0.1813617629392998
0.3779762123447252
0.10454023078514085
0.6354500363145736
0.06593060566766112
0.3949090975553007
0.9083315480335392
0.11023755220869709
0.6828205221107284
0.10719488745500581
0.47373342950533914
0.04663840611141674
1.6040775186936396
0.16317065831955707
0.40052540098764816
0.06317031856454301
0.3452811201049153
0.19634721901018584
0.8743219502812916
0.44613795498635117
0.33698494637133225
0.38014749554103044
0.7533390860646654
0.38558754469690765
0.6669466892644056
0.8967913928243842
0.3760371579984814
2.3969363929311958
0.43652464800419494
2.140843096218403
0.6060015820297294
0.14363471537102712
0.2069411387450302
0.40316989093915717
0.20663958178324304
0.7072223252166779
0.3575833482978166
0.038448477530616476
0.026056643195105145
0.7862840169262914
0.5195982571500247
0.3080391117203662
0.8741306704590697
0.20589553378768619
0.464650441061567
0.2682707515444808
1.0525406324423543
1.681488407301915
2.589462632944991
0.21675392085198256
0.13584395700310192
0.1183668281492149
1.8131231884794345
0.40904395511494673
2.165417121216052
0.21360757960167617
0.18024583488930312
0.18925351232470905
0.2892869168514707
0.06433428261465425
1.5122230553870608
0.30536649173372005
0.28080160826736256
0.6431123854418173
0.8750010615761061
0.9481975254361993
1.766273445083274
1.2630308479054004
0.5634215713547666
0.015194336362209031
0.18869138079787898
1.9820787075955828
0.24671695368919389
0.4205387496611858
0.443830824439034
0.07163261948982769
0.1527343628652053
0.3541698476949398
1.5030692542299366
0.3075471960519431
0.49530062007899756
0.10297661084166014
0.05620030253362666
0.17210826911741384
0.5379755081797555
0.7826391573091837
0.08214615194306295
0.20988385405578922
0.4663798668109668
0.17391772163717886
0.3911998828502382
0.7535916870278044
1.491492511641082
0.37539686114349613
0.447496029485284
0.856674113608677
0.31394514479211927
0.2900215264927671
0.14848981745338416
0.565522447490033
0.703377929030746
0.42721954519836547
0.19438557967967512
0.7785590385191244
0.21304418192178784
1.0959045065850788
0.15005401095991572
0.08354052680068497
0.8250948054729832
0.10184897073712311
0.15959780992968195
0.7533187576329258
0.7741527671913052
1.302365757707559
1.9631635806640226
1.8274911797113265
0.06940647215753787
1.1025893748777056
0.956553599452867
0.17733831079984286
1.441494711452925
0.4332216158164827
0.4073379323664849
0.29931458326701327
0.8633975577126168
1.1543405449841826
0.47025646217368183
0.7865139713616225
0.09464929888278446
1.3165958382684677
0.7737174618428563
0.41940492858908646
1.122508108013724
0.16009705894738524
0.22512927674775843
0.3214318436745561
0.10572064165473519
0.006467778444936647
0.6353074434680589
0.5264266254475521
0.3185037378552707
1.7896584508628677
0.3880158403204299
0.21035747797097215
0.16173274775548244
0.09363528802673304
0.005200118195861103
0.8008342220187199
0.5654117198172334
1.2976270971113506
0.3784920203897537
0.45635788765867225
0.9040058748608237
1.9779964345386145
0.05186355118500776
0.12065409558382252
0.8561814239022717
0.19118483398961494
0.3056515122587759
0.7563587824385398
0.5054775318118641
1.597887716435182
0.7185115356476773
0.31491572090601344
1.324707550859668
0.38181739347767835
0.7735073967212642
0.5763548813669096
2.7245617297917426
0.06360085719588462
0.34496726474083367
1.2437211084235034
1.79847313019109
0.8075758673341523
0.4085984672964741
0.37238088465812436
0.29658402442760395
0.8294611166818064
0.10508565814468697
0.01049862862976394
2.6919233760296923
0.20342729745680224
0.06181320462214514
0.6724751814818763
0.11249144327525899
1.3768517929643633
0.5425917153616245
0.2922596246594232
1.3481141991600847
0.08843919058600251
0.6380607791187107
0.6860561330652931
0.13420799737306777
0.513150387861023
0.8074690157372778
0.37442359066950043
0.05998838213234044
0.16161692263458288
1.5322328029788348
0.8855631017892673
0.9095320480569333
1.221774591981753
0.31273057951609445
0.13798228245536057
0.6405727190129834
0.5153045004655521
1.5167881120049256
0.9767572667534586
0.2914560140674539
0.5881064204110324
1.2296636369990666
0.5614635524448917
0.43277109217515575
0.7609108268544816
0.17939283751921417
0.11189181321513224
0.14099776065602102
0.4037784623235447
0.4152506215379161
1.8185758565974137
0.20735686982379045
0.16376798181780994
2.1596182456582236
0.9536521737541892
0.4170919726027509
0.3764608665869786
0.5744541823793423
0.4514039946873949
0.5857397015483408
0.26203978278568396
0.42992437894402946
1.195010806263664
0.004676462234560456
0.6686499645591989
0.994745585569617
0.2049864462974049
0.10895582226882865
0.41914532301709323
0.2582132165093945
0.036247997729023054
1.5422700767977897
0.4561072167195246
0.16249374140060147
1.0038343321340155
0.4221454147220044
0.09833692765258521
0.8461202646898234
0.42209686423181114
0.15379051752428738
2.2360778851699616
0.6065737123636106
1.2964158894291768
0.130059952543226
0.8836209639665312
0.4676054334190969
0.24464155800070397
0.09407738043739278
0.003030704863792883
0.5968978655674152
0.256094734213978
1.5191088303610352
0.18685666847226648
0.4726768625897927
0.26070539751183763
0.36848846288526776
0.13447295223735495
0.06286155555262771
0.3039888847304601
1.475717658352444
0.10245168266679029
0.5222867676596838
0.4349100533359743
0.6262195057969171
0.42162240681100815
0.02466588602917157
0.18553955063604222
1.3652698475343545
0.2176997602486925
0.03423672716827562
0.2610738183760857
0.20362713600251997
0.2012161640067356
0.3932966957929696
0.8077922154280797
1.4564339771673271
0.4495517166480343
0.16075861660372937
0.1495660950836813
0.1147671786514045
0.06263402285348142
0.15857312815466298
1.0956066829883229
0.19076008186562848
0.15789445864788376
0.29234131619384396
0.9234413282466069
0.43724313665807857
1.355455602273577
0.06322685721623296
0.8482885145204205
0.29063905186986344
0.40320239970798194
0.42155199570609286
1.3040619826219166
0.5247356433440049
0.21068103830144466
0.17935044327558727
0.09077378666010993
0.7360866380749692
1.8170317864820078
0.05637960325518079
0.013962128861643127
2.419619164774813
2.677984152477324
0.40094863682849136
0.3251010391006222
0.03574120332064868
1.8455618302035608
0.4708082850811601
0.620031810943973
0.04579009461021555
0.26516615261768983
0.7209752595939802
0.5723920962827126
3.0377737236970748
0.05571275872714873
0.3450605046801444
0.20273845673637103
0.7146855236463129
0.009648681517836004
2.0124706278537765
0.2731980116838015
0.041021789308135215
0.4397521873845815
0.5145647616800048
0.6866720965900304
1.9642660978208784
0.8058228227155202
0.08027392958111981
1.522802936896083
0.27672932165433556
0.1564476854225643
0.25464808293657065
0.42125817632788165
0.529702087913651
0.49013486261074524
0.6546454115777892
0.43525053616149595
0.2718160125683498
0.17209872598930853
0.2983596303755166
2.9661997901261867
1.038390906087127
0.11469696332678313
0.7532804230905255
1.8615165321356861
0.9993750339503447
1.7265000100528198
0.5987749694231246
0.32775721271278097
0.7300224739378498
0.671984268690763
0.10115037578004975
0.23937118444650227
0.30234846202222676
0.6117867970032578
0.547528644547565
0.12835168237357536
0.2610692814351415
1.015086169350235
0.040830162857452404
0.07432644320048258
0.5588276360743021
0.8219005594583739
0.3025948796463857
0.924795097116446
0.8803443004475274
0.4497012830574749
0.9158580251404982
0.15814480174608894
0.5023880671319613
0.38742425999134855
0.27001943429779657
1.6506523383376452
0.046589870278298987
0.41841409629931264
0.014712621676330827
1.5931355120407122
0.4017302230681553
0.008502008021919366
0.9728183919192739
0.3483525970516669
0.7937468239615447
0.036710251179641065
1.7205421662696792
0.9003720490568988
0.13507837040446488
0.5945374053317981
0.39291696913909835
1.2334542105793131
1.135569998819781
0.028494276779027845
0.48921041619087674
0.05585121525393287
0.16627370244384718
0.751449922624853
0.10042188707465009
0.20997452607482817
1.7863698844493645
1.532007294529481
0.17944101076735441
0.4321976508822975
0.009750363916733033
0.20852176985282475
0.8174164477540025
0.12961293024620632
0.36421344216523094
1.5971862262849863
0.4695636479574932
0.6596572235921099
0.8061509168594173
0.22036849804084754
0.4274360697918511
0.4379575814075958
0.10156777384751331
0.08463413679430887
0.0453169313869171
0.5172656263617018
0.7069790937766604
0.0769801186257687
0.23200258531355786
0.20074181650988213
0.37590656329577143
0.020851916275732272
0.02943981592452145
0.34500950079985354
0.5360387507015326
0.29238789328679904
0.6751458311263191
0.21138026282055145
0.22834423924528713
0.7928386842798298
0.8317380250944061
0.1586273379377767
0.9742376959777476
0.3961769006787845
0.5873445470814719
0.23721408621521645
0.2394059434390265
1.0564476358199235
0.10475044360274609
0.01680981818078585
0.47799865465867014
0.924866078262524
0.15923851191215066
0.08268887587530314
1.3115522713489962
0.47169935317477435
0.6548880009553303
0.15559775298082892
0.4680870735250829
0.701477437190633
0.2877268868467258
0.1556793627870145
0.05522609905339144
0.1708506451244167
0.19503143881854815
1.2138648008557136
1.3287379377054855
0.29260248340985323
0.22203003000130903
0.07240721714926866
0.07101901189322693
0.3606540596991524
0.2717684921008991
0.2328691705851641
0.3778611854746839
0.8564852197089973
0.2898998711542329
0.6977318614985077
1.7718561050984551
0.7655366734410625
0.20516077192175822
0.8190930309918119
0.12636589672261023
0.13439026730603834
0.0409882054147355
0.2574170646947798
1.3451231108101442
0.8233766031078907
0.6036541858334732
0.542841695329529
0.7040652014497765
0.07263945982638066
0.26525039594582295
0.50669996539104
0.42020158353048676
0.456916855580911
0.2689130300581035
0.03551333921923418
0.09050477679338768
0.4401220675299218
0.9547138952906586
0.15279119173818173
0.24773355189683074
0.3729662371398934
0.8863815103701275
0.28360585780498354
0.09624039582907536
0.3276317972192267
0.25998347758381396
0.037525728144593144
0.0510023741859537
2.6731212525217494
0.6307434040989611
0.07558917701424264
1.16528470948322
0.6252793298372432
0.421868334212896
0.496822907146107
0.7143768330022071
0.7761030993023333
0.7609507755734877
0.22261775792901511
0.37149185354119707
0.6661991880842042
0.4805628896512985
0.5993768433501185
1.0469645320579961
0.22899814972086815
0.9189753692276269
0.5740773514646805
0.36983363023149357
0.13153267647146694
0.7361346298573926
0.3030730530520355
0.5368883303751714
1.0580976409316956
0.6532134409586798
0.11386821886043272
0.9953751533360681
0.8523682495147146
0.4802386944819622
0.5490249378760927
1.1178388764360612
0.2557133413985983
1.4847469619486595
0.3380484220151802
0.5041036126510657
1.4360787671168151
0.792074526741804
0.8439981501148288
1.1504833793525564
0.18785444210227287
1.2352799401563461
1.3035685719531929
0.19458382650848613
0.019361643310894402
0.5486900550943268
0.5299010758652972
1.3739123957003798
0.08671277038197801
0.1129263927524409
0.16117114685804962
0.6818756989372109
0.4821237093206196
0.4637840498334688
0.6754307876994183
0.25399777609886726
0.1402490688523491
0.19966436745811322
1.0984473837083608
1.0404012951064958
3.928804245218906
0.645304066144226
0.26954847224804046
1.3171409787438355
0.29358447143738364
0.5635308084025411
0.6887852116848476
0.26212661232575424
0.5427761624255995
1.0237988497316788
0.7019783675418019
0.15492223629454865
0.38933874672030594
0.3945448487741732
0.49461575989028433
0.5716247199525926
0.2279583581441588
0.5274590698253255
0.260989436797017
0.4417146697505397
0.24256415119409822
2.930779773731453
0.12134177086942745
0.09634334916190454
0.6888219459937185
1.2380952368114457
0.5809780048018252
0.518870785927716
0.6415577112598376
0.6052836923508329
0.42703445797307554
1.295512497340563
0.3569058745784465
1.027225214488898
0.11565968150237758
0.16801430660413155
3.0442718800802084
0.13002210369107425
0.02026477055970306
1.1070919945953288
0.7477774834053305
0.6060846413359239
1.2206177576421724
0.8464588987457154
0.9379937186452696
0.4906781699240781
0.07923745789173582
0.29457818531488256
2.0446948247779213
1.3431033897234732
0.800495141368819
0.18265604201755306
0.6215869752558753
0.07201795817368138
0.44711514435672695
1.082791089595173
0.6245678185173968
0.9914670291434762
0.6986608212744072
0.34328965620411417
1.3471112531432003
0.5725996566335083
0.12732367281435297
2.5266366473597457
0.3209701565146855
0.09234740803963253
0.11813812412946685
0.28303787498573885
0.01659293118090423
0.3991585039970544
0.4997460455692615
0.01732905084088473
0.41030765636591177
0.042327592993056315
0.23208939611610305
0.06660454105663619
0.35653289379380176
0.36992207221212037
0.05295916574649568
0.27900396610541905
0.20217503812756976
0.853880740800262
0.3832756366874442
0.40906873469164884
1.036758220668694
0.8400194098098274
0.20672330140631948
0.020094487945335478
0.05619724960312859
0.02874723945807687
0.12066689565747692
0.6395482234360123
0.6909197753756917
1.767075376740327
1.1672714516786529
1.1103253911270352
0.28134156813270145
0.6587326143924538
1.5305867286409724
0.17058835445348777
0.1856425331949457
0.0630218935523725
0.6760324654761973
0.8660891589593767
0.36466104588978177
1.1263477884100654
0.9655545668324663
1.563584652422446
0.20332593486953182
0.12969702064306776
0.039853676258113015
1.037078051401781
0.1191827747724591
0.22459570423515332
0.4349661626116831
0.08202565621732784
0.18372113057184733
0.9096711596956292
0.03796478267080314
0.2625440685523783
0.5291016026865014
0.09250637163765658
0.11403760033281121
0.36565995866214096
0.23196407582488998
0.20442439427835887
1.5402648727883559
0.5941662732961447
0.2612850148738739
0.12062904697547187
0.1342716823618783
0.6171226025338108
2.239396864649334
0.1345928597699832
0.2083219029807105
0.35333985852462246
0.15802554366538674
0.3457204333512759
0.2862405615535204
0.5975760356629499
1.3820940983449477
2.0781448982117223
0.47564037205459525
0.9265649796118718
0.6055617317777141
0.933488204889461
0.4679751300469664
0.5590607756804878
1.768118666342385
0.15816758883631707
2.869538208840298
0.07706687013510875
0.11831136872938859
1.4654686536929022
0.14367603941958002
1.3062427345738652
0.9898195310388086
0.22214481967053595
0.07806937775812679
0.34323432370585816
0.3439150708172556
0.0333239948633001
0.5950855007210805
0.9921111218446967
1.0904941838657793
0.4349817649482269
0.24183280298055387
0.26724097867350255
0.23665072333746218
0.2582058315343763
0.24404719691218105
3.4595511944050994
0.429591078671992
0.5143925318623375
0.8805204458386695
0.18418637394259832
0.6030575556044214
1.7739735374928456
1.0696847806396939
1.0138603687530878
0.7185487756107205
0.14615073451564786
0.14295591374934596
1.9410904740597588
1.6946396776457122
0.8505862977980274
0.15090106031287626
0.3715559470364614
0.23846473138197619
0.4205200346340808
0.5859706845551774
0.17199072333616136
0.19497419298236743
0.881724341327606
0.3380999263941557
0.06081004160995021
0.5334331316714394
2.004277415173588
0.12931277058842364
0.2626891241354743
0.175154424951341
0.612463925733373
0.533474755235809
0.2516452326822171
0.24796593115905266
0.2326303737706943
0.21354556256046403
0.24438145732244634
1.2553592332757362
0.8819003282153143
0.6416753665582883
0.30763455533233347
0.2284155411056202
0.7692301576747569
0.9341806651692931
1.0155997370673542
1.8925378854761057
0.30848315473756327
0.18524228571161935
0.6006787330554588
0.19682741533605885
0.12706944304713083
0.1749557123714934
0.10084140841751087
0.08912144839096608
0.2937341454220777
0.26556925514966234
0.221370251743889
0.10292338367740338
0.2708350999446879
0.21730110406940725
0.35481329114038695
0.6719425185741381
0.9803607459971817
0.07597658117566743
0.05447991669744483
0.06304565033413824
0.2577616756275517
0.5974592810250983
0.397488616958275
1.7120383283818805
0.030374811046349003
0.10679774769506833
1.1207544205555942
1.0898636984256558
0.7169530453489118
1.5453982173669223
0.20936569022743018
0.28512133950257834
0.3297472245845031
0.5988502781659474
0.5212254610123129
0.6613028429658775
0.7379345772809369
0.5484447307159747
0.5292413951757543
0.27843767787279716
0.5552432774632968
1.56509991886123
0.3580364308929461
0.2079899116427864
0.2376924789824185
0.1641157422729233
0.5133268572734199
0.607044559427459
0.638774965956747
0.14654257729363138
0.777015624121189
0.2314319884351533
0.5874185185023842
0.2712322911222951
0.18929347600725585
0.24246521094329496
3.998063091566693
0.2423763406885857
0.18518755644340582
0.437785581725412
2.989653474358938
0.025951014529533432
0.7879176051034507
0.49155838825446435
0.23159071150982724
0.1731824806802937
0.7751929893531038
0.20430992067635026
1.4252478426028106
0.09748996563020403
0.07372674338433503
1.2408964733047783
0.12823842892465873
0.5165084806350527
0.21715947042359557
0.5434485519703385
0.5502115073460024
2.147874522366189
0.18986460519538112
0.30394040234414027
1.4695765832250083
0.02224923641212897
0.06479763787553114
0.48758781115687677
0.07332997212558791
0.7639542270166041
0.8666579803557072
0.22916621655796895
0.13650847865457097
1.0020347328232206
1.003471654952038
0.11564686931733145
1.436417331886008
0.9370945110949732
1.0132064301911194
1.810502093987752
0.43962499451763215
1.0990652193963817
1.415865760598176
0.5577733645966589
0.7034208245148503
2.0909983261459044
0.024519844078521726
0.20424639772592598
0.13236951980020473
0.137393762263662
0.8213769777532548
0.35199344424209505
0.16447567889377
0.180737264260307
1.0863397113977245
1.3302011238852525
0.31222875555308294
1.9794746534270866
1.2181283372493816
0.5174664718471994
1.045970838307216
0.311242843195515
1.4913061775464675
0.5018530743253471
0.12311272050598374
0.24757853318171796
0.8000348686325552
0.7147361213788326
0.03931994015103636
0.7268605989672803
0.11115191494612509
0.6642123497225748
0.3948932917419464
0.4780096667071397
0.3533164250688294
0.033000994039590864
0.09122924098668565
0.4109245892911602
0.5644937745148662
0.15256545131763893
0.1331003891936355
1.0409766295260912
0.2542546829153679
0.6017188856728576
0.8972430734314925
0.8645371097588144
0.17693096340730854
0.8140626261265311
0.6953329159550938
1.0561020119446547
0.5164043105765768
0.21628498923909908
1.1170769444430828
0.6382762263969441
0.14930573118108686
0.014354438802667778
0.4999375245352706
0.15695034925220716
2.819727233673921
1.505086389982951
0.5824352392832407
0.04269588208144876
0.8683308283412036
0.2434568687536894
0.027879333039482722
0.7323533949736974
0.014263430703098599
0.5394324930144067
0.5332473749778223
0.8319873104532677
0.14892077234985968
0.5291137733419046
0.9169674788177549
1.4879613469001112
1.4640346591416118
0.3856945758869032
0.8398767797128738
0.2762005551094156
0.4691995209447082
0.0463801204409137
1.0298543420710509
0.08239782518742182
0.08263823629303063
0.030312344848054593
0.119636937800253
0.4490363042907108
0.35156444426775835
0.09636910626902422
0.19500172820005077
1.1607397770364054
0.9621863508988893
0.05532056082710787
0.02061954599181571
0.2111919728419687
0.2058201597482377
0.11550591097585786
0.080075436337982
0.14064791993748635
0.664072118136127
0.7181414842147019
0.027646355682270713
0.5386632500055863
0.3392134276080284
0.6844802958465609
0.3748682560440596
0.015531337555746323
0.12633593976412566
0.28597001350252854
0.6874308358023877
1.0538012713312206
1.2486307545815614
1.2847585417289529
1.893080247264538
2.4136465987192306
0.25513751648769706
0.06688595816125449
1.3309093509403298
0.2700549060346952
0.2956468747683658
0.39663156347161194
0.12304092727742907
0.292167571803131
1.3435445749359722
0.4318713627514793
0.094962359959736
0.7757189837813722
0.3715996719789015
0.6755659848207133
0.34027383767711183
0.8625769642936523
0.0745688072969629
1.7220919662685845
0.06713873740004744
0.047588622520800324
1.272849838289762
0.022208342876566978
0.6503125746353067
0.612631301159257
1.245378528754788
0.40792085614952067
0.5755411896561107
1.0329049429346178
1.0685419816945165
1.1556447310185924
0.542353915682557
0.8574159214553746
2.2167143307687756
0.09060828314465906
0.41807483931105965
0.2659440278301516
1.1469873711817271
0.22677976414522338
2.167194900873185
0.9715531654816603
0.09533302417620258
0.4634911986966708
0.0874849495217862
0.3058094540577821
0.30343396087553426
0.9298974217983992
0.18235038886129884
1.2062905149603775
0.48154757777544643
0.42784863448481897
0.15433478091171413
0.5764449479333899
0.6752882046665576
1.5193942443982047
1.0754416691006052
0.07503587835429704
0.3462152626398274
0.9134127687708674
0.5704153095191163
0.40934852757286355
0.07778168970977907
0.015477009045438497
0.7143297859355386
0.0629364400496474
0.26592365199358864
0.4592868835956905
0.45587379196239847
0.49394225522886787
1.141429581678689
0.5219266899713723
0.2564106682290767
0.5715739840700492
0.04756307403506822
0.08641675988829033
0.3920610685645803
0.22034920311051157
0.8914598777428764
0.7300686904045862
0.04031765059905263
0.3916986964864316
0.7427834963719848
0.21982953403469643
0.5531073449935082
0.11940404258953786
0.24245824171725325
0.35943148815143405
0.5903109322722951
0.07870246267027656
0.1160711430572938
0.372688248339203
0.25301289913420094
0.2095515717103924
0.4961000808602569
0.4063393728098104
0.589504148889577
1.1703599928908932
1.5371263231306838
0.9190712252767059
0.4066032729373409
0.18401450896624438
0.18434793812581707
1.5177238502224586
0.04615841204351928
0.4580299742710295
2.158215073284962
0.20810449560692315
0.15928205626663272
1.0420587304945612
1.703564062017992
0.9545765237437006
0.1559331878154815
0.744821626708787
0.476276271821371
0.22812386925755523
0.4013782799471667
0.20599449218525007
1.1346801474333184
0.5083127588965441
0.16800436759306758
0.17859603125154036
0.07011413054070936
0.02279037007918015
1.161979734019462
0.5127084920913599
0.8102863448904092
1.0428151310298028
0.9817221618816503
0.7330994135548042
0.2404936899940246
0.12285083598297877
0.5400231759322548
2.150697100883812
0.44201462717202816
1.3569165814064914
0.7115739403087855
0.13661897686222996
0.2072895702510825
1.044914769217761
0.2107698760655636
0.3473558274177707
0.7538960307982295
0.44012156727941804
0.6096346914064461
0.18843476138853385
0.5265880346931937
0.10540508579611725
0.987293916573196
0.36668657696024826
0.3069190646780846
0.29537836600727363
0.14696374874842724
0.11023521187561951
0.15995770611719123
0.8123502217177597
0.8016780172960287
0.8655946704374898
0.6507478792193319
0.15742704717073752
1.2792575766376522
0.5817163974896425
1.3378940654114326
0.06341168715308769
0.8687006962806693
1.1754263403912029
1.0009896198670274
0.035603425488164905
0.6286262858074192
0.2480193715376808
0.49293043508269635
0.06588820248248778
1.7277406852455404
0.03480778684490002
0.3097666715127492
0.06677520476196855
0.05298161450292886
0.07921428536925804
0.861507409098746
0.6015144750486182
0.22926369836506952
0.6270513928195959
0.055270246090827195
1.1055345137670405
0.3085346899547629
0.16356316650188227
0.833764263187096
0.11379895508441665
0.04199536868358691
0.28971671758663503
0.36459524498457085
0.23038352184183788
0.3921411281045198
1.1478802387400497
0.5254001080207147
0.3255445736411307
0.9779572554475303
0.6884184164704347
0.130533149340256
0.12310700833519998
0.8524864264597063
0.29842208539622844
0.23061460297664269
0.3845190086874639
0.3417169415017093
0.8186103783032173
0.2309496843838303
0.3507025391633282
1.301736657881839
0.04706365373432076
0.07276130886513588
0.8796764867997946
0.5829097325079392
0.30594685038743874
0.8603094050581659
0.2756727934019607
0.16585298984801772
0.5679462889858545
0.2192129344298782
0.11963817284872913
0.5903948673035775
0.11512930143637407
0.7123248425042373
0.3308321964218645
0.1934847459276606
0.14917635104742336
0.13244503499598131
0.11393645951737494
0.5521900265004012
0.23728390984931058
0.5193027533227901
0.1731068142900249
0.40629440693462704
0.033611844549709835
0.035450411719746236
0.16169674069697568
0.15586056604723025
0.10898576149434809
1.641850520573175
0.6375608972970316
1.1569380531641151
0.07458158870210557
1.0801712175828448
0.9741642101615254
1.4329759377402405
0.06301443386797367
0.5614092381003258
1.2629686773350113
1.2934826671830122
0.195964941342534
0.47206449350847174
0.09543670789958487
0.20066252444360208
0.4730844223500758
0.8812213629632251
0.9376752829652291
0.44511805883453726
1.5126628733502483
0.855434729848529
0.7690185612768345
0.6750885340491235
0.46528975978548104
0.3527601489752351
0.30509735788043085
0.15869497654830822
1.0013771254031238
0.18982543340937402
0.2504797486211017
1.363559499079735
0.2993909374376069
1.6132808484354815
0.03556099671917361
0.6655815273988042
0.011083837053447588
0.3275077271273828
0.5374204748822073
0.3917727171286678
0.7194613684169432
0.09948004912497498
0.4439817679689131
0.8540554672049739
0.1534530204110805
2.376009291704417
0.12363045059317455
0.07614755891270626
0.10953872660268549
0.41617123632657815
0.3201555432957537
0.2718266862565414
0.39037695876723055
0.2960160245834058
1.484484226570763
0.07724741593830332
0.1551393250566404
0.3313335039347165
0.5486056187732219
0.05919151068677733
0.11508860089734207
0.6997818573296762
0.4971312858657938
0.8252765090473274
0.21778224312614328
0.3136484710751312
1.2690376479626702
0.45885264305575896
0.4764312964859084
0.05200427806121276
0.14723883250373515
0.9267424758491721
0.2339193670339599
0.07149666327622045
0.4452088512038657
0.6087455714131567
1.2151758224818883
0.6286382552764457
2.3452454137463543
0.468929696520101
0.009761881435994194
1.0831663836943357
0.8808049863352918
0.6449577397299681
0.5616912642395798
1.3232375249694621
0.5772086917162994
0.1046045327127309
0.4383693626699979
0.37472129829297596
0.30508840798851194
0.055898757061873826
0.0664149533187195
0.004411267335789586
0.45678522573490743
0.058184868226452614
0.29965307852653605
3.0557172039087415
0.44845941379258303
0.5301270399659963
0.9499708769362487
0.22993836991452768
0.29787869632571623
0.4303310682927511
2.4513520280075145
2.095853026628348
2.245931097668722
0.1911686795240947
0.17838961759133173
0.6060052514783787
0.19663108127674642
0.24708823329120036
0.6268921481576805
0.48626611515933393
0.7034872932915379
1.0534695412467756
0.02122117290020145
0.2652882601891644
0.22002487466763154
0.3392686379689228
0.22902260585713677
0.5773926357366057
0.37438104722103105
0.2317623625472156
2.3924442374117154
0.08388316470962619
0.6522784258575611
0.9646527860270036
0.4625259063291
3.2983773499436535
0.3243510591417999
1.0491252578918286
0.09877827920967773
0.47414298436289676
0.029687346336513376
0.10207246446387379
1.2658366773888585
0.7121451706814964
0.20786316145982756
0.8285365023740331
0.24591175241393035
0.18138477690187457
0.2965632140614206
0.051349150712932425
0.02449469587855639
0.8426078815239243
0.08988396305695075
0.12699863389038793
2.040577639080401
0.26322014793061266
0.47814990862656165
1.9043228879702847
0.6056233477565848
0.18221531521122752
2.0278024644877446
0.3400585264354018
0.7659146575839386
1.716654965959306
0.07581909033995221
0.32076122995678635
0.1748405075976092
0.6558592101564472
0.0966811343123101
1.9252865928299006
0.8024504127380064
0.11136734034118279
0.7664274031467974
0.273995511531168
0.17595787057357448
2.0477775205965023
0.05232909231771746
0.05760712079783913
0.8603705520748695
0.5143040693953106
0.41844901699816905
0.3591555118636975
0.7948405000127644
1.0749863456109876
1.053213459122718
0.21542834654207227
0.5857706733413646
1.370499610870478
0.4045067176872547
0.5736500572149315
0.22084377959582357
0.71142634300554
0.39044053642057786
2.952668933919263
0.13254675990950893
0.016911879647757255
0.4791881977427862
0.07433876890948928
0.38969890769292104
0.2363836060141104
0.18301357850616543
0.047179966712815394
0.8849473965052602
0.5389091551943802
0.009864968627355563
0.5889464790303615
0.08992932042772872
0.12219370279468632
0.9791730337132313
1.230054933630421
0.26745474224762567
0.20863064360281144
0.8972881090410749
0.6329705027184782
0.33566762117299304
0.378244306459972
0.10503521302873424
0.4704305918105828
0.9194499268507421
1.5491908011550288
0.44431129011337245
0.3246159418471439
1.5328304012883398
0.05029418510362899
0.3497236864919583
0.9801565448444796
1.6753738196475316
0.7331246216101198
0.2715822863945294
0.128119073898288
0.5110154507396973
0.21417830273684169
2.2474943796584848
0.09701400136737676
0.26384700411278933
0.3286545452826544
0.02222462568473734
0.024023091035246625
0.23554778871750773
0.024038486350585753
1.3077160714490998
0.45755015313511804
0.980168494586706
0.72774823359946
0.8536826588623769
1.0365230325662536
0.37856858917472486
0.3683249577446609
0.5821019132965396
0.21835741965207633
0.14176871079786213
0.31401177969223887
0.35774314194036677
0.2595006680016141
0.763004732540101
0.02998187574914366
0.5683522834714573
0.4615279027753048
0.08717544042383607
0.1825580808686063
0.43546216951209027
0.1800188947925445
1.2774041025716751
0.3187425703202256
0.6822379291234486
2.0545095988618933
0.1661999326871018
0.04680605667639253
0.454002975325967
0.1252927042530611
0.5834237257107008
0.12599359589577985
0.01692987477778645
0.49665758674032645
0.5076070192475699
0.26786692623380126
2.022433241434323
0.5651759605915037
0.7784694694240171
0.2927670463743002
0.37451134389594576
0.7449766666052974
0.16076859470173774
0.7084146997852441
1.239854098897838
0.7615750470711476
0.8082748623074596
