0.596896314588304
0.4799364183729613
0.42968318406948625
0.8373008957640411
0.07619916898217555
0.38272435988446224
0.3957002920693675
0.19123230324152216
0.02834995091110528
0.3074310522855308
0.6011673509365628
0.37452549113958267
1.0906452500288482
0.6884023484979209
0.10022436415001401
0.8043902774883331
0.04029797351176762
0.06538628731478587
0.954032615128721
0.18977970581423886
0.26687100282276593
0.12073501226001528
0.5774779309228066
0.9186399358806971
0.3307317379041141
0.029501754449946002
0.16029482976963652
0.2118206175789623
0.053649803936660634
0.16559052822925882
1.027916784416768
0.1325794405856774
1.2837850163879214
0.235911448730224
0.20691785055827452
0.06901600567506283
1.261705779268168
0.06083687818466631
0.1078549752937595
0.8783512849267131
0.15474862064511985
0.2731767202914559
0.5253685641743729
0.0014964129317584238
0.10231719090933147
0.8392959833762106
0.4330265023853395
0.12292459153448568
0.1046909443401069
1.2931767946514428
0.16177841200545587
0.4445213722291866
0.825505749604017
0.8664998390558833
1.4597688592803777
0.7151495921304164
0.438014972750874
0.22084146791386733
0.9239289577748668
0.39695300389159743
0.2226851738718882
0.2084016602665022
0.017365417578548255
0.4822013339970554
0.008823947788045152
0.12106395236856253
0.9859419168689317
1.0009724936553428
0.17100548367111107
0.8571470797843027
0.16509224085321392
0.6678944638452408
1.3648732172807538
0.0687299866476779
0.46784410387145725
0.8420951115653771
0.010853615233621034
0.12673812923275485
1.3998949397386748
0.2853413868147759
0.605482877558611
0.8954897193153875
1.1054485611502936
0.6592666134809674
1.2997331671144194
0.5063864072180485
0.36533683065998984
0.39973608479050465
0.48800602110025115
0.109773114928136
0.9547134326835032
0.0037310459524633817
0.12781463759240558
0.8803565459608004
0.8694502395380588
1.2609776413312828
0.44679447969745234
0.3112841177244712
2.8469097318562913
1.4856822470740696
0.23199300991924712
0.08466614081879793
1.2811469785147869
0.06796493597731772
0.2980670888391637
2.339744494504653
1.07914041286492
0.3167095024391613
0.924422394631181
0.633874235874679
0.9468485348975644
0.43759873272192645
2.236171165746236
1.6508856696962744
0.4006801605604795
0.5159049261106524
0.31972454769878067
0.5837109569130574
0.5468668958508718
0.2810700621486537
0.5452019398574798
0.6185155361274869
0.8826047910925987
1.277599082154759
0.13015806701164995
0.2862877780997089
0.982992944252788
0.12086610414701869
0.3850094619471874
1.2271350143386592
0.782544476391756
0.0844774108903757
0.624096101206274
0.5157014880000954
0.23621962657971746
0.5599539063639306
0.551005191444964
0.39956826037825055
0.8658440049480927
0.05453499475880786
0.09075072512448709
1.1457610413364185
0.07223126782901361
0.5126046831452461
0.6824200994344741
0.19140641922964244
0.4491489583588667
0.4839560689218019
0.9292104939298693
0.5907240151692784
0.18839633861666852
0.027054296118889095
0.2859135076935685
1.2954306058165095
1.0867606679934605
0.9672407350540102
1.082000939368776
1.0287691098744012
0.24636659192664884
1.9897023539739154
0.07117016258246807
0.5431788406718139
1.137198315044887
0.07787741324526778
0.1435075108086625
0.11827493480009134
0.6621290199232462
0.8165365693514265
0.10771168078963989
0.160940143839229
0.931175145381727
0.6386230371027365
0.576515721622992
1.718146297881537
1.0550988632131213
0.07118693706614271
0.2035054174392867
1.0186752475928347
1.0452240154188068
0.7930779335035604
0.032600428496747255
0.304708595714473
0.41864106658911876
0.5976665480215683
0.06329051537051332
0.09620267265621811
0.4743863999946366
0.09172408107032953
0.01192893865165633
1.312746137655562
0.19082486355750974
0.19984882202776041
0.1552263734255756
0.01700319638655354
0.45158691607275137
0.12045352087026927
0.24877991185764925
2.6950765039599633
1.3350080663514834
0.07339124351690923
0.13339570068711362
1.4487086392928101
0.2041662181029381
0.1086586181557298
0.6746236200069307
0.1011333005647161
0.1687668207553093
0.8656376140913177
0.07238404476446939
0.4628610467518729
0.36778735973706406
0.025051389852172545
0.23264254086281333
1.2675752885676823
0.6402769438704057
0.7400374070205386
1.2676628338544176
0.10127467277324695
0.0606489639004471
0.5560168762131478
0.29875002037674686
0.16011617163408529
1.4887097480496527
0.2936219375134178
0.5307963516262346
1.5425200477452905
0.6886942976633512
0.04414141120866373
0.3201444172278621
1.5276403065858586
0.9543657809935621
0.8520590397346095
1.7472499948479951
0.07960243787830082
1.8587194204263244
0.18519710673959403
0.09710107367799634
0.8924028487373694
0.09317238242954834
0.14575383727265523
1.0555802940681849
0.553553017530613
0.10389981487726277
0.5795900085459609
0.5539007585192423
0.10436682575051599
0.21730486899399248
0.4387603888296654
0.3548502749370227
0.8927607558746361
0.31054522572982995
0.4702883188471237
0.983979639341486
0.6198266902812276
0.19491837845476068
1.7216140314353428
1.0021643253017078
0.47139414701872334
0.6086218461669103
0.16737496081693054
0.2057358242897933
2.3409998256566595
1.105614857022177
0.048047447908267565
0.44174201410505776
0.3224712194260424
2.1485250803962277
1.1783768576843838
0.35745938932507126
0.305827921129069
0.7380002121980738
0.04761637928125805
0.158901164426425
0.7586994093557419
0.17207841472870417
0.40539535618222494
0.10224627882742496
1.2320994018646028
0.3510441649696201
0.20373295388708693
0.3211046186858374
0.18700958716547664
0.36213657318200954
1.2506705951725128
0.519250322145345
0.3741564967172442
0.35783481370908754
0.34043700471048177
0.856563015777635
0.3024766234335976
0.12866507866501276
0.3150826631745156
0.13160557492213582
0.5383604138566254
0.29248385063670573
0.27461280431443386
0.02666735551004546
0.9798125342325258
0.5664184415283753
0.4941782100892601
1.1265326919628778
1.043393721373672
0.3950194494273233
4.078567365265579
0.24335364466678455
0.24614403131033052
0.3186571056540569
0.6054586443953048
0.34901735760294894
0.8634616811449605
0.5507671378959281
0.24410886815463195
0.6524071072302086
0.5000369794006764
0.7190981379921206
0.6567109305218782
0.7295201313096641
0.11994606143308173
0.8636082825565098
0.01672144229085816
0.5481701154583404
0.5097636204755466
0.12547024778820207
0.023622018984842754
0.15326332685186844
0.6699535852721678
0.28628851318134907
1.1600464860884419
0.05614604751322963
0.8359679565932643
0.25252520762020525
0.013754751093520944
0.10936612426379383
0.6540420762306256
0.046617398620972035
0.27612476849857953
0.025456338893695207
0.0015698265487759993
0.0036818829791632687
0.08306186571048167
0.018880845591388824
0.1008646675222519
0.4222991297281326
0.3254873269743543
0.026919654531984857
0.12403697175214723
0.4892850056904363
0.3282761716718034
1.0800150561170336
0.06083545721927878
0.36789201588904175
0.6511900579187363
1.0000728909282761
1.8571066899364095
1.04842811825126
0.593993586265747
0.9671707634879416
1.9347751947029024
0.7641636892494248
0.8051255832567558
2.7146823024865263
0.2679698502969206
0.296492231477086
0.06613986599448958
0.04523170877726842
0.05979828232617885
0.30650022183663256
0.8316120860212879
0.9497475599136328
0.09938287346555805
0.5738434950944263
0.6075256388914607
0.17985677561638488
0.2723219243466214
0.306017251974982
1.3090600627438662
0.09370999296936393
0.13418257032626965
0.44537467664689495
0.5174684986081897
0.2606093260039987
0.13905589052915696
0.5955323850016083
0.4308739271163307
0.15164262455444666
0.08100289834558365
0.6614238825937006
0.06569917829748999
0.12316825625110643
1.0250408584250343
1.181843437988387
0.08942627057541355
0.34426254533282125
0.8524182944212042
0.01742591455507169
0.6139689215565571
1.306712772732817
0.47824855535851063
0.034811572052963896
0.5426188011170843
0.6008444782824214
0.03138216437646394
0.1547121981064739
0.7460392030151178
0.9670598155725162
0.44263205455908067
0.05642708226584089
0.19414074591594813
0.8049559455046433
0.06557057391255999
0.09086410004540245
1.4505243871457623
0.1495297194589772
0.28910650360013745
0.645127820027836
0.46217923464143096
0.2703545754061919
0.07182901477349919
0.8045100818566984
1.4306053313683833
0.5636532198474242
1.451929405333553
0.07331858186577868
2.716661882805645
0.21453945489324927
0.6126338608787764
0.36302363197617943
1.2111175889526424
2.0449440203404436
0.772126700139648
0.20193305931586708
0.061691426699948884
0.7200868880923508
0.12162001814457603
0.1808246845334814
0.13528824128724412
0.24768620680541975
0.4203705521991677
0.22824671988048673
0.006047411288627317
0.0477128523723983
0.1384509084144624
0.3067820536403679
0.38553262073226807
0.20854933532648887
0.15718672557233507
0.514803995535105
0.7889927326049716
0.04717435701009354
0.4729516914594417
1.541471054249157
0.4637230623656113
1.0915008213232453
0.6181935918077588
0.43994981550181766
0.051265922781529326
1.4684967286617583
0.21166851739060016
0.18205132453596737
2.1074135542592183
0.042819676735594066
0.07176157524040816
0.8997159936790878
0.33671487611277534
0.03717226797172442
1.7214938814956817
0.6148310235917794
0.901531387841343
0.9044551560108146
0.017885710202653917
0.07767075761610716
0.31696741733577594
0.1692380267777847
0.09002278664542851
0.44612737042630496
0.11182895175763834
0.07565044204250534
1.2714032235009736
0.643371406134459
0.3427038998336034
0.22878994251873674
0.18680182570714823
0.027263049657625216
0.3322613022844052
0.47409632876092017
0.7602175950308027
1.5509150583559088
0.7970749517201136
0.6008995281127267
0.46077680403127175
0.1174896739546312
0.2238964382492983
2.279401304654265
0.5802996021755017
0.27148827640804785
0.0796048896665275
2.049145284482857
0.04644928970634262
2.2997463093133894
0.26717097952742624
0.4782183398916466
0.36794411740590954
0.2601691380647821
0.20428029891058058
2.4444830524848036
0.010571473369615017
2.406137528225321
2.1722399449692515
0.12707105398595514
0.7761778337477573
0.47054004949972134
0.7011618701235734
0.4396317321612126
1.8908280292643902
0.436194712852711
0.5445903856966979
1.12584665950228
0.31366223752635863
0.797954964360658
1.377521324067226
0.5409339120585974
0.5536334901545774
0.6181803089899237
0.478585520431196
0.09890385729244125
2.6367299527487447
0.23905096879185045
0.9245964496852241
0.2403754318418136
0.1367718394193096
0.08818194914941638
0.8909661326526003
0.23623039919385888
0.3775508889784345
0.24646864881803296
0.09966446162021929
0.32061740080517204
0.27133260935921694
0.028644434974393916
0.254025422578912
1.1951805541783782
1.1864432763239487
0.6620727717715337
1.8912187091001886
0.06850788842705981
0.11316878790346478
1.808989780588035
3.4219567067974888
0.32100545975782463
0.11625954645280762
0.08582455750685397
0.035769994867812294
1.7317445291568
0.20611811599284816
0.7088456608917804
1.8023343191098284
0.20318802695756774
0.3291844481716692
0.9090591432472529
0.25575676523165647
0.1801800977227167
0.29748110675485423
0.8655737704039054
1.5803422620657663
1.6831266407143868
0.15455951393302284
0.446674964121672
0.7680219038947996
0.36160167948967387
0.243090387087603
1.0567716323650225
0.48742613525740536
0.8870472356519871
0.546889369826455
0.5634661816705422
0.10445325467903237
0.07587651913816786
0.06905805715020712
2.4450077648930897
0.8220782350117587
1.1416391179500014
0.07995638681102617
1.5583142744664666
0.18142225988346125
0.22683034952098868
0.9922286224509759
0.6063117913922238
0.07608121858250735
0.18582569126670684
0.12131028017141295
0.2898669018622077
1.509594042713126
0.39935956740299117
0.25103493708900015
1.0972241912539045
0.04139608554218714
0.3330178102730787
0.36107179921874955
0.2829685612151953
0.38510873232031245
0.4949618075659607
0.27434201685119736
1.0536243607093079
1.1275362870838552
0.5635055849424352
0.2136543155604115
0.7679169757751829
0.0387975001610065
0.8866301344930844
0.4524695516608157
1.743078784164905
0.12997291938334976
0.920312744060374
0.07195324961866777
0.40250930705004034
0.6358169995748152
0.09718495576577532
0.21913991596520815
0.6112449412662745
0.3477886545074598
0.35271473227818195
0.42253478371236386
0.3843984129126555
0.08094642038191016
0.729534858706208
0.5736944096299449
0.3665254686237475
0.07003574475756429
0.16352182516969513
0.44105945840216937
0.13060018812349378
2.051588244027196
0.1789001601772769
0.08168140922370087
0.5405702310643841
0.021130144032892772
0.2930211602702553
0.25365538042142666
0.6222593866890248
0.6181097706917068
0.09364322887124758
0.18097252675341569
0.02315576642962599
0.1472263741548436
0.17147066763208382
0.4201784754030472
0.1383267171747878
0.5775859896343933
1.3533620036134688
0.4121154092437514
0.37581229117925957
0.561965507811551
0.32836403077890647
0.28253867850743714
0.5116369164846345
0.30887287706938776
0.024802378869763803
1.0798190982243945
0.32616221939789053
0.18523980760299802
3.1606862598870484
0.20319693317138968
0.11645637622952369
0.9561098286587739
0.449383913538274
1.2924748593666235
1.6092963960316182
0.20004167558476868
0.12680436565981248
0.24162532472592624
1.6461724784206588
0.708168888669966
0.0936211039078739
1.2727613885139109
0.07375377450639636
0.3372147751598586
1.299902300876131
0.9886781168077186
0.02672614562463464
0.2601272458493896
0.023827656061042306
1.4020510902774692
0.2550230961625006
0.4405030656466889
0.10889919265166619
0.31893104234735786
0.4318113478440006
0.29518564312287154
0.1593131531021264
1.265832856433801
0.6680865302997171
0.7031912325655544
1.8042321099321599
1.2215368483344993
0.24080511767655569
0.05001214305796317
0.1817270696184573
0.11766158144704612
0.35833947975275976
0.4190781789584859
1.0315164407688773
0.053137103515008326
1.1682574956284077
0.329140644639654
0.3452931044268143
0.4669205740306137
0.19164304796470671
0.6195438929020033
0.31484383430919893
0.9475791037186418
0.43539308464390214
1.3301804406388602
0.6619691886729266
1.1957705898418387
1.1406500277009468
0.09588184678523226
0.9454312643625312
1.0830542332501523
1.5970946743279721
0.07200936890570021
0.17129081337458069
0.32983309135199324
0.20292415337306666
0.057965688809566596
0.8546326745371016
0.4674366623823996
1.988056265527858
1.5150066547294865
0.3581052371856782
1.0063688712422438
0.9941906964886774
0.6846119344196497
0.41605210203050685
0.5267566633769115
0.4967682929942438
0.2631144099708209
0.3567279627724804
0.21397203041895713
1.1199118620749355
0.3111977189410712
0.6835821444636
0.7212844666060656
0.23354590101223463
1.1080780188503938
0.5413366118102833
1.2473837989035206
0.44888837129471226
0.4643305118267631
0.4626159532821975
0.5445088994749728
0.3668392742103519
0.16820067155402768
0.5796472471332557
0.9634776796748399
1.6164402529983646
0.1638503683616704
0.26276191213996597
0.20374306449348084
0.07212558905509679
0.4742377626381676
0.8215364174263617
0.1533441304782514
1.3180257545779093
0.3898816158198026
0.3226569756575718
0.4341480425098454
0.15397220806864084
0.8768787353141767
1.8032342325045623
0.22733531389226524
0.7309395599471424
0.2862196128889568
0.6002384186736253
0.01267485621237008
1.6187382098168916
0.2073635895825833
1.112801271418972
1.5501178857691935
0.1340841384402162
0.3423179791991246
1.0568054921709935
1.1108731168042518
0.14275570640357874
0.5874347533908001
0.20279080300957542
0.10257124726858136
0.13221561959623573
0.09525004581403036
0.5014932823534924
0.32260949413237516
0.37625374396851935
0.23440306031071267
0.27497298741021253
0.7640627699567653
0.46947334265324964
0.15454267393511184
0.5881711207564331
0.7547654309596031
0.11830624437185672
0.2586811091542056
0.36503943101933317
0.3385027122872983
0.1365402821512658
0.11377997989336412
1.4229495281227305
1.2619722055272398
0.24146408807782413
1.281143978724582
0.1442253008506534
0.5662019972021748
0.5745602303894796
1.250651666106289
0.09074666867880883
0.1767354227253402
0.937659285106171
0.8701977911407827
0.5730248497624922
0.05896418807783439
0.0998034542391137
0.7983703595612162
0.5056951216468755
0.11578232906778492
0.20706256450092544
1.1129907039322244
0.6113369528231969
0.3292330980989782
0.32681438692432585
0.8067634938797901
0.5336205305902041
0.7642971235494628
1.7377493483159816
0.2051150166541166
0.4747413233233169
0.39426081503979316
0.16253632085732245
0.36957655524429023
0.2788430758633154
0.5016026156611185
0.6036745053859788
0.04036854688167576
0.1762187601417122
0.14998143745816295
0.06731804056124017
1.0718702429103737
0.06370636860042796
0.09064767788855946
0.08750788977200166
0.6765270274123019
0.1574274161494242
0.30267318573307916
0.25946609273729865
0.14783588417941895
0.47015567844394823
0.06265506114928064
0.0060400906253883085
0.6385819915657313
0.8728723567169767
0.02927771879743717
0.053162002208974615
0.24707753358442094
0.260009357151045
0.3933734278378504
0.38352710092439246
0.2495133782282735
0.17780237178417213
0.3600241071111453
0.4178413726898494
0.6500271831406911
0.08767185283938655
1.067182665663793
0.38641926684984507
0.05424865605670011
0.2405648562287035
0.5530734415776881
0.7074900676612097
0.1781374048131301
0.21793372411524378
0.14803574126907393
0.20214642943238084
0.9657385826807076
0.3237686150747978
0.4703777273876552
4.010018773051566
0.2584903376503672
0.385226457785383
2.657037669162549
0.10532376083879583
0.11116417081079903
0.2983028875447236
0.745135112645163
0.6357887625428135
3.053636929122703
0.7380985382421448
1.0653872833612967
3.87166562518323
0.8502493247843222
0.6636480117138902
1.104054090641896
0.2406605907141792
1.045608002872941
0.6331327771738746
0.4537725291898388
0.7960892991612268
0.4116020877152013
0.2615271916392513
0.04323511161974563
0.4854777859664418
0.3429269008523672
0.048422339829221395
0.1587491281862042
0.16480368887352823
0.4995981919869682
0.21466828509724672
0.24691672174575155
1.1123937289064638
1.51961249730492
0.11569845298711388
0.5274290283521492
0.44319154657708243
0.8547437310331165
0.7680906079395078
0.20147900611775293
1.646900720076079
0.132016369786855
0.8560151393442529
0.41123329230546746
1.399260911955515
0.5528875109645423
0.4080987472993094
0.7279514549075639
1.6142772270681396
0.2900188111174556
0.07398194961322302
0.2500336286253793
0.4980581301761675
0.31191290552059364
0.8913626887328328
0.6119120129960751
0.827991015370662
0.48043323356730044
1.376045598749804
0.057989332158587474
0.09357316530208135
0.6003385500541831
0.15651788717438156
0.12179178675916309
0.9885949537233264
0.5486700471945756
1.1410192296572894
0.1555431871526563
0.5347491332814395
0.22544675065076678
0.3757829950573246
0.7826169468691151
1.2022268977261155
0.5891445405066535
0.17611479505516878
0.9596371259213757
1.4238057922550076
0.12107906823551891
0.476914567884761
1.5754744567552672
0.01658280630284788
0.39451285599516456
0.7439903295811844
0.41015022696579306
0.9066397000616753
0.7602682724114042
0.35100842134005267
0.33994195616522177
0.3235105368237219
0.32184663892755416
0.05987161227408402
0.527583886976211
2.6157821906097
2.425063928864559
0.24401175180453463
0.6232992363052943
1.3876966791588863
0.268269682770705
0.0653751521690352
1.7131333010364018
0.12491966383202673
0.452093367635964
0.370537086328813
0.2822532220443707
0.6000504515491178
1.7229725684379509
0.11292350009912079
0.10503844353063764
0.6979665199041775
0.8213128169748898
0.5607211395656776
1.7336462049192156
0.2346282150267066
0.2579408973127591
2.07698842652871
0.7578000617015801
0.9551639905293434
0.9475975466303772
0.727716462595009
0.2204493564687035
0.3276703948996309
0.42316119182579237
0.08993597737750243
0.40444523457502823
0.24747719846293945
0.02250011486457776
0.9017936499257645
0.24950419356448642
0.36862081305563227
1.197549799118098
0.16006696312673008
1.919501934054067
1.3876543993531674
0.8996042350985959
0.7421060358468325
2.1432866048719426
0.08074451854175703
0.034026957281420314
0.32948214224924227
0.9723522285568081
0.822736724501303
1.2552490477718665
3.325758812641222
1.5718435274343794
1.9343724556607202
0.1412790248587246
0.15387718825698907
1.274876507025259
0.21818185700406675
0.2550070952847455
1.5173522339668406
0.46246554552564867
0.14946414636887123
0.24241520229773414
0.3583283143625499
0.3675635119154947
1.0309898218994205
0.08309087364891277
0.13302766278613398
0.1088327389622743
0.6318257577804255
0.010576282212732326
0.0807537084961564
1.1079291390532422
0.1983465816541605
0.3695804450074895
1.7872575574356637
0.917194056935632
0.7728927172189772
0.2394390302111775
1.4721785959189186
2.086762579473133
0.35440251102892184
0.16603958873225524
0.7609889863662869
0.1539757985107932
0.4112927670051166
2.3537619621537584
1.3288969837333906
1.7326642040383755
0.940862870311418
0.9663771624154313
0.27953286119824156
2.308643684159881
0.520525480589596
0.4850543740903989
0.24097038389020436
1.0463282793769901
0.04041276425595149
1.0901602277954772
0.05244596571428468
1.5058821352453293
2.0984892841859963
0.1910924662615686
0.11580059024618626
0.8286538476930648
0.3335540239912925
0.1232043070305592
0.8708119750512036
0.28960755369496916
0.24640571186069282
0.9078217290539337
0.011693493094536699
0.0538365081991614
0.8542196925871048
0.504625160605881
0.056115472947382214
1.8815092305551415
2.115930749545629
1.4593568330044662
0.5374192295103286
0.6704835011951726
0.052602885635773255
2.1734315581922243
0.5685799017953619
0.2703171950056184
0.08157789936699414
0.2631082649136247
0.08774374380338885
1.2456216676396161
0.5179177226248329
0.46062328753352144
0.2769620513432498
1.489971628229391
1.4035903566144994
1.3571160051827718
0.09125496798765174
0.4394051353186367
0.27070817730022473
0.03432884123967796
0.15450642703153786
0.7181026952258565
0.43824512189842535
0.02460940253289993
1.5294213102629675
0.08059868887646925
0.23822582903676617
1.2936050884959975
0.2208624636731554
0.1529666702977208
0.9286178143560228
1.1090975659653095
0.48479648549216653
0.535772291043007
0.0779430034945574
0.04538999631866635
0.796337645692324
0.06380528893362837
1.2208552293753236
0.800342622711334
0.6054127967851164
1.076807467339071
0.6253007817820212
0.2970118232558285
0.32664131359498055
0.6922089646907361
0.2388176692377747
1.1984772317811039
0.5229874728900407
1.2766016361932495
0.056814483668918975
1.143430312653008
0.4674583985600314
0.17531310776433895
0.6939406701893487
0.022036540324123607
0.09311368322356245
0.7866000387991057
0.37116910919563817
0.2632392721896028
1.3090681148635361
0.019247730741320326
0.7737146132606412
1.3137450734069958
1.3426270900368902
0.17182737005984533
0.6182457599716895
0.542510041324391
0.3726867485522531
1.6472460460176679
0.21414848259000877
0.44185119909697473
0.08036470385375188
1.0011600699361172
0.6342370289180349
0.8366734361283659
0.028536192761974742
0.12323921545861506
0.5870300419817801
0.3625160005563587
0.40768875049138487
0.35095730170763906
0.16876953090303431
0.23372066510860515
1.4313239408840004
0.2247234928137706
0.6401585654912085
0.32666705341120283
0.07895661295108523
0.1768504992452079
0.3404570357161723
0.9758314553262731
0.3577329677877766
0.2651576266486344
1.147127371940073
0.1660583133607915
0.4128635403931709
0.24803865800320618
0.4530857910488238
1.761732744706729
0.8652763620424994
0.2551509828193496
1.9350343706962774
0.01885891386207663
0.5365000909352141
0.14000942671019456
0.3238163113452669
0.11724934227985388
0.4588589320191198
0.13113348848734055
0.07776323968787363
1.2683259300434009
0.9869869944131908
1.0253820100659399
1.9745861769256112
0.06765511148513928
1.0662693734745397
2.049394235620549
1.0240437641154574
0.09584988000627181
0.33157650702602587
0.09341149248064738
0.2362473413699062
0.8133328650251643
0.2628303102468921
0.4914845919982859
0.5300256640264687
0.8254552932878569
0.8597131165716827
0.13897099611372019
0.010531206752750818
0.3702080746034749
0.22498151802371014
1.0254090708613393
1.515069577608891
0.7023846032669596
0.12052675517225298
0.6609902509777813
2.137349975997197
0.37681677914251577
0.29914750240103033
0.46965978977962897
0.12608199563698133
0.31281361098279287
0.03734577579645818
0.9165477757083577
0.11039287188674018
1.1811529957778963
0.2642624849616486
0.05991463586727222
0.025657091953784867
0.0571624920314138
0.08921499184796741
0.25263478420093516
0.03357114108993874
0.2510717467552156
0.40874147145642903
0.26188585046864665
0.31200924823945686
0.6708988411693672
0.6582769305817902
0.790176646784439
1.014486726581675
1.0082940120002613
0.2369925539107572
0.6238487559497256
0.7226316245362098
0.36222831727191745
0.6543221583177988
0.45324796881212387
0.1745873886808359
0.7967291135314136
0.2423167412391227
0.32772199779953554
1.7836447692783821
0.10254256860138197
0.007749148007298204
0.10077402711169171
0.39106092558028516
0.6424395027881419
0.7165902377406066
0.7986877594417445
0.2577817967836834
0.3820852363663847
0.7359995643229121
0.2413659648210226
0.18165211090841193
0.24811349829401794
0.09165117370880352
1.716651334378764
0.18232807255480854
0.020408436635667458
0.11445523040527589
0.18032673235660884
0.06203522801172371
0.5267840265558481
0.43082198008978134
1.0555976561407414
0.7986712881848059
0.8972328955151365
1.1497438168655978
0.6252522582325177
0.36527608416696344
0.3896677954310926
0.7838188652482626
0.08559710506202986
0.14563259766339473
0.623298814474939
0.3119011589960722
0.20834631390988692
0.07566247829388072
0.3056403442749171
0.4099517507503613
0.46386537688212676
0.513777706306348
0.7104229023219578
1.6357154296711642
1.3542467312668902
1.3496271218894116
0.09480506125954864
0.2400194166144659
0.6864992848630285
0.7368980488590795
0.45405372307440456
0.4042569251280183
0.8660877997407288
0.4210957377429003
0.4684347457965796
2.7171075830718685
0.1251503345336076
0.15851887073964113
0.6534587345480057
0.3859641165402192
1.2249834571732425
0.3928891416621034
1.403421881078084
0.21075281762773782
0.16687082475768636
0.433257868694855
0.2167290442801584
1.1747621848081853
0.2657161932379354
0.09913711850047763
0.14331804117905603
0.46634530102896576
0.8429225661798544
1.3065811157506992
0.5969177483919333
0.20950831139804166
2.1046411925879305
0.7268931101016456
0.21102316372332552
0.25788651780122923
0.02984278060229762
0.050732452533411916
1.027325827374434
0.9037817985641364
0.08786013217515935
0.5744690360346346
0.20296789831103748
0.16322738852432467
1.2581142698965238
0.12154281380896043
0.10880101770020016
0.949183654630026
0.32105721603739007
0.14970756584621883
0.2609357233352384
0.9799414454282342
0.7406849720840334
0.44420201192752057
1.0294927154544269
0.8750329632461653
0.9476767057039124
0.10486750630968615
1.9128299996217255
0.42359743373304
0.17998998600807928
0.4645928006948356
0.8378561623937568
0.8050874949847556
0.8519132110078252
0.8473843630358947
0.22264742728638937
0.14439985026902852
1.564303190988052
0.07999346078537668
0.5505080957694337
0.28638999149865596
0.4981270460556532
0.4922282590003006
1.8144010924292306
0.7019523759996604
0.040570289618051106
0.8742875683847549
0.021710536168432083
0.36128383453109764
0.47881105132635066
0.137211202455916
0.32302058692651886
1.0977563939663733
0.10759686228215294
0.8898593519201361
1.0190289998760582
0.005245384010074911
0.14355513109137452
0.632884372031326
0.4873060471075141
0.14512251385538796
2.3743714664261883
0.2440518997022118
0.34568808582523747
1.2164769511012987
0.1810906560399206
0.2620417740592916
0.8478260775380091
0.8506021144968081
0.8581468052181508
1.525750249890333
0.44248233930387526
0.04609722291042241
0.9130631207668893
0.6385187865426474
0.08754650534355347
0.4388575018574237
0.40955032426069105
0.07058803929847847
0.19013664533091795
0.32731341436488537
0.37220544623964574
1.5477948951377563
0.09653344418342186
0.42963933414578953
0.24915994263816532
0.07219899088493766
0.03718203830904352
0.23419188881363245
0.25293546027369407
0.48574169047087534
0.23085201246039172
0.07645554582621725
0.05939463849727585
0.13571205027936875
0.026126573805460632
0.04496527711749541
0.7167858302448716
0.7935618246886766
0.15468804399187344
0.4177608114618909
0.3065164420107352
0.09212719152589836
0.7575359030412618
0.9374925248868194
1.090605078347821
0.15228033163911253
0.0940575815504553
0.17276726983349375
2.2712205240270946
0.10992184609591708
0.14191163611271923
0.40944469909564135
0.21339092009838034
0.3385327617242301
0.6930912728292316
1.0254526401259323
0.5544283983774972
0.14157835185883924
0.696340902076394
0.5598086841610544
0.471783771432454
0.7388719213470186
1.049634175531295
0.3623115751135088
0.7741685523322578
0.1999280305147162
0.512050870932516
0.6538973809780818
2.1501582145701743
0.5817371669674928
1.3786636655710938
0.7324862337428598
2.516934748784695
0.30643945477029483
0.2876980156988647
0.07296365694804126
0.14420688431493417
0.005440972610135634
2.155059328525577
0.807632091708674
0.146668250663784
1.5792323930262482
0.5981420959982028
0.7280226008181337
0.8266967311833062
1.377906238770391
0.264104066191934
1.0208595498097597
1.5187327277792813
0.16605313981219746
0.7195758103608594
0.6747253937375932
0.790704951509253
1.033313618530584
0.14430949533816642
1.4174218136611496
0.562733773849492
1.0099767995830096
0.04673304177418981
0.6774994277914633
0.5055807973675632
0.6282561307464846
1.9011469226242075
0.1310351332700171
0.27205773024694446
1.4702414092973448
0.12314362770343751
0.4043547603330477
0.38582437694424077
0.7062111436159692
0.21252899557326474
0.5123294518440598
0.589814786431817
0.39263167494117684
1.2542507202318547
0.8653517987046994
0.3275122491121271
0.9839966876538393
0.23002510351221472
0.3179105324311288
3.464060003601508
1.6274205983986998
1.631050526912327
1.2830681272746034
1.2469853735765244
0.031149135867072342
2.2910402132852927
0.3310934842093667
0.13065713645140833
0.09066899884415307
0.02740681399234074
0.015127735778717876
0.45541042089629014
0.2863297408575
0.036640573200788826
0.9185300969053711
0.08878312506092292
0.13188293150522226
0.6172163474572596
0.23101943291550614
0.4024969550575533
0.5924247956225261
0.3147307070332499
0.07336795250739857
0.4883305462055383
0.013037621783983978
0.010282950663840155
0.6893457383123688
0.21635233886281044
0.8663711887121998
0.6920331191902338
0.048003323138463554
0.05866171076354181
0.21850704674937832
0.752107318403134
0.7293897874027919
0.26691186414696694
0.5850817267650003
1.129517540666298
1.3929883378191692
0.5609705820794862
0.42976337460584224
0.9469916482542652
0.5210394674059259
0.6635300881682225
0.8770902910401612
1.1371123477305285
0.26581670609307556
0.7666291245888587
0.16936743993846992
0.8193513653430836
0.4802402933614793
0.9227837441326139
0.03978404023005617
0.5589021469039969
0.7514396306912732
0.7149520761165528
0.8447164749066463
3.1484572929310026
0.7026430340554259
0.892720272532289
1.4162255902421605
0.960929196943005
0.7744729726598146
0.9206979164928903
0.30130901827103096
1.118601282674027
0.42011783385480334
0.21703370597126836
0.8706791098911617
0.43519813923872347
0.6518833857071329
0.3045106629422439
0.14861687906747584
0.47238277433438663
0.4427089651371899
1.783571379190456
0.8522642838248449
1.9605224318948413
0.11315167237514177
0.8681008276165957
0.09342647211287373
0.1474975086175741
0.586066798858665
0.7803123175049854
0.1335681624156369
0.16348020149466255
0.856823033104872
0.8354695118837573
1.1255978229001127
1.207468795179207
0.05469043795409807
0.21056341573955675
0.42007742985762375
0.5276613217185157
0.35878332161591897
0.8084558804702048
0.22285146629501537
0.2914690488270555
0.980333509525124
1.1999873771694307
1.4890878273778199
0.8872329821091269
0.20183501927764275
0.1987625195466495
3.4510492311648555
0.9610312049780996
0.1495235061004835
0.6954237735993118
0.41085443308959924
0.6058147694744032
1.3575532799329566
0.12319429801858828
0.2563307492963431
0.6817813672940815
1.0119486237653206
0.07170532437964684
0.6876510135503536
0.07702878970272684
0.2079470569073225
1.0022020827926752
1.0609733377058634
0.4014507621217311
1.1449885374651332
0.3149440121778391
0.0630969125377448
0.06269990191776367
0.010884345053369795
0.41442709484797413
0.03907556854283747
1.8088654753121367
0.14267265365526122
3.3254599271937777
0.07991706129245726
0.11587786196327395
0.5907549571778637
0.49501496683124063
0.24491794757955376
0.7956722723251846
0.3477260938439749
0.34266498760769404
0.9087477107277625
0.4925962616595185
0.16149482581641442
1.294861941870907
0.09107002513029269
0.23080433263645864
0.9826116423018709
0.18089483069494616
1.4833777757252777
1.1952762311833556
0.09141167155445057
0.12376818859991534
1.0180866825926707
0.37197283298099404
0.1359085946063416
0.9889690613788512
0.04995959749474399
0.17689872270092838
0.6588695981390336
0.05569726978115309
0.07838721939081424
0.8311426014297908
0.10027605728934325
0.2347973437919301
0.6774632348306144
0.7699155554659511
0.5029133690421669
0.40313047920197487
0.2569867772635076
0.4212447857154006
2.556268199954263
0.44560315209239176
0.0707562657510989
1.1235255552973102
0.767763816366157
0.816530105380657
0.21765852873472355
0.13963646971773994
0.04579132724778431
0.4845118270385551
0.09514508476018162
0.19591311398455866
0.540835123818732
0.8813891093967858
0.21291788925732968
1.6244352536246827
0.20324919359497773
0.24511525052448496
1.4257104616381775
0.6430196749672807
0.032303897424306796
0.44167772522868504
1.581332228992596
2.0623864914692427
0.025675136940118616
0.018716883036573304
0.07107257858561887
0.4501801973681164
0.25238931399867925
0.6447129798339499
1.695197704569709
0.4706107372307324
0.3827742227537713
0.543176813849309
3.363922153587781
0.4132301969524024
0.18369990086785448
0.6020539575282786
0.5050728134317676
1.1466123330766937
0.40138079063490983
0.7334411584270949
0.709668460953176
0.05107210150400627
0.019249872027929455
0.5257651550868843
0.013813950918307052
0.04691666794553978
0.1510158511371557
0.02776448960199127
0.050764945523803916
0.4819446344681751
0.5141378501388663
0.029541987681054115
0.6487366949741222
0.058803770505927694
0.3276314653854637
0.7114967572597691
0.17930647882849207
0.12986552859890504
0.9338581070638232
0.18704827753879205
0.020193653111901074
0.8338679675452294
0.8648072610660275
0.48679383997299447
0.7644426350864054
1.5066774158481386
0.328513444549533
0.684363655415307
0.6785199318867945
0.03392451577513507
0.807518903849283
1.061898424206064
0.009424748024712867
0.7231090064867964
0.3099661312726345
0.14320964412122736
0.1786080089513253
0.2017512059315787
1.289380538911587
0.1241208724517859
1.1800616849893706
0.23234304706722955
1.264656293423582
2.7852495455251325
0.5268992368536313
0.9850820628762634
1.8650922036244033
0.5516746427382485
0.5714245377434984
0.6427365621100554
0.4861518950393018
1.0883577461171208
0.40928843182430136
0.12072315596328792
0.09507572650632194
0.005030029822017719
0.19308942107720944
1.048762317320811
0.37890894448700085
0.5811152650013026
0.23626749854449275
0.3200101946815635
0.08026415201919107
1.5531834263958115
0.5926481213214947
0.9488908896948909
0.1673944934890968
0.2695471490270738
0.5154987263175165
1.5920051523002454
0.5333479680564173
0.7588510342592226
0.8596818123360938
0.07248029130083815
0.12628710269902402
0.16423074612713
0.2676245904082147
0.25421587746678476
0.1511026369904618
0.8033987804765068
0.10781677756397541
1.394086201287399
0.7201370301264739
0.7297337435144237
1.0254959484583597
1.2527458726947185
0.26570681899880233
0.5891605861931533
0.34322895185432356
0.3924095244059486
0.40988953571884473
0.4736648154793734
0.47727087408716756
0.759703267814715
0.5325604080923941
0.8496226832105235
1.207829814557913
0.07259909682655839
0.17048219325851713
1.0561214741734481
0.9282270573493875
0.3083164939516376
0.23298251808864798
0.041121829230304725
0.2758806179592749
1.3278913217960149
0.35743776136332644
0.3588209221346074
0.8595245305433927
0.017805479006442994
0.03844385802159298
0.8545736491558592
0.31327010222439317
0.5272566899282182
0.8883930362889
0.26341698087695115
0.3595165862956116
0.8474747774116519
1.7301122903803854
1.4210455879163426
0.7263573308375554
0.19266244358011686
0.04613610342206939
0.7083751352670076
0.13244935059309448
0.3131645381305944
0.40963107016218736
1.3111927838230817
0.051807879543750955
0.7018793024203664
0.15350499189514485
0.47721356995106723
1.3868302679596165
0.17110995587803335
0.7133410634746166
0.8250746867159872
0.24012456051965186
0.4653896202179457
0.5911442241458289
0.2447762444752679
0.04834062792156044
1.11356109650923
0.9663931594870971
0.41227482742378674
0.42145032293835016
1.866417498713001
1.0865624125238469
0.2663938055398214
0.38144854618187823
0.9400880234481666
0.6579891031832198
1.3926936960830547
4.246742047460374
0.0573558464210063
0.7169190263470827
0.3991399255591094
0.4153395813825243
0.07308630123374114
0.061302988136945596
1.196713821710999
0.2005626899324551
0.4272838666250682
0.46120480250668355
0.3484742191154826
0.7437348015631963
0.5215095732502806
0.9018941074116532
0.06891336069724649
0.628135191890304
0.4443821407813773
0.643378102868252
0.49263000431410675
0.24718139345435008
0.7228378100459278
0.9152422197756112
0.0566488487670576
0.11353946543315409
0.48805204400130403
0.1347263875883928
0.6949337877702954
0.7962329259566875
0.18539247817150892
0.09124045175464969
0.5502560940222119
0.2876408263138725
1.1874660464280564
0.47231248250992436
0.8010093413548912
0.6305507490895421
0.9807544734533373
0.5029617770105678
1.124757499404819
1.2368150044711073
0.313538467232889
0.6183962274009845
0.30646543585924124
0.05101705383189362
0.017365577004166424
0.6107392156641666
0.7870562077753597
1.2601975076721763
0.12983058961745556
0.3138877481938332
0.5481179246942741
1.425472054890224
0.09386656779608066
2.1718642479003196
1.32062485244085
0.028609331585984468
0.29909918176629335
0.9365661631678708
0.09509982682821756
0.15010127393385056
0.3051007449711607
0.9061447459415134
0.043322657037236346
0.16526564998955437
0.6552956244713191
0.07549820340053176
0.2518745725624749
0.32283780474898177
0.3445820419095818
0.28625625750242945
0.21517043205455438
0.1257345771868835
0.436743674883563
1.2842055766098195
0.48608820520986373
2.2233936629820454
0.9978085529293912
0.2794045066794148
0.09493301528537633
0.5384889102060149
0.07834929141632016
0.6372252568865656
0.6847505498510307
0.2047829039924289
2.2295461217301913
1.0587335821281467
0.6163158678845649
0.7558879170278554
0.0331412052636825
0.051867667544971074
0.6819904304261196
0.18615971032743267
0.2123445198733486
1.0108821931986312
0.04271497936295521
1.3616752464565807
0.3985333153471714
0.1481453382278066
0.3199885720411321
0.1604710852018359
0.18827643378518708
1.142003189637529
0.32225573408764513
0.5968103109450941
0.3054774564025979
0.8498108363918654
0.1002251476373463
0.3697142191168578
0.2358013963697094
0.17178096928343795
1.52783286546807
0.4893609774756951
0.3370993761236375
1.4978669418366417
2.5466153307907273
1.2769016548803256
2.865031766572229
0.8862022241217037
0.0323180400904848
0.17292069119983494
1.1080417847065667
0.6373607820797268
0.9443068324680387
0.5471598142889433
0.030651229893769345
0.1890450544084741
0.8197444604623372
0.19814190318177158
0.42006396646826155
0.20742176926469214
0.2387016472005865
0.1381765191966021
0.9984555551497386
0.30660257751719344
0.050787627941781634
1.8253501893542496
0.8358024171580444
0.6257051405365051
0.22597168841141876
0.17921531902267057
0.3023768994753371
1.0665583385119959
0.4618675685983135
0.24452487498480174
0.1821716596425864
0.48676537746832665
0.6920972816418972
0.7219573583368577
0.08431644806389905
0.16068043626633688
2.654364921347548
0.04249266371358431
1.2064815094273558
0.7616759864674544
0.5956257054793668
0.16729053284928
0.32502722885889496
1.0241326370945971
0.0627155155595332
0.2872477963067375
0.18400878017876862
0.3688225532259588
1.1315589784831284
0.26312046325864813
1.352141484709996
0.3577237665390649
0.8270244130280937
0.7384258357867904
0.6767108112155438
1.2931718970088015
0.16146087431154163
0.8302789655826273
0.14795365056203286
0.1648366171009202
0.6790540954645002
0.45395976073123867
0.4415203658039169
0.4718129075815051
1.101571967914779
0.0915235473336777
0.4270723675589255
0.5856493138403247
0.19243916830066887
0.7631844228650991
0.05943497309064722
0.05362170890647073
0.41722228365038094
0.6557612197853544
1.1154738676592273
1.512112696191655
0.4018893507383614
1.0030783571549888
1.3642646834889092
1.3023208754728939
0.6117577313816766
0.4483746412539685
0.15855380822559462
3.077856308470591
0.36744421958615864
0.07990839710920304
0.058623526089172436
0.6021311764589707
0.3386140999838036
0.3509833826718351
0.04492046746256736
0.06264340157525512
0.175614493049884
0.4554349850678645
0.39666767230203503
0.2723661009018774
0.5341673602611012
0.33973621722973707
0.32383896598527007
0.5048351830528863
1.3903440136198923
0.8889050529467294
1.1077736492219958
0.2751764513550731
0.21301987024469715
0.590687226161064
0.19316006727342538
0.5182970791850119
1.236409016464098
0.28423996046359745
0.06967460550871424
1.271596172520113
1.3997690201734507
1.5033467503984355
0.08852935718102958
0.10007292370585043
0.29531340687736995
0.03552455626171828
0.07636630611563118
0.071830636273627
0.25971096523485737
1.141045295948993
1.0115175484514534
0.36939895687999
0.44647174426691555
0.34987941398752326
0.9724749069552718
0.3999218369974539
0.3803663463739618
2.1640174611194243
0.8838488766459455
0.21003105154421567
0.570014754864382
0.2910252556126867
0.2578189453964766
0.8871274096203535
0.24145668666321565
0.23768269988220544
0.1406758141409239
0.10198744375529377
0.36232787735488253
0.4945499116583046
0.2035406186984729
0.8931633226862222
0.5438654393105735
0.42120140889208185
0.6722180701360801
0.08737139825922752
0.717208189947348
0.6459196189010367
1.3831454835027077
0.05827663896518267
0.052797381484639375
0.7575528421752128
0.48474072399902507
1.975111890999181
0.5547766419398605
0.43226216020332153
0.5209226380218985
0.49212353853139645
0.4122656181499249
0.21154354342667528
1.2138156619925453
0.5918985351974301
0.26467803202599827
0.3709775317085042
0.6467434877431347
0.4251933142161467
0.28800335313359426
0.7350129245528992
0.4211244662773558
0.4137059900989039
3.6321972237140168
0.2053295119277805
0.6204180862239828
0.3242785393483709
0.17213076283151055
2.5837198325253516
0.06227819824204795
0.0647590483059341
0.8167888573191123
0.11790339879390041
0.10786385548065812
1.4162430714936982
0.372798860346997
0.3306902585276035
0.3544547319236138
0.2677731830182485
0.7869699027445906
0.3197353141312232
0.27667007001359534
0.6906340350072544
0.231461008217093
0.5975603015016306
0.22143911375266015
0.17561796326852602
0.3324162168087778
0.5590235217998278
0.43307367135070607
0.4695378140802698
0.19107432098226992
0.07375087967527082
2.269346481050271
1.2302244571913075
0.6029726025445585
0.741764002763325
0.07033547251910781
1.3996510203989712
0.1150291397215433
0.17778406522855264
0.59131350777074
0.048123855865949236
0.5910257176224712
0.37804763729900864
0.4660691275571415
0.5595629556805294
0.8737314746722497
0.10381375192403008
0.15926082957799087
0.05355392668100924
0.21829875463119436
0.7693158515267341
0.19092987948972145
1.2754060693940783
0.1869054204031269
0.9377945905718084
0.6572777428484935
0.9775136415410077
0.6695964702586429
0.03380565501885771
0.06896508579244763
0.5820944128349567
0.1519725623357591
0.45738203644688197
0.049153404838289685
0.0049833331112373695
0.191635957977708
1.2101498331163376
0.147817488425122
0.39894287565855846
0.9023084698032473
3.6390170935336137
0.15435662966093525
0.6708280224273971
0.32251922057392696
0.15383918189921833
2.579295627597052
2.6734892495783162
0.23374190365345104
0.027625990687981213
0.09543266148652867
0.465500508629931
0.6412598920122266
0.6106338676142592
0.9502613907522126
0.7481210226477076
0.3911029793427633
0.9331366726359277
1.7468087015709672
0.4603678092958365
0.48583734740482565
0.3776374851547153
0.18832318641777707
0.5389043966814901
1.2378230996244688
0.44280249037684044
0.10370897940964546
0.6417478600301887
0.5285789908270268
0.7559519171039275
0.6039022710259241
0.2814139439999527
0.27167524812015725
0.5528830483573335
0.27696270007337764
0.4546254457305373
0.24216789728114707
0.04858264086190449
1.0103869256907763
0.5228841334372345
0.018948128155055224
0.012774256706212734
0.9681464812153767
0.10112406761603533
0.020177229548499986
0.6373445388809295
0.4885813139623212
0.3772777224329845
0.3050423170277425
0.4395508070589109
0.6414409234724217
0.6579880817306525
0.5705919385629136
0.08961150311422149
0.4165780127921023
0.2267060652091813
0.18680622483194328
1.0655256063383858
0.6201454532650639
0.3231625282012387
0.503168911788906
0.23413525788216616
0.029976485420721823
0.38079769381547746
0.14017281926212244
0.023095682546740288
0.07450685550246526
0.2558847034791246
0.6364490316566763
0.4519118910731542
0.2977687568030963
1.580240993869195
0.3337712373338115
0.7680457201631052
0.3793472617586267
2.138617706171172
0.3337485885205583
0.2603138761480594
0.1542672438469358
0.023253791202795464
0.07789734175716546
2.1405882475781772
1.222110949971023
1.4622388420374957
1.9115350855579993
0.16303537719161473
1.4422091343912191
0.5038702371883679
0.28633182086238573
0.13785404285358374
1.1376797931738913
0.19871308266731694
0.41704223770223886
0.1784261630464647
0.09232082208529788
0.039053292054372316
2.123044173016481
2.331025144613012
1.207694957002958
0.1377505796573035
0.2624984663931001
0.23376919855800354
0.22161319197115897
0.6184150558514186
0.2764706075007086
0.2100915319077342
0.17262123624609224
0.4078007774964235
0.11712677433561931
0.27001516361442524
0.4145086864952597
0.6454602646277715
1.3242510995247039
0.3227590763415505
1.2753603223859633
0.3536559107548927
0.5128735216406441
1.6159798245947272
0.39426059722486206
0.05984553795076558
2.767360108265755
0.2824525372311994
0.33644499490648944
0.3766332995049536
0.8333573020103768
1.205812704511382
3.626796705566944
0.31548402099466005
0.18836542832045228
0.8597173871278584
0.14047828131977258
0.1793544376709196
2.168943661583765
0.3030503098532884
0.4944343679044163
1.7572376445678228
0.3451979414663639
0.05836951953182088
0.2672090942250284
0.17052208223443652
0.20201919190024425
0.5433562182275711
0.48559717160626537
0.3278318547512925
0.23814185976089391
0.3357930110394295
0.36597810669255737
0.37464216398503436
1.2503251303065996
0.6907177690445194
0.5907338845215346
0.16483308369978286
0.01885350519885541
1.566623091126912
1.1047774452527839
3.10974383311062
1.8250473404903598
0.4944473005158975
0.2866030555547407
0.32928434016148356
0.07618820058030297
0.03440371991514902
0.8926166615211694
0.22148745897401273
0.0802351740176867
1.5015732081844413
0.9594644865256609
0.20840253620317467
1.4410492834019417
0.10727675048785293
0.1852071464753162
0.019164064354168175
0.3471603881249794
0.13333242108544527
0.3817442561084306
0.7702568845507496
0.9459387254739157
0.7853113343239552
0.1327725919885072
0.21862512660667677
1.7091546049199504
0.3550572858824144
0.176108217244778
0.48478124302458075
0.05296686192544173
0.22539858963478976
0.5045532263742248
0.11906834454659844
0.10200498804538101
1.0106409436534245
0.49432610460178444
0.11151431402113668
0.7394703433494711
0.1349140304948277
0.249619793549701
0.21354276877121534
0.10623566107653035
0.08824970729400468
0.8957091110048863
0.5312201665673263
0.09769707332388948
0.6896095346604575
0.12496636528813533
0.02638865416144027
0.665068455371686
0.519481030525484
0.06069398376366917
1.4766655910988427
1.2209301307475786
0.14492385686340747
1.0182629733860105
0.23851158777674283
0.8135509612705769
0.452372989785654
0.11247527865494572
0.16512315127435984
0.6580472184524493
0.5208421640828089
0.3180744410864844
0.15040757586976417
0.27127019641423933
0.22562315349045067
1.3212914924893642
0.609657782042374
0.350627224545145
0.7611247400536962
1.3550808990997893
0.6641581172873492
0.48334575919850903
0.678475722666135
0.4371045708810164
0.7083802371340393
0.5968384605865665
0.4350901643069261
0.848865578931844
