0.37914845084284854
0.2795198200835992
0.6370664246267937
0.1050059012260337
0.6665028581617222
0.7587580416859083
0.5651062054019164
0.9541702266269131
0.5866413640212886
0.3168045578214742
0.9001064162220608
0.29399872749525646
0.31439822784629967
0.17597411052846032
0.019180747849653408
0.4255458571631051
0.6635196790082066
0.03741269177627975
1.1687897343870335
0.6921553325808978
0.12777214201181575
0.09466979388790489
0.7089683478719236
1.5184202061359493
0.36322949325909
0.5989506132117228
0.4375271738047849
0.6250187423878594
0.29467052847805575
0.06350020371511836
0.5696925271377358
0.3159773752289475
1.2178001285200262
0.30410490340880686
0.12809734566081193
0.9120672364572069
1.1296603785071866
0.726881670477936
1.2898295225098024
0.19879770088128537
0.20665579844427123
0.26441193305568905
0.37284832699851667
0.28515810329352115
0.7991749279924442
0.6132032858954592
0.23808413645791243
1.099355202406549
1.1268068467447985
1.3111627587294996
0.44522472381934575
1.6095449173464
0.17121839947248774
0.06733215814717522
0.24561003960215802
0.14522660908576157
0.00948724774905519
1.4696380726130032
0.20628234238491
0.6370779159103404
0.2850291591099629
0.3056488174537853
0.3135989978882466
0.284270723158147
0.16137971702171522
0.474789200863993
0.10432636309535524
0.4843763720441495
0.15919589464822476
1.2162786343675613
0.14166859627919862
0.07427807474918499
0.7802897267681972
0.4510761223538714
0.07583514103233006
0.6143914946468769
1.0508135730689712
0.5278469891422148
0.7462473129419726
0.5183000154284928
0.10205549575351085
0.4215099128822719
0.04425466304638746
0.1720873628494894
0.7496778619974663
0.47645524873177175
0.902533973511497
0.7230917571013229
0.5980531367028749
0.2627452562091857
0.7055935453561499
0.2722493573888957
0.39896850681784085
0.17596381384163173
1.3683839470277708
0.47769817098861067
0.7372810209102805
0.5216930760204841
0.5238080009586944
0.8790820286794165
0.38001941270044676
0.4242049342459772
1.151234628891409
0.5291800218535226
0.5728278554736151
0.8403633316447069
0.046057850236274823
0.6105769666334003
3.172730055566897
0.6449204339029948
0.42833650965203507
0.20979425372850105
0.8142929511214713
1.0503215638693024
2.0714054759272287
0.5340146504010149
0.24807590851974193
0.6853815634791823
0.17712404010337338
0.3154687632953015
0.27598005286155075
0.33035037189356764
0.2520947936295059
1.1490880199591118
0.09145945706609364
0.04197822281333909
0.16841201083871024
0.18428193520045996
0.1620669810335728
0.27690846242037387
0.4306467684256352
0.3849167008479568
0.3776508715546981
0.13243385041921152
0.10048095651933567
1.0684259707518018
1.2566437439842386
2.2806358835836824
2.2703282873968034
0.15302854467880395
0.13145755761288627
0.34596536063408234
0.3124786132572961
0.8604411511609987
0.4412747089403168
0.4742521422265476
0.021743319048464372
2.3577783318726966
0.27526563826606476
0.14026987063565172
0.9260391334427107
0.2044791130541674
1.6092280635323206
2.665763295964587
0.22630589532518675
0.20207254864959107
0.6494925019722829
0.25687883962271946
0.3481749068340334
0.8763979530105894
0.3803479772032037
0.09405359473199146
1.3102239099969568
0.11901679222386669
0.1869548102964801
1.104091021581266
0.0968993348803427
0.030248259874372806
0.4856260134836963
0.06771081010899481
0.18563743981735117
1.2077681157271258
0.42330945674168446
0.24352238614077246
0.9834465552821854
0.06766468448464412
1.6910116779405575
0.48231432719507916
0.09850335553093223
0.20601656647907313
1.033751440972956
0.5885670219821132
0.23102599669144178
1.5649463041638534
0.9278416713908613
0.9090922339400422
0.17866597063818626
0.1375511499739874
0.0720330759550896
0.0029854099270628575
0.030699239021637563
0.12460930156260763
0.14628823826785262
0.4784438980979497
0.37971417202923025
1.242398672878364
0.42145315266364847
0.7384247275284488
1.6124532680628247
0.4072273233583864
0.11592383243550239
0.2829922636535762
0.13979497349084932
0.09602066516900229
0.37631120364738646
0.38833358038189447
1.268626470150951
0.6999009422399474
1.3968077707166437
0.059402218673432754
0.5074324474757348
0.1757909862977063
0.47382413504124765
0.7196479087010651
0.04899635743668709
0.022121338179415383
0.7604243263425033
0.34495309883804043
0.4884221002988944
1.1647573073285389
1.025044561297531
0.8283085859359955
0.16000689676941357
0.41412714094899217
0.6464445743319802
0.4366121319027707
0.10511772959649769
0.024983667214413897
2.40034277544942
0.46367263725743096
0.4241762649199514
0.1704683827477802
0.15643233628743503
0.03016651045010237
0.23299242057013408
0.15901374788586156
0.07322133518699489
1.2365983528079068
0.21851378832296395
0.23440607108107375
0.7720189670132908
0.27110659824920935
0.0070483790088373905
0.15549266073916218
0.1749197364904374
0.15079929760561997
0.48090632646351383
0.15427495404940986
0.2707693598315113
0.7879758831676031
0.017937616210380244
0.1355209102769001
0.7152014768698175
0.38130022255991974
0.7018542724853163
1.1615229583494144
0.9855963042981022
0.03920486237094045
2.9216680586648627
0.05655752041898807
0.6473024789861591
1.2430309521300698
0.23596862375265018
0.007150863588024614
0.5836815276549283
0.20843822519775562
0.07183898079595763
0.6945844605051639
0.6673801637400443
0.46372766801953164
0.6448167676774581
0.34522184512851317
0.9312281268971221
0.4961450231967479
0.02405191246159259
0.45141264684789295
0.641500055975038
0.8080790463306832
0.2678949086268866
0.0653303641109329
0.2236649877337406
0.4624325053246895
0.2131720744099536
0.5721664680726536
1.4028957236786896
0.09883754563057949
0.10686599465056572
0.059099441575369845
1.5001504816159976
0.3153654218250186
0.3934530794972291
2.0527175095152965
1.0700215231027523
1.2910818180018533
0.8342053514028552
0.5645416164282745
0.28716583631865505
1.222312673807013
0.10728817045517638
1.1870648607313699
2.4054954442050303
0.36743942936535123
0.082198073353903
0.6880102705411053
0.05341814148233574
0.49163711909741725
1.1020790295089757
0.6403532260947077
1.6743329785356023
0.6835691254891949
0.7796341042546724
0.30413792099558823
0.7326306400712688
0.1783799390918817
0.7846961141997651
0.7271968915948861
0.03277726294568575
0.12224262325257898
0.1348608359452484
0.48973360188756493
1.651278646698043
1.5123331509850415
0.5532780941246105
0.07336631921465579
1.234356088125181
0.11617764364977898
0.3972226429850117
0.391001758566504
0.15992457702523266
0.40227184324612897
1.738636917146003
0.37056635296292567
0.13262578405625322
0.30275196198873594
0.1364146421344014
0.17531812645324887
0.5818671931797964
0.041914071167282296
0.12793025754607268
0.9141993483804314
1.3279260139030302
0.14975751616974442
0.4956766704709858
0.05002115190250609
0.10870443907638899
0.9517094762844387
1.1733337305612477
0.8863469015540296
1.2315362776732284
1.5375683569126253
0.5275044405038563
0.2501558961766193
0.8635781342422398
0.13908177645135505
0.3375630953268427
0.2508977807322924
0.24439185861796442
1.2853993613383217
0.8831084001999117
0.07365075291775215
0.4070826043093298
2.181837253506587
1.2974553275296108
0.6138840264286508
0.6881491678891766
0.6932023807582439
0.7218698498693443
0.027491287595285005
0.031350964352668736
3.3381316107508785
0.5391128812853446
0.08515913853601176
0.04376326032161453
0.41373346548377676
0.12241156749008948
0.7421574607047334
0.6971326016302116
0.2637027816392305
1.2167261370580589
0.4875823346168276
0.3281649875485457
0.15351544915743015
0.17557432379819374
0.5800811450438828
1.0029789911518823
0.14340886545010023
0.3323921831595907
0.2571459097449314
0.821747611760578
1.3409863357418126
0.564003314455944
0.08836481228561124
0.7273991520895606
0.9253156425085144
0.5994811159564916
0.33790743612886404
1.5034467373658655
0.6989785152664842
0.36306490887255116
1.6143772200251174
0.9201091522413789
0.3684733841803354
0.09607401658362587
0.29420770116964323
0.17007283680914898
0.4305722086870879
0.6994237551704187
0.49717678660445275
0.5377025867065323
0.6400293105103066
0.13194813227178975
2.2342724524963624
0.3239373683215164
0.2525262523152549
0.878963298176946
0.07748251687451733
0.04980942757929464
1.0135660696978772
0.891785389795469
0.49903697521268703
0.48458816762951834
2.58348739090339
0.01007426423678649
0.38781119596758024
0.06179353523002935
2.1357940361619607
1.9726494798242356
0.17445310441139736
0.10486462742816177
0.44653024790737067
1.2877275848685534
0.2811253551095539
2.004220624326997
0.7541684918372774
0.07893880869993151
0.39011750687613667
1.2665630144006432
0.2873315069599599
0.755465423488315
0.06071647114922759
1.321239705891956
1.07054347602827
0.6735154103932364
0.2790904229115141
0.16964544284946084
0.05586353419905895
0.7529306448895433
0.283711020137183
0.007766432246516315
0.0344817314881268
2.2115594343224863
0.3954979303696315
1.0215256241195696
0.3506335592621363
0.30278166052716565
1.0419672867123242
0.38522694630035004
0.7169639215470937
0.348624456670527
1.6994767547267249
0.2780642240025526
0.9533463694431796
0.6889798584172159
0.7863799827211009
0.5897911496037641
0.44385405639954006
0.1786130907280555
0.06872225542689758
0.7892200948125618
0.4564261591075013
0.7333584608900426
1.2258232763750185
0.28513817807375846
1.3106613192624315
0.3550653996413198
0.4712657875040899
0.11063155937118489
1.7018509145856682
1.7601927954243775
0.27412595828306496
0.4380434759310796
0.1944717296313936
0.07747520441790547
0.16998710344665194
0.48197161129851274
0.76831131837765
0.8094800953014003
0.39561130001007816
0.230694488153726
1.1251094238390882
0.034109025087097455
0.25915140826124294
0.11776976451566759
0.03883958671298234
1.1060117312589823
0.12525143370131658
0.6227550279336012
0.8689996681388529
0.4175212617368013
0.8326024396859858
0.8300655119109148
0.7443941002900756
0.36683162342862474
0.4762103523925713
0.20559791075414754
0.599761367630701
0.1556377514851952
0.35992990545767295
0.7991596315421501
0.350950253160526
1.1693070803844365
0.1878162066953204
0.288205267192146
0.7393494176808932
0.12029462546819045
0.4313152956810334
3.539701350924533
0.11624827454783776
0.6014752804151945
0.5298162634790287
0.9525442752666822
1.1672911646709665
2.840207397095617
0.20613777989306106
1.041826602659841
0.5990638309904571
0.267095345061149
0.05133584318319894
0.6805910517357986
0.38629474731296365
0.4353111812486586
1.0717343072527956
0.4401784928759928
0.5029839125510637
0.21036988139566185
1.5606769518413224
0.9698816593031602
3.745437820264365
0.93898787115836
0.6365757768872937
1.44150975082635
0.8802757378286652
1.0683854711937464
1.7157264921205575
0.26091729045165013
0.18013622169766993
1.0683227130254225
0.2865963145570679
0.06212568449438976
1.5398479407509276
0.7815209624997622
0.1820314267187626
2.2383841847746435
0.23787047520588908
0.17771608575024675
0.6355214976776615
0.27178590972810135
0.17328254601615814
0.46537679708578533
0.06705526293062328
0.047993022213558924
0.3600586922571576
0.009180636819677464
0.032805589616571026
0.10170977457385329
0.5804276785619821
1.3083333774636285
1.9611734775452045
0.4507032147432461
1.2725004080775446
0.21428072744704976
0.48091748776519766
0.41596103976076254
0.22779853185436444
0.10606662540926008
0.2961042244064096
0.25396400633095445
0.2623622931063325
0.23952221281466995
0.12772190539735725
0.1614674792609201
0.5565456945094717
1.4397241920880284
0.0922465797476625
0.20747263427699653
0.3167839549084749
0.33346594239300026
0.34460507355445896
0.6673400652845749
0.13100495182685373
0.09096754960234785
0.8386452657318986
0.13578966914181884
0.03685617238550112
0.32355241365774706
0.4919808488474785
0.3364160015261043
0.6652732207163023
0.1254605551451042
0.5111182902314939
0.7565668827316192
0.14478878314350258
1.1784594219843219
1.1161279507889539
0.1592169027702675
0.2699608971349985
0.42110564269517414
0.03383252577501023
0.19673820335683226
0.31117050927351103
0.04712237108713961
0.42956451145278174
1.3787266215855039
0.4618850788947347
1.2177971530874578
0.8687821045359717
0.5375899622022888
0.8194142091924557
0.7341542544698688
0.20581549917047176
0.32243042502988856
1.0905043590844026
0.3048348987601818
0.028969919437591946
2.376937406808582
0.2387047801862562
0.3506223528244475
1.273456709721596
0.23313788637983485
0.08692852544864968
0.5507496869564451
0.07695812095477925
0.12362268685213353
0.4550915465560819
1.3701991938426068
1.0479002846158598
0.5441082264105952
0.06018006063215794
0.23978762990705976
0.837938577158513
0.4392837989291865
0.46726130993010284
0.1581775874643047
0.17173081429565917
0.05691815796011905
1.4999785528211849
0.2776465493397794
0.16932782311060793
0.3681592795791106
0.5726621559333231
0.1673408134235722
1.039283072344564
0.037631051532826164
0.2674425394014827
2.541175847187021
0.26079936890382155
0.4451176915017289
0.06056133630643657
0.09375274190804102
0.1356946135165109
0.05852448211957229
0.11884624220333223
0.4462738613870093
0.9981814304290377
2.6623116073228528
0.18788946978059815
1.0018825707822294
1.1601142927461678
1.0519806848785096
0.9272630473600527
0.5049770105290649
0.4360162461725824
0.48892918779123345
0.13797926753904657
0.38063229616727456
1.2909570870103675
0.008103789570396057
0.09102041543087741
0.1672997210729596
0.7319196295815434
0.5396751139380139
1.9985436915014971
0.9058508395107623
0.15777869560327387
0.4400836883683802
0.8499314181149618
0.17048117048527894
0.4050098243872417
0.19758666525745175
0.5597308986468156
1.0808539144519482
0.23156517248614478
0.672910905008913
1.9734947577030117
2.0191718085794497
1.1074572353206935
0.5179237319685667
0.010917028908484899
0.0639186504198236
0.18720274613152726
0.28921077260678024
0.07135896481661104
0.8984776982914697
0.19566169686289445
0.2522830581030914
0.5516548872087328
0.03188278289607248
0.1298972519551053
0.4455105326052758
0.00904679489220958
0.038487636148561946
2.07531105062084
0.08796257505378394
1.0786128549998946
0.5350395147720153
2.5660829585053055
0.1905096590522377
3.2424050984250523
0.5703638150660266
0.029821054349904366
0.1948630809824836
0.011100343953360414
0.006114031180574284
0.6271571762737814
0.5615190447060723
0.5619209315750785
0.5908254039180938
0.20652551284113072
0.41060900804201816
2.4770962491172552
1.6140027312521519
0.32636229698991953
0.6122634346366452
1.211478451395446
0.13625272555647203
0.9643947557698238
0.053586111355315456
0.0703349054339679
0.6866182846676021
0.9744826298731089
0.2534217097263006
1.4333142679240718
0.19547284496929132
0.0642487529359363
0.9676085002073556
0.4361373682817775
0.1780790930203405
1.4753189504642692
0.20407142042820128
0.233434104127691
0.05759522097651196
0.4260320607716664
0.4305286617867445
0.8892819456637995
0.1688887559958038
0.32169211312983736
0.5161831437827139
0.2428178937826852
0.20990763188392197
0.08292572010364421
0.8498925156659629
0.3346544390524645
1.014030366309142
0.21168883716841688
1.735782723694669
0.6558181385398317
0.37622947784874994
0.011219781672455645
0.8275262424568748
1.3422915223985235
0.9198354231954153
0.8021168927471347
0.0712190601062783
0.1928775781044366
0.5287073506054897
0.5662737433620427
1.2481947712541257
0.4682784653270001
0.21361297594282624
0.1370431606521054
1.058810815199772
0.048591997706654365
0.1264199738047908
0.09497851058874339
0.3913227463472761
0.04449107142404557
1.2171403591420067
0.14765871408216533
0.04782526363237091
0.9365895615022968
0.32860536783401173
0.0876925079275511
0.11464846694190829
0.02782992999077166
0.9714402325142081
1.5456763621047043
0.9127769441399738
1.48945474214811
1.7467969194043076
0.2845129621513675
0.3638291964195366
0.40569127814349487
0.010107422147938841
0.5996695454810012
0.6116064989599865
0.34426961100893627
0.4343395778652967
0.24259534234379254
0.1254539138023631
0.345346140333921
0.5293228868739746
0.3361364495396322
0.6215730738773313
1.4180153692430444
0.26874472641275987
1.8154502875972085
0.9676477915664032
0.02749295861360799
0.20171218562827695
0.929465960650699
0.039309880962776524
0.06024313384074609
0.22488617454059767
1.272749419489771
0.3949038314053673
0.13544891286532584
0.660638925871524
1.0669385085396992
0.18583926722500818
0.8540113650151734
0.03745961031958539
1.1660776604732326
1.457543195059186
0.1445362056224833
0.9883902293491981
0.38878676678805474
0.09738781380752255
0.31533589744780205
0.4260108220845284
0.22645768853406315
0.4186599334269413
0.09546950951255381
0.002549537131456046
0.9602258734903578
1.5007670433849196
0.23948807680000306
0.08914330723399008
0.014130739048268741
0.0618167903836204
1.371870309896453
0.7705602583887506
0.1704518849010739
0.39326859219553423
0.5222724828811299
0.22836281242440185
0.8391569585242357
0.7816522774575659
0.6044474612015367
0.5642486506383195
0.2574361873474229
0.11481232052137803
0.36982433237221674
0.24767685115883667
0.04528017001494865
1.9754664576538286
0.3823719958985862
0.1218442233560213
1.692821631847076
0.8261878653138675
0.1583888651402681
0.661837068504394
0.5741778741919379
0.09761605864689334
1.46785962609297
0.25656138620180285
1.3368577553106828
0.7873429581487532
0.13676012200000437
0.26437279313469625
0.714906653842164
0.809282650862889
0.026971734744557132
0.5957143880716945
0.36680134143694776
0.3342032164070372
2.488077019879489
1.1964467865442787
0.7899861323179925
0.7128851204484273
0.585939338498215
0.21895906888370084
0.9451264230218263
0.08110935703440413
0.052122642084346
0.3436404681662397
0.22064475038069672
0.06244380336593198
1.9328936610560155
0.14286515477611383
0.061737222329516395
0.34351583884436127
0.3327560427761836
0.15378600586931757
0.14737064883138
0.04395731451267195
0.04154306157820613
1.2635209261010982
0.05548000024514954
0.7179681927149463
0.4401421131742517
0.35896818861597085
0.32049949994843313
0.9265016204290222
0.060758282740341694
0.030111931244172312
0.7726506884247486
0.45740471354291046
1.0099385960759177
1.1939742937231477
0.09856908387064107
0.2774437861269682
0.39502503478946605
1.1894294283666897
0.6152636787799971
1.1357260749694045
0.3875713304748328
0.4459353397548341
0.390620718766517
0.7150676917236148
0.24562138935814806
0.30403574318252696
0.16660228827618062
0.34779608839170184
1.5123151952672953
0.29493992792249407
0.52550510965944
1.3486011873351302
0.5582316852799827
0.512392092554781
0.7933126358821077
1.2617118420920912
1.2093456380052288
0.8760702604351055
0.2803985602372029
0.021288711363324716
0.7941886343773096
0.21991412908817276
0.8855530373869115
0.3691733345547017
1.1213129895407281
1.6858271314088868
0.5672663459290304
0.3205941695359121
1.643680180986373
0.515320287864493
1.1838291075576
0.9022765808410224
0.3318798192613282
0.011689105125997242
0.04625407408681677
1.5362906152714693
0.4051356654065987
0.6379537949866592
2.69858653452963
0.19842543567444856
0.8339740903316025
1.4890564158067827
2.5971825333164036
1.5717858863476015
0.2776246731595224
1.3011752938012817
0.6913016863954531
0.984653709302562
0.09994754897832114
0.27354369455342964
0.12082464410499162
0.4556623729939628
0.8881132948663293
0.2979797737198294
0.8738751539570653
0.0726664254044036
0.0846754707536844
1.506161629525718
3.0312845204254
0.3706996575656068
0.06849524919219958
0.055635965276389164
0.11630827555387507
0.6678149266888515
0.252510226715499
0.4118323607063911
0.5291299597038207
0.31939778321857215
0.403137402221833
0.6334994747646869
0.6290488686974389
1.0917902820686574
0.06678163756350622
0.1731674655960257
2.384138054943522
1.3845797829796154
0.8566346589564032
0.771015395471581
0.15716953237189155
0.08002065172149186
0.4807467975465962
0.19930666167856054
0.24936730109922806
1.4766351647253195
0.20563864412187313
0.015662901281475006
0.5398499726201696
0.023084543753255284
0.2480476769889355
0.09584710677160994
0.22539584035395574
0.09417643908749143
0.9675557611146758
0.27258789439678116
0.01687627065512815
0.634724133277457
0.05822889484956525
0.03284337269691823
1.454883777362351
0.49436316993493273
0.23139666360207667
0.07727570473786585
0.3702300538817151
0.7871064717997478
1.0134351083612556
0.6162717534153603
1.3173003490004822
0.7528934590432715
0.017740094186687844
0.2032827504131113
0.8799380394546297
0.24700393277954522
0.7813334804740025
0.3915908539980347
0.7160685905762203
0.26015747137569356
1.2037214158029592
0.18277987995058634
0.26445826282940105
0.7557983259822204
0.7052856847759924
1.089702388368322
0.9792678572549761
0.07720718734096914
0.8625109539188127
1.0735975562061348
0.14728516287493118
0.06737590626351435
0.3928341296251366
0.34305939691628856
0.318297399677636
0.7886316824053522
0.18632776511862278
0.04850119199472806
0.23957729040995346
0.6604899554179025
0.19034751173593073
0.2514034517624362
0.43072629906078014
0.03650235208363976
0.8741454920903858
0.20120294539252792
1.5807964729887094
2.3958282583966124
0.036974175901129995
0.3578474799420232
1.0999722251030728
1.4412104742838587
0.7711005778197768
0.39484351501278425
0.22342462578678932
0.4949981517921272
0.08878619607943608
0.1421257716765591
0.24151039681338454
1.4600271953306936
0.36104127809923914
0.18153127924031878
0.5003741486938245
0.15766204744062415
0.072101581064161
0.06540206621503052
0.19887140114930976
0.12458223610236008
0.40556929616480347
0.1948719117301286
0.37280048762544293
3.4804770308497743
0.4491599213303001
0.1528344062961037
0.44646383798092115
0.0733350785379823
0.16897299773313512
0.37098354703862
0.7422273050743544
0.2795736150263897
0.5781480007186077
0.17527906851850125
1.0284797851493255
0.23140220759659128
0.2886279355525359
0.1771989830785275
0.04066805890846993
0.02846596300279448
1.6034072633532352
1.755246752939176
1.1933033485132047
0.5205486659237674
0.7767964638944206
0.47216185351954437
0.7493725816338765
1.2904938602201912
0.9035970023484621
0.1841360607699393
0.4597970163725595
0.04515814334456362
1.421029612906498
0.6681243723006286
0.13431526936989793
0.5919205434360244
1.622709786021862
0.5251494152985288
0.15041707854994713
0.33958698196208786
0.8221878768593044
0.7322915140504204
1.4962082803209178
0.20509966536540689
0.10175673768834038
0.07673680864865356
0.12058436869191345
0.24292663502904793
0.05117025182517345
0.02536826988530351
1.3694707011249692
0.6913675170221951
1.3785109842710086
0.4120235515241857
1.017883258003218
0.0661883107623277
0.20486192960485788
0.44358426631910036
0.03480273957858943
0.09011010944733133
1.7894154244085616
1.3596583712856363
0.3689585323075408
0.28967064922849894
0.042152468240340336
0.04154586838725036
0.8421944198110975
0.3317419074694717
0.32881043701038803
0.07507158900105788
0.9827429878843346
0.21830509007402835
0.3381360188324684
0.05016547976240668
0.03120925588880524
0.7232914445253216
2.17802190618656
0.6401297696865436
0.7883870237030782
0.38499246485591965
0.06743047671279344
0.17565786867248856
0.13272407047676385
0.7328158353201104
0.2946683763729262
0.25737279469457697
0.25428871351556975
0.7987974363719814
0.030067651705483957
0.6914600279902007
0.8120671488598904
1.1675308994742315
0.40405424313876115
0.09591618320052792
0.8674612911079874
0.05843628508949007
1.2133403826448608
0.08204366175549735
0.8596111383806201
0.012892684134554796
0.23143850744304265
0.20055821524679268
0.5531317315265729
0.21883151854777322
0.3193106847832574
0.3318088599063626
1.4525335461127913
0.5077770118721802
0.17356182541608553
0.3831638811341392
0.999020206516125
0.22459866530479194
0.6943443379322457
0.8936779512831269
0.2672958827271637
0.6039793946628592
0.6629006256977841
0.40466146895172556
0.3091977689244505
0.9104336506923242
1.2536264911090509
0.11639890430590819
0.3619360683874986
0.7574502132459853
1.169443196034089
0.6734750283755369
0.6746095894532153
0.3956492481207402
0.8202307449092741
0.7146823226600312
0.11220431333896397
0.11936764743032179
0.4567667746532459
0.011299195986502671
0.17043143386614026
0.07203703852580345
0.544901891436676
1.1133957736272573
0.045183591946376056
0.9367661006801121
0.026276853817772634
0.7737318875504644
0.844036628968002
0.03581013540211937
0.08854803879621355
0.26625114204533
0.3294345777970708
0.047987583921393136
0.020086863815417102
0.12352200193019129
0.4072259315423271
1.0935580349872573
0.46255030773049194
2.135804344527527
3.1700897369832695
0.16460099860722807
1.7236990739202238
0.2159016002082023
0.6542719836412197
0.4625860494806498
1.0711143505957093
0.7639908193560074
0.43140525982510824
0.2408338645664872
0.5812817599079881
0.6478350180772436
0.5008265090441635
0.18842183279882624
0.6115274714931627
0.20389080408531143
0.07126288369478812
0.6137607668666979
0.11675673846930344
0.09361467466024342
0.7096769911811871
0.5321836898313062
1.0427354069511368
0.2857759610808334
0.038161278741658665
0.051090733357481335
0.7014342675719752
0.03858506458605798
0.13972006797618292
0.24650647615202614
1.2442380939422402
0.22391867394098375
0.9521539881325016
0.03166170577975385
0.26209844953786443
0.23110571507959932
0.021997042682479647
0.015296211968417739
1.9187879698942605
0.06925443841220626
0.46453026844703776
0.30328492666968143
0.04412550355241204
0.06928210447573684
0.5509165911577927
0.8124270432847939
0.030104736111943503
0.3385522144794932
0.07390073098966708
0.28246488564631245
3.464973785322518
0.41550683942707645
0.39023464744725433
0.9928050633565279
0.1951017212910242
0.5458435524512802
0.407286290130679
0.08796152806295039
0.29364478436555724
1.357851594782111
0.023454277061640293
0.06655245231252861
2.714671533888905
0.009480573396087951
0.5769817147969871
0.8364220039559184
0.11817058258159507
0.1336793112326099
1.2049193152832531
1.2436994055349164
1.8122313780703874
0.4856210282134157
1.3059449318496088
0.3627880586184176
0.8143999370456766
0.4370799855704902
0.6444586141855945
0.011783399120130215
0.21157919984999513
0.09366947400463055
1.0417693490373272
0.1432762816225885
0.10618275160266452
1.4804129707051603
0.9261450360486686
0.8244067712113143
0.8087410393387657
0.26110780142888995
0.311805334700879
0.2821034062846818
0.050593884133242284
0.05517852042605468
0.5954312646244967
0.4034433418296989
0.031783326458180765
0.1685958619422794
0.0437444320367962
0.26638821729404116
0.07747074798374692
0.04680093957455506
0.25294191317871606
0.8702347869223678
1.7258433341794923
0.7456233253692284
1.0470312294829944
1.3516490865327426
0.05486760384716425
1.3600555856865972
1.0028948050748112
0.316787794008446
1.0327438497596892
0.33313182550098897
2.19029775235408
1.4959453590611167
0.3865578559445253
0.38879812772254185
1.1694347458206356
0.5406494278708911
1.111906944137711
0.12112209715430668
0.15015978303283725
0.41284064281024324
0.07837353397884643
0.20074126021444497
0.17023319715536647
1.7801193385637157
0.5553390827224561
0.3390332666249184
0.1788084445552335
0.011350851294700008
1.291601966338978
0.24826874337069366
0.2828107159077812
0.9664417399808968
0.6382402054795921
0.09455504287255254
0.6040151264468626
0.2801277521924997
0.8019326632190805
0.39092955727314493
0.3330881145961504
0.5121897813981229
0.02676369889350559
1.1154508968648966
0.03096218787603554
0.17161720081057047
1.1688446255962295
0.0934927890743757
0.28317880223828373
0.2576157966089228
0.03194888438856644
0.14331752028443043
0.7368506325028815
0.0930729984806616
0.22868334444950034
0.3417439773701557
0.18827574138476896
1.4396481023053556
0.21310951153167687
0.13238950660723164
0.20349378015971245
1.203816933055768
0.396267444137844
1.0549862541333694
0.6379912690028777
1.7336091422565418
0.6822903571156924
1.5571101213200376
0.318884297521194
0.8376420531367741
0.14508199468464544
0.0160830877152852
0.03563770597851693
0.14117705674019107
0.14433823413286387
0.01238291543479872
1.0052510330644902
0.14716086124729372
0.22469220713662308
1.1978533482308107
0.7153873395011365
0.3773037647496188
0.17655699305869915
0.5519089923030731
0.20178605265778543
0.3119159307051562
0.3345986919570329
0.6259731064449571
0.19173376874807652
0.005358010326973612
0.24745690034342296
1.3101412422847394
0.6195522066540099
1.2848865473585083
0.6812238633240544
0.7260899653164448
0.7596888990536802
0.5359164148037262
0.15344627915485196
0.6986881123556751
0.21125013816836744
0.3103969115923697
0.44590530201621054
1.321917446505069
0.7047547294881573
0.5878457554405493
2.158306295453092
0.04104603195346423
0.22548274636955126
1.7131129907907827
2.6162387838457866
0.11483077773983594
0.1703670167556689
0.17353363671982722
1.2155963339719096
0.7692741215923327
1.509922928936896
0.7319828293416728
2.0022399373373583
0.7071307606731726
0.07675740986937879
0.05246973703095896
0.027539292617675445
0.09072747124928003
0.8259469426172691
0.21868882470716314
0.1975814291332243
0.12375182342006279
0.8169619815101689
0.039095231858823166
0.5971360726090819
0.7361023937941684
0.06081011640309674
0.7781776202679038
0.03245362029823022
0.11256989375375197
0.8692264548364026
0.42669064494378967
0.09390438121404664
0.15188591129438764
0.6336909121281575
0.37338320090726057
1.2459153969503531
0.08783714476319245
1.1041800856136461
0.45609921053070007
0.2931601739675295
0.1965394178417948
0.364702544163136
0.06671011071427697
0.06999329681543037
0.46869851808792373
0.07067951179321952
2.4999318755857765
0.3038395042278549
0.25154801359081136
0.8200546154467976
0.06908624597689014
0.41396298689997907
0.2982943927259757
0.5165856248915275
0.046971998988591446
1.044561691925226
0.732380169282424
0.08429528674198067
0.042673829719981966
1.3205261156279524
3.011794405531073
0.7282132955085918
0.23129364719416412
0.43058756199725184
0.0606336583710892
0.7928142666110891
0.05181521050858946
0.6162471805922786
0.23568451999480072
0.5244783316142965
0.12181994468375056
0.9691454142993186
0.29112789152115387
0.39940683470304955
0.4176235612180257
0.02810280407703008
0.13733092608186653
1.141577328029326
0.07739191172647679
0.10296239740490375
0.45695615265047257
0.06836693005982332
0.20124915441106478
0.33637326415341445
0.4243988268569729
0.1817479757379938
0.6549948702694867
0.7907794045001452
2.128812770803126
1.837706822150199
0.33311933300113206
0.23715792509964342
0.5913837768564981
0.542528744548693
0.209081317244509
0.46617988754242223
0.07882307266811141
0.04555235358515627
0.952231564452317
0.8265408560184423
0.6106861779193812
0.39080137426161815
0.3145836746087133
0.6536144108332621
0.3978703528247756
0.4106109315978003
0.2881237965979315
1.106000420729897
0.0909343527758535
0.32456649928179604
3.03823743647176
0.29108626706331475
0.5923419999047719
1.7478154250600006
0.28693754485735595
1.0951951224939787
0.876187287316125
0.27583414870092904
0.43189984180835733
0.17495875307199746
0.08460589075110306
0.20890603535806496
0.4944562408763928
0.08733827174774676
0.06277909836431736
0.3351856695055438
0.09664363556018664
0.3376125232749404
0.08439096316894501
0.10276477622188501
0.10657439630140286
0.5051024037596502
0.020287717181158165
0.2773029928677078
0.43894852716088695
0.2848495929937601
0.10980335250623792
1.3622343677865318
0.9334428915891977
0.27236495508498126
0.01756065004198417
0.04500315993777835
0.5005589022931449
0.030539919442962807
0.6749820488242715
0.709960043032891
0.6859808866253779
0.3311687371081934
0.49535977858001706
0.34336343808062475
0.034083035124307645
0.2638094194354734
0.8460205639098926
0.26876951079595823
0.7166586201249769
0.37636536744647625
0.36852369407375324
0.27509384134358417
0.74337925924619
1.1368514042680347
0.8709988600927383
0.2787825018165467
0.12312261379957312
0.28123682513494175
1.2946450545068195
0.06342113318337406
0.34789291891924895
1.144502614389451
0.023295746455948178
0.67188383273008
1.01509394200856
0.04849094527826595
0.08988121444593229
0.8119021824404168
0.24658628990802586
0.2105234610483605
1.6669383163152467
0.1998217951223014
1.1298126204504606
0.044611938962786424
0.027049587236734052
0.30129052373498205
1.4169582253585289
0.6458457202101839
0.06633622937694195
0.34849943618283835
0.12503619788695938
0.16163175354680404
0.1546386237926988
0.6804258152192926
0.30324065489481483
0.24426228758072044
0.1095044306345752
0.0590812753894179
0.2668434326538501
0.35156876950142263
0.027978287494869577
2.2345700794560392
0.2651328810162243
0.44255211376388504
0.12994826696913742
0.17520705886029755
0.7500444461142886
0.4549489543660329
1.0257361119100963
0.21283519043653337
0.116891125549582
0.17344877166732864
0.03667330364378359
1.8470597699002493
0.10898863047673059
0.37224524053374325
0.4829116353569024
0.26216368550960745
0.05265475193981042
1.1573250624257867
2.6852671208191254
0.3754373785682842
0.9042592660771926
0.3619664615958226
0.12442075708387419
1.5210047315450714
0.1892294118043671
0.2154054248069831
1.7090757588437815
0.37968124312053325
0.07359149967129315
2.7934359211983995
0.5226739301508618
0.4048601818766904
0.19093322254196438
0.34866943433018305
0.15376440453933682
0.299482043113083
0.8337732926312256
0.46635323687023783
0.7159141431685604
0.5592912096385008
0.0466319105515745
0.12100900854115344
0.3837999113407278
0.27386503178702915
0.5038799869725985
0.6091897338336666
0.17232097448770864
0.4029761386852396
0.035524485822764844
0.07909956720644096
0.5385303998124833
0.05948889400023725
0.08468836492380911
0.5749408236683358
0.8138399726549203
0.783137250867822
0.2720355495384163
0.17699616179512753
0.12643761173195786
1.3956436824450984
0.09223534407548631
0.2535565278979876
0.08697928260845363
0.8815089185909888
0.5090100887818245
0.3976045352221342
0.7508526493542486
0.5526459841261928
0.21395208324126364
0.008509907477213257
0.0302836645176362
0.5361756596055804
0.5210924617130418
0.914670811344286
1.7038081558487068
0.7520236386879945
0.2330140005637438
0.42298474600848895
0.24502530080318533
0.763644047492455
3.19002489335559
0.049834009800674615
0.46479332272547513
0.4335336674160988
0.05576879756859974
0.7845916039818945
0.03065160072026942
0.10858349352015267
0.2606690342468346
1.1877706118288622
1.8027306708197668
0.36126682866247156
2.1825727435095974
0.5300089333390745
0.009810688485637894
0.7901733712746083
0.0097220358426904
1.589278036747494
1.6991888201462706
0.07364001701389747
0.1418012986821687
0.6890734152189921
0.05624845906692722
0.326789917793989
1.0562357937995575
1.0331802622960384
0.6078588087710699
0.8156472832350947
0.2947943732963798
0.09823663217123492
0.2891786868686847
0.8863366156643312
0.9000525567200677
0.3533167242298487
0.020416078788690378
0.27072406966976886
0.7456789050590252
0.11787883020216033
0.13149251108201293
0.5644605174728439
0.43272703927927536
0.8437302183157657
0.5648849514159802
0.027977007613141095
0.3312907846308863
0.7618969527669591
0.05283734274563174
0.08534003452730314
1.726965815881884
0.15318004762007256
1.9837249632306353
0.634011120434449
0.7961777621072151
0.12988458885695744
0.589596579719855
0.1493563453024799
0.1701502107113894
0.6871520822090084
1.8535641631664705
0.051299016697964536
0.4035351224239269
0.5628995032754904
0.14381267402192952
0.40660789848560713
0.12695102294441032
0.04765490406166114
1.0561881767282442
0.02450833834053993
0.1488191128974892
0.25910341258724257
0.5004408392237426
0.4853454894516486
0.30096220995643513
0.8309507777054729
1.0760057829987044
0.6398764042375275
0.7542562510256671
1.9082495028737891
0.1496904923491226
0.3588187631872379
0.3324512822801825
1.4532219714525307
0.16559343226293946
0.3274460016068431
0.5907398061232162
0.37093812232333206
0.6514485572501012
0.06293501593683376
0.07259271627930217
0.47378789340933847
0.32579943905169595
0.9275489543261807
0.19885022836485752
0.9762479541269174
0.20045429089477945
1.3752270776250093
0.3842559788603875
1.5338621389339722
0.29677804755411175
0.4045366461879796
0.07946198354107478
0.018739398636220175
0.259825939388501
0.04431437324781258
0.5495235833897479
0.8563572250136299
0.08968865417907942
0.14205936793508647
0.4349351540626103
0.7162971545365066
0.17659865182776902
1.027878946472823
0.459969217475334
0.05107213690151946
1.550588404706196
1.1698944285609016
1.2233777420827225
0.5153406425454677
0.3418563783736719
0.31138022891046047
0.676091562751934
0.653298534085875
0.7176945017167253
0.40068978579329384
0.16566891093467562
0.04973875916302026
0.9816401175117657
0.3074992370758292
1.9249055716899865
0.934590108726534
0.9228347760623999
0.33423356430377116
0.9631963047132056
2.433168682663069
0.061854264618303026
0.7983220939562219
1.1879284382569213
0.8163061720910081
1.0392636894239948
0.3226539938531106
0.05486381020894722
0.30758527204993114
0.11383128882702417
1.13769185659572
0.058557452119462304
0.44249921815370263
0.22367622588124714
0.5131613710931247
1.8023325739307614
0.09278433717962115
4.604910700546494
0.898509742295024
0.2757410957270652
2.684294192171249
1.1885765630664187
0.43121377538434547
1.0906049327005969
0.41454224711340004
0.6242591230938956
0.12927800037241702
0.6694399785588594
0.33254861767590926
1.7669986494172627
0.04192259822349195
0.5919156664985427
0.45894490847751945
0.23324385588420862
0.17751074518266893
0.5102112831553284
1.2035489564086266
1.14163961373991
0.24467780254731628
0.8168254049705728
0.23309996501689068
1.0091396802213992
0.7220730291075234
0.21351573355721287
0.9252582432957149
0.19817846373250197
0.24769573352601112
1.874705723540933
0.2485854796745691
0.31428618896816285
0.3111914132741756
0.05534120227585594
0.46409904219863324
2.361550546684613
0.15467228009687867
0.5343788219689858
0.6406489618996867
0.031860805397990535
0.02802833564654826
0.779842369653101
0.19517165342430903
0.00908530365464648
0.13887331086825927
1.5366656346012257
0.016438894526091215
1.0569858320913381
0.2953060969727644
0.2707007150656766
0.5557624991819125
1.4623663537670324
0.2689044296399913
1.1214434558218087
0.3280942379930301
0.31496176521352726
0.9208112979933156
0.7388425155385536
0.0297257495585334
1.967318287193186
0.20750350150454236
0.4550251786108587
0.3277898826593476
0.022863707178292163
0.3535341863397778
0.9400845670949123
0.8218885250830451
0.45177682544133724
1.262707790588198
0.3479204862761902
0.048445139233981624
0.318697107242252
0.3301577070565927
0.3691079481601043
0.30629024296229207
0.09970218551947084
0.03978016476795343
1.177799783125392
1.2865485671145207
0.2364903937506813
0.7443073086146464
0.3279329356289553
0.48724881547649007
1.3507738671447036
0.40282197367469946
0.45422613654630345
0.6000949728329232
0.17413168218158925
0.07637718116260263
0.24000902605686492
1.39901564134091
1.8862559765211924
0.3179502013035594
0.13859576945251129
0.23595318489478628
0.4041261709406478
0.9078515707925385
0.04293625160810554
0.5456296263750144
0.210488751061652
0.03401261625651583
0.24249700895494591
0.18745433337493334
0.11902099939259983
0.2673265669098511
0.2941524026605821
0.1965231165132498
0.1265595669419733
0.12794528100198294
1.42530043163077
0.9076510299047325
0.6796535280633971
0.10019839420170432
0.571479853919848
1.8361776882857759
1.267596930920857
0.989112880088648
0.4821211589461228
0.2888549751422668
0.40028368179927043
0.15890048583719033
0.1382490394479463
0.565118285156782
0.43484225658351494
0.2611124144475895
0.6098454529092389
0.651314276477592
0.23897134550079982
0.42909874319260793
0.40116408208418153
0.3742040952986564
0.9905100266870523
0.5763727271931381
0.6768276917770131
0.8455832265754863
0.18620870097580577
0.06382375044246852
0.289723584582618
0.8241645233362562
0.10388767310926744
0.6944548325413966
1.2409807038550063
0.4630769632208586
0.39977091000766746
0.18129234301734962
0.11848286286445268
1.0760417147409804
0.39476479731328973
0.6182740182341611
0.8929445938931733
0.2938430297385388
0.15389343129940838
1.11951134871665
0.2228848398290744
1.6178853497583792
0.1687194226829111
1.1962652653685093
0.7533028361720724
0.7605997303705034
0.20778563165693387
0.16125802910451947
0.7737365593192317
0.14048668413508061
0.39096448734089506
0.6917886324500737
0.03076388182162235
0.0659345795780984
1.4229440816716779
0.5163561541982863
0.6706982348131303
1.0763427055566601
0.10979411566331945
0.10250709737568786
0.3975538381019948
0.42901906593767236
0.5247070951744661
0.9350469197297635
0.3647100038138626
0.1494286977897722
2.824927691497929
0.08394368319133719
0.23101368362937946
1.1917017572284927
0.38138268479303183
0.07579162596747505
1.1943149874096437
0.6018904603861772
0.9066155103231853
1.3991085790278557
0.7157995297440031
2.0682777257504497
1.3530202538065064
0.2317004645545833
0.1392901340972383
2.147027135525458
0.2003695943239703
0.1763064136467438
0.3416036815505899
1.5744392744872353
0.22409548382261105
0.8124132493986529
0.054490006477501705
0.35345081599322314
1.1880352774813367
0.17920328617328876
0.22475005726348593
0.2002143210358484
0.13881529760974853
0.682015742641964
0.21108313201926024
0.7020423573244546
0.7941309293716317
0.08731995206823434
0.10596288162127732
0.18813960884533126
0.2428149911126003
0.014786517579472202
0.28549611248432594
1.1084845854498748
0.2898050972940851
0.08270808274216623
2.04724464718206
0.3918724047865366
0.6474987516259405
0.20300002455522112
0.4049658291290076
0.3618556440653617
0.49880932019763913
0.5415859564606744
1.2771053648258308
0.5067885578283087
0.9664869272381644
0.7662555948911209
1.0977624961543406
0.3671945639123431
0.6853969113764908
0.5140416301762355
0.1379872466661922
0.5043940146528445
0.26813885436720086
1.4299416839343533
0.42462670510984346
0.9152905934939611
1.6169875408517522
0.8963631260180973
2.092965804828881
0.31183838555623095
0.33358485553559997
0.16496878256886344
0.05910624702850892
0.2820573875419359
0.3886233730652456
0.5939568760849149
0.6170229743442691
0.3777370093279818
0.2079335147741099
0.7220765556910527
1.332023656299453
0.3912674361887378
0.21661726479972415
0.26592445783231683
0.12307381481577087
0.05085036352369553
0.7281798784130452
0.22046822604072513
0.6115309503701679
0.4663738922072162
0.13774958658619985
0.639770572291122
1.497936859317634
0.12975265582864107
0.6059564842481264
0.5020286001932379
0.14546987906546424
0.34567167936412846
0.602880688601568
0.3908057108475792
0.6179477840686637
0.6093923746321274
0.3800832183691612
0.03799311961595728
0.5937682774991735
1.090469944024971
0.4242062139552334
2.4947645917074297
1.144258509503447
0.21804564850274816
1.3489782709780012
0.6285236402423524
0.6516149370009551
0.7543531730995924
0.5344684314055965
0.24205170849399088
0.1654648845879071
0.4235449866212181
5.859385767449927
0.3030126041326042
0.5196500212805873
0.2882476486513829
1.2702183014106279
2.0982468131824534
0.1469282204732797
1.7298495836936008
0.14497582484694846
0.32162578998891966
0.4650893227312877
0.2791704784231123
0.3402698215767543
0.3166864775013472
0.9845136728505677
0.6025457881018876
0.4956080520853028
0.714292082237109
0.46532796894479256
2.107282529383553
0.29089279692763076
0.678266468139471
1.1038560571496137
0.30128886002982835
0.11358546252332163
0.5166205651053672
0.03194478641931744
1.5785513393541768
0.26911547187803614
0.02714450921148939
0.02225360274011697
1.7162820804698922
0.6218450112774228
0.4935036764407678
0.43442258660067246
0.877135594741462
0.5077419085470932
0.41917991738139715
0.7887526124013949
0.10885843924001203
1.3105660172994265
1.0583110010414678
0.6750091077261207
2.0519670715620086
0.8220084003344187
1.181819128893934
1.105893576792958
0.6983035269162134
0.16106929391010322
1.3938922160552865
1.9965296029000525
0.4706224966034427
1.6154781677323324
1.6758066572801003
0.06924394774759705
0.9426217297904151
0.31203799593473186
0.19886243395585293
0.14102283288407302
0.763405931583042
0.5827042126016311
3.317050417970898
0.4039502249042432
1.296913685261526
0.5655663930097427
0.1021385007223078
0.831796340728709
0.2942600097581548
4.27884658685396
2.7019442566404566
1.527201316855568
0.5847250880772676
0.5825462332716185
0.4048738675863486
0.05253016762348335
0.2568603178613718
1.4792836547308574
0.4173150415568991
0.1927836497541161
0.1586281356977727
0.35599597577733816
0.10239577584398954
2.4401104567664684
0.12211555544832615
0.5525675115142645
0.4313032599408427
1.420962148715198
0.31529515363991356
0.899895850469014
1.107575898627279
0.08691205860932151
2.0189559295706228
0.2392367857358194
0.36255279758866343
0.6105042689801848
0.4011659468035771
0.5218300738472718
0.6333812809277396
0.830847910003298
0.03422597208774117
0.16725926356549997
0.27695764045568283
1.1576098523564295
0.25909194354892723
0.014126348656766671
0.8577465917783315
0.33269580815025385
0.10397178430418876
0.004446683270476588
0.5312788343121374
0.22230351095000767
0.5370374199936161
0.15883238878515946
0.6303388702731384
0.43891129304348947
0.05760880766476777
0.12678272031987683
0.05585071182907962
1.4896762879123626
0.033632458753521985
0.016573399543089454
0.37150045159195505
0.02395769526951072
0.8567108875731211
1.9327374672608881
1.3090253341420577
0.4296627049545948
0.7060653853101949
0.38294384037928453
1.3003907708753122
0.27347997950291497
0.16689792976436227
0.6007513600325558
0.9883463307111796
0.3172816210140258
0.2728151242817497
0.052674270645410075
0.37635695763160915
0.9975220417843818
0.7374136691043273
0.303709901916726
0.1315215778171522
0.17122473344471886
0.4699900898880236
0.8393745868221737
0.13697701995737444
0.0443767829112507
0.09121237862592688
0.8019180768136308
0.01031365271343852
1.0047150720385083
0.6668953084165912
0.03677692225213893
0.2761852544779198
0.429279474150245
0.08156194242775151
0.12229375500284309
0.18337132992594085
0.18096048655525668
0.996917853587093
2.2438873753691184
0.5201980443644222
0.28052834370288704
1.4981934583839178
1.7657808439737466
0.8403641673439489
0.6368869978499138
0.37206952810432714
0.21929483611848105
0.6427811970364273
0.34029678820272474
0.06235704277071135
0.5192925697477225
0.1278314219294974
0.27757093842057534
0.299534775797512
0.07620406105489805
0.6412011629849299
0.9963778635983624
1.4257622282315339
0.2816773217568675
2.6104783717216455
0.2562613651645472
0.1383408557425415
0.7777633554988562
0.7787560331996227
0.34949840332408744
2.7270470728258527
0.46026284331021516
0.1516740405368477
1.5157836380801037
1.614335065988671
0.07035979657586292
0.4445599178079241
0.0957828419668375
0.022692541297427135
0.8607413721335221
0.9860609227678983
0.2814948490765975
0.34116081840488316
0.15543599737462566
0.20503485248338257
0.4246368904199516
0.45243988524280015
0.3624693569596033
1.326477232420726
0.8155917413320537
0.07611525903147909
1.6623660879156594
0.11973173748258244
0.3498604003388932
0.9180615764885631
0.11663312063343213
0.33816522744803074
0.2577697002963973
2.0719174083261533
0.7067907697831673
0.4289142425276339
1.1753502095357093
1.8646008077278848
1.2937102871431287
0.22432470411809072
0.3510743244689822
0.05978910635656775
0.9960791828949034
1.1296201736057168
0.6259691220044141
0.10573960218899102
0.5497127358803082
0.0633531859747834
0.7185108237713262
0.13309952849056605
1.8764831716137838
0.72722903757074
0.3351236990795272
0.8840213807016056
0.07638377806990289
0.31881246486967874
0.653158843137566
2.1374872533575977
0.4887586826722364
1.501380320279792
0.11789279529411086
0.8081511774889356
0.7128694934633517
1.4317974150077817
0.5417555269896592
0.02737905848920308
0.2868871027650264
0.2578218155060196
0.6412599849753262
0.7059883404606744
0.02737394186536598
0.01095515783609036
0.370283891695112
0.3629066414944493
0.1580816216407243
0.16842537956565606
0.07501157425177027
0.9626479506847239
0.029045044257434274
0.0017771765104779124
1.6584857775426005
0.32238478706857576
0.41015154489302563
0.7561572598381522
0.07271169049976446
0.04511290693240036
0.08823358509208619
0.21613324633604517
0.1423695870075806
0.5169877191944411
0.35723785630828897
0.3930764105845325
1.4419641881487621
0.5018212125106386
0.6799698893945219
0.37329837339889854
0.5777648050753096
1.1143883593996575
0.09849793868622396
0.7184067382968627
0.83332499753489
0.7882978033331943
0.2457295290481262
0.4738450795564558
2.6783417451932814
0.5466877920036954
0.45632630607623026
0.3420186070284062
0.43415092292402774
0.6641517624483997
1.5096353400964109
0.15489812764162564
2.0358281082268963
0.4317648887590006
0.28161280952008727
0.4637210130344392
0.6997704301397526
0.3300856240270778
0.12317742688801676
2.2788184202652197
