0.25259098378276845
0.14046568083253272
0.22615859323624926
0.41861696049840313
0.03979978309481999
0.09793473403300804
0.35195520563188637
0.28434911831163884
1.5993639178208803
1.1729475605608592
0.13470152951587144
1.196893379949708
0.38748823792168724
1.4244849298750741
0.020274895346004018
0.26814183745118764
0.19988987400771407
1.2664873500967873
0.7538056334114336
1.710120095354771
0.18498989171913321
0.8550430337370208
0.7944590078011063
0.06448272330323568
1.2021793570876471
0.42799685658809755
0.13022831313890623
0.45153606289374093
0.2797644363996282
0.33725160055658504
2.2635423610541037
0.5256503870424721
0.021424138285681717
0.23340334652144035
0.27934442850522145
0.21514619655991285
0.2206196405399911
2.2655362273804016
0.17161387547529244
0.800194505170001
0.1486042962094991
0.9729072809928082
0.7317884084087702
0.09248915404339031
0.14444008655164514
0.20568848963866274
0.185534640719846
0.024074421848156297
0.058606933532814286
0.19596069916961195
0.7214458623531083
0.12777255443691737
0.03748944755161597
1.8779205598117543
0.8371665728847819
0.6544624622936992
1.8326258358733387
1.5404294643882968
0.22485345790660488
0.7580644443555765
0.23860334061823246
1.5215753508896375
0.2814882829241947
0.45355772203338374
0.045748332457793243
0.8511686205847516
0.6577128855625516
0.4504048009490763
0.17406443223250653
0.5313362937115569
0.03260602948669911
0.04278606750612824
0.8531882694624925
0.5084292591121943
0.007933095068836521
0.21292645479385902
0.5762029075376217
0.3384987645319502
0.7417684994942556
0.3423650839209604
0.13782129777701008
0.90952044533569
0.19028111358769859
0.2748628702447299
1.4248606463255433
0.2558463259107184
0.08267017417936785
0.40607424363807515
1.7794192018163868
0.6118202856411065
1.1138672536772862
0.20179236108996204
1.7801783700553324
1.3075314960310493
0.39489904622032374
0.4534149780202587
2.1592056860405444
0.6812292535817921
0.848481234389051
0.9333571110236745
0.490115204890882
0.7827612600562054
0.681470842180136
0.30748796596317357
0.41114802768661274
0.16562016093406853
0.167317726883204
1.2535335375185488
0.8969276771860315
0.7875240513461336
0.4763887291060653
3.9284854263492384
0.0595095000009755
1.2497870262837685
1.0081161587307401
0.09051618751085284
0.4748261975706819
0.2591250142484989
0.5328746972584605
0.092190712605226
2.7327345612871037
0.2757339223734071
0.21986378609777774
1.3502392012532263
0.21205396920100295
0.47859519386446836
0.1398415654051555
0.09319346288177895
0.36383368622989737
1.8845504359775471
5.064651450738601
0.238700924293417
0.709486307031088
0.3939980749118249
0.45088260545212183
0.07624881436265592
0.3162194937206703
0.040226661687579185
0.1618362775499284
0.6334281206623033
0.3670744758885967
1.1621661743207894
0.04662694560013738
0.29076360185973055
0.4263139813678021
0.7843329182891969
1.1121083736053536
0.48842448040836317
0.23567596661566945
0.21571579792069762
0.1020567941564903
0.6680662570488554
0.4373884672512499
1.3460728911291662
0.289575738132491
0.13403556690314805
0.7192363516701682
0.041281140069316456
0.08372301854673474
1.1803806653728013
0.06405392442569999
0.05078308148699091
1.548524186480541
0.3630576338985316
0.4371532562872742
0.5790238793306447
0.5277173547866955
0.2886084386316846
0.460446133449975
0.5127970158705928
0.4302304550457416
1.7078736636698044
0.021850980144366768
0.6152995564360036
1.7655667167888158
1.8441703723606993
0.28487744107218765
1.0073250313425384
0.1299684951044627
0.3100001429772856
0.33103338580202335
0.029244413743934557
0.7276818243544562
0.06190125054749025
0.5243970647094307
0.3435846024246519
0.36476625264728046
0.9946899438799025
0.026618098661599875
0.1550203182325086
0.3232975564619834
0.9632450182137249
0.306208930978439
0.3670494809122714
0.17354344532817104
0.8793774056796732
0.8519609057954434
1.0430423422800297
1.2145848174746143
0.5286400616417306
0.365670376578844
0.13425820640868247
0.7201103080744802
0.21537461236998962
0.27855106950739855
0.014064508333867555
0.008115845074120876
0.2513481734223893
0.1248879572479588
0.3367038660677006
2.737212626929086
0.8070987968293468
0.4187368776160152
0.3750134736222855
0.09684137019838811
0.202810525895159
0.2593118591706413
0.7000087270847641
0.7051341443288887
0.3827433491786778
0.016267826604083005
1.3116252854625332
1.2058198521390868
0.36296202863852806
0.5802559451776875
1.420992733729088
0.08576739045328081
0.7458142342782927
4.378649127977368
0.25199528918769937
0.6308567103677123
0.521445705682466
0.07722980626605776
0.07473244892588704
0.6467029942322745
0.010420774576797657
0.2409782749688075
0.16744545583599096
0.14538683842162722
0.12407450548909996
0.805035488451083
0.43216280540738594
0.19132322462684
0.2863943206086847
0.17366880273342303
0.2604892067427345
0.9086078968300206
0.11312374714285746
0.027515186670042113
0.7738412560086267
0.05163138114393549
0.07093547045171256
0.5363227358751932
1.8827347665612941
0.35276734904278884
0.5669588134915081
0.09475248619420835
0.1610239546648522
1.7125636168505467
0.23830173254690928
0.5748676779497102
0.7047013043736357
0.41781480088798933
0.5182749286504096
0.44925407903771947
0.11899722454291098
0.2907642727853498
0.23527366517118706
0.10128999856028138
0.30023688108303365
1.0062359648436119
0.21324387702782233
0.14949644701815085
0.6996303617243798
1.0383491341904858
0.26479971135427555
0.44559079622706715
0.03412286421339531
0.09594177388087549
0.2352880886032808
0.7595578611691527
1.125180904175283
0.20290854080857162
0.30460861886888413
0.17336859851822226
1.2916263859153116
1.1641243892092252
1.1835187355576458
1.3663024513187394
0.41393781953884823
1.1576996512364672
1.1114647132699438
0.1664038498955617
0.11810466524814228
0.27252289509817484
0.043687016945893685
0.34572433387157725
0.6207824654088802
0.3560663008060837
0.08967357370328374
0.5175882576241959
0.15092957204768429
0.15994231578296797
1.2338156835681764
0.6650379990147413
0.21549405141284472
3.6488226961672603
0.06354157777690993
1.154906389789861
0.10995678712899182
0.3457668068173838
0.6382590957149703
0.3099871043118874
0.41954343184641474
0.3973701948694964
0.023662658442584396
0.23772331401840516
0.0719123121710092
1.526128693531804
0.3092050411549318
0.07227677619486925
0.3969413721374234
0.504803963801045
0.6424636148134176
0.35354925956618566
0.6777629246531496
0.7725162709354477
0.2794363076831397
0.9843755425660918
0.23237093382132165
0.28691797882734615
0.12572941436127874
0.3338402162773955
0.2575716482589324
1.5442366758590467
2.410535331239142
0.3019064835883494
0.012780696487728485
0.6627935505938504
0.46027915204597747
0.026756536787535236
1.6331050225961967
0.4724186986620752
0.7603523190936496
1.4079534330833121
0.16932086286518291
0.018133796762484156
0.027685270817388377
0.8289184541672939
0.715054580955494
1.1363011726975498
0.3772366332280678
0.5511208989348337
0.6352093365610607
0.6896478648178014
0.1895123408910666
0.5022484105499202
1.5961442100295087
0.006411488503172922
0.7058465234006942
0.5048950048201601
0.3009764643893736
0.4818451026833809
0.6013841165226775
0.31952539403178
0.3233610184319999
0.9846224532170745
3.2685839443236646
2.0149072029072332
0.36354041470991066
1.8802630751399168
0.3453508939103739
0.15555834110175004
0.29574392542194805
0.3635951647224869
0.04381248827068354
0.12307068128268349
1.0507460129071304
0.7578211258735139
0.22479729061074252
0.9364124778808329
0.773976461726151
0.06562884998280823
0.9390750178180045
0.26549203901001545
0.17948931563410764
1.1190549427037637
0.14139494411787376
0.009085441492153509
1.3016161920347136
0.46442508588022835
0.07804612317805458
0.22711593977707786
0.11736445072621719
0.07164910584574405
0.2924010966218872
0.5715448149361694
0.08162751810584334
0.11755807637435761
1.1434717287750737
0.4099779384371872
0.05629537005560094
0.5708014228162018
0.9980271654354685
1.8301460174194926
0.44563223859966866
0.47537726599660524
0.5238910253357497
0.1486504967169991
0.3235922986995585
0.1536147952081128
0.43029312141690834
0.20546343967675434
0.4640461976145202
0.10265871312508712
0.13375704219695844
0.28819092206966984
0.2304794359319983
0.1262145403249264
0.1176348903133438
1.286783967505001
0.38064745684738266
0.13131010115655523
0.5798797920865064
1.9543842432342478
0.9028195545569669
0.840824811597372
0.04216567420367842
0.2483537648397877
0.6246985797968572
0.1818911158241541
0.14566443844132396
0.6705404715180635
0.7277460547857649
0.26538937631590004
1.319070736627174
0.17875073509444903
0.10275658130034494
1.098524196760796
1.2528337707782737
0.08014353747380341
1.301214655018962
0.2076109481922139
0.7402610526100923
0.546068394046984
0.5168853649982434
0.8788017164708931
1.7393200627235943
0.07155754211706825
0.2568662819027189
1.4629968894764194
0.2708174127534236
0.4333210700170549
0.2035241789606639
0.024124338228792296
0.014156926531728972
1.3855822192093992
0.5427401902042258
0.4641850385553175
1.4084598106647372
0.14265765303218256
0.40617924232107044
0.3565203834788905
0.03817460956696405
0.20146322335272365
0.3691224824516465
0.8178771033536871
0.7522393168624513
2.683582439783991
0.6030896311859609
0.9268810522246075
0.2471795570277752
0.26967189980871875
0.2169875331469953
1.4437283946162116
0.1862600167758183
0.4169702392625297
0.4239610326772272
0.1908234373289183
0.0407472848355041
0.20230797241784818
0.5515217618294487
0.3517254404978381
0.5217226669675998
0.5346294135415072
0.1919438235868472
0.9419201628462023
0.9658469489655027
0.4755120642342169
0.1387798091259198
0.13889578496118998
0.1467633441480888
0.2857088182090874
0.0530684125687319
0.5242573010014013
0.5779012622019999
0.9399070677013478
0.6707155102548649
0.5421098626756937
0.022149594778379588
0.021475501991245156
0.9114562416096261
0.543436752353698
0.06298946006988547
0.2473140629048536
0.1372655138727485
0.23377853414358812
0.17342082317577234
0.35880814927899796
1.214094113303171
0.10552845611049416
0.6790400074405076
0.252443571849126
0.2111983744850414
1.020265298357071
0.5183738951672244
0.2783151778018313
0.2610871795246807
0.29263312450522116
0.2559626718087505
0.42935827987551434
0.39888247170472035
0.7550907647627677
1.014457998661481
0.13051582316645194
0.13320591095295395
0.005869390740889016
0.13541487363515123
0.1605054668544501
0.03805410420968008
0.11303123450038162
0.7846402932076635
0.7288699824085244
0.16665179660890242
0.6099472999203119
1.3016006490907808
0.23160152212069365
0.727997244836395
0.7647949843030843
0.10183485925838794
1.3831991744195018
0.26835876776555145
0.7665242100418503
0.30042974495346675
0.6099800762210165
0.6560735939102653
0.2343988333174549
0.5854809298843197
0.6057689962861643
0.32563193505341004
0.03194817767435643
0.19337533566717371
0.15760164183035755
1.1573167364381791
0.18922374975948564
1.4049797456147806
0.11992771276683961
0.21101536311421407
0.14121555189132892
0.15677693956527186
0.0379696769411882
0.5379454519359302
0.12550725897652978
0.1679273025256389
1.3074137992066024
0.15397323362047885
0.2669517129164856
0.8024679068803581
0.2637533955857788
0.006863295982865208
0.2324014715196401
0.9388980160263187
1.0309906238506117
0.16208631579268673
0.17710797463749717
0.07918726538600439
1.395543469420335
0.5300115660636628
0.07948480683442515
0.4646542832575982
0.23327318972585334
0.21375603298595786
2.400968491735472
0.26236899955623477
0.6844441819107755
0.3520983567708389
0.8113160612712427
0.5988617566856063
0.5322869583732006
0.5721387976149285
0.2648502100300978
0.10923105126573272
0.5947647005802835
0.7084449257845105
3.009159769470162
0.31742566901099506
0.14186817013944836
0.33640170362242217
0.04028379479670804
0.27490187511916525
1.4148300883060991
1.4628596358761503
0.11358178947317149
0.5470881153510697
0.26167836434438724
0.5428827054110775
0.11707280896753873
0.8541727535116573
0.19917489942154915
1.5153944687572765
0.9823148710840011
1.231271225330302
2.9303601704754487
0.587522524241914
0.7340367507791012
1.4486915830374036
0.3266768309114547
0.12550299264470746
0.6714382096042522
0.05403151467941087
0.700615349250871
0.17506195019776966
0.7467838491302148
0.184793546218095
0.2236821070841103
0.7125622763929105
0.5476548796580178
0.2753751619161687
1.4897713772783894
1.8509675737745876
0.21132802276016888
0.33218011527526103
0.03971475231128378
0.3020057019383067
0.9827671404839504
0.26578432612313757
1.4603690863506587
0.31180033149587977
0.4024753573772346
1.0842723979862345
0.05602266240111841
0.09912267972329451
0.3626931365919775
0.05008206970880343
0.19987525734308423
2.0649554743227663
0.04686778794264301
0.21763924402699955
0.04054417622891258
0.31765837185121665
1.9729856694496575
0.45195851535820253
0.02513276315418306
0.13018433479946603
0.5667885977414985
0.4703650220885331
0.15546875260601425
0.7368827103925175
0.23177566086922266
0.5511643215448767
0.03777927052887309
1.1374578977206973
1.612603053935491
0.8637690518957932
1.4108680091918664
0.19590217681951616
0.37889935305958566
0.2186717067208657
0.15503332451589397
1.9948555787891091
0.14045726199242134
0.16602771384078566
0.3905406346754019
0.6120975459763515
0.4949275296066532
0.6566691530848185
0.2178730239204716
0.1956063030687727
0.21493398722457852
0.3812631646313414
0.042187048441995764
0.36043129005835056
0.25457434574037346
0.40960056756684093
0.3863042517741722
0.10064748614336429
0.22747841099606983
0.6521507881104993
0.5002259532740255
0.19648837274239123
1.5214671746708122
0.12791999092830209
1.6475665596644307
0.19506778546451
0.07590813464658284
0.23085353416048646
1.403945768338541
1.364912422584518
0.5562913329064272
0.03825731569557436
0.038516326627626586
0.15256984585337577
0.34275572537464505
0.14255109316358433
0.07785262764310384
0.06399152397452071
0.06529041915597988
1.545796191304258
0.43490199203024293
0.15660721685568973
0.13108175871027444
0.8802274727382808
1.9417681729774285
0.47715845666826306
0.8470463676385492
0.657960736573668
0.629608418399649
0.5246404694695652
0.09329974454173691
0.3001481920380333
0.10024023239035407
0.48474010494080355
0.574831971763821
1.5489581058911948
0.1388982977728151
0.03269700890327837
0.0025587133043202376
0.9093728753068628
0.18678625705742055
0.3218285358658263
1.2572756120926865
0.05631881928552317
2.2176179458026315
0.3306021002671672
1.4813103675564214
1.4820192424937897
0.3943158545972434
0.3592884560811226
2.2348092306863423
0.3413206818300647
0.28282854977297683
0.9457636482987577
1.2530375340753133
0.6468407598270816
0.12446777085952195
0.9835566993286847
2.4071227356981066
0.41235279118713114
0.19139661587296683
0.3131288416732756
0.9800621225985132
0.8754895345371061
0.8983698085341582
2.6631927900057177
0.19865104684768004
0.9907446298160766
0.4305145622941583
0.14768940649706927
0.3529986172585833
0.4784789827943642
0.16630141029506704
0.006039473544402072
0.30020414381130334
0.23293672121933653
0.3692333487605201
0.462272590649952
0.6736535264529662
1.4552560352883608
0.5651737935529492
0.46367272998642783
0.26017549420876396
0.9354708080239952
0.7494502559039354
0.4777092268523871
1.298289569623867
0.3204904835859815
0.527450774178862
0.2802415176067875
0.1568151404846518
0.037346628255297776
0.519052806212412
0.5157461954397917
0.25225911176060223
0.7306667868769673
0.07003103743584346
0.24548513827395702
0.6536378117519079
1.4573207393294203
0.17152598264974123
0.8008820303268794
0.1704956341828468
0.5115380037673363
0.5060251445213939
0.49202448122785725
0.6081611696289478
0.6942453351384571
0.13218789484484536
0.11003226590175318
0.488139957328864
0.09925412773228154
0.5350059136580533
0.8705931436560957
0.33240688258304324
0.03417949253940192
0.24604049672685308
0.6073629325756247
0.23768259164258154
0.7818610641556164
0.22197670639050981
0.03714465951647718
0.9515255886021743
0.15556413870152558
0.36828599445087207
0.7350337665937987
0.27687280798966707
1.7095996261963997
1.3695000866447764
0.24247074778373523
0.1845706392657501
0.060444017225268216
0.04497721688937154
0.8813099817459954
0.19603515412938916
0.4877183464146054
0.23845372518077912
0.6134738338535773
0.11534240364502431
0.33024854343159993
1.5587249146052167
0.08088143812131787
2.09656561346154
1.0431788397910424
1.7620663957563374
0.7297632236462571
1.0356268421513286
0.24031145993136904
0.7007976583861725
1.729927229347061
0.9259304561596212
0.02429771273802041
0.5502004150627469
0.9198535647539567
1.3568828605679852
0.7217517928295888
0.5540677660329848
0.4500750129718348
0.051930029462914584
0.08004992520632795
0.08336053663839013
0.21182071909062972
0.5022185797502557
0.8285140437587741
0.2531683651034851
0.29336425383905673
0.9520201039848084
1.3540082179706243
0.07967435066175162
0.08262912202415723
0.24029026616263244
0.06997272041257362
0.04225107635666805
0.26281358072983985
0.23540143533119898
0.9130390054233061
0.06701581159392377
0.41347724803551067
1.2594031513729975
0.02486585576167969
0.2488420812856889
0.22074684637065276
0.3819528397974842
0.030072873644404054
0.07768021964536055
1.5164780209874622
0.03817644420626287
0.6729211483002564
0.4761234745080124
0.12879125566446328
0.01569513134284007
0.4833397230508741
0.2305189380760574
0.41111793441772476
0.2773180223474603
0.05712671716027061
0.1364807832633696
0.07885453270522377
0.8380910782509299
0.8001949591722212
1.1953366787571862
0.464659112888116
0.4212550897899885
1.2768733028017434
0.07823326968322375
0.9538112986620947
3.3882526140382025
0.48497110106544633
0.4597307751678786
0.7804159100204557
0.0674409223460703
0.15315186929022276
0.09601618025862454
0.8679314895515984
0.25934428977048357
0.0780630390014099
0.006228601658044628
0.046517401082227426
0.39162856975016835
0.5504802080591678
0.22231225980696628
0.14476325090260786
0.5455541393681559
1.1423759147062071
0.5700983173324676
0.46451699919820033
0.3072408253104824
0.07001109413284727
0.032796857740166226
0.27863075667647863
1.0667328856910374
1.216859273884457
1.931169580913005
0.17021255794415271
0.3682528699282986
0.6202753647490808
2.4910343954880805
0.8162281182000743
0.32955042202672397
1.1534701999749517
0.5941994222975588
0.514871915201015
0.8282994492518331
0.12967921382346972
0.36982551416750137
2.0876018650639963
0.5402804066499726
1.1612896264308783
0.7260212989085993
0.02355786091509569
1.4084189623557097
1.5599325022795822
0.059164436111363995
0.38805054399536437
1.6733889727575517
0.3947459963060404
0.15184440696912924
0.9121667349494387
0.11591347105394081
0.19676598950440022
2.320441284424609
1.1733368645652777
0.7977201446061433
1.6041571379669994
0.5770335383748421
1.5034430266399315
0.8289327110502437
0.36841204447926956
0.31796890031864816
0.479412212085747
0.558092806828292
0.4433437243617978
0.684319426503367
0.052472400285985356
0.8062744000485854
1.9248251486043717
0.2647710516379346
0.2684249949518002
1.0491761379404532
0.23532453902848297
0.552307401337934
0.0932093981889774
0.1166372214073116
0.16108139166287236
1.2620115789166446
0.11741803900207233
0.008166556488538354
0.0599207888032652
0.7080259136440376
0.3519213251874256
0.9907800748412087
0.5478767319376036
1.402293856763428
0.3296562040860033
0.2354141372083188
0.17046177046166444
0.7193372636651432
0.5402122733029084
1.029879301870582
0.7360628907034144
0.1456260391009201
0.6441421832947809
0.12372008809676122
0.16843503164957982
0.011314040264653722
0.6977744811496072
0.46628991136856657
0.4448775033939721
1.044194001949759
0.07523771142603523
0.22969175895241084
0.5711629369979059
0.10989150770263907
0.19127163023592406
0.3489062180426452
0.01452601392542452
0.20946684496431892
0.9097548935449087
0.15718760688391628
0.7205872139555308
0.06647340061593815
0.33501690954584545
0.7194265793722739
0.8309266279666812
0.22948373795303492
0.4275506571713488
1.1233482628926859
0.42213648100071144
0.4665898882719335
0.30065538235312184
0.8969837226770582
0.5596582721204487
0.8904059159472837
0.09201492886598814
0.39252386644467635
0.29425375171784723
0.07078244085271719
0.27089246652011645
0.37986654310502965
0.19053654728568403
0.06765510928898777
0.5164386833513206
0.7463206804465631
1.0768126476347089
0.038950805021540844
0.020491643422638966
0.6268610266927274
1.3601862508427012
1.7811627775788619
0.2859410643018693
0.8822835887628272
0.16001170372571655
0.5857700855902065
0.37090508731795335
0.46826135095337923
0.309500860718855
3.0259780525439033
0.886324487646259
0.3727246610799864
0.676415086608958
0.20585148485547008
0.1406263031917379
0.40291386120630784
0.39084563375000086
0.06855312281565089
0.03118851656392752
0.447116469521066
0.21598479434942644
1.3419758006835638
1.8748190380453906
1.1606509495585546
0.3565420130075972
0.13009085243230661
0.3797955101290778
1.2468390552837245
0.10016433819633325
0.36085624494448987
0.6402083655772155
0.6323923077905156
0.3355181844121452
1.129002769396521
0.1516955040786325
0.008161733322053909
0.575781491667023
1.0085517875343353
0.22600770181723137
1.1123499855173342
0.37729362345687933
1.0920441290218108
1.0590776189445892
1.4747145940582842
0.8525660526589713
0.11816435292807542
0.3945672168022906
0.14938307858840233
1.9061726894895032
0.05048849246659279
0.2064225339494129
0.7092478572996532
0.52008056569005
2.146549954283124
0.08027119560725858
0.08891623371392572
0.6802639206235118
0.09738217854590009
0.26034252374040184
0.13691617854715366
0.6398653659269425
0.3383988640596441
0.8065984222419575
0.7942399770069916
0.17612046661931555
0.0715754322704799
2.542549184666248
0.06494638663640175
1.4890805035534125
0.5552136207031632
0.3701415308565106
0.42454415468572154
0.6821673312391986
0.5080968973862526
0.1736539343710017
0.2530556391812557
0.4246907825591078
0.19721249200045
1.3298225440535785
0.0642465344691719
0.446970494466212
0.5222957752249986
0.042701170408480184
1.2300474625942304
0.7000143819899441
0.19993797400042904
0.048688920947893025
0.4794664972421246
0.2591454532866061
0.2563018368757058
0.1714514790666123
0.8301064180936256
1.4519574837884737
0.7366204543232013
0.8785928302023449
0.3366903773286564
0.9817958447015183
0.0632290465681768
0.5629308491180028
0.6865782774485023
0.4399187457875708
0.5926799089134194
0.13473863192948599
0.16918941062763032
0.157201003158145
0.3452430982584398
0.8729632217909957
0.780057321767785
0.24068983619963238
0.8616240127281445
0.13277578130822346
0.06740986774822484
0.053062420992166744
0.010110267331638587
0.22850333248754476
1.080002073450219
0.5995447935329196
2.043866660269463
0.19666490710999887
0.10742165068572151
0.793433563202579
0.14680514518014443
0.42007014943229426
0.44986311074167684
0.25801245604411377
0.03836558628803981
1.698580375334336
0.293228732842962
0.05333093088193933
0.44061942800683584
1.6857607022726726
1.3886444583357516
1.4259527731196595
0.7538911407022538
0.27295246199612716
1.2755139641943405
0.8967064859726221
1.0021480001337404
1.740699917006734
0.28810893603491194
0.09400098982465427
0.0965296186956395
0.03060103519085968
0.3853674368898693
0.8684249733560333
0.2041337774209169
0.2039756732947652
1.2320008540127725
0.20823052133818817
0.31750636725128933
0.11244645761333467
1.057603032361349
0.019626534271758842
1.8273095775193473
0.05998140983875411
0.584865458078839
1.160758028818023
0.19917042253186018
0.3047372505192674
0.9325823181028828
0.37367924978413875
0.04169382057977441
0.1505873900903466
0.020253279500377887
0.0905209276865343
0.5173291052588185
0.45223533145439304
0.40026394876320337
1.2876205985331497
0.3833926307383485
0.9107243424226562
0.5190848930937977
0.03895129591364275
0.015007975079814884
0.5912590287421808
0.324452948721657
0.11564636485824809
0.13051508252417884
1.0096108322633568
0.08553567853853464
1.1603857828067028
0.16494153960369665
1.1172596111766044
0.49074427732036385
0.11005385376371281
0.28701639858146805
0.6203581369936791
0.375071268631925
0.520557739554951
2.77415068987346
0.1712747745506392
0.20438940315330945
0.21485044548930182
1.2252269054741174
0.19606163236870464
0.7195904797383263
0.339851259666068
0.04603011517989547
0.6596514463294457
1.0707966250775902
0.8920555662080066
1.2983933677360144
0.3183392480310609
0.033540836542456307
0.32041784776656373
0.5978261740652802
0.02066511725279727
0.5379139477577773
0.5566247638094103
0.7507532037167383
0.2631059404550193
0.4692725328439388
0.13263799179941663
0.293959877754029
0.762779302650909
0.4048855784171672
0.2354431429902398
0.08586881881596586
0.24585316661688278
1.4136027363080297
0.28229214107421313
1.0233588688140012
0.9660446150388613
0.2770332014646711
0.0032816483596327006
2.8698822625331775
0.4656013087772715
0.7229423865171939
0.6125666899184354
0.02203207636647066
0.2596542322411947
1.1305887149456668
0.807809728602595
0.7509571558620154
2.1206433893097816
0.20212332055979332
0.6439310112692908
0.40986717257975736
0.29203409944844566
0.7346461578226166
0.42472050684651885
0.710255687744809
0.7289428281772447
2.1149071597428875
0.7991120883091771
0.08009137149177323
0.26424142138048695
0.029478795187190494
0.7377946127004386
0.16457895789479576
0.039675868043766736
0.5862540273810372
1.0317253739998957
0.34314013767007834
0.3197605033329062
0.07270581426863316
0.9535069966054038
0.47241285150645373
1.133851246220808
0.09888488501910908
0.28745143540996065
0.28463701391484314
0.5788119521171399
0.271629484055524
0.2622137875218963
1.2825519949486652
0.09928505089183588
0.021664016340441367
2.4722227511755066
0.4006544929198199
1.4174916791007643
0.04542754315113523
0.11784570892120617
0.5811583339038117
1.175012517077494
0.6981966627017261
0.6812302810604935
0.7246110980450565
0.9000311605698869
0.1624519599899613
0.3953602733742336
0.1388726164745924
0.8227558228294092
0.7418956246604703
0.31405309383198404
0.8635033064319018
0.892354225856127
0.1413141430029926
1.1262861810959026
0.14705000541867239
0.656242783402992
1.0747611411028422
1.7182734056170534
0.26810930200819716
0.4714620828118498
0.42569709542992545
0.26821066735357757
0.09654772187602985
0.08097748353749411
0.22557131033207511
1.0398264808521576
0.3935218534926865
0.639668399385718
0.672419195810593
0.2585860357057613
0.179851580967743
0.7502821132163636
0.020940670170719135
0.9051521168359566
0.3038960491020964
1.0721757089485615
0.4618969436860555
0.3963924264371815
0.7422638152532435
0.12325425101797724
1.98671521610189
0.9326087771456674
0.11120472797435584
1.090669274245696
0.20737298508139632
0.1497324406390403
0.9510247644860857
0.7904739542156893
0.23816240273582917
0.19710522158354143
0.05109807149233826
0.04185839416593082
0.42008187604650826
0.13867745612465684
0.022261138877522194
1.4522326553200957
0.2928417228624232
0.6750152410680357
0.6448457992749694
0.0882797411071487
0.6533941482567716
3.284420481705383
0.2867723295654343
0.16825038049522237
0.8160385258844133
0.3354826208589456
0.09282917279521163
1.2388722417626599
0.5135200460138348
1.6000215669935716
0.949544435957387
0.0769095002185867
0.00982015346609409
0.8765121862324302
0.5258962321113412
0.3371313665774082
3.26005319272795
0.09654517389595603
0.8452997475323405
0.23005419668498733
0.18386414224269687
1.0670096566422176
0.4686217277082215
0.08774785250610084
0.13292244594717637
0.623253029331754
0.027039210860248266
0.030886010466134216
0.6724164451471366
1.0060237343335559
0.6621093577781154
0.31756453564589865
0.07891735826871817
0.5138851582175199
0.42960688535595526
0.31607702390660003
0.23203681812707128
0.9378658775728449
1.5584574801073448
0.5018881982922622
0.36268017315417306
0.9852087254147986
1.4863660063619266
0.30965798564514724
0.04367340980034152
0.0014656894895068138
0.280221506541343
0.038777777397923804
0.4149548391304758
0.7126778542885163
1.3113839451397096
0.32882488619122163
0.2768551168482882
1.6102547677639616
0.12684208719357834
1.3870253629920435
0.2832193814657008
1.5642967542105608
0.5640062824607556
0.22811598823621748
0.03636130426842245
0.8352998284387759
0.7742541693103825
1.068080765156284
0.5761200167625077
0.07625868206865606
0.5226830057654248
0.6608742112994069
0.8439602156980733
0.26462659398680266
0.8403603142984444
0.1789372585002282
0.09329699648555569
1.0242508991930177
0.3372379229425152
0.5531279532396657
1.0932871089080882
0.10677010024469255
0.21119134138343773
1.1246579345409653
1.2688812229100426
0.07213916970056672
1.6097650640701928
0.5781109846897989
0.4079015772425874
1.0371743236109507
0.30311786284237663
0.12005666501727326
0.2644556815425171
0.7049971128132408
1.6075889282627707
0.08302131135478204
0.15622721604972767
0.13380274954333268
0.4690261610321149
0.43201379525330175
0.07502004724533176
2.48064904775518
0.47223044166413664
0.3861999319085213
1.4724898234481745
0.26783103553896886
0.298758680206817
0.28095141981552063
0.2050768418868463
0.49938661848582655
0.32406336972854755
0.040776005125649016
0.032228993679458036
0.5268162832763811
0.41310126572543987
0.043454910418279855
0.840227974844789
0.19142418303443443
0.08111633560669006
0.8917214061947056
0.8957821969005063
0.4868192005776459
0.8731196596517109
0.23483916716345174
0.1980266547366794
0.9263384005118993
0.6342645402419741
0.3583823342534713
0.44285092145029864
0.035291793898080424
0.8969974104774378
2.309090586014454
0.4440448513050636
0.08657227048813165
0.2684913083795279
0.01959309846681387
0.02666608552800996
0.5464351781041341
0.4319345971292704
0.1892921803526034
0.8987990856256606
0.21260092912628592
0.27885952191638785
1.711294376782217
0.31903925373719666
0.30134122305843136
0.4466485142334291
0.42476449978349784
0.029190015928020625
0.39228309713136444
0.15495641169405955
0.5132415088859835
0.890311907022417
0.08623794205655713
0.02882282255659743
1.1050875922533285
0.35997451736229685
0.42384530760820155
1.2793885461780372
0.7008423374932536
0.5292566985390982
0.6563180934493835
1.3026163947165925
0.22251959145285033
0.5756336472178877
0.03744584920909647
0.08031928908933551
0.9947011691625636
0.627708846444238
0.45900427418378525
0.6431025739094972
0.5320270128330598
0.12225891964691561
1.1643663652893184
2.1365204951191146
0.1549238065766518
0.7965478925891459
0.36150918275401817
0.8235445802171308
0.20001425701882597
0.37383644127976745
0.015508116037109592
0.2977700514904862
0.34385483432712105
1.9525264719862485
0.8674992107394155
1.7233465727726194
1.4437605337488808
1.129180729789952
0.10978399380392215
0.574130086765208
0.5557362002850442
0.810836583446405
0.3901215107657092
1.4822755240940426
0.9557587890126564
1.0216504208811812
0.11826394737201786
0.42284180761711165
0.10053451095085737
0.20765470438098738
0.25751272492946503
0.19889416254737097
2.058252723887153
0.411759755824342
0.8962025384107741
1.499970674484319
0.11686706909768915
0.15498636066626081
0.5473851077034494
0.0371222747084099
0.286407458666436
1.426143877476783
0.4105659804941425
0.06989132127797805
0.8990303696757389
0.18760282784602836
0.3344540640797739
0.5337174007626169
0.10885195712522223
0.8490191877722959
1.0646147751194908
0.484896291246382
0.48401778993820566
0.7307005145133465
0.03191600681517847
0.1530247652600289
0.29620404734687134
0.2890852021403466
0.32691426559911835
0.9304280654976322
1.606269652586023
0.5414231592325985
1.1247864269740255
0.08531799094723416
1.3249681178141568
0.3023347818079378
0.14282763728784698
0.06087012957665498
0.998331138173102
0.1084443478673609
0.6543378040977443
0.9634527963989145
0.4479648902345168
0.0820923412680764
0.07915400058663807
0.2194895280519389
0.12437323052654999
0.7890718100111809
0.23785785525956185
0.17850696443653502
0.4239740271183611
0.38875406603275836
0.4635923615687332
0.14220144196317713
0.42458963020695895
0.5676278331592016
0.4731964176311051
0.5999386498124905
0.3120270397096759
0.5815318708830047
0.8812189889257451
0.2846142120427132
0.7473415255806558
0.5014506477762269
0.0770542329905654
2.4948943059985953
0.35975304226262433
0.5352149849434906
0.8265866705127323
1.0678074497322128
1.60463408634394
1.2305208927963938
1.7667330297165664
0.3498777822872798
0.5282539488204196
0.6450126544450365
0.3612386846486082
0.46212999854531817
1.5963213052764738
0.43909521160475806
0.866688877934112
0.2659591331813283
0.48641545656690877
0.38453587762814023
0.5009644235133729
0.2244698512629984
0.12939309010329442
0.37857710837454805
0.4700345507206818
0.3410220722021505
0.3284048330979347
0.18123201992618465
0.4996363616761865
1.8055166572913957
0.09019857289845398
0.5043568362016739
0.38486788348046114
0.5563113962391086
0.5956630724526834
0.032298624588681185
0.08902198753427126
0.8903691637044432
0.08902731834890841
0.21461804850529945
1.4354401041033018
0.06327150729646767
0.423608504996344
1.8757181075088198
0.6887987385250873
0.2497693530040586
1.400803423658132
0.20408864825857398
0.16365164180328556
0.3415318256909205
0.4332724215224914
0.22163152675678105
0.5774921435344483
0.11057485436246119
0.09941928441927156
0.5639973333601864
0.20864585445500214
0.03335398070959852
0.6957117654408509
0.9037776855588628
0.3398427086183357
0.3222033783315863
0.34565220862555146
0.052287100519250736
0.4374393299075651
0.03190082271963359
0.5629941036693447
1.7554806958871372
1.761823385994282
0.1742513309303517
0.9557630240918793
0.01623504872156464
0.824742870046121
0.6779246938495823
2.118648179118779
0.2946418611384459
0.31500487498636426
0.24343516270791535
0.04886323939311753
0.9329871215770238
0.037456411747237385
0.16159287047383614
1.4138246985325325
0.07728834702082969
0.03689494491397842
1.4490361557424518
0.8307625952136234
1.270783607211755
2.642362904355256
0.20583472291899843
1.0682770130335577
2.5693785072133855
2.2596089614679324
1.255231029097904
0.8520973765362349
0.8602907991899894
0.024588896678657487
0.7674752278624827
0.2694539126375705
0.1794749820643338
0.5237033277396301
0.03394163121682601
0.5661203709094685
0.7343268175057736
1.0460523927178942
1.037573087141393
1.6611043421259442
0.30354338392700225
0.27855009075000453
1.3448214242226468
0.08783896897390536
0.20551198825930586
1.0899171638940066
0.04248780607336339
0.3979749270517262
0.3993107452534334
0.2769007940745837
0.5101294918972539
0.768456188504625
0.5565922598735762
0.025483124680774585
0.0315225233066848
0.03862299136131923
0.0026950977047256845
0.2407085330651935
1.9194963541600139
0.7164247720705422
0.6709652790809182
0.21019584652922518
0.2941058673330242
0.36468022146821544
0.9258039107646596
0.06803281618549084
1.1212017895723643
0.5304086708455575
0.19847583301435665
0.8280873184706375
0.012070593231517367
1.2831639271845785
0.7471618448127268
0.851677818357364
1.0061100164425747
0.7217415764593574
0.2675162640449573
0.2115494479743885
1.1060476523296592
0.1785458691856416
0.19538400313212323
1.9087352239816493
0.09188696797465414
0.7547225575847146
1.1842184830651379
0.5307987765906439
1.3590444199010694
0.9758441718094231
0.0694073477944148
0.3522120409503193
2.7943414986743784
0.8612376561409499
0.34363445259380304
0.46342237302800726
0.4972120100519646
0.6388526340489454
0.5279836567858408
1.4316204011300349
0.020906309030524223
2.149726509854763
0.14438720510752137
0.742345106547495
1.0491052886788939
0.1426452743473236
0.27856078524858824
0.47840538058786586
0.11048087183915425
0.910662321172226
1.9633812658070409
0.3674807218738767
0.60751654954841
1.4580891518491137
0.5778163223802583
0.5918531493841644
1.3897782927242976
0.6392420744216079
0.13058191897044552
0.3445241110396281
0.33298154462992147
0.8025502319107406
0.6426314555310599
0.08106149929323249
0.6558891272482984
0.614472820361112
0.04589489542789601
0.04088730501180612
0.48213014088141953
0.29371657486532643
0.04855188666688437
0.8109047716242191
0.3152000472234343
0.06748909266071978
0.15707202793339622
0.08613003798591225
0.14280878600752758
0.3156367488517088
1.20838742391249
2.141230105938101
2.214310332246136
0.2379400391849944
0.11026429605995494
0.2457987269107915
2.5294141043577065
2.161197502666471
0.3096910974442468
0.27420558821307783
0.10517093148271597
0.29228630649580556
0.007470071143563736
0.6090717354362772
0.7868937365167264
0.13821997255287044
0.3815090507936453
0.5945898845424615
0.05471923282081533
0.6300627082332111
0.09382043365494472
0.408529931998788
0.6840989143008724
0.01567704242657293
0.04942345744185943
0.33537226049359553
0.017037991153773854
1.1700431571324323
0.4472223571001337
0.7474088235795503
0.25201348818229674
0.17424011522616592
1.1015502813039135
0.5105357321256929
0.44075227400780714
0.571446059174917
0.16940619240287544
0.12793689221515153
1.6241643411263842
0.26868278767577464
0.7764844277746441
0.052113744677418826
0.03797415066529135
0.08497586992938855
0.19353348415493526
0.3250556524997947
0.016753529459725643
0.4230172832498412
0.3125995817523598
0.2285663490550463
0.6859298799423984
0.26431284136463185
0.4994514594143641
0.19940192573380883
0.6133744739968172
0.22874746445424868
0.11864276872500634
0.023653514556958195
0.09033018428828458
0.6101148221807898
0.2489164060516514
0.2719719088361279
0.08012427972587464
0.327902593975718
0.8096715221685653
0.3411884045072198
1.1669435115493327
0.013356519511721275
1.1185383831263302
0.5242323476838201
0.1033852319715808
0.13648477181039653
0.26689014549312623
0.14576800975205564
0.36373120214915217
0.5802963320967304
0.0795174352780535
0.7161073523768621
0.4033132827260866
0.5155192159723171
1.822764096769346
0.47107892456077294
0.1740195702348059
0.06772761935783131
0.08253830942391925
0.07163002609063784
0.3537182289605593
1.0463542465248583
0.3826968886285364
0.8801563526949048
0.10876796582951312
0.047781451214891295
0.5562842317289166
0.13125252537244025
0.1453747522587462
0.3904833962289107
0.4159521517096278
0.3723173058331169
0.4380308106666065
0.4257692587969046
0.03201280703274831
0.6780690388910844
0.34418295842484126
0.4326437097910145
0.07355928369932525
0.6124978464317267
0.09404113435193319
0.38760142539869635
0.33127500116573727
0.07484204504098806
0.741036530615759
0.5797699253641049
1.133415933278346
0.9977702384895426
1.084881803283124
0.07165342704752437
0.5842744141148455
0.17444116286325853
0.07163857130852734
1.226619153372631
0.05136737428459538
0.11237659443677056
1.5727280034814584
0.34661713093111945
0.11370909852833709
0.48209143309093117
1.127555453518878
0.8770782798615305
0.07065454191542847
0.23576177391821437
0.6782795467596293
0.8582890103148592
0.08292804245151929
0.284324193686122
1.2988030922863494
0.2925634091819027
0.12773593687579715
0.27254878009936706
0.025766962329943355
0.18083168631759314
0.5337178173183382
0.09567206721589068
0.11239394007654034
2.1312419688599067
0.8212568987111445
1.1143178717599131
2.1345801247219502
0.5237572857352857
0.26249680713725065
0.7796101605118665
0.08154344311021176
0.08417699316187247
1.1104879244763792
0.6119205650080981
0.2644355930267599
0.9538180192412659
0.32770072781040827
0.4228221344803399
0.13025422703468725
0.40392538301401515
0.17411165233160097
1.7728258298346307
0.37602545071316906
0.328981135470055
3.032850386567134
0.4050124566913294
0.6157734740810602
0.9204318354029476
0.4723918312875915
0.12328758745552038
1.0615688720748475
1.4989785241663816
0.1624451638306232
0.5630634376552244
0.4459893799521731
0.27778763347897045
0.7620754731113075
0.130120859518027
0.5754848872539149
0.6906990532200027
0.3309326697373036
0.06179905370633773
0.13329626067915507
0.732354876383174
1.1226305504737883
1.1849373097924485
0.11689526014925536
0.7436480466940161
0.041269065134063164
0.02002124033245254
0.3414524820323499
2.134062284906172
0.6210160096936947
0.09489215452255949
0.27999034323498206
0.9029618352142394
0.4788860976616631
1.404340868673383
0.11289168057640446
1.2057935612294557
0.3019492572908797
0.1124521862503736
0.8510836101945803
0.5387271333317764
0.13018146272062653
0.05296848659214975
1.1492906910230098
0.11541126948396821
0.5584693197240027
3.151385185483641
0.19897582494513907
1.0805280177771714
2.025823411789462
0.7225352521505752
0.5079086777061862
0.4368957961069409
0.9528471700236449
0.2711608272116901
0.6916381256781404
0.07162167919291168
0.14290970042553036
1.0693845526369539
0.3282963861023634
0.42329153732151903
0.6004976226708493
0.42485287597688354
0.4060993528841378
1.6598983263584388
0.03127172757514158
0.1958435315658536
0.46417130780258287
0.2954659320652109
0.2980613840766707
1.0524052268596118
0.3703600000712683
0.8941683186049962
0.17068004268240322
0.3378676726454552
1.6445012822077865
0.2979221346467977
1.531172541101448
0.2636239345469157
0.5608046035914657
0.29395869794282764
1.140924600469822
0.5791203214560379
0.2684853795121862
0.4093054469433564
1.0599556828288528
1.049957704183029
0.3926478740553527
1.7966620206737558
0.12237580993790464
2.8332274843361422
0.27593583172902175
0.18495348029850409
0.15346434915231782
2.124407778524066
0.06354481641013877
0.2692078031008205
0.013311019378661441
0.015035456484779301
0.07733492567818692
1.7987886723948134
0.10529586209906967
0.1806533171515533
0.9003119760177459
1.3775414343598529
1.513602113489318
2.1085706136112625
1.0693674829715554
0.16732676082489747
0.900318661123667
0.3364860275200506
0.7646994922456757
0.31242872369738656
0.46847051020613345
0.7066485828638299
0.4208349271845146
0.03074905109196196
1.5970150112182635
2.2928152740240955
0.49535402388650845
0.7787517300937872
1.1877100326575718
0.2884416749989777
0.17645375743262862
1.9611563286228346
0.22869901196519177
0.7895868990944719
0.7482258437799509
0.11638585634679519
0.201979553354617
2.331959518214194
0.41480994760594864
0.2257934210650057
1.1550150090027818
1.112624913360805
1.0010043749427653
1.590107429043604
0.1718720501528017
0.4538724947092376
0.8278103273986205
0.6210005058538466
0.8022288837575074
0.3605082680233894
0.5069008448664245
0.6448267811031866
1.0491918758759775
0.03928787493324712
0.12546970897796508
0.6412276041095769
0.23342450610108714
0.8909544452217296
0.47208091638935684
0.2490830289155492
0.4626284770954916
0.8435248180080693
0.07791515876522827
0.4280551956057578
0.5851826536285601
0.6045255101203107
1.2606742154302242
0.9978998042731758
0.5607212993511006
0.14071222649673348
0.5692616044637572
0.030285223797804905
0.028881166436819115
3.2127199144141763
0.2411118919169522
0.21678094527687689
0.7532445606962045
0.07341592073353324
0.2671854724330616
0.5429079978067168
0.6839678696752635
0.6218558027629908
0.05758901152555706
0.10908435009389642
0.06162816833003841
0.6630047154704073
0.6109793900876008
0.1043552351040389
0.20324156995143472
0.3693764049802809
1.1927770363744903
0.9242157948487435
0.2646501523251593
0.12407967922534843
0.4788633699948586
0.10398969153039951
0.11289994472060912
0.4000845843959404
1.6233859191883884
0.6814631758207822
0.9600384747769976
0.11713717400882621
0.18888876389309267
0.675303335295732
1.2996482661136781
0.5388707984263708
0.8470978700129599
0.4903233799345736
0.07461458903309617
0.9306124975092669
1.442339933270396
0.7746554157913691
0.9623818015620854
2.2971087460756645
0.25460513532109047
0.4270839073966785
0.0961761756519344
2.681989556297241
0.4994339629907587
0.35179762928898717
0.29223499937759434
1.3455879975111105
0.6582198820507518
0.1575545005233207
1.3694657313232295
0.18777691402567065
0.6477042496200209
0.634052398520334
0.1259158300267571
0.4165391829433894
4.156102998056027
1.3102014748635158
0.5813629913063674
0.059491082346340006
0.19743220554778437
0.20456285559786055
0.24999235313034476
0.8141778069891165
0.412059537050487
1.1141776927109712
0.11118530976802207
0.08786720505229997
1.1769588761152643
0.4449715216027805
0.390007647132223
0.29029014323094987
0.07710663086147158
0.3182645922367281
0.4252770058272272
0.7530768414442082
0.8032612573968885
1.0775296274179968
0.6303077347012093
0.054438946671173515
0.5902555428088616
0.28945403641802225
0.6500910518706683
0.4281941852560967
0.09653225776022722
0.20287917848544584
0.12765761555454297
0.10616523536685647
0.32980120375890826
0.1619091842643033
0.7067772055592113
0.5293245513009105
0.3468521221020634
0.15252007070646503
0.21733060773081048
0.3215859233007247
0.5638625292054729
0.2541052031435687
1.1904381011876748
0.06487083950885188
0.6675790085950966
1.351326933002513
0.09108813826923597
1.5478343156155994
0.3229988608424653
0.09022840765914658
0.7835931303727185
0.147535971372229
0.3475060011178246
0.5842916618405986
2.116632520492514
0.11413916738195827
0.3599550783754505
1.2340367504584415
0.05886233105231877
0.14001778879493915
0.012880942173424054
0.9665216759039508
0.3699704399623055
0.43807813792528494
0.11912605831872862
0.37273540920685944
1.4589144024849092
0.6000642938885262
0.3230549982593841
0.21822293019527622
0.11464142860807572
0.6552496047055792
0.5038997733455378
0.12743830863658293
0.02793409755565022
1.4478827764504363
0.5782428192220996
1.005413756193244
0.45258080053212485
1.5449892561393213
1.1280993567289415
1.13675373811981
0.40749216956057116
0.7894508078830796
2.25281179941369
0.05643722932795429
0.17160031131859815
0.024711525076484775
0.1911961800275353
0.38927945913178696
0.8907981763211272
1.4338960210669585
0.003163097543038035
1.212873724392274
0.3874162954023904
0.19737034575662407
0.4452452443147115
0.03901641219236664
0.15925911708159024
1.7850431509512787
0.04253200251510704
0.8449419853138477
0.7546339114773032
1.7172516163782594
0.311875322017588
0.21669777413012478
0.2737210774660709
0.5150429235181547
0.20272862033953853
0.47405078337757167
0.30939688173150054
1.7784741964421933
0.5829682366063819
0.18155519472686768
1.1575195790751605
2.2928887387768073
1.2041125421154482
0.4021224342585722
0.7141641885132198
0.27662108561534643
0.0672519533736053
0.40757096576011126
0.36926843020232597
0.3669041068395598
1.6628139398172395
0.0656223101945438
0.11039014850619486
0.2790456493215943
0.2575899915907709
0.02978118099275902
0.21739070566400975
0.23437664308453013
1.2173756666048263
0.7944485075271335
0.53372749885595
0.8407530266494823
0.08534795552785536
0.19876603393813821
3.933775075927003
0.5744793064338115
0.7532774078726038
0.66683097867154
0.2347054253045495
0.4140661659802871
0.27785455840299306
0.2275610405776625
0.06089972303789789
1.8213326800909195
0.22402915421744587
0.2642197233256748
2.1076308561316943
0.6266952584308298
0.48844005795313256
1.357659868404658
0.19817079926510062
0.875887200985832
0.26717969568535166
0.13251962194042802
0.06451390948637002
0.7241859127173427
0.7770261604187951
1.1184414963476095
1.2700601692487326
0.21735926432544925
0.08564644704449166
0.06437269679347582
0.24352228907256365
0.46880731908005546
0.30502934440485496
0.37566963485070565
0.06323415700203712
0.5484418183064514
0.8586846598003629
0.062067452731109723
1.9728600239770073
0.23180420647961178
0.41307712550654285
0.5302691845185586
0.1915419355862209
0.11815097461134663
0.4617792421927227
0.2491136131827928
1.1176874958690817
0.46097785042380335
0.8687399115374246
0.8012819932079475
1.375237212231512
0.6784266063888745
0.37769115837474426
0.46530698834230444
0.13453660852085486
0.049199809439549845
3.228216271135137
0.16884680286002263
0.2700731930528777
0.5990116812372379
0.05091509533906989
0.07527119322024838
0.6881684350877013
0.8046938335357101
0.3892299844509728
0.15263198746471898
0.19841747038990554
0.1942702453013849
1.1093816455044279
0.371885665117696
0.36854061266398946
1.6279905030488757
0.3689891249243325
0.22526542882515743
1.2079630519133127
0.03949022756112595
0.3116013176986292
3.342962471195149
0.17129600759222915
0.28882984067421674
0.5652207723312247
0.5226542826222595
1.954685877714312
1.6380345508312961
1.8310240338489852
0.33386539810503024
1.9242349749101562
0.16297547483492708
0.58540990701453
1.058488417508494
0.8432094981009265
0.3610042753688795
0.6977610193278732
0.17587598251703865
0.06778580869723909
1.1026085816094335
0.4190594421651034
0.4346924613068592
0.9165021042781801
0.370515513162842
0.6907475648644141
1.1070604476530796
0.2963985752565622
0.023669457059766162
0.8038113726750823
0.201289807354989
0.3279042595385722
1.5451630572448747
0.23649030431744378
0.23435050555621786
0.6374698281821931
1.1238337612030778
0.26399017294979515
1.3747806611044888
2.0269944450370256
0.04916332407235924
0.6403818795145332
0.19420842248284864
0.08566921542804719
1.3084496164525385
