0.30631672973942586
0.10815345473971591
0.08392996059488804
1.4723812495354545
0.519392104710476
0.25142470409295603
0.15689414063959717
0.005381272782303156
0.04701346745620028
0.7550666277721524
0.1168241582180368
1.652413936131876
0.2090051603817495
0.4057444224549637
1.4253701358339876
0.18214018060078765
0.14738385211526037
0.10198414637397173
1.1476146621815715
0.8307536225228828
2.374501881829172
0.09640851090487744
0.004270416439474263
0.9123802065113858
0.20104069632458976
0.102348649147677
0.36270712912031605
0.3489097555232916
0.5431441407140307
0.021132716400991035
0.5785256006347571
0.3167912618710109
0.06814132951343539
0.340770628674037
0.06962746060928113
0.3833054591757811
0.5463504734000508
0.7765266204983727
0.2132322227712948
0.7889717131402205
0.13753741260717978
0.09281943337325617
0.5207825931872085
0.36899555416608715
0.11355950777484912
3.353425879433724
0.010257870807543002
0.4439842415673051
0.654449451318694
1.5410481147253734
0.6821702534976208
0.15854945280471094
0.32769345242279413
0.17461955649317865
1.2845373337515718
0.48908604151472496
0.7023494018200758
0.2688045509986902
0.3357586357232792
0.48389819911958304
0.4026059329448689
1.1903789281880834
1.4606408900830123
1.3219021159499649
0.9077172909595493
0.3713396735579335
0.5401942338251583
0.10058428298002724
0.017196663835481543
0.47105193493690634
0.4087738603308836
0.17861182188841537
0.0800321245679087
0.0527681262446323
0.4121746148263068
0.6346622552804838
0.09467570395877642
0.009666278739292211
1.375036998632209
0.155638666914218
0.08384192121977424
0.6574566396815085
0.19155445700002938
0.004178674046959433
0.2589650017688511
0.3272814460198098
0.4928361259718314
0.25227740919426295
0.35742858686378237
0.05201288936287826
1.464969628666471
0.06233596800724487
0.07185989616517957
0.6077891244058296
0.389889193486474
0.15584532666420242
0.20000293406631373
0.48994215142682446
0.11634414830261317
0.28730235764241263
0.3407960748218751
0.03251053666790392
0.9287201523914687
0.20622397320579405
1.3121799259247215
1.837720756631348
0.1819037911623995
0.35968300699400096
0.9793390635538278
1.2861872151639657
0.030106687267084327
0.4942204227734588
0.8074837551451679
1.067649415728944
0.06733416290331574
0.02498296043403211
0.47978691196021267
0.22160539819260486
0.12878529034000802
0.0812688022703523
0.5585425855527915
0.30051121095620875
0.48754292046425707
0.8102129732280283
1.3657033391230524
0.0574631543899753
0.06853248900004764
1.0330742702819196
0.13981570566787158
0.9480397857184784
0.09628066453816826
0.5169504367698406
0.3702921942950351
0.11808395624388714
0.2921840799474683
0.38703810164440655
0.12289727283962659
0.5039742749345905
0.9715530613088122
0.7139501124911508
0.5328871388759573
1.383545094381752
0.7771729084400978
3.7611542507215496
0.3481766651200146
0.27007220978772045
0.06956817352081207
2.090297485412552
0.11436333962914536
0.08489731132774551
0.25204827897253257
0.13758408197324026
0.29320329318079386
1.642553127550974
0.5064611289160968
0.37082277019433874
2.8908456298639535
0.24886781189929272
0.27029585367511777
1.1021563828537557
0.09782867910666652
0.20773183138421367
0.609320663857425
1.2503558780227906
0.9024290252656737
0.27091600919901776
0.2441356289882083
0.5765409824225337
0.5215374057949013
0.3254474186676017
0.20020023706079376
0.273381370762025
0.3316203834967929
0.31829356821261057
0.714533066547812
0.1686404789943642
0.7145574237666958
0.4175045209339529
0.29231036226336926
0.45483998232113654
1.2622273451365023
0.8426075205827961
0.2607110392179801
0.09452748133060651
0.419669160499364
0.09379614880928679
1.8458044954083876
0.6869489831350948
2.091383327477253
0.957596279730932
0.22189183983294017
0.10543164017641854
0.4145059330025393
0.23600571401930479
0.16875136474613706
0.9419319236584767
0.1681651580051541
0.5718553672976324
0.9232798476376181
0.16837258785669504
0.6533616678143888
0.28616112716399966
0.23533346504690972
0.06977333174129398
0.4431085269894759
0.35123173368045785
0.2527051143866661
0.5395230985017887
0.3981050248828629
0.20066428671045944
1.4441332893305383
0.19765896624474708
0.12283450347442845
0.2690414815076073
0.1922461572892299
0.053732767452140485
0.09932068303669864
0.053739109412432096
0.2972313232812181
0.29723217920150796
0.6695145727716312
0.4959676220263071
0.3821875727727323
1.1413343285519932
1.1391207890864912
1.8169867302393472
0.8017691487775204
1.3628218641507406
1.6243980547946064
0.32304291663455414
0.2971267295049703
0.8807928657330217
0.32450560515758253
0.624161300461098
0.31002709904028874
0.06682630073907117
0.16523587057143932
0.03477558910044895
1.580269452271672
0.07231163238029031
1.4667474938912204
0.11002105184027275
0.507212791095856
1.2051257978848264
0.23360351953482603
0.05349875177298323
0.47259360249299637
0.2569057131675152
0.05930076823258699
0.6550216700755039
0.21915056462461713
0.49666111078108777
2.5277392155907377
1.118826293257158
0.8102826013277564
0.4054791490726053
0.06552158471129182
1.0678505513798335
0.4671721203511909
0.5138808562049304
0.0923436150819566
1.196360126664994
0.6961087535428265
0.6117615126637014
1.5991249261875857
0.22440920016709506
0.062450321313967945
0.41119492807907876
0.21371896352804257
0.22284755851496038
2.3532200009047117
0.1626503407185645
0.6166121220039631
1.4615886417912285
0.485070382124028
0.42808225091760216
0.7878997464659543
0.35185164474727176
0.009762033925281379
0.11610815223556854
0.06481887105052626
0.05409914726612346
0.25247645915791894
0.06027999547889028
0.014684445440425766
0.37194307420443745
0.16144277563182524
0.07223968912374142
0.4238475036958926
0.12208383905826513
0.040477483131703657
0.532943418674155
0.3120303866767587
0.034001479098964074
0.1691170704609642
0.11458218812998283
1.0466526052972256
0.25184290204164606
0.18657455368059864
0.10565798602020081
2.89220368183214
0.14078941060437636
0.6961775275836495
1.524891055651121
0.08956721469978558
1.7285196190749974
0.9679063906752051
0.3350211645201211
0.3449581962345898
1.100496488180639
0.05568090013679535
0.008683564159104148
0.15746065201857873
0.23400530092522956
0.15356349353578297
0.5174049802302269
0.7599874488349735
1.2357280128943238
1.908419820459107
0.317029021537534
0.27680113868684564
1.0920770539163502
2.7766092881219158
2.6484818529537963
0.13759292141637708
0.22736492540455353
0.25474859329146
1.2157656411665099
0.4761545634846461
0.2622500261307835
0.6915381456587337
0.38211320577249297
0.1263075809210387
0.31232582237003936
0.08181305218852525
0.5389044633591333
0.3399019896058939
0.03834732037821594
1.4172387065431058
0.04907936830670428
0.05332512346280385
0.1410895877501468
0.5146803883315335
1.045362171607435
0.0581811782268746
0.8923605603793368
0.6088642513193154
0.3486864321991573
1.531008181204643
0.6940298732032464
0.8741929041989754
0.5069853664052664
0.3501353479620809
0.605361578647133
0.7829998701979738
0.28623012605413656
0.16211867088371995
1.2133489048600523
0.31079220280047143
0.6736661994622593
0.009733950240015546
1.0809622892550563
0.49391761001560863
0.1648020190403994
0.4839969841179926
0.15738966008608726
1.3709014750217088
0.15046790122103257
0.35907289705232315
0.13975097580771145
0.21672240641081447
0.3923288272008165
2.2903756286667405
0.7303490126538965
1.0378100469445934
0.1167059481387014
0.2456020397143751
0.21040450887069634
1.1577790967835955
0.2627575858519854
0.06601690801096843
0.28811226969449644
0.06850822294874608
0.015365294383107287
1.5641112857865407
0.20000082235323577
0.09484747154861752
0.5665358628921291
0.0503938895694363
0.6921473997935468
0.5569947953910312
0.05480971539589615
0.5994768911543754
1.1509294662312095
0.4282364809160522
0.8611489846860327
1.6200289497276836
0.16130986120427435
0.2883162536428333
0.39150501638862006
0.08666544208145109
0.411435795256306
0.8458169537659742
0.30239182573500195
0.34148372148957884
1.5665284876051546
0.7240381357208561
0.12345349773574292
1.4558308918145115
0.20661056390973495
0.07615561846539741
1.041763219074004
0.11289975487293773
0.08507742737472501
0.9339175114720392
1.2212898935387735
0.22026018661773075
0.45006105680841396
0.11486762127159776
0.3117402123978356
1.1562676650196175
0.18989449606694647
0.023063622897895257
0.8461395953865332
0.6898163927478039
0.11610675569913886
0.37447534893997764
0.4786225177110759
0.7849956797936722
0.3819316909081967
0.026241110781393184
0.07433040159658426
1.5507350656034138
1.699965024293549
0.5040530852843774
1.790120143825906
0.45620742733830566
0.9394206809544582
0.28766838546588647
0.005004871085084727
0.06160552025570444
1.0221043685092424
0.20605317406704546
0.3475570715667756
1.1020710708991044
1.7037733796244623
0.6568506060431702
0.31038369972696805
1.1750754954358333
0.2900880747245149
0.15559364081144558
0.038508797067219394
1.1909931128988898
1.3458862039289816
0.642058197362965
0.4183534439357816
0.5478248806003254
0.8288458965620107
0.6795754225195884
0.15272370070906008
0.307994271359675
0.042500441460532126
0.5205791400340996
0.16620590229756352
0.13297994528342064
0.5721882209723252
0.11934998809470226
0.06215485152923203
1.1250667908766279
0.21386993182739564
0.11837308496558711
0.4994681982161637
0.31950779704116694
0.05561168081689569
0.7949258966976521
0.3675278991044217
0.22421602384551204
0.11182658261920966
0.33985607084312813
0.4352164548627129
1.934469306448973
0.6867662415242589
0.3781661643415976
2.186237247301619
0.20761564237853133
1.6832845316016125
0.28103566120052526
0.2536758839323084
0.21306515897352601
0.3257543633935742
1.3325401049051429
0.5844991740594405
0.5949751721733645
0.13806461654592583
0.3114885049298243
0.7974314554986492
0.1287618357243252
0.11132513641902968
0.8239074879626594
0.9255425734781956
0.38378223092145625
0.9394910247292537
0.08236925947167
0.3110762923372347
0.7029580925547488
0.60198241210981
1.5991509488011957
0.6200811836863694
1.073208762254463
0.21444408446410745
1.1776949103602175
0.4079530717084877
0.1110338632811809
0.024171169340671074
0.07781703449324866
0.12589707786688398
1.2612720799663846
0.16367152939198745
0.8201119655515554
0.8303497208016385
0.6381806747884745
0.2655579232713558
0.5050399619212231
0.773897503142657
0.3153207706035329
0.3497153860404803
0.12856783314282114
1.0732992950885984
0.23074261893031453
0.6588522887839766
0.38314683572856945
0.40470364302419676
0.05675944403236422
0.003447946600636985
0.8386585907543308
0.5970151339543194
0.18851431336936636
1.9289851225122778
0.5996478470662004
0.3786702129911959
1.021910056051496
1.560306145414911
0.17913447036097488
0.28282765093161305
0.37979684871401104
1.45802720264374
1.6947307419262418
0.07420733223853293
0.46332124117926793
0.15700008272103738
0.29867945787636196
0.5086503911530452
0.041714733102379116
0.011990891603810165
0.012237432241443273
0.28743509794644995
0.2813427987403916
0.4502098047047337
0.8819021723903219
0.44255290807478914
0.16728523126133896
1.59485055708772
0.6032581682932892
2.4580662573385563
1.4725916571700541
0.7934389541131085
2.370414692244693
0.4057392267586778
0.7413687159643737
0.18162029103236987
0.3561660861894376
0.5328177271820173
0.33349334564754474
0.5773525129125586
0.24934284116148267
0.44914355543158524
0.26375378768233365
0.5031350502545218
0.1726864854914111
0.012879846267340886
0.6461699546509672
0.26883851747231036
0.25501234491208513
0.16933513794911748
0.9621677967308091
0.5978231440622066
0.40120283321792166
0.17828436648933102
0.3663886719874235
0.16147792324506047
0.1622130792500204
0.3558084822081113
0.017052921879244284
0.15539233437570144
0.14191690853933991
0.14194013028422825
0.19263087601721046
1.245175412287671
0.39331941618177485
1.3005623611331893
0.10467527125589096
0.13534920601840417
0.27790419129649646
0.6005263970099656
0.552928233923684
0.3793683107455253
0.974865262719151
0.6263533222637113
0.30192759925282475
0.23554151513067587
1.978479201075793
1.2314064007683143
2.6607447241320745
0.16979435682603244
0.05075074043611634
0.5666844607463178
0.4838671018859672
0.7310923772679444
0.4838464058172869
0.36976428922542637
0.9758401424649629
1.7593118691625267
0.8909465134946131
0.06151672296806884
0.43658545832145396
0.19476977089528086
0.2753719817924242
1.2898688858471412
0.9168510332734354
0.5673114274706493
0.3389026107042802
0.16545168331752896
0.6292695524828942
0.6517719017035181
0.3198373546946634
0.05903973642134321
0.5039453876070265
0.40979359269038973
0.21768106450594887
0.519776913878892
0.5885712423485405
0.130936172423728
0.08940474102134917
0.45367345330616193
0.5802925307449247
0.0462537247290692
2.040228478018189
0.20642479591146262
1.5410731571302114
0.41102608502902943
0.2649887479159344
1.766024618249345
0.21663509488098018
0.23008899455172935
0.2299115107572727
0.1184061212158861
0.2560317946124818
0.8847734311212296
0.12241913317739797
0.45876597800966135
3.0662945403222137
0.8647640332604727
1.1098334590474235
1.3589283089422795
0.38448383020746985
0.3424011562959983
0.2511064282172644
0.004154134217606506
0.08187616124049461
0.1708725135436408
0.6103067823112022
0.19045121687782754
1.613675164302342
0.15776781818658478
0.19947559605448584
1.0218917291353018
0.07475276471443355
0.131725858153903
0.941460451965156
0.06532053584431835
0.9085331149013114
0.4936375713735904
0.2950376669606724
0.7161443275638804
0.3223548960748018
0.15533797017927758
0.4020742929406377
0.2369822803668068
0.024182310315272543
0.30379541088016193
0.8772857581029944
0.07992663599428033
0.18059318271089214
0.04710920030306496
0.0696005157877794
0.16630242821922878
0.8149454551908559
0.43688563711884754
0.06616399020786891
0.13202406129081712
0.9913972678185714
0.06870922858993989
0.5584285491000494
0.6419821447083477
0.04150077303423082
1.299354272711244
0.22641791864941502
0.1617141607494796
1.1017804090294065
0.1566884674534993
0.14864264099040844
0.8534175814800191
0.8548851354015573
0.3257094321534678
0.938538408929738
0.21280211054888878
0.09160644409330856
0.263292805600441
0.07935879922578087
0.05057558747640287
0.877048387899193
0.3279849629726535
0.5172732181665185
0.0947263603711626
1.0577576381077607
0.5945579676738514
0.8345764964799792
0.7494963378937187
1.0277129008849077
0.596486945735674
0.49066567617334295
0.32557438834001895
1.0731365784803426
0.6068714057332141
0.8372444382399299
0.28765958544836845
0.14340485982629775
0.2054751603851912
1.1951338719228868
0.7587273549346103
0.25692991282758443
0.3835835295200385
0.1045747708110691
0.13318745384452538
1.1574267208641422
0.5947999913214711
0.35767677464896624
0.5881371904816373
0.9483684672209379
0.76275586813142
0.12543967396224998
0.8031465203452629
0.7792993213092856
1.625232799939811
0.5125951237256056
0.14791553146605357
1.1323653788238774
0.21664308998165996
0.33957848614165204
0.5027211320544901
0.4124654744554088
0.46829743186549405
0.14029710733065448
0.26627900900102686
0.09674372261726635
0.9672629720085318
0.33901076953728515
0.952663073896411
2.0733884091509136
0.24786151929951827
0.15907716831175614
0.12565436053719845
0.1576438347155777
1.1504020856663393
0.8500567423745425
0.22279044691035402
0.11399799209960668
1.2819610387001372
0.44393694600019584
0.12123458992964914
1.3111661898263327
0.16410959880912881
0.34903818899928596
2.763865402057124
0.09143936439410444
0.26019897777495543
0.7468488148020855
0.08908074875086268
0.047810867924024524
0.4841431072986201
0.7676617849364398
0.6147126508782836
0.8973800054849843
0.16673374357675178
0.056761968447785256
2.7411140749124896
0.271919763159738
0.21883435320545747
1.0955475534534957
0.30601418436603867
0.09596235845663154
0.6342144326728477
0.7274559894567318
1.0911951142411638
0.4876319504229359
0.24035051018260356
2.7541833909882567
0.07817936456942985
0.8601626128404328
0.23007605002101292
1.0551144025270334
0.5292108740793752
0.8006323599134161
0.7181851761387881
0.48825471125696346
0.19244136114412588
0.6981047411734734
0.880590102831274
0.5903662763608268
1.0585023644761682
0.4318546802065849
0.39529477555341797
0.9749806606390801
2.119973985502611
0.3709655472423549
0.4804489112539239
0.043934547735763836
0.9269912540893284
0.39769446375398076
0.37252114080658927
0.06133992038426942
0.07118905751868318
0.701687189834252
0.9274756684612908
0.5010536827642912
0.533585902852468
0.41455769601096937
1.2893146492794254
0.8374512802221403
0.5437260473457672
1.0224205165247668
0.509185176360038
1.173129989561895
2.238441625660765
0.14443216826785493
0.14936902617289824
0.9391945565292694
1.7074460372588283
0.9015201374933184
0.6898470639544273
0.4176288645703042
1.0286719430711282
0.5574859112100944
0.2254290820256754
0.24498955272175968
0.3610628124795526
0.23004736349272004
0.23488624471910063
1.024201156353878
1.0440654472524895
2.216884851034615
0.5006848793145774
0.009206804999725142
1.2879625199395424
0.02324085485283051
0.3298089869963817
0.34279044163668265
1.5805115122058981
0.0056035931034958035
0.2816626752387925
1.5316183299607111
0.8144724362063824
0.3235975924227349
0.39747082540586604
0.4600668752293378
0.3119338662656088
2.4767317004725866
0.2917147093986139
0.10830288823065765
0.577205329316086
0.162752246285832
0.5583229159262953
1.7098748268519552
0.8389347072594032
0.09859193609811003
0.8263949707978917
0.44773421529790136
0.031106397132531376
0.3561373603507411
0.47235875434011537
1.0085940055952058
0.853557814173959
0.540346401833899
0.8109134498683187
1.8883251995944537
0.05225023314149364
0.37708509026774367
0.4027092110725255
0.3769783847502199
0.7570546828979996
0.7304610879236442
0.04006189057920035
0.16827914934528068
0.295677898375262
0.2514014542836949
1.63174388299787
0.5452631270235995
0.0245828085960939
0.11427262392021548
0.8897060201929925
0.1822080786881129
1.1039708612505965
0.19327631561501876
0.044874791652670956
0.0822431423773581
0.38868429288580264
0.10782399295965399
0.20337081963424022
0.7615866103635816
0.0795647239830687
2.2576180993329618
1.5352947536831287
0.07317102206232858
0.22797830071846192
0.6199393483177469
0.33417186535573856
0.31759628177638244
0.2392856359775672
0.7043996168683302
0.24232918463602648
1.2039646504280626
0.2814944413451047
0.7429912437637443
0.03524633608379497
0.2722513523645835
0.2344473356541013
0.9296218697721805
0.04839410112778756
0.038007850344826365
0.45898775158768235
0.24915358989346012
0.7988203771926969
0.20807374096575715
0.11210437167317056
0.19523434970693576
0.9887641161551848
1.076808734798437
0.8415944035809706
0.27544078637954084
0.08457396847287599
0.08730707380806865
0.34622196785624354
1.1441340256180956
0.1320603709981207
0.478486770859869
0.7475474880983626
1.6718348471327475
1.3312656836058396
0.3474640384452102
0.6195087908602046
0.5823529074566552
0.08768286113203769
0.7577740700239592
0.13008854508114312
0.9191022894194424
0.5995781828589245
0.30693956827164065
0.20529670838505082
0.13852615260835874
2.4108898845620175
0.39954976098786527
0.054968698239182705
0.9526503115810935
0.21516634592778922
0.22898561052561903
1.3929618171318348
0.16074750327786974
0.09372388646575655
2.019606902348364
0.22085029751414287
0.29722391188005964
0.6039153318063128
1.7577076992647562
0.5068862440252007
0.33364440189765343
0.45756777901434154
0.06321506341121241
0.612783129189189
0.1362778223893945
0.2734052012222255
0.8734503093985495
0.031191871427800635
0.12847658643519516
0.40324046756775256
0.21706399160251205
0.2390191087773564
0.11383295063937476
0.14313627200184317
0.049993594796886906
0.6964946675186426
0.554225175006857
0.2926839724726974
0.8028081617112186
0.3044060764977737
0.18883143079127274
0.36936827112596077
0.551522868452924
0.04720498820205929
0.37200864296885505
0.15060220047328332
0.06735903174428406
0.41115315230681365
0.3349322573270752
0.07230756767866252
0.280879587562428
0.9322200269292301
1.4096495677489858
0.392017544339249
0.42420311166683283
0.15898846614688805
0.03426824466656976
0.6233245498754197
0.5033486122863682
0.6263989481735656
0.12433944471751056
0.0641452633376521
0.3410154249878424
0.7573498807261128
0.12360359934068252
0.3611524432638801
0.06570766829149846
0.6658743057959898
0.17688043556756242
0.9261744458932146
1.618281512405786
0.3199472627747707
0.03838244658714453
1.5378598945978572
1.893103761155001
0.12564318477805772
0.1745978174117414
1.3903460954146976
1.3415866739294053
0.3220209570433823
1.674175922755001
0.10220295614718151
0.30668251722726425
0.28328272501709084
0.06104983489053282
0.9591341878974277
0.42589782799999365
0.8582375821438741
0.2801606378954987
2.4010299755758533
0.4886242952946341
1.99617427876181
0.20143222434837174
0.43848338755672106
0.5360489268839846
0.3796491316986578
0.7949724518122389
1.055984334824211
0.7387666727447507
0.09466043420285492
0.565718006204344
0.3755022554913854
0.6975448978435211
0.22670536205237032
0.6700750844334717
0.2902693223163309
1.0883349333763634
0.2397744037155101
0.010931630162598818
0.10239305050546743
0.3323249577099264
0.01869349486079156
0.05197882355160566
0.30409450341705135
0.11968636090086969
0.43912788132165
1.4005829578569138
0.15308135709255424
0.04854486965170353
0.3186199056548653
0.020847222374575824
0.03606439355359318
0.17424485901339187
0.20575038556009115
0.19669095015586782
0.35284812968429907
0.35801228858550993
0.20298909166200071
0.7961308508145966
1.253357373344928
0.6321448091078091
0.6849204134058106
0.012497928091295029
0.16883118757057505
1.6555870530417445
0.18170438259610797
0.5308531774327155
0.13308820831867801
0.1253043131092987
0.6260890689113234
1.3131141971887315
0.43450193396736153
0.18955869350097496
0.7668786823870929
0.3413296243116562
0.11958912936001077
1.020621988170334
0.9531297139002656
0.47631501431490525
0.27873971705161754
0.10316340198554208
0.1742054581397474
0.5003159891730365
1.0608814993607065
0.8159893588449599
0.5247040365160759
0.1416756880228471
0.3901455883422338
2.0654161823163895
0.16287058903057372
0.7935702519247391
1.3517038667281434
0.36684192185922554
0.08940695677008226
0.9101668571366004
0.7483104488061371
0.6621666858863193
0.8393367668372828
0.6805217915067142
0.2655081231149328
0.23524980728253228
0.20572745934008554
1.092696240045002
0.24022261678608917
0.02798540581804123
0.09211355508401865
0.837518705447592
0.5202254633079507
0.494444677268599
2.7255481962277117
1.782649025175693
0.6715029840341081
0.09744360308337573
0.32124958598663517
0.39730522082059244
0.46476592854558607
0.4984588469201873
0.5057526683549605
1.0153096166548037
0.6439466567371163
0.9120009538226388
0.17669069147517763
0.3202780253484073
0.07591091977245171
2.0642924022038107
0.4414568037313452
0.8269090179335239
0.45185405710660165
0.020470965745336786
0.027890083133367993
0.4166958923215085
0.7752008463628193
0.20275327715333846
0.1462036348129366
0.8030252343977545
0.4966008400414398
0.5483781709872725
0.9411639149083959
0.11715234367134021
0.3866833798601582
0.36739154166262106
0.029473623341407847
1.0399666523557034
0.10772293731884167
0.22172101154707283
1.8727778426477846
0.5839373245535677
0.7479963924121924
0.786744226311584
1.0973084875728671
0.2981627620734385
1.1070403088968312
1.0755249599001493
0.8426847660611593
0.16261014399011706
0.4442764200473277
0.22483257874995405
1.8437230665205184
0.7435396339583452
0.9758123758265395
0.4836455340093349
0.3526288516446426
0.9380833412009651
1.2293251362916513
0.15928871116094234
0.3309256388452968
0.16349493521692315
0.20469283315977535
0.638669904997927
0.3677421515567746
0.8314940475338665
0.17397058292077983
0.5740281544361954
0.4129921303888352
0.052540910205336064
0.32860268172089313
0.12866723648441925
0.02846501871649524
0.14513603319306198
0.008668882461674876
0.18725639371206307
0.8406263075571002
0.25073512786936897
0.3949769449743372
0.8107527722869079
0.47774774512179546
0.220777118601773
3.4927937949220826
0.33870423590266885
0.11297843158324189
1.6152191384106138
1.0636766121997443
0.1925570931662813
0.17884673009497992
0.11180591114589077
0.09592010545898204
0.16240512494772946
0.22836015129223786
0.4112632123676038
0.33176460885393083
0.40331300066338055
0.21280092802409162
0.9345938730990986
0.3538718846773514
0.6393424119987147
0.23508454827675715
0.7489106127301876
0.056086636808217
0.061917725615354434
0.43713883595393316
0.09650656530283916
0.9223688577106576
0.3609727331033126
0.5382172068496388
2.314912966005377
0.2948386138709453
0.9129516611962215
0.7446343623824857
0.1261691995979854
0.25865121402428737
0.48146857399342946
0.3788034836448077
0.19771946833922166
0.32295408231529554
0.23856618847299327
0.5913253407524904
1.2865324614963698
0.7986391293296153
0.8217412412788928
0.8395188112026624
0.6381365756044264
0.8846381678702537
0.3612601766780743
0.2349451762786097
0.19820099972919697
1.2109510428121375
1.4543867189963928
0.5055299213740984
0.3693560126463738
0.22846231448306056
0.40799254246734035
0.5928524455797601
0.15539417248818635
0.03630113209975088
0.24967256656898895
0.20049376536028668
0.061440225944792745
0.5246451067777484
0.12252841231831943
0.04937517068241595
2.3557351602850076
0.06140037402067833
0.33452482453712246
3.248850141373171
0.11145661127351907
0.525597591618998
0.5025032245777491
0.11724542405460847
1.227579848975827
0.39006704353104976
0.6822445856201129
0.7938248081702692
0.8290862332551256
1.1772385670916072
0.03717836835585057
0.7321801540371785
0.440584881803834
0.04552767341061003
1.029052785037765
0.678964461646136
0.14397450705743448
0.26972965050747216
1.1743487792344522
0.26927213234323893
1.0847922646911425
0.3981310077893678
0.2564004271427808
1.1043310183088066
0.18654054377678916
0.37259434436998656
0.9491285970716836
0.5542593567636223
0.7306198465286065
0.9815714794229696
2.207924371882976
0.33268729992503776
0.3041080364629679
0.30661335563784703
0.11128133598990667
0.727882564347232
0.1550355817606138
1.6167159771877229
0.29942151663538946
0.526252091333245
0.26594937486884995
0.6737062411460111
0.26319630482533923
1.0387674523013297
0.5945211659349433
0.08738129234553559
0.1492587041333328
1.2063891352289107
0.9196337144151477
0.021648854467617596
0.9964702277088778
0.26729683832871587
0.04981549828209134
0.3812935986761063
0.40517525015854955
0.41837817797850113
0.5989317300842231
0.1301754266098375
0.21098659793585328
2.1507968964391235
0.1476746045238221
1.3864172186475994
0.12408484205169297
0.8069483141029785
1.0870941414810964
0.19678892587788746
0.21484808084308044
0.043887238008759044
1.2677339212808258
0.2079467265384332
0.2009849591903067
0.3278196184888366
0.2566284409441615
0.14426912188227603
0.7420452888979681
0.8239494553219315
0.6656689122296177
0.33423976836957936
0.026694625632040957
0.08599243797494129
1.4611973970427028
0.22027205986131262
0.6499005502936483
1.2030373439736815
0.1011765121785093
0.04150812005258923
0.7114738845583733
0.17178289802008395
0.2729349220014388
2.4247413397772997
1.017184566063542
0.2688839868903599
2.1173053862880304
0.6293805567626227
0.2861977646903655
1.2070358189188208
0.7626732686442332
0.23507308598258708
0.36404588521642794
1.79394002053671
0.06434613094078279
0.4384153685836677
0.39494672025585686
0.3194686992110448
0.7470719085114911
0.08787207350025032
0.6820386202876811
0.2557453278331014
0.39315948574321014
0.5441047668155844
0.1738752442045087
0.01573234007862248
1.0384021502871053
0.6566596809421292
0.10886094990853915
0.37996764948914147
0.5778006499262521
0.0455449968703953
0.2575570356669046
1.1049278093422872
0.632068260505141
0.26469781615804183
1.4096117423850418
0.3480480687716926
0.4339361893124642
0.05716271788097981
0.1406898251496581
1.5377654773846088
0.16390927619143655
0.1257892875646266
0.031804587929542605
0.34473601435572576
0.21373126656552588
0.527296721704943
0.4842646661812319
0.09413610737312769
0.04612776629012719
0.38256205073081234
0.5846209754844327
0.4619247239013871
2.6400098940087418
0.22462316073203642
0.455903491928623
0.2725791111814747
0.31668021934440016
0.1381976793878393
0.44481222875507537
0.15304202395597905
0.33490622217129756
0.5754236807575115
1.1099041117975739
0.765644717920423
0.7746046089700522
1.1049500003422972
0.004238951293865132
0.901851102050568
0.07991140906954887
0.25135874058804875
1.2753137891391495
0.22551229585270344
0.2647055727194578
0.1317369409351908
0.4564361574153577
0.10882341125533511
0.6594059599546155
0.7880441036808075
0.3153395281624637
0.6033287451756459
0.46307592306519485
0.6802536294421702
0.2939804426776214
0.5895344925535365
0.8905274968607232
0.7159887558149377
0.2916443657826108
0.5380850876136943
0.8424935084486336
0.1423435668072079
0.3881474800973686
0.8033420699588663
0.01934874831504314
0.033523576763892525
0.544749126601849
0.38297037600288364
0.763118868496829
1.0720823734469802
1.1706071670993698
1.5611486559683863
1.3226460327965872
0.1511635480578776
0.15651239703317804
0.31591360701156784
0.28714522296961964
0.4190811304162216
0.5162117957457264
0.4880883908825248
1.0966806333195995
0.629259297674205
0.6704135749191372
0.3523455799100441
0.9552089741196014
0.08372519969415074
0.18370764147103322
0.41237085364334897
0.47509277076869355
0.3813624701058302
0.18582854246993322
0.23852925920671633
0.893570929914369
1.0118410872287662
0.2423444160083046
0.7628427739269908
0.5658851779375844
0.29460043043064005
0.8969724634557517
0.822206421463998
2.000872324688202
0.19516386849208814
0.1688550206492506
0.6233699419450598
0.39003107261815195
0.8344115739072178
0.1893679646114099
0.21574706284215525
3.0701742956039944
0.5314122038443078
0.35255513875807387
0.6020298595310061
1.1027499744551457
0.2437033087170346
1.3978655611604187
0.1300570383650785
0.11727573957411198
0.42955421575264924
1.0897807909267356
0.12086396185803187
1.4431878178799473
0.594812253775918
0.5747030888571777
0.7489858493336317
0.04586047601738243
0.021019980539518413
0.593150568475877
0.2662289454352954
0.10899962104558787
2.5641191970236217
1.1174731517419196
0.4686625394690513
2.2138762153610405
0.27780941819558574
0.2851045062759841
0.24477904480639126
0.1863895472950635
0.5678967821692237
1.2434711377751309
3.1079453452890937
0.048092447257354495
0.5632977762182767
0.054421834316625985
0.23255703024816846
1.697222973707883
0.17212408851737213
0.2257369890888187
0.2228911399834237
0.8049655616283066
0.30486278219078905
0.1757594309849614
0.10716383133599604
0.16277820803678467
0.9373537094363191
0.42607222287703694
0.4744379631147547
0.9730160248526623
0.637347272739548
0.19545373425354473
0.4896499692404053
0.42195832715647125
1.0111467192532173
1.077912467693006
0.337871726469748
0.950608501481845
0.9952886289383555
0.38720468162314114
0.18051873933013354
0.3575345259427396
0.16156631050835302
0.5972108736137239
0.03203009146921603
0.4829252714063709
0.0817648954272041
1.1683075939911507
0.3271074240594474
0.8562695166672611
0.6060246786443159
0.16591728563043412
0.15275980142089146
1.2072038269749952
0.01972474188628462
0.6711048053056257
0.4012015064373149
0.06309426733562117
0.14883917819326506
1.8265650708121903
0.08539509200792535
1.2485736542608583
0.11763469385036004
0.19907369778943496
0.14416087035273906
1.406049119822605
0.19503183245060993
0.9831593148375586
0.48726650152579776
0.06982966571226441
0.6416858922864439
0.8014574889536891
0.2578553799136685
0.09686952353882643
0.7430141098289523
0.1923409746626213
0.09942416805247226
1.8903667028799664
0.10113065290810404
0.8782264259519613
1.3120017691685697
0.2691291601299568
0.22879599896070146
0.33009555857822903
0.3754005965056299
0.09007251195688162
0.39422639030303785
0.8087569614747239
0.7534446838752161
0.2393107589875224
0.22768774116526094
0.17486178610818645
0.7501769817433214
0.6829510971842758
0.2736596066920954
0.47470431765512394
0.15689792296674984
0.3774128342034679
0.32817011235625176
0.7246538768917807
0.7172137099229431
0.7335559080402585
0.08323314720584737
0.32149913004930963
0.5832779577419225
0.11316225685717791
0.1084274454895899
1.5691471051096082
0.6780933955550623
0.1007575888695829
0.8945190059926802
0.09647478457096922
0.1799264082160276
0.05537924463522912
2.108780941097028
0.21702573520878513
0.47793912549645295
1.300944343346038
0.12915302488348268
0.07870666124650817
0.09071471936289743
0.07098655065104643
0.17723489604561432
0.03423206494198268
0.06514970534175044
1.1409459620820355
0.3158402892112572
0.178021845845826
0.14143131352219088
0.03825819444379879
0.0031459802692355
0.4534776288889582
0.05130124713078194
0.4001870539136257
0.015428646158396354
0.2709805561076442
0.5930725205234537
0.4306994575032525
0.07860963595907765
0.10045452870131867
1.0508691552893006
0.17420181664939405
0.7410048168454507
0.518200566667297
0.5358628540417555
0.11181840792057891
1.119903003046358
0.4700808597159457
0.5995264902924258
1.0201512164203472
0.18019657714122883
2.8920261876102136
0.26612761688203485
0.28218480502340865
1.179823843129694
0.4666875788319193
1.2861545090230666
0.142636792244784
0.6350446996675565
0.2017078573610762
0.7334444558780667
0.48801340000255017
0.2818645360909764
0.11322977814548187
0.6539895275195597
0.47455069420487467
0.0569577303486352
0.11015768972921272
0.0021004711459258005
1.511120409380492
0.7805541657064627
0.12940492511244914
0.2572404347291797
0.20907877303262917
2.498677403563124
0.6513912080536186
0.4573599818062605
0.24326948432370607
0.15031268640119108
0.4422362924645803
0.21884923955968089
0.3807510336347875
2.7282167748444963
0.33713180353581235
0.9988899816081303
0.33599635089330154
0.38872384789833453
0.6543391809907287
0.9708803304419301
0.4852841412457484
0.1946199279455364
1.5637812438153094
0.3314039498523998
0.19213767354261224
0.5180196964841338
0.12003823821733234
0.4040554736010789
0.6481856738582541
1.2937121575087382
0.6101870148372285
0.08145934112062118
0.01460916803793168
0.2587135253396108
1.0323091577402121
0.433362828760249
0.37631129058155716
0.6135388454567637
0.14020374807874164
0.259743698909386
1.2651635336378313
0.24804796087846495
0.3456091294465033
0.6287081689527255
0.18873752232761165
0.7354368979288308
0.18973025245979816
0.2863513026671612
0.9149352700131832
1.5004967952965507
0.11537525892476587
0.08692193215332
0.7267367949248231
1.3016738859906767
0.32329150229131026
1.5386001578937423
0.5026577471960808
0.7686237543569794
1.5357220232242668
0.16920253075334823
0.7586539183815589
1.2640225574590862
0.4083352462716456
0.29813415945516136
0.4659051984182246
0.11619632783254846
0.507478960989739
0.21095568944985243
0.42355876967891243
0.10205161557207115
0.804907724281695
0.7058748756538881
0.06692032767280327
1.6001675569041984
0.13452409288894485
0.5250904664239823
1.0390658864851106
1.282598781952641
1.9629569537962337
0.19208787934319277
0.3374740794286853
0.07720843561436616
0.31062081500704847
0.26018380631853966
0.25458589953552857
0.6634805244122264
0.6809283544874503
0.5293209411392983
0.4416076806501193
0.2154998776828037
0.21362145816677072
0.3239719933701795
0.29942255332923573
0.2235926952951281
0.5740367823454765
0.49690122810086923
0.11658088677481712
0.4502957583698271
0.1523370036343151
0.04309673488621341
0.1532711271885364
0.1006464946436117
0.13782777875290106
0.25308961745349573
1.383125930968107
1.6756398163460355
0.10051208971581532
0.04836453495813311
0.12783444724897072
1.1447765233646707
1.226597561804964
0.43810811230881286
0.4243456013548251
0.4558928310190123
0.3050321606070751
2.145095320226502
0.6348992336236269
0.09158313821177178
0.5201183932155307
0.42312177316155114
0.1739008284219662
0.768196091044524
0.8948406725741951
0.056311829687275126
0.3883613203065891
0.1769993551105987
0.2515262948913829
1.588335125115739
0.3546259208365536
0.3684001598521426
2.5062174023931933
0.7717652753669988
0.6336216354894139
1.3248105398453176
0.37151042411212293
0.5569998557742156
0.1978144551831194
0.2973758360803431
0.22272344540711586
1.7774474661335884
0.1809098043495792
0.14331663663862823
0.03500816659978607
0.47688660472546823
0.012883609778378576
0.5732926674055379
0.6110860590499189
0.36757790531823786
1.2691105047948934
0.14687508687069786
0.2184658500125243
0.27442732384826335
0.07673976245964759
1.430025245075981
0.0022285918605559753
0.057858869085835464
0.050075881750291235
1.0769317789932882
0.606335432624759
0.24559660712910933
0.9307954849903873
0.38877017046184215
0.250639639914425
0.4962915252674095
0.23397958543943556
0.6573581392335194
0.5090357353167697
0.36465622245248575
0.37036674282505677
1.662724513721778
0.1726129054325744
0.093081271538594
0.9368935265543156
0.38574926841417273
0.18360173163695423
0.18123390265744374
0.6977365855738988
0.7086489933601566
0.8329024363205085
0.2539059929050119
0.03916503610338038
0.9180600072872683
0.5014657476141076
0.394905768664747
0.7307805672764712
0.11491041568914372
0.09810830612149819
1.711540869019463
0.0890027847233082
0.008223101912776701
0.749463331218873
0.45268705689474614
3.1245696713691844
0.1756500205610376
0.6494592380712881
0.014879693030279058
0.3419939855264886
0.44390070195823
0.45298021583303544
0.6183643187335238
0.30797552324434746
0.16163751121664288
0.9220295892871575
0.6534567816008482
0.04832709436273478
0.19501811070101158
0.13903687552398328
0.12354499107168145
0.34516313285526085
0.0567555455106869
0.3467664203196832
0.2250869283717386
0.2332522987647335
0.32667414380122944
1.379151249458849
0.5182931677256726
0.3364902834473726
0.08382926433191688
0.1464785632532006
0.24600234318251646
0.32761321821094624
1.4223838840326777
2.213905767791991
0.8188217422807686
0.05374645442452172
0.03116931616939382
0.3078281719719507
0.3094335968924083
1.042275332651293
0.31380343300891944
0.08842649004864901
0.07977183447629839
0.831154285745748
0.6544336170685419
1.0952000951080796
0.487240792921181
0.7043523575840394
1.1556149778830085
1.1883994914675136
0.045688505853927516
0.2046394741449233
0.6208044032459376
0.4647901812299975
0.4226705702581852
4.022401361327132
0.052785739186539525
0.28241351037905066
0.9029347458878281
1.262724310833502
1.7116962912223725
0.11176026767747621
0.04171748417497664
0.01171653001458102
0.9124334582700571
0.10003355220880723
0.25683026337029274
0.8836139971638827
0.05440282495195414
0.03281445044208539
1.1181231349535394
0.08111862966908545
0.7469285109883393
0.22846175696427107
0.46784691787040844
0.4794407910891714
0.48058609977572614
0.10470003882831198
0.2561722985793983
1.9475240022110698
0.6177046534654915
0.4740910977686869
0.9118858958634213
0.6278890460470429
0.7294772411716833
2.2211062624041222
0.1836103641394583
0.1087767680812386
0.6459648946342914
0.8272564739817578
0.6989439145404396
0.37013096423172914
0.6313700879416899
0.9950213113402744
0.2908113246372977
0.659911973556285
0.514281825913578
0.2312703715225956
0.5401027117944391
0.040845276319016396
0.2927222000013434
0.17660234615725895
0.07354506542427842
0.4549330761973873
0.20356874567754712
0.05882362906173093
0.20737820638181925
0.27350483862832314
0.07531017379790625
0.8283993214505003
0.8000725327091018
0.5373415150599398
0.3359286325318905
0.05035396788981914
0.15798819539982165
0.5181174655259367
0.48072444323529406
0.2973408942626305
2.4878411611526943
1.4750787868690274
0.3894923984442211
1.058367393404771
1.9534670194954606
0.2695835543141421
0.03375692964683668
0.45037368954147317
0.7615879059179554
0.49472013137346
0.473464680840541
1.205233202878297
0.36475413432866993
0.842119098346834
0.6427684326290535
0.3164052367547707
0.4066149530919213
0.5592747039812589
0.3914158802529117
0.6206657798890562
0.46694838307110365
2.20495625082942
0.12493511928120206
0.3362206345180986
0.7756577855660975
0.07531472754991715
0.2944595028481475
0.4894673192208611
0.4709128552413804
0.7326798468891906
1.2253475171068302
0.15879523531146153
0.2615247174845861
0.1332391947912973
1.0968895482426404
0.39758199661511845
0.23871660481877305
0.09505127684748911
0.40782232956608494
0.8398530408891477
0.18196061838806007
0.5207816607618556
1.0857078921972851
0.05019838870765992
0.5553010743568013
1.4389278679210498
0.3315101914980951
0.16402649735453118
0.9867168980686871
0.16666538569627568
0.9895747031428773
0.6693290442478754
0.5409256784893044
0.07915496861107764
0.3523904086992351
1.1386390787002827
0.8266507615797917
0.10493747025720286
0.4810878051159252
0.03311861145621706
0.23532921128378964
0.2953805572429574
0.2473782858061281
4.110766199602773
1.440054300222117
0.3736539344757157
1.0004543230283238
0.048008745098749486
0.07816664361897929
0.708483203451222
0.3105423886636673
0.27338761471111633
1.1381256873139545
1.3024280427460642
0.01354734577505682
0.47646099348645826
0.08413087789610431
0.5428123181283491
0.4494626685642519
0.4661559506118996
0.12678643861309807
0.6286322064228198
0.13436400536446283
0.010576463389765615
0.5700466502820911
1.0883586026985317
0.04722350675020567
0.5408314612459126
2.3401380432665504
0.5303538091865215
0.22746147076202297
0.7849860480230325
0.7091209861085236
0.4316920879024848
0.3176255900782013
0.7588976194608662
0.13094851382340145
0.3988068300264401
0.15499151987703433
1.2373490881471663
0.3096381731897144
1.0857402391103144
0.09929514430880575
0.18530806939166658
0.30163765653989366
0.14713310830592824
0.5567399648103877
1.9868189894153514
0.8571080431114048
0.06622776724330676
0.2744971884931438
0.45066807450643454
0.7812207858997849
0.20922125425754104
0.8062518200891202
0.23013288748687616
0.16256313987547516
1.3156239840234816
0.8124812188312606
1.298068988577252
1.671696490104946
0.2695963622400466
0.4744036637733333
0.2717900653040463
0.3009500657685695
0.3370160999570318
0.7150807522101044
0.5550646426104674
0.41525695590484063
0.16176651925149402
0.5324447062347698
0.304012425977502
0.5924719319133904
0.23231630360331074
0.019943683597215992
0.4189433292468913
0.1640529560810929
0.14172412244233817
0.8805239777346292
0.302102871388329
0.33642620866913797
1.4638434238201683
0.031607917334891475
0.23652770136241044
0.5944438967399592
0.5013734808603175
1.564703040077195
0.18113078025316162
0.41533708939625547
0.5979765185920347
2.2706198840899625
0.33370502586441525
0.37900424676809913
0.9636631144993749
0.7810923187201457
0.3508129664800494
0.27740905748678896
0.08467881580110481
0.1476403152701566
1.128352604115342
0.238972809146614
0.3310624678593327
1.8253695519941124
0.15474239422113487
0.11155623405187233
0.672992206665172
0.2304536018379225
0.061630229264617656
0.3333931779898307
1.096987070966509
0.33969568819304297
0.5855669326854747
1.3863681875039515
1.016221581911663
1.4848694302586665
0.5767327956723812
0.601568207432572
0.4216639187705087
0.7044672847592551
0.7723127647940368
0.45140240233129425
0.24487628023013835
0.519338974933095
0.8122949440784885
0.061024340438181744
0.7952139933943331
1.4026010087659373
1.3511128337779632
0.15176648680923613
1.5310665301924045
2.2415535821992254
0.5878559592865581
0.7717840258184152
0.35742390168235233
0.9499282948798312
0.38589806059488685
0.3419941691743915
1.0030359281111567
0.13683630455383325
0.19956909306566062
0.013620390450271158
1.5268860547004537
0.5146866022136647
0.4522995008549346
0.9891340209506291
0.4041355893019356
0.4413934253564223
0.5383616561931049
0.05900826439332434
0.6312052661958637
1.6215393163965879
0.08439832961028335
0.09260871074300943
0.4418033469304178
0.15364212251873263
0.24762351951467096
0.8265232947313411
1.6894389908401954
1.1122952029326125
0.36210946356973195
0.2511499681837568
0.41482703528073633
0.2814834541701463
1.29442842137817
0.3250102558822696
1.2234151676134997
0.11463259247676415
0.18383029157418257
0.14529449560278307
0.021750872371203284
0.031300068766364986
0.6476848677138725
0.36050561540227255
0.19899195544694606
0.8962486613853833
0.19624177668751694
0.41696316038836106
0.226625324572778
0.52612557777286
1.5892777258971733
2.4407121679178343
0.17305794844572406
0.059273291525735225
0.6398269102604596
0.413983347597163
0.11039523423026398
0.43685446768015457
0.4118682380115384
0.011754545069795268
0.3196854224538143
0.06595509039843882
0.7852509292423714
1.6045393849258103
0.33209464847862796
1.282394286365087
0.29273631446181064
0.645230678084373
0.5189275943399899
1.5861011637814246
1.0561858916246947
0.1268538362043932
1.9842693053805642
1.2845820504193841
0.9147737634617198
1.5679740407394516
0.6028006604724152
0.2511525013555247
0.4863355082265762
0.3724458299861965
0.5362746011915819
0.7914079549509154
0.3080984445820673
0.1824721451265683
0.5874363306786755
0.31290761286626456
0.0728004043149424
0.22774454217270826
0.5209369080818558
0.14895875078452284
0.09926581905048197
0.05883438904481266
0.3630489616857105
0.10453739257498822
0.4085327375789291
0.20365819368944366
0.58887779288813
0.5101871238931794
0.6705159732258332
0.2151770021596806
0.3567775898409526
0.7579871932103985
0.35224741752541905
0.2283234809488534
0.31156620546909963
0.2868746400832059
0.30070712287048634
1.6646890007563837
0.8711287276240032
0.241245885390428
0.16800629652131532
2.163258360605396
0.49087704593107395
0.4025495816687072
0.2609609448107294
0.5505412980688273
0.13090706571625435
0.8773509790876466
0.035163634521875736
0.36472348399084914
0.32142512353962704
0.3485450875540023
0.22647538346098012
0.9684233979091316
0.003602395278187793
1.2345738756117215
1.0251299604595328
0.6978983479234787
0.8591452404262259
0.3512780334066113
0.5801179149580282
0.37880244136163677
1.043416036380486
0.12649024983787927
0.6212925284677028
1.9744498767724474
0.06689307631466848
0.48110482583899217
0.5852403493503432
0.08311774028426237
0.04577781262819104
0.859415412177916
0.2658035643195481
0.898728013626231
1.6345464366560258
0.5446247553401291
0.5661569303782679
0.32253858943133273
1.1104583045766654
1.1603029768548638
0.21668565758286684
1.313497337834236
0.2547214829228397
1.9663458904487965
1.5389135633153794
0.6425371470896999
0.3744399672715713
0.18303529223470494
0.21356632487266955
0.6758247645453295
1.321553325769276
0.02931662810952718
1.650175449327791
0.5768679439415801
0.2554449523477812
0.04627946633800859
0.8221940661147712
0.1695995790293348
0.4728251274068178
0.13841518532988703
0.16095008751615641
0.2559196999757104
0.5303962303138917
0.9284449840499126
0.883873073283905
0.5216247351784855
0.5926482532993466
0.3627910460666951
1.014257951238834
0.45949222767909215
1.1659061680916498
0.2714274044716052
0.8869072330936082
0.7516896025193904
1.674220105706943
0.4254518208236409
0.5649524565527364
0.07769527413517546
0.09509220072957156
2.1744733014300244
0.37449366901232906
0.4420904252601664
1.0995709427978928
0.6229103040422937
0.9090149746818228
0.08953761145743848
0.18422166879448015
0.18554008625908397
1.195885458474274
0.6475262576966943
0.43546279530419424
1.0673752358979365
0.211696939813665
0.1372694056889362
0.1649075263201473
0.039786807693190956
0.1047658551077263
1.222255291480475
0.07335062089512281
0.4063623317768573
0.20620481749297254
0.05425618965221399
0.9655258190689685
0.6485923980252105
0.6059224443082418
0.3800200425350143
0.8545513220167152
0.14940683497447801
0.24909639372105072
0.1878343223451567
0.8471912311131294
0.12022301358964871
0.6722501760406856
0.03402236109763171
0.5386621884647314
0.30699026619424286
0.0021923798918570127
1.0643798068156554
0.425744153988015
0.814958030913814
0.06501209535167328
0.48646695491690334
0.02276158686044025
0.05974828224225637
1.2894382596587144
0.34973490015823716
0.3462451729953393
0.07721316889684016
0.21298595682199706
0.2163079325210194
0.5623759477365649
0.055903758845878435
0.07992584029551185
0.5581439630917004
0.03870405220134321
0.06878608647530138
0.3427034225032112
0.5227238261020298
0.24128138801700202
0.8291887987625891
0.16512031780933015
0.34585909435649054
0.16174838924463547
1.4917498808382916
0.674554201301815
0.2280845853800012
1.5195020513331152
0.634365188454227
0.4053726087944602
0.08156480344262486
0.0899029053891186
0.17560863869145643
0.5318434696292262
0.03800274606339633
0.8596942768156571
0.647984633878587
0.5269375297760711
0.07023065937300305
0.24033563650326203
0.2817534018005007
1.7179257179404201
0.4143667445365201
0.1421360888010811
0.929086834446559
0.09053526083387216
0.14265570690796311
0.9058100957831478
0.09604228824053429
0.049799312108067324
0.43436161707219256
