0.7878494484274474
1.4573984794863748
0.48359787390028314
1.2769817565588648
0.8755864665569968
0.906877214135543
0.9950777629904971
0.1532002675318767
0.044386943802989756
0.5534087463288181
1.1605698665420645
0.05892031954991991
1.0734499913910158
0.15383343008991515
0.334730927178426
0.15702776367435073
0.40615654206665075
0.8763895304245685
0.5230196843921393
0.024451860169240638
0.511453556515947
1.3613481656472797
0.6112798105115949
1.1537589072504644
0.4686171756966517
0.11928103545686304
0.6183277795869774
0.5376481838122521
0.30613756820745486
0.19557263447569745
0.6620470103716434
0.17126638616043693
0.09542440623796644
1.2881670650234993
0.3980908976613713
0.5199100008846671
0.3995780815249609
0.22888682468691132
0.49476122255841964
1.0869486721842192
1.2436575972656632
0.37991899122054534
0.8468057183775246
0.23250705599930177
0.5149745927540973
0.13787266009141347
0.5906469191310711
0.4632870784381709
0.6391829268452816
0.6889332997639013
0.48202063681149954
0.29089562933037977
0.49891922234850355
0.6624552163777995
1.5927091671909865
0.12318059964383961
0.07276495348181507
1.1954958327013658
0.08999054245814755
0.09143682302208715
1.837385160733003
0.9523827233891768
0.18896519678809656
2.239589441235127
0.39363068200192286
0.12943497236090612
1.1065299688826058
0.29324769070220946
0.02472429955579358
2.8413980447351657
0.6025285052240621
0.02183439980156268
0.8410151072144606
1.089128311839164
0.30068939965215236
0.9851647809252163
0.11817201768115447
0.1109195184948799
0.8708043592976848
0.02428890429482798
0.119297387044702
1.0413038693891161
0.4290935780195821
0.09870872434745491
1.3404410734570027
0.07488634505264476
0.22484636360478247
0.7087095068479556
1.4336459268070068
0.8270244583070705
0.15877980149436705
1.1555592526132168
0.4884872586119951
2.559431504857313
0.33724215612402086
0.36075305143507985
0.23421774428285647
1.157577446944599
0.2703738458955823
0.6561230330946763
0.5859113863914938
0.139332102355945
2.5074895108496085
0.6981101887972142
0.2605386830531473
0.5277288767421067
0.25891433026199917
0.34108249811749536
0.29497936452447654
0.5181559924537745
0.1996899462387214
0.5137789013879945
0.3398311845652463
0.10320284370390276
0.41063010045336273
1.1866353503572975
0.06265821795525639
0.48495300635243155
0.1517296041425309
0.5174476628250357
0.28535887451026876
0.20980782808815132
0.3242180287570954
0.49268018168772976
0.8450903462277893
0.10284479743863674
0.0758225121620101
0.5741857705570503
1.0064981871533145
0.16237076108189014
0.7543665279814661
0.4250167750827163
1.7101055389725928
1.283562030823849
0.478448587854883
1.2186002002155198
0.0295839389139011
0.36202833622703845
0.43762549553252944
1.1088454069825595
0.7591804030039644
0.15201931652376086
1.2812566006686592
0.3028016301230061
2.046815238934552
0.8089245954611192
0.38416951477876404
0.6645954608954776
0.03660140214750489
0.04899888106120441
0.5558965652631636
0.14841330161873909
0.26073695837945327
0.09060713476324841
0.030667788705409458
0.0854086854980815
0.663835416620917
0.17139758971587588
0.3685789061207348
0.7432471252340005
0.4447721166891569
0.19679851840991594
0.34765155822742927
0.633043135353301
0.6586475894272653
3.3822508507642723
0.9988192934839958
0.850126907236936
0.9371716697947582
0.15737454912107726
0.12672316728508268
1.3320103095486509
0.5962582066740408
0.16586064178350207
0.22425837072030053
0.30744214199300723
0.6243610650801
0.10909983837833116
0.8157354703998844
1.1482652735047605
0.46462734581719567
0.5879970375702934
0.23789381344925842
1.9575644683291729
0.46330747759777624
0.5661659705938187
1.1275219108145955
0.2283491680193501
0.6719819745021519
0.4661974551463195
0.17215812877911466
0.6607676711718619
2.144939270748137
0.14511702332685505
0.6265176656518554
0.49246740898864344
0.5065541080668969
0.20013885978249735
0.5097593630902691
0.4080020964049385
0.24809662030257573
1.0177337144667273
0.4668926831459801
0.9764340250063318
0.1298298165519088
0.17469160510903478
1.7799327353504704
0.6401132997652732
0.20252772567227328
0.8919308559282341
0.8468831732237307
0.5076422641421127
0.27462724463034754
1.830282979775995
0.3599616915039022
0.514199190236387
0.7247453279070005
0.9842192700198839
0.4922915035309858
1.0377276422401949
0.6686120736245399
0.44551014916868475
0.20298858328089292
0.19186211593966526
0.06766263636206618
0.5201490900268837
0.5003622800165778
0.024217207625418805
0.2532040175991665
0.6038536024249802
0.1555159531213272
0.35060046750631546
0.011069020327056533
0.08574023329163605
0.1807151549084929
0.11718449349936153
0.31975375188816485
2.184870550613002
0.5297001147767203
1.0852702222906982
0.10143232751023518
0.09053148426190818
0.03619998540746956
0.9735965520162749
0.7255933102321883
0.13653139476728784
0.04664119402190283
1.2971669132422516
0.8945856443479254
0.3494006669251456
0.5659494674422524
0.02692298667860027
2.0079140772348025
1.6071180149288937
1.0852420131110514
0.5391991767927121
1.080607232925137
0.8507161235015425
0.7495328157041764
0.3126938212288665
3.5682138055265384
0.34157689650547063
0.6934536264933858
0.40615449171976986
0.5879116540975766
0.5184245799616233
0.42862050747689295
1.3640696308759952
0.17247914002898732
0.20747350105600643
0.4796675579318983
0.017757822978663393
0.5334787019469005
0.1111349800083288
0.46363951170690076
0.22491870622921925
1.3258915129832758
0.21768650090918
0.34013180512922314
0.27468948571124263
0.6832424045433412
0.47329310044872036
0.05180537059958775
0.2875992210527272
0.046053090112519325
1.2373017153510435
1.089110452081445
0.14571182318938342
1.183388597224587
0.6039622779584578
0.18739556882823655
0.8500363245070837
0.2222513779928493
0.21554832077475197
0.7462258363890568
0.6264919761953629
0.2981553188193096
0.17369588194336208
0.4350241171512157
0.17041768789820652
1.5346798587794022
0.5413366651383626
0.7547695518288213
0.3394359234568002
0.051595833197204816
0.2061478269910124
0.4867503898194922
0.2497551258951285
0.8448326670841397
0.36132607011126194
0.17626922346066518
1.271078586131145
0.29691465892316127
0.29916884004318745
0.9992829647614851
0.730872485282142
0.15022133990228664
0.37511833887677626
1.3747804667077568
0.12773273072036012
0.01598660732428389
0.3199690449297788
0.2968891690804711
0.019888862925822624
0.8859010914234375
0.13477698420491832
0.0592608882411161
1.4616106579647394
0.15046979400343247
0.04601887600552701
0.7614260193587779
1.431166745880737
0.2762517028209246
0.3304098939418793
0.17838362664366555
1.0396856306645497
0.10585726420186181
0.3081168258375323
0.1747546311717836
0.297455760440299
1.8805246165210765
0.415868545853741
1.131917223843005
0.269050094371312
0.6993387011449224
1.6177235486121673
0.2433528286368724
0.4829013871485154
1.8292383049155667
0.39274829393732535
0.3816055070335253
1.39904576048587
0.3153315824917449
0.6931087758693494
0.8069288694020411
0.5267101834779294
0.575855489660458
0.8176971812284388
0.12789310087773748
0.5978880611340588
0.48834075270602106
1.3787011660427033
0.4855800902258327
0.41401447533287433
1.235508796151755
0.19820260137339113
1.9363090205875282
0.8501782628137297
0.48014973869619815
0.37983534422273185
0.34444680436452785
0.18717446139926786
0.8157470376082798
0.09405455386764577
0.07331935589726962
0.8847534646509824
0.6242143369227835
0.28822559987447477
0.649601781245432
0.19653817629794437
0.9175215241644525
0.2583833332525624
0.08147033515453116
1.0820821077083715
1.5828403211572073
2.368945125517889
0.9041395107730732
0.594332751420641
0.9074624526080438
0.11680305311561631
0.12080843040428124
0.7925702141170866
0.1639907005531212
1.8235728464611838
0.41664682847778517
0.06287756105521695
1.8648072428203024
0.37247479391861077
0.23676854146755014
0.4078296364844547
0.5214168833012505
1.1060848578397569
0.79811866895147
0.37527358010890444
0.022313626925339187
0.5342812479399056
0.4134141910866818
0.12825641824389694
0.2179118774161348
2.6016801329190122
0.16315702502583898
0.6146573880638655
0.653766539248336
1.5131352470039776
0.694422061806918
0.8247197194049223
0.7144761870480297
0.41417062173200464
0.38850683059119206
0.44303757017225043
1.453044061613862
0.10700771877554016
0.08304116202687678
0.6952544293166997
0.12622062372564682
0.04263822117828322
0.20058080654813712
0.011599408264377461
0.05455349828096601
0.5103224765236388
0.11286138082112757
0.12580933877513115
0.4894731863175939
0.7621145425706535
0.048898626226000004
0.19879445257693187
0.3469453057961888
0.3259357685172684
0.0295295371839574
0.10251645064772211
0.030893078046102796
0.43249317281977623
1.6308152599515662
0.49475521540204387
0.10821420417546462
0.19060757525931743
0.23479961936279203
0.48801279002240455
0.4340739747618053
0.19237834664332218
1.1266126768585056
0.22550586631632902
0.09569209124995087
0.3885336452991163
0.10445999147150713
0.177895005308979
0.43217301013786913
2.0452678559791155
0.9391099087356047
1.114071789506871
0.20806698897586914
0.44712375210681776
0.5058687921878414
0.41940409269816903
0.6182105645122205
0.08700267343582578
0.21330318329087425
0.4722543338900033
1.1205908214140465
1.493184058379163
0.2781292501163086
1.037144271285745
0.48139360303513173
0.12116607646099102
0.698965894686003
0.032412101292161
0.42583205212842423
0.5455343306419199
0.06913731075455229
0.12105028578154636
1.5887825675773504
0.0680151298090752
0.1617863242790517
0.35892160259627187
0.20471834517663465
0.18088520985061296
1.157210763538109
0.007749320737247591
0.8876368963162741
1.704475416491661
0.26506460461865566
0.10663403418710789
1.5474346136822248
0.6889603686868998
0.6687421492465797
1.5614701554602306
1.1364541538906554
1.0821787012112754
1.1579001542011789
0.06386762760297869
0.2590016904779038
0.8881624432585821
0.049395459077736965
0.08332684282935485
0.5865043503327567
0.948350613703108
1.0414306056766087
0.9446324043155628
0.048224602062043556
0.779694121153605
1.4496725114146474
0.9802685491378405
0.8934235548931639
0.36908046518347937
0.313259583297738
0.11933635686232338
0.5851464488117228
1.3710914745524307
0.5535475993614679
0.3774815353503227
0.09770808750328179
0.09817003634929512
0.240654882920677
0.5584807527207734
0.18024354527290454
3.298861893703744
0.14563581096506167
0.6829585033498424
1.7048924313099167
1.716825779153177
0.13291350625866077
0.4902915296448465
0.6909872034084876
0.06684714160561751
0.034100452719596996
1.4623101772650533
0.396699247363289
0.67078473969175
0.4952685523202135
0.1272658635752499
0.6959332881063255
0.3155499706764291
0.9556168619509753
0.7484758111215283
0.1950022214244386
0.7451108067120779
0.43216895394818156
0.11943467276822221
0.49255313519410904
0.6429704951846151
0.955779440793666
0.32884317457389056
1.6061097439498166
0.19092898295112337
0.4793269642588129
0.24731357306027213
1.0151758504973343
0.013072423243271056
1.030383755374046
0.32460657858962977
0.7190232707409893
0.2981122566872289
0.025365422764538764
0.006832106756820086
1.823056265238701
2.332064842526988
1.4321062800915192
0.7274863655569073
0.25771740333355625
1.1972152457372596
0.4720594088577711
0.2519768588701934
0.08228959194255325
0.308261272020135
0.5126163054841607
0.1290920551611367
0.43771837825256193
0.11951016315342634
0.7574167561664548
1.2937134823227392
0.026285235562003247
0.03763747808017973
0.838739686974906
0.24967521106166968
0.02608138247134561
0.08224205615427706
0.2134305687221238
0.68873573327443
1.6403781410509095
0.08397937969363373
0.5928617217919406
1.104046631250008
0.08894508045258305
0.027911745108740796
0.8966201124179113
0.05962385922984451
0.2398599373136577
0.5556490631861966
0.9163253079326454
0.16952620846038124
0.8006009886776054
0.9312111103386455
1.2946069712175405
0.6941746038039355
1.002278605464006
0.3985953614099752
0.7275818285968185
0.35067773017063536
0.5617814370982793
1.0186322028043544
0.41083303549773253
0.16927885139950768
3.3577564840246192
0.6394832051051
0.07098262185748194
0.807314352960153
0.03244303603041121
0.5182823628643916
0.5550090014211531
0.34751828119065364
0.40187722501874407
1.179785526117538
0.12282086136407559
0.411043504009539
0.1061855309758387
0.9957736818349734
0.5262065272576454
0.3515635799415393
0.033929817179979914
0.158956179219222
0.6392960661624234
0.5400257991943404
0.39517040774325
0.258354955473461
0.4674647550063145
1.4828176815172602
0.4215851884889235
0.4805952787415687
0.05027206834402799
0.9649623127546966
0.1597422507482615
0.3712449205538158
0.27144517432485993
0.06269285592902336
0.0055270460584780755
0.22136770086640173
0.8576157667185155
0.4198902752077357
0.02671739438712365
0.8402629338901862
0.221526698347293
1.4909486082678771
0.2436679096201413
1.4699063152660712
0.17117917284946757
0.861608852626027
0.24007114406383584
0.5444102625429565
0.08455094730671257
0.10066771262112931
1.0179807150300275
0.27017324688293626
0.9828257986122942
0.294835569064414
0.5972697404503376
1.4375389749949041
0.20213947188255105
0.2365539933303912
0.07451750748218967
1.4992227592534275
0.4969775599049376
1.0122550500973295
1.044840486245214
0.2843441836226439
0.3623865402220632
1.515499564877882
0.6075823092356681
0.7114695510571658
0.2558544290125616
0.23620304282360954
0.5680029339511614
0.4264490259951596
0.24327200463391557
0.14956587686391054
1.2433394006288538
0.35384296446732993
0.7734182016967202
1.269003419755994
0.6812113677830451
0.20799459004694926
0.6027118130296656
0.20774963270438007
0.1109066531384047
0.11646443127162014
0.34708091975857797
0.3625421952427274
0.5885699560003183
0.1534297176934644
0.2060901822574468
0.5348692539906825
0.29263502639944383
0.17181681248621922
0.8327204855527555
0.6044733730813652
0.12452483893248129
0.7340255775964101
0.27922198171209645
0.5700597185773048
0.047460920414831076
0.5589024213943942
0.5732035186626213
0.025134438290125443
0.21690092951328513
0.20227250256935286
0.27775951370407
0.49813770112118294
0.3295969503490808
0.7977572610648558
0.4487814710806825
0.5182305824537429
1.486603857763887
0.873555822032098
1.349495694636345
1.0777352140319154
0.7821442009956566
0.09773209178569134
0.5465456060890187
0.6172243358039203
0.5535813057049515
0.7589844472721415
0.4018682983997117
0.017811303676629944
0.6098149275856807
0.09728282143835539
0.44189866452725707
0.09349166086666863
0.01652207161461012
0.9217110869580555
2.45729568272475
0.5794488799772645
0.8738894406860052
1.6461436805887275
0.05735159611138993
0.3389500818925624
1.7508635018152638
0.10261464112513835
0.08444503058154489
0.7112345630743978
0.10423918020974554
0.6822086218353115
0.8528747071411096
0.48588976429197805
0.020304470445490275
0.4015905781248712
0.9831917362425731
0.643394358883328
0.4018515203485922
0.5776517039827683
0.09850410127028848
1.4189267993030044
0.33911571024159554
0.1781877843639925
1.184454111750915
1.0366569982071168
0.6772458547432142
1.2889154743258056
0.5044288742139357
1.2424422115166653
0.5727958362611887
0.355026390149949
0.747814066895676
0.36117366726653977
0.2461928847234825
0.31947885526046144
2.683211353560556
0.3031275065261467
1.380437821957587
0.08621002535708881
0.3978200422955886
0.43574874493556437
1.9722562445457859
1.3038868960772942
0.21370893862145468
0.38884260640043017
0.8079844996342972
0.22995180693914985
0.39595783895616704
0.04880880546033092
0.8437159869687976
0.46466357590647916
0.04166656103016573
3.257207498885101
0.076951209693172
0.21084625284718167
0.4116653834843908
1.7868371526650881
0.19454391169392535
0.24793716137855892
0.6504634562325734
0.3024168878127089
0.974368421885904
0.1586889549118874
1.5066098396817276
0.29983446288324095
1.5904006754351427
0.08691242478186788
0.15492035040598076
0.7999162768564186
0.12541781818702505
0.9696610285282143
2.9513753977105304
0.25443276693451194
0.5226983107019443
0.1631061107338896
0.25881832382895115
0.10720389720310647
1.2206432551158406
0.21735076163776978
0.09005785148472004
0.2445531595656745
0.6953759217299148
0.5670508649745557
0.8492496200259794
0.017221587702588508
0.22919133969126917
1.5756314178498905
2.624453183856535
0.6745568187625524
2.8934303549794516
0.1920120525236261
0.5463962996748001
2.2725018511138924
0.02943750355183956
0.17195328208193056
0.5204371705757417
0.36143734619138895
0.5620389014856707
0.3563077017542885
0.0930161746776221
0.6423971033439589
0.027762599029437975
1.1563325987349027
0.1940744528457364
0.4874712827871356
0.44433935153299087
0.0418256685605056
1.340232661401859
0.225587110408753
0.9252199486643771
0.6496602198754686
0.5189170035880207
0.5754562785602303
0.5309388913413235
0.24729572907566522
0.08443856098073102
1.1840066635728637
0.3088973839706288
0.6884917345035408
1.0378736883730644
0.9691896366012105
0.24622048094667995
1.6072672331119724
0.5092090148999193
0.2357581155689816
0.8362382461326788
0.37074780682150926
0.02746266234894808
0.6514417844199207
0.49104827416155095
0.1555796549742411
1.0968450984816143
0.384425438011983
0.44155218060878965
1.354834840485872
0.6245175899071338
0.4303893488961391
1.6627427142149294
1.054705726978236
1.1597728851535696
1.5310071118973698
1.236036749612174
0.1908015573499616
2.112213666961675
1.7125500630549715
0.12002576322104687
0.11559079509861608
0.11628305062532261
0.12808920137485455
0.9662249510708131
0.8273905838532065
0.7011108056157986
0.14242239672627416
0.46268574392179035
0.20036428995967387
0.8566244032734511
0.299115611077524
0.35806835032305834
1.0248668085628292
0.05466970883676202
0.29915558924452673
2.3220402544163647
0.24965865623238429
0.4214355995318941
0.13791749542090165
0.29072348808509174
0.031530398283668194
0.465279221017227
0.791329321613223
0.8220271051832221
0.2691492457138304
0.1485184469757621
0.5639879455376815
1.383780847732655
2.338042796295271
0.06092306218186083
1.6461767293437994
0.1973072231315022
0.19907345823607747
0.9190724801488844
0.2859982879619235
0.30333483392516003
0.6154869676407929
0.4182170136065385
0.24743365049670457
0.5948634214653022
0.3767917348610854
0.39136640045438464
0.18714592777185837
0.020882630688558796
0.09814102250922901
0.30703071949611904
0.6084910987957782
1.006092003970565
3.033732596190444
0.03561333387297885
0.5459855581399119
0.4667594811714
0.05200347774606358
0.0696222998712945
0.7326438042353924
0.2118348176714966
0.35911764297288623
1.0608969317732118
0.02840953324485059
2.3754814736489047
0.3986127496550036
0.0501675375250578
0.5917194641893297
0.6928603255963431
0.22472690945026905
0.43057595819758804
0.5024701904249094
0.15477615673138048
0.14952609551630167
0.2991038545370886
0.6166391843942703
0.4508779443177528
0.39387941725949815
0.1382614447629994
0.5945880960139466
0.8028790678106893
0.06544862592870267
0.21755156403139628
0.38473309559658203
0.031972388652452
0.1264001497111244
0.9440425971965364
0.40029469608182244
0.17528060791843614
0.26171838332105585
0.1019622834283709
0.0775155391864428
1.5859476074567989
0.03999571296945512
0.19675186894051624
0.587893959222974
0.9249502073323539
0.6701683685515629
1.0167615961231586
0.33183265484708774
0.24465138882838547
0.9587052145351723
0.4131719857370897
0.03310943076948926
0.36234864886249585
0.08531195993330098
1.839171988483289
1.3435656652983297
0.41151308214281906
0.2916094451850856
1.3871252259644153
0.257466207264815
0.029685254577505926
2.9537599163118857
0.28597630313056926
0.2797044189048772
0.33233693324771973
0.15928675577149726
0.10654732329823378
2.096715967514322
1.2269086095103336
1.073690681222955
0.874630040209792
1.3200950314583595
0.2810445668393409
1.901701165433309
0.6558181680507964
0.26496419760299117
1.09853760608954
1.6559554420053515
1.0779529666923118
1.1578330618116666
0.15991614076039407
0.09276562914681043
0.5076633777543956
0.3020837396887324
0.1714137974350938
1.4290904510025755
0.6558443176954916
0.2655559911040383
0.4860223004070577
0.05399714510863472
0.002869959689239743
1.0785948637492124
0.8402683304967481
0.15141373238020311
0.5307991660891401
0.31112926099658667
0.17415668677985544
0.5097490653375046
0.02354834665656891
0.11829537330877059
0.7336832866533377
0.28191502966889354
0.21458188134877015
0.4637133824463493
0.028104890464383674
0.23321276185168588
0.40116204149025875
1.647061645010785
0.16377698006444455
1.161073661093824
0.2955768678538612
0.46144357945372105
0.47694151781965727
0.06966892977600173
0.0059401334382350145
1.1315462404031646
1.9713605120314088
0.9855685756569488
2.020394510192541
1.1746910379928355
0.8376352484563235
2.2496917624604618
0.020146974775056177
0.7887201288662401
1.274168288777731
0.40314587978213773
0.1561824256298193
0.662638358873904
1.449832229772411
0.10866289265929156
0.7168755903657795
0.7369539071227027
0.7605650434786267
0.3953393851554504
0.04375337496781281
0.18398263717151755
0.08157756764441884
0.4194107029974711
0.06319799743169645
0.17337412960925333
0.6446575187476348
1.8112359182978204
0.40406914676973377
0.07123337132576969
0.1965339471248276
1.3104541544475432
0.6285761455339292
0.2844350968375189
0.9019325702749041
0.04463805241285716
0.08122981901960548
1.4325431675611893
0.2628116058245604
0.2346662170648895
0.3021624209999358
0.6723565351563648
0.5994233618399816
2.352592611831493
0.23855527392631026
0.2851833128321166
0.38009316472988947
0.5726085290941085
0.6396192336487299
0.4895748062408286
0.368000861027741
0.3432303581938859
0.15887216026459922
0.3925848812145672
0.7268497259823249
0.5126708409506561
0.16407810102973036
0.08645078064483648
0.8000976829613404
0.2203742350310642
0.19181416019887948
0.7321039975056866
0.22092545547859002
0.2701286542821316
0.5201350494178282
0.34586003442690977
1.3539285092669742
1.0935982995736253
0.3136983610117361
0.35668997645835016
1.114448492512581
0.20195628562209716
0.12167736375216985
0.0875891135511981
2.1820315103524304
0.3903968328039823
1.738437418844419
0.203596787726646
0.4722981078116629
0.3007645318453075
1.0417659667685353
0.9854502423183662
1.450417001275385
0.11574854168569806
0.08516967214008517
0.5494327591975108
0.5171120957048114
0.13776709043558266
1.6204648813887297
0.25155532054026575
0.44737064321148745
1.6163435494582825
0.23859880185575452
1.2198323595167597
0.73231907872997
0.28187915490801235
0.3600898683150222
1.2014099342435276
0.8108295003684468
0.18555177287062496
0.14882289180952693
0.31054082257474025
0.3238309056222618
0.21394011843393407
1.2556219835788092
0.45373756783503016
0.7902315238785541
0.13585878400510837
0.2527926858554784
0.6391987834152064
0.9120913962698498
0.4865687282595348
1.2014657613905086
0.3471168481586456
0.1544608061934083
1.237885861035196
0.05773837793684344
0.299759322845074
1.0003773845214772
0.3449834483463631
0.46290945067664063
0.038239678779982265
0.05487351339818951
1.7112035179783547
0.43920950745162374
0.030356329221921313
0.23000023377085696
0.7817054571059673
0.17526042036856387
0.20618968914285177
1.1960075198168623
0.018290529377830624
0.08257007132366637
0.13940502512878258
0.6128321234588138
1.3144558870932619
0.27268173743511137
0.49335012429657066
0.20790308349188757
1.314302576467169
0.5750793892420129
0.2263264555977363
0.28749842775364276
1.0741900310634138
0.6394106510717323
0.6725037126032494
0.06255775682647233
0.7781703405500776
0.5072921187640417
0.7290000393430996
1.6677897967975746
1.1487192449291879
0.8176576096779461
0.848828298188622
0.37674244629611947
0.7554086350354267
0.6003127425386078
3.606599152071054
0.16470645198621722
0.6317834791483211
0.01114028564211418
0.48058608489181276
0.4985028319854686
0.4066408941111938
0.43899794202271203
0.40984995190987084
0.03305924705784351
0.09436261975018946
0.02806427740536378
0.23192455118031147
0.07011058015287526
0.05717682271083653
0.12494916395540621
0.4305870624926138
0.2813772410538349
0.4298592926931629
0.39134931394609507
0.38330446281069963
0.23875844432888296
0.9139750140116651
0.25094776638793753
0.07093130204734058
0.525459471890348
0.5989781286113358
0.2251901643647521
0.2684359416058318
0.02943830531722738
0.5340009748495297
0.7793134424859969
0.04443286194739021
0.24564675973520197
0.41169752038639607
0.7190092427252921
1.404558232297026
0.20072760532751505
0.12155235514958235
0.26412980064845093
2.0434603089772003
0.351788070039468
0.5828124185177854
0.45022280635741396
0.8989740634910643
0.5804986511569437
0.05721542761481157
0.3932285988363862
0.12799862207516816
0.5630616340877086
0.008070419513130006
0.7475396366407393
0.23134206080931113
0.5699677653130143
0.22380586659052323
1.5683795561056901
0.14991410905767855
1.0327583076967173
0.2949099570473229
0.7864078744601747
1.444475750499596
0.28297132808621367
0.11991982858866058
1.2934304765368234
0.30929480230316553
1.123806978330049
0.7955131789813581
0.23099194387717617
0.21870649093397299
0.5986380209078597
0.9609369663305009
1.0674375443799986
0.7708755936272604
0.2191167606777865
0.5417950385835476
0.2214311781322879
0.017159180993324266
1.2931953363516668
0.31282340142920784
0.028067680947245738
0.008493537249068112
1.0154159071325952
0.023363692375080045
0.02063471294613893
1.4467257093451598
0.4418710671109216
0.8544110317737384
0.30134551595248527
0.10352479767485805
0.13777078123393527
0.8906939624086795
0.3688547200860847
0.7283415711107109
0.10512247282574855
1.0613154417759074
0.4489847850073795
0.24089339847354294
0.20024278694355263
0.2904819307827566
0.45979598045467
0.15367042266540754
0.39152648384520256
0.39996129778591577
0.1102782083030646
0.0798549897768945
1.400343501252895
0.23927433004008675
0.2220940682508688
0.03526828800391558
0.4088026417494666
0.36467750225626866
2.264057685339056
1.2239516276054407
1.7574674680917812
1.1235422553415757
0.03988942544566908
0.13122669929364372
0.7344872893369364
0.5983584401101286
0.43668813893860065
0.5876617865207968
0.23778790630810426
0.7229571151548625
1.5546659910499174
0.1742552316157481
0.09540236145919781
3.426124737162209
0.34149485633163884
0.77904409114798
1.066695655795045
0.19330423181824996
0.5949675001248267
0.7780167327249665
0.7150120983975957
0.7993791076529049
0.19286505816253136
0.09621549593515656
0.2110783561717484
1.012640575606277
0.19483595323234076
0.5176801922674195
0.306352586493922
0.8976805529787573
0.024043255528400607
0.11119915835897295
0.03465852025281303
0.041349254106434856
0.4010547297882053
0.07674956442407563
0.13111706056863756
2.1870242144782313
0.2767991493516964
0.06950201853685341
0.2238455589387611
0.5257377116491696
0.07379206797492868
0.12374291782015073
2.4892385200463583
0.4953809002787344
0.9504104612738145
0.37218863311783107
0.3659684855220179
0.4337079202596137
1.8820082871171406
2.2474749511796395
0.2630691468612067
0.679598492563059
1.9306196970319718
0.95587795045611
2.0075371927809065
0.24601495346789146
0.3476271849431895
0.16198372657379598
0.07085930062888032
0.24196407291136007
0.0587317949648402
0.034808136601747794
0.45935794022438314
0.060098298936325865
0.253105129005888
0.752396342640123
0.24321396500169212
0.5460304964427095
0.3707158294343628
0.6169978294732754
1.0772444889026163
0.9681013132630696
0.17985147648388786
0.19215598396151304
2.6982800087803716
0.28290160778800766
0.2303682159494492
0.9817591519183112
0.8751262602811295
0.3947059481741244
1.27026706433034
0.39824137599760634
0.26024596937387884
0.4409106560441486
0.45947199579457476
0.49030343126982967
0.4013811614952413
0.20206603508759757
0.20946361899337124
0.11291717695083411
0.02413130440116489
0.9358539195980533
1.5690477456178966
0.7518210662232402
0.7309242410812501
0.5401686444209827
0.13101915622482674
0.4068785793272378
0.6000383397974274
0.417352832397438
0.9468539184867882
0.6993335788700414
0.40475355243315
2.5210148580522844
0.36954472977159747
0.37141968874451103
0.29797980078925734
0.7250323822541938
1.0282543668310309
0.7760642652751362
1.147075681766515
0.22225471590541576
0.16599784902495057
0.8385690366759897
0.48707847536500254
0.7788047498680597
0.2617561317855935
1.0210113186284215
0.6227297812399696
0.3514413347865833
1.8220262515427061
0.206303911975182
0.20943032582859475
0.26055857337578303
0.27497814947709365
0.4879066062693542
0.03855381194752605
0.013062826269632037
0.6680956820885573
0.14047901969946466
0.8462757461183867
1.3510745551231387
0.2867523386880257
0.12395513465812676
2.730867521340603
0.4126307890203847
0.5326791426881751
0.7349138636830395
1.3758966864356015
0.06477061121984279
0.3814933438944106
0.8518131093026946
0.47033263438951994
0.777737319737593
0.04283589651209179
0.02803593611517207
0.1301381423736825
1.1307618905430068
0.3433829085180486
0.7562369897208213
0.4938532816671103
0.6449512172046473
1.6181810229699214
1.1536652941204488
1.2016727259696882
0.08489855690205009
0.2912211836507921
0.9155507180020839
1.1864829838926247
0.3263594153660003
0.5947754925702117
0.6591996891723443
0.6457444864809097
0.008469241488336485
0.2536972042217661
1.7645173508835241
0.5872947887511512
0.055658983167290496
0.2521617053242932
0.21551977755547053
0.42252103149502973
0.08383162425841183
0.282807156201827
0.903953577230172
0.06249301233552397
0.31567125703172855
1.6822313615031956
0.03478055879545625
0.3279747752408039
0.2557939768295342
0.029953956564097054
0.4166407760900914
0.3964789168159652
0.49666678259539304
0.22083835077222863
1.8512553035906956
0.23285860584730175
1.5936486906298752
0.48961107430239065
0.4174686871139519
0.3894422779340762
0.5504789484489147
0.0748064321557754
0.7048037951978878
0.3073518108486678
0.7503253298361303
0.5535121766857207
1.8077690097523356
0.31093231896061424
0.09914684683979973
0.45595079300310604
1.0477413344421522
0.19265985133816277
1.172994104502898
0.10330311936343588
0.21049921526629234
0.5039452631976981
0.08337037724633442
0.28590802321590014
1.6814920042524677
0.5585226707117363
0.5038161735663648
0.7280928583096147
0.5875319605416314
1.059348408311478
1.0953061615099364
0.16556815829022217
0.046700549060001526
1.2714844499104418
0.34820434834713127
0.2363108929161932
0.6462524840114576
0.0836956669351615
0.7781964393195994
0.9395865099152129
1.9979810211623112
0.4359956431935623
0.13226459163392915
0.25489208462421803
0.2277481852790648
2.612472674265256
0.49076842335979587
0.7681827303031435
0.01568450867857148
0.9813631050827533
0.5193170177920888
0.7670929752426122
1.6690248334683835
0.020625938800587534
1.5354903353489726
0.47654706443168443
2.6701037909564045
2.3077028658654877
0.3402271342213249
1.766292033309471
0.9778159705989646
1.4003981467297117
0.33929371928817076
0.5785218334388479
0.8873800199004254
0.45392789712598625
0.8661824491893866
1.5137570095637367
0.3717260549821519
0.7069403320277061
0.6020184030442373
1.7140243387472978
0.055657274644055156
1.0280921206130578
0.9648221091141269
1.327912897360474
0.3902096569418534
0.06653912745986808
1.309570660742696
0.1226724402198296
0.4230190620461192
2.250873953499599
1.196785353999896
0.6311470811873233
1.000185794809441
0.036752790087155554
0.26172867573202035
0.33803966574069255
0.1540535763669904
0.1237866890388199
2.0791511508516822
0.32615106449626563
0.8918684790619104
0.9259931955333885
0.12235114202724516
0.33156372314614124
0.5749390107547991
0.7594751767817464
0.00330737696284452
1.3276433833154537
0.3576780446411801
0.20617255237928583
0.7307844656838297
0.2636197970951344
0.21723638697726289
1.4822110410278215
0.667067921398556
0.20749037716602275
0.48975429678635174
1.6923381693345798
0.1563994111956949
1.858051028269043
0.2983473972630586
0.5206735079921899
2.2406771105551373
0.18703811121720235
0.887326306563246
0.006890689997194787
0.40606461149297113
0.06825296375949434
0.8525214067944528
0.05957382206603653
0.057099900617026716
0.4343489515477291
0.002581726978112406
0.25208052389127444
0.34936775975186857
0.3148346434504586
1.755988772197954
0.9712939754162356
1.4209086397428838
1.926450545914544
0.45913034439505623
0.1623443403975487
0.8481063998438239
0.4488059418945097
0.075513921145538
0.13389704418816237
1.9024117971693884
0.7133800959558381
0.6593505919386006
0.5768419553034405
0.05298060073995664
0.11084772153167718
0.2770418055547646
0.6245729996748043
0.32491645827654353
1.7676121280918986
0.19324923908026093
0.09625609357889245
1.1142228361412474
1.493620442062231
0.43082236681031894
1.2570647133331527
0.9024672722324718
0.792458038546119
1.2209552364539544
0.06776571736833403
0.44821875200215094
0.7906719394625468
0.04884233668531299
0.07396856747846751
3.271601395187521
0.3651671691956181
0.14340192829418547
0.5707875412207392
0.08762975066801028
0.15735615640097803
0.710625011014791
0.01645713615179
0.9789611095552885
0.3630083279229335
0.33890599067172555
0.34446062224218404
0.2794193161018814
1.927408021020438
0.4774071965192248
0.9765520255551488
0.04642231014767025
1.7573569269365388
0.4853771722127993
0.4589664795693358
1.1849397378479738
0.5647504225831843
0.26602557375766406
0.301859771824929
0.4964957402113355
0.3453771608628541
0.25486032538777015
0.7762998434163427
0.6463866553917825
0.4458962682941007
0.1654159524872633
0.46643577986241586
1.1972045610193593
1.4605327667079406
0.1498519097666535
0.4949018523631163
0.4625268211522005
0.6038255717345002
0.13848996747254008
1.1896491640422033
0.5009846625255596
0.19862851301503537
0.32490060719889996
0.23220278792513843
0.6883407908160067
1.1742280111394492
0.27181554537750396
0.32680947040103037
0.021401062128156147
0.0969720019775583
0.15384420679481342
0.8726332022063457
0.2682225410847821
0.30532408857583637
0.638107928956565
0.23064265608499684
0.05872082821318196
3.189446537035339
0.9658122125943308
1.5374538217553504
0.34572294277832827
0.026252250367566884
0.3211366651977704
0.9588290799630345
1.8771231246215647
0.7582967515359809
3.182824528403323
0.21764619427705356
0.4744541985795335
0.30333379668842486
0.3076223214064929
0.08071544597592956
0.2313651500174976
0.0860897839638165
0.0812893938316766
1.0645776236169022
0.7713925452243937
0.5491364483475495
0.6008725032187273
0.6796328330015624
0.7113000473326253
0.3001851298992859
0.9909068938849486
0.8213158299614353
1.7434267764562028
0.19477341385622232
0.16209059152729413
0.02762093376152781
0.011033682506567007
0.32360760967973123
1.2872060566290204
0.2926273025694148
0.7531348238048334
0.9066285274639332
0.11031644526115096
0.47044174635099467
0.6156658029157969
0.15797855660198176
0.1375264105823803
0.8550963969599737
0.3461452430956143
0.1052317595855232
0.37377820361578085
0.10599961951203307
0.5826026842135085
0.24823752032621663
1.012595504174021
0.19532394228173405
0.7593158882941532
0.7773290753769478
0.5809536927557806
2.850334489464697
0.5145981255804735
0.3289517316736306
0.6791993847079517
0.21582350515184634
0.10980541287050294
2.949697748243516
0.9167542991095741
0.05023410173540272
0.15077638545037725
2.0075618704936704
1.4507402548409096
0.09598830648687413
0.21558376663569265
0.3068376211113102
1.968116909123353
0.7165241279237576
0.4605525288105909
2.4393842571525504
0.3762781608421987
0.7456603183014877
1.182543469262353
0.15968370724056205
0.054282673338800984
0.06062957863372224
0.2666568346529958
0.6445515469575674
1.40169016837757
0.3799472360908329
0.08141999564644703
0.6944573107468341
0.13346167517841354
0.28899154299498314
0.9937845610967339
0.4843607169179206
0.029206367137225877
0.7264107922960269
0.25511549489626845
1.1903215808138965
0.1761394927247089
0.043854233370014775
0.046945218346166905
2.716034423968338
0.17069515143375935
0.27427713383459346
0.92787793510849
0.5393759679396009
0.5920896402152758
0.013338341036261058
0.15719691553960696
0.1644218539915347
0.8171372152938728
0.33505901792706516
0.37912504720723855
0.9463733277821548
0.2382684970131465
0.35248424485007673
1.8120816417275798
0.5346435342270489
0.152461173438472
1.059992086097032
0.6103022144034832
0.5769808495094206
2.075246067459341
0.0735208628434251
0.051425045345538836
0.5007279259764357
0.02224255622527533
0.02426657722595412
1.0015795017214824
1.2872489003369587
0.49646970477575897
0.40331400491959823
0.34402915780222837
1.0341238264147063
0.3285633467152288
0.15647691005148678
0.620670699946227
0.3615926255258334
0.807820872524363
1.0770087085881521
0.08866617828003528
0.38547975918471783
0.1336984355327734
0.4838910868611539
0.25383699414612043
1.0611353553005933
0.7174232854547282
0.4103576170432636
0.9202703237587991
0.572760832033904
0.3617707321949605
0.01638491926810667
0.3344866594756118
0.4236066717902246
0.8287027186586897
0.3988054902777725
0.08692901177363978
0.12243396844447085
0.31438590996764465
0.09905471819853345
0.46337597383653906
0.21867412428416827
0.19805124784312675
0.252432138645359
1.0692771304503945
0.27740835309163525
0.09745337016244081
1.4332033894849092
0.4158646914560093
0.1963717942324361
0.24199837167028598
0.041707929825885476
0.06428074694498212
0.2699886121849279
0.030455119990011204
0.03208916237954841
0.12741563344777224
0.10124505118166954
1.4580027450351671
0.1800988723475266
0.18043151555626116
0.22686654238384188
0.2569448285078262
0.05743229854181481
0.07510732896131103
1.178966975182632
1.1458811107053155
0.21792241791249864
0.5191697364621108
0.6589529601194014
0.3336079547705153
0.14514888637644563
0.21831552211884078
0.2966934704895597
0.44937371418613936
0.4028439321707959
0.4243783188088018
2.563695633734578
0.3433281620669779
0.9811354740628452
1.9864782772408183
0.17159363039551825
1.0586854250288473
0.6739623496678916
1.0632551133290522
0.31973641750748305
0.1606750279521684
0.463519350980585
0.3211976125938548
0.13366079547595136
0.6673893005977612
0.43503952078622476
2.3559516411592023
0.12703336463849588
0.4265630144878073
0.26253352355868775
0.44220473421048984
0.12696528138406665
0.2145869119212999
0.006539235615705305
0.38828057287452306
0.6630629835167086
0.4767325682866377
0.3418963753562168
2.3821961858348955
0.3180008993018621
0.6628471561638178
0.8680445533921886
0.3074877162227951
0.3134746599152218
0.8788017305714934
0.04163587408503461
0.35365017149907896
0.1438918793843116
0.03833777315267369
0.62388531491295
0.02964123002501998
0.5293506758232635
0.9017700628377062
0.39729525997547255
0.7290398323561001
0.16429703627906653
1.4351803772100244
1.2384259832762377
0.6946704269361785
0.40711708716854145
0.06870361253469251
0.027412257580447158
0.3994820638856694
0.3834730683939952
0.40513519712300505
2.62407809275126
0.7951173350434548
1.6023639724895273
4.262399143967361
0.002914801452708304
0.7467131013583329
0.5251304821432956
0.035058411274471506
0.32472086168414455
0.08533675734568903
0.11811579469951418
0.7039426719766584
0.2239909837682574
0.29446576806511204
0.15906281146754925
1.1104082937186979
0.29373807200042407
0.22652690486854152
0.45102556044655
1.250058419818728
0.2610242383535068
0.39662808755708406
1.3707241189431791
0.4936410258805177
0.39409586538734104
0.05844533153852178
0.4497587887319783
0.15655371909372495
0.6812578040698779
0.22048370438405193
1.0848686054905876
0.8355206105149046
0.244590997183646
1.1798884122035895
1.2236529968696654
0.2566434225229391
1.4105906956295977
0.3096504452464705
0.2940132926171992
1.8327451560657935
1.0096468684759508
0.04758326764871126
1.1284245576597478
0.010655709129916285
0.04869311785132898
1.0169699134447427
0.47540257416416765
0.29323273279319995
0.7269782264959757
0.7724408850731985
1.747396602820446
1.974375475571873
0.09988150451921023
0.28152048731381707
2.2941500035029594
0.5945649073370243
0.40602087630143047
0.24030085931692535
0.12053565941505037
0.12486418575145299
0.5927663946014977
0.2302411606229799
0.5910942396503469
0.8967127452789502
0.09395772954543154
0.8132174599367427
0.8457010892077736
0.4151679217133403
1.418780197950779
0.8390157109048341
0.5568005721452922
0.2827873729928092
0.5547829201926909
0.08749041401628543
0.3822129212230213
0.9212508901394906
0.1665839136817905
0.7010741155440321
1.2083207850336453
1.9382644055618277
0.7155465894277833
0.5479098487178929
0.05973016362435136
0.2897606004341211
1.9655736542512057
0.06254553199861188
0.13124269586867773
0.7617722960114838
0.16279906058199228
0.2043193274097935
0.4931523905999097
1.2498814817986867
1.686718978288313
1.697802411454239
0.16098283806148317
0.252705420049615
1.1330692089497163
0.8713821564139105
0.07141315652540979
0.48092036896088075
0.512927225229603
0.28204449318212743
0.19858326697573686
0.15390269427577272
0.01154740433384961
0.4974239747092887
0.151149195313803
0.07106613365036464
0.3582290120067317
0.13695028753695168
0.09499914023251073
0.3980681876753459
0.8609925404362145
1.0066686170898564
1.5297141601657904
1.2663900821178526
0.6345196979750424
0.31647770283806614
0.4774855410451632
0.8677404909815818
0.3658182679869859
0.34000128977913613
0.45066615731687854
1.8649632187899914
0.23791572255307686
0.1487675857752002
0.19330726944596308
0.42535090913422524
0.5372646021812136
1.436702220062848
0.045311743900390514
0.4324537278648134
0.035956944437250636
0.017892996718800448
0.227034602648474
0.09863959367032127
0.4611711790394856
0.6941663347133501
0.34070714000936664
0.4660358932912274
0.28893777425096795
0.912849122835255
1.6759391927749385
0.638806966575235
0.5030117916912162
1.287434234015795
0.4595377237304972
0.628343525076768
1.2343626553826008
0.6669752110205466
0.5408298585358874
0.028188044613608347
0.2874713828466239
0.8126764865669548
0.3860231799531179
1.117454690637289
1.3694403151392696
0.2071735904599565
0.9333978749736638
0.3090924865955286
0.3540631091196337
0.18871072922134696
0.31373616989111414
1.299945490140721
0.593318804865184
0.12546523138122403
1.7839784764064934
1.14881598973327
0.4153307084834303
0.82099077404101
1.2966505179921533
0.6550229464122042
0.06550447412742937
0.7491527230671191
0.5035373713508555
0.40885388183730137
0.5388462741198572
0.33478247538676137
0.7410297164171539
0.7513404849290296
1.9502622364635942
0.43702475851197065
0.7168008445626183
0.1915051918536073
0.5455636683039173
0.592435683691237
1.0082710808930466
1.8534552669391764
0.2952787043799864
0.0883511380850505
1.2605922889204109
0.37480903845692837
0.5480159136303084
0.20534864472135447
0.6529516167172736
1.7877387661690545
0.5874343509044004
1.4363225839290454
3.137963894095064
1.0164516271184216
1.2318813009065008
2.8407717150289407
0.043633467010362054
0.817764950473132
1.4541552245515599
0.22723094205966424
0.2563943782914328
0.37981077243064143
0.29066587390485915
0.15306525672022264
0.8356011531947908
0.8495273270476613
0.09685044683409871
0.31338560116014424
0.11155586167616657
0.07372272767285647
0.7162965829569584
0.0788530766199125
0.2060054307336274
0.32595938456680396
0.08387388693926445
0.12522495213144208
0.3620164239810268
0.06265663786728573
1.1247826312551008
0.4137228946999176
0.240366368963137
0.06928097282546261
1.4439357387992933
0.9709308236748666
0.32701079889405427
1.1346625649334214
1.1299276167276633
1.041720017389184
0.095562212778013
0.2079879020002414
0.09790528332331115
0.8564189525604213
0.17484947552706293
0.6220662563052655
0.6492895453369031
0.39170259255205625
0.04065326554430755
0.8976880691623522
0.06110485772139497
0.5401199819672773
0.34208426705666967
0.08372448612846914
0.47429990350798107
2.0074022986097546
0.09483653368307528
1.1272172892388255
2.0749408641854066
1.2697922475955497
1.079831791620889
2.1756835199100273
0.09650423635482452
0.32932619119111917
0.0535873733992932
0.2822500523075544
1.3074911806419407
0.9074547285632802
0.7541048858826965
0.7538413273173162
0.9390252923357428
0.09820523468382292
0.1444393086179756
0.2692363201140637
1.2277193171723906
0.6999529466570978
0.9120427015215199
0.11516203289170011
0.39381959362679453
0.0858902328648981
0.9387904860124232
0.17880922693080728
1.0693135833880585
0.028559928467115563
0.030443945655971267
1.0708747852513376
0.10265071034346598
0.21002111824272487
0.9739657820833744
0.030646164866829913
1.0586640345412037
1.1395176383864067
0.2107805013516342
0.11714814813623421
0.8618421078376622
0.37658720695864195
0.9814270098744136
0.2338699611637615
0.4821527278167814
0.25741093736110643
1.1102527727137932
0.44608228586521925
0.0868853863281182
0.6363538760743305
0.47460227861970644
0.6647721167398258
0.4123405793534894
0.5563667372262134
0.1046903813437335
1.0087480486328395
0.15472005199020747
0.2600035554376291
0.8175970877104648
0.5636455969187125
0.488023844202424
0.07080676711912343
0.7669335852975743
0.1649829414168344
1.6070980346408636
0.05415827058676286
0.06634326184210969
2.1127078249780875
0.2588923271721437
0.5794158512901315
0.472715349923946
0.5911055079959572
1.133804099592028
0.7177499638252252
0.7095579667523059
1.0663973352946272
0.2821485289384213
0.09666950369404156
0.573084503243624
0.6520084438559881
0.5301162980098573
0.3015338326945503
0.2016940001493716
0.849242987776437
0.20048363617569534
0.8579450259408571
0.4817770142691832
1.1309176786236468
0.2791399527609622
0.4857676133286516
0.2980122766667095
0.6570789813046414
0.26701423685879283
0.6271266772931537
0.7505585225927355
0.2235163839975892
0.2698134155430548
0.4213277464650587
0.5885718899956327
0.03859259748999564
0.2787122705363187
0.1256360542371981
0.24777496705361804
0.38879306662110735
0.8601658151277619
0.38979946836382817
0.5377760532506022
0.3568304527817249
0.050104105938531
2.6419053638606202
0.05065113346902257
0.03668277571707442
0.32606344213740446
0.27800631297284134
0.08900479398423403
0.5820374121803694
0.8157091453292457
0.2922363752965095
0.8536277300490036
1.1960388597282388
0.9711717696949504
1.6468762992520858
0.4861384550427548
1.41175035882171
1.0344897089771736
1.5307426732711016
0.4788689659072827
0.3984783571789388
0.6240946389807529
0.05352744276847248
0.29448376578335156
0.5829769136200961
0.04152296733655744
0.06191525629141747
0.5698117476997074
2.7771083527329736
0.245539474743791
0.014796248563013774
0.9532562150328682
1.345989699295
2.3301034624839465
0.38408115338373433
1.409735433969304
0.5525099478130785
0.04661141956397505
0.7059737878330314
0.6989818941837561
1.0015228125794582
0.1430875050441475
0.44053900064899604
0.39589819963846606
1.5805118833301055
0.7167239178789218
0.9484663768775272
0.04495251913620919
0.1306654832484795
0.10884239263984173
0.24583091862586526
0.8626003930086227
0.6190329312328573
0.5163411270138126
0.022319836687905804
0.4391932027025553
0.3049541262775462
0.04519630445854355
1.6516391814692648
0.18433429125219036
0.6438434198676355
0.4400383332765881
1.0796211511609144
0.03809424837468862
0.15059949682562612
2.405755644857062
0.3726848608078633
0.027738440243669116
0.980489182525904
0.9279895477616468
0.2680640445208753
0.6919963725984698
0.45356007346070903
0.1347712717075445
0.6624244532194413
1.5399103034417128
1.6320451889722254
0.5789637666782775
0.19745755195740408
0.10746086259402783
0.7657037716935079
0.7064654832427075
0.34609959959873504
1.4233624044805777
0.6261471992818168
0.6340081400906863
0.7773837617195031
1.14402277582757
0.20527583342221825
0.5592087700107343
0.0923912688398695
0.05782420117110846
0.5674062196896731
0.18427786843633118
0.0228659900658585
1.102843386405856
1.0131614649611838
0.36775833511016515
0.16401176540068224
0.016102989823909588
1.336505658606669
0.12573147285316807
0.32716631146062974
0.2360218033806269
0.2142223279427056
0.824626019162542
0.8418752744858118
0.664402199143574
0.28573872722712734
0.5828056084075104
0.4246972858637716
0.09078268524033263
0.4063357777369598
0.21079586908435058
0.41253921736078575
0.3821355187407013
0.28223121253093997
0.18136834909305308
0.09368015685564247
0.012678432760825687
0.2884800878708977
0.1865922988692817
1.0157036102277943
0.25908043181650886
0.08208624036547707
0.07540460948689767
0.7961441712872546
1.3387546077798786
0.3095610124770147
0.3951244934063457
0.24833580496620197
0.42117534474461077
0.3047785321182515
0.3400461742338208
2.021928960309614
1.4184223658059698
0.40254552303541147
0.03407271482053675
0.3448928622089531
0.8217117187941092
0.11481527679499108
0.5645863332211554
0.42424732609019467
1.4618310436522857
0.2541759129607366
1.8886899848786314
0.8994781552169577
0.06830305835015736
0.3196373863128328
1.8677067340972346
0.49497345794737085
0.04573594105421294
2.3564809437447143
