0.9491303036225481
0.07251920974109252
0.23249741291294918
0.8804103929261389
1.845050644577921
0.2946798650369103
0.6481809203141787
0.41738004334069007
0.7983141612348662
0.8477403249573431
0.40720780924699596
0.8972451477406291
0.29555810397856874
0.5588416455176998
0.3913943651676645
0.8954198928714064
1.4437377445914628
0.46992496972285197
1.1727181879040114
1.468312850900796
2.674440954948823
0.15261116325187293
0.5688700875339162
0.8779026605401927
2.4429496803443933
0.6843448405609738
0.3665017948604398
1.6969287176320496
0.44425030470264276
0.15931531392984535
1.002899535822586
1.0893886042387853
0.2519339431758946
1.0191891406725695
0.7353128867799111
0.009566993899371991
1.5297869481888284
0.20413497585085053
0.33941449989042655
0.28039808465494176
0.25345384746248534
1.1066577483844064
0.03850975853170512
0.13129971419294778
0.07901724829632957
2.119295589724558
0.22386848532386483
0.08203041730139721
1.6698829695760824
0.24378087299614143
0.06331886217085987
0.365144057789449
0.17332120261904493
0.1271598966930454
1.0459459845287602
0.6017699657843639
0.1885101718198159
1.6526555461615675
0.43905417246441286
0.09346184630102888
0.38797025463543167
0.18321490640320098
0.23920568726199493
0.8523803398641775
0.10541535127411851
0.1256854905715119
0.6316003986160827
0.13316863791527445
0.639824341610243
0.2845912584726802
0.3551628086617411
0.7543153261833091
0.8048208782291955
0.9959652425661227
0.15815680292077763
0.16167585187926317
0.39856306993707574
0.25668706189476026
0.5487331129613784
0.24795118031470284
0.16113442567216063
0.32897644016279304
0.17566422119120095
0.07571837995148606
1.054460097169019
0.2624286292743082
0.4059899788549231
0.46865569312214195
0.5974129386601311
0.29101481690587705
1.1888604498649578
0.14319317013884858
1.6097692356006537
0.1212696429266217
0.20621012255716714
0.0639372690491492
0.35268739928013515
0.9070744158823352
0.39999326048160677
2.0191507088363605
0.07419039361035686
0.7656238577660737
1.0337044661661847
0.15395472188715245
0.7309183453160009
0.09936068270115812
0.11452519212369194
0.5399413273586501
0.7992924024651925
0.8286560892381328
0.6390056562627427
0.11082468512950161
0.8184943636764889
0.7581899294602517
0.2808267939427949
0.1894219224238366
0.3642118787117645
0.8254041754623922
0.34253376168587235
0.07744015150493998
0.7875532920169839
0.04989807178169986
0.8815597199805393
1.5259097881678463
1.3821367876730377
0.5247036391760127
0.7891206060331689
0.9193496966654681
0.6969928238337506
2.63482659137332
0.44254306300927687
0.37861174282851323
0.03981486242270144
1.3473029242260708
0.3146563892814913
0.8657172165284973
0.18871088400931724
0.24345934203829828
1.5417367288222839
0.038934761106122213
0.28579204263178326
0.544977773100357
0.6208352190038801
0.07897229188997332
1.205393381141136
0.15088284111385405
0.30061589489027446
0.6576819011357614
0.5598388182378247
0.04944405645085515
1.0016042776164018
0.10944672120199342
0.6886756983493957
0.3782206706600413
0.017761989837899606
0.62768075739547
1.2861380708405026
0.21004922026938808
0.022680055376504717
1.578505736796037
0.9529104452734057
0.2259665844497697
0.6124493372872011
0.027726431847620796
1.257038038283784
1.5775900943096057
1.099211844964837
0.2109493736458672
0.7468684577522595
0.5689121421722575
0.9569953238605757
0.19148650973821146
0.07461093038119318
0.5336200794208424
1.6654284579497283
0.6360377785362248
0.2550027207761476
0.046697446748280705
0.08556316947731063
0.13330649847888987
0.5155077205421432
0.5905333875699547
0.17818472373892416
0.15419542070624973
0.8819087944721655
1.2532007609464433
0.6889270254898082
1.152827206971709
0.5395085398119782
0.10632437690849869
0.02121046425181628
0.21916201533523064
1.6254866565038333
0.3131688016923059
0.2497629849151813
0.686699502579117
0.14428979434982003
0.11593333679388387
0.05337539529380072
0.24716886718721187
1.1421216664519265
1.126375818203154
0.10334846384068946
0.4776324090070957
1.6277143305916175
1.5233531336109625
0.5697615065569547
0.23431550998234726
0.24215456691471088
0.1672694961131315
1.3112051069918753
0.3620863046559529
0.6081682615055354
0.40898198063976376
1.0108974500158607
0.1618911342809291
0.3127679945722994
0.9466017707688001
1.011006980679968
0.9222872661770387
0.5345648978696822
0.8238399904415741
0.23387217507470742
0.06829380952605983
0.004227481490045179
0.44199790186888416
0.1706571019956134
1.5093396826179164
1.2203010363328235
0.13045101015018803
0.2998392851884898
0.8523241771673433
0.6415148128288015
0.7107369678305736
2.801989717684156
1.230247731326707
0.7457835936312188
0.12871043111879973
0.16486887609436002
0.2047094858296718
0.11488141992195541
0.053538085316129455
0.0957680392366366
0.6706664733108937
1.0025127329070307
0.7764354969239677
0.149182055191975
0.1284599712774101
0.09510371788750989
0.6032385350623508
0.7256783637059258
0.7689473594469965
0.9522624700929143
0.3731896348123163
1.0359980004173934
0.17217725189028332
0.5111047304653172
0.21730106592333648
0.6769640217278596
0.5810987137286839
1.0060000976111698
1.741745131639237
0.0982357921056929
0.05031789522713548
0.49005962135847425
0.44541435611694086
0.16276328912557508
0.5761905163731951
0.308998931394372
0.10720130641346756
0.6510859470372107
0.2972801525237449
0.00999706108596686
1.9375146384695217
0.23672935198095757
0.46868390069775356
0.4086735839670075
0.08254090571060187
0.29886400249400685
0.3802519776211838
0.13247612982148688
0.7089141292571196
0.512864971204431
0.43805063544671546
0.027683553920711527
1.2981664771924322
0.3605477213530372
1.0982666701569685
1.6711690799572978
0.05530184202945167
0.042753553159197766
1.0983146028618709
0.4266461807749108
0.7845080197375724
0.48641745323053576
0.17866217194574593
0.6972249686411328
0.9985217036382225
1.0259517614810776
0.6938179456651977
0.21321460361801975
0.41002091502195775
0.17198297118872102
0.5051547846984242
0.2790524101069392
0.27387821052648265
0.9171659110319117
0.15668906292485252
1.985727090142248
0.1867228289597444
0.1232023359453682
0.17070804161758282
1.5250667448721182
0.08198352676309782
0.32374491220986834
1.1382833551741889
1.8767721552585006
0.5699397872714603
0.8882548777041797
0.22191095861714394
0.027867313037227743
1.6708943554303184
0.5512063214375811
0.04505266090011538
0.950324573024914
1.0548338947173732
1.056198142557763
0.9610294415503694
0.3504124314614861
0.43017230567139103
0.2529649858403011
0.27447665832006335
0.08922552955692262
0.26970233787072184
0.03647155470955058
0.17900092528143635
0.8497180140098052
0.5604313181071421
0.16431526397056653
1.0348969077976076
0.4228889946275772
0.38025025462168555
0.07263248123899253
0.4824221543030028
1.0394266327291628
1.6339602891863187
0.20934215728129704
0.4165519424855364
0.12224377861389005
0.04595889379593433
0.06816912399223256
1.188710210674736
0.06785984361640307
0.2532603172581063
0.40770516437302323
0.04015276593744094
0.10457815881425593
0.8862330958152858
0.31469514453486835
0.10890662836009724
0.20849007348844317
0.4927048187052127
0.24027953539147345
0.662043375685586
0.36067233653363945
0.8692593366020871
1.2300131916033825
0.3767756854194298
0.060893675990520126
0.18324556692066524
1.7216948071912381
0.21090828288027372
0.44325673441090563
0.17490947343857932
0.06655533764187149
0.48821690233928305
2.2771992371908576
0.10927106475940088
0.20244083552085193
0.5980755807983433
0.325515459545982
0.03923972653877137
0.29972587801174716
0.4070167190583808
1.0713193973667443
1.6233760429258886
1.0109599443100912
0.4403601914497761
0.3952595211672299
0.2695899023859212
0.7645403967460471
0.6220256289501289
1.054789321399515
0.7066829621931956
0.7292373853888181
0.25404844569219587
0.9056549031835442
0.24591840050345923
0.25284224500353036
1.008734625754132
0.2965668018474007
0.276329371831227
0.07516245234877694
0.04003002458880914
0.021928333053266
0.547658814965813
0.2390625871405777
0.48784541607942244
1.827611944577531
0.4044157101293926
1.1367651524049944
0.6653573265915816
0.24897654922622545
0.2932883726915459
0.6892356932769929
0.011380766916284356
0.11202134142606357
0.3257571431344398
0.4399340931952859
0.18987004692310228
1.28175410242457
0.08967966792984867
1.6839513071618986
0.8834284286108117
1.6689339993853192
0.060395805518626104
1.0411027564492699
0.6994769824637025
0.5088646959186586
0.3017336028792276
1.2176347125580251
0.20960617172971815
0.22553259068193815
0.5412784045786186
1.5176175029990366
1.3731451637296512
0.1395432047593401
0.25708562687548164
0.17991975008419264
0.04135973476495102
0.2711559115239826
2.030577239917526
0.46749273229505084
1.1778246227354712
0.6653206942677127
0.1686933142528543
0.009907745917514338
1.2233742135909225
0.4921657487605207
0.6762456951732914
0.1301764499654003
0.10661166725418832
0.16036351070077734
1.6365540430243282
0.15256704279368882
0.45558904995503874
1.417207300380865
0.3936237267237991
0.06744717698035547
1.2822378399606953
0.8870717372546785
0.12097318499306425
0.23087229780971322
1.5975588776653873
0.38721557880027824
1.3087599372709544
0.5578333083286611
0.1874247754645682
0.6025582982496813
0.8156393195881569
0.3496825336136994
0.19446700401508868
0.0734907924175178
1.3511982895745767
1.4398604806264264
0.10334391776391355
0.29000391531878095
0.4187485823218085
0.6674946594986554
0.0485984641980219
0.6731113229204423
0.5870913434133873
0.10925121148152439
0.9282714674929393
0.8463983817577038
0.1595045737279544
1.708157703088005
0.22518247386772502
0.3526985783108245
0.6913395180455904
0.042075987209631745
0.4201253711364498
0.18841434034015528
0.11360928848756166
0.09198110147360639
0.7493349416049775
0.45417339585976313
1.5655503638392199
0.03711015438239183
0.7886217194248973
0.9632484380326254
0.6541742828923567
0.0663297889321964
0.1824807297984439
0.24783517564765511
0.21432950924471003
0.34636292497918136
0.14415443734537955
0.025032575464010436
0.06164933325208133
0.3320272249012403
0.2353816010226935
0.06512998609394934
0.779233431883272
0.03595208864911226
0.22923333639430313
0.6496513154644616
0.9968497938627643
1.5284742500267727
0.11750591313042351
0.7205147816344925
0.5625888534963709
0.5470567569281136
0.17982860542002158
0.3317155052825264
0.7656424848652484
0.8492884757231962
0.11757554127759157
0.32338892279259474
0.22591117541197445
0.7648403296688686
1.7252436449412722
0.6670575389558429
0.027968758517507037
1.767088482832313
0.6945106701421148
0.4083830610929813
0.9889853751390365
0.5594554012392785
0.9277144771819222
0.9343964380515336
0.890651752551586
0.39082593105211266
0.8739041956910714
0.19901756516407096
0.03346736412788163
0.2624197986883422
0.7468658687013427
0.9284133855469922
1.3539029805983065
0.01958098324562919
0.07875839483209969
0.9465441491866
0.201743565682637
0.33870993196041277
0.7950744279447821
0.16521287569400075
0.19869777987577203
0.34424215024165083
0.5365963442669877
0.8363040216759743
0.9486867191544885
0.20193062635301398
0.2852120025164442
0.487600964286961
0.31295746451208717
1.8875235324812427
0.49502106586932365
0.4385987067482191
0.38189008283125925
0.05090395930752643
0.3840826470080042
0.3265711833690004
0.14374513686101337
0.7258069796555663
0.8204810052946845
0.5480501143731373
0.2450374233303356
0.36913228882025956
0.7149412227915426
0.060514072475832355
0.010018062120263108
0.7567239515128701
0.5908601573227766
0.7217531889636207
0.13054654027185184
2.4437247495011247
0.4402920940966471
1.4169416782890736
1.753036755531938
1.1352317526835647
0.335327371105029
1.3581951607355627
0.2282400091083016
0.7084883164691455
0.3652747164271419
0.7381575053947398
0.45251295713180456
0.3480411579209475
0.08926832941526838
1.1264452639322653
0.16140572916665885
0.0945830955813919
0.806980604592487
0.022237750975185617
0.28300962528913487
0.21508620048478136
0.4157189556154602
0.026110165496440137
0.3970161632433033
0.9606758100252518
0.0911778656319721
0.4867781807726635
0.11549046828464898
0.20888717240958218
1.0225121537345525
0.41902512332995184
0.20849738584698807
1.3382825167062264
0.30233469881521385
0.8972563624858539
1.1054669479628185
0.09375132713914999
0.7660983956004378
0.19778709949508924
0.09464953073309355
0.19315678974486628
2.3954539059785263
0.21486881602394595
0.24250862698503742
0.5258722799982555
0.199988073654438
1.405427137418704
0.8536983466813625
0.44508092838389435
0.5757522725500682
0.4526176554022924
0.04982908650660112
0.4062547547832058
1.1078220160490893
0.08316946759447524
0.4395770413087326
0.17881162050607452
0.10278559342504157
0.036692567070145045
1.8744764381915575
0.824274829191816
1.1365316087437745
2.76299264184244
1.2872991801780265
0.32775485090522366
0.01562566312423251
0.44969803842902584
0.2331830451460816
0.33064566954927066
0.7435565582370625
0.43126840094596053
0.8186803676652831
0.23117595627635415
0.05991029470865826
0.7995182627711338
0.2553514740818022
0.07728386990619164
0.5662347962283427
0.4673582107094875
0.4366805007497823
0.7172562117701233
0.48717652897215985
0.2779429204274596
0.17814658581470408
0.0515935806799098
0.0023910891636967566
0.46840662377871456
0.01987056947534238
0.5235260162228479
0.10951433239461149
0.31274696257698664
0.3329086385358499
0.20397542216024755
2.2880491217139367
0.042902034611532254
0.5587623305252971
0.171293198837457
0.8236488186974239
1.0777013329907585
0.06286308546409844
0.07445891360023113
0.5413755989798329
0.02168346345683367
0.3237004983789236
1.4718164719603282
0.22653558251102054
1.5086211741988882
0.5126034788157622
0.14865492093598498
0.175331011300551
0.5143172919345446
0.23301214962311673
0.04643193157737253
0.08883611017882308
0.03600638873075568
0.10066673772352665
1.167390592657461
0.5324794311036857
1.0690509874256198
0.19978151831526353
0.5720848674059178
0.09251759919097584
0.7482087182204541
0.07727703929332505
0.28584032923054015
0.8590087607472806
0.8883376947983036
0.6302818754634669
0.9378852706872809
0.11587067267262838
0.21006798519882752
1.5758724901550067
0.8104987927253692
0.09769403289218585
1.0023081191809255
0.555048432122396
0.0559116520358632
0.9885702763649874
0.3499258912674491
1.9522880635133022
1.4906071025843126
0.1685912776252924
0.12561715191356387
0.6962090306353627
0.40224652215823464
0.5508339444707598
0.1816969041840085
1.1329529975020916
0.07580167358687775
2.4114808944999804
0.6310244524673674
0.12377452993622302
1.4164695697029175
0.31156549928694816
0.24149037329536238
0.10783546722448027
0.05120054170060632
2.058029625577841
0.15440353887629168
0.20504917240940562
0.13330954750296506
0.811747634908346
0.412330556129942
1.0743779513241065
1.7312812645466717
0.5727867504590181
0.5278222352392302
0.14685952379681252
0.1586078959583854
0.06705306592310546
0.19038794835707826
0.6898998784814689
0.384356155639489
1.3483886740644453
0.01579566908365233
0.461647925702566
0.3165797485668054
1.4956657693128694
0.698680003133189
0.250372133429991
0.34963267805623105
0.3656379548708073
0.7128702996352375
0.6435003560271351
0.08030973000447025
0.1927794436312653
0.3381450184672599
0.34381191855782495
0.07664134374336079
0.1499508412197135
0.28462251933993094
0.8163933275474241
0.1742888518707632
0.11342290139743287
0.688238409471345
0.3181534945390916
0.8314296527345161
0.9535408301574608
1.0338312118700146
0.7761139254334931
1.386115446207541
0.05490596607649251
0.4368007195546967
0.2938659333318986
0.26715206771290223
0.05117049945166317
0.7546544230428724
0.7291031379535581
0.5888869163161057
0.31449105743257916
0.4537300767178065
0.12436621395414144
0.43635042825598275
0.40413835959824496
0.5224133416058213
0.884999219991914
0.39184872760499473
0.459618754286562
0.7068017968705248
0.1294264281679082
0.6304097796529663
1.2378927552135066
0.13858230666176383
0.07634670338124852
0.13811487655546492
0.06110712014027829
0.10996992233534968
0.18430320108541975
0.1667056136806766
0.1937683842055234
0.3312556424051649
0.6591622555734047
0.6276471598025277
1.7575129123047282
0.35596978583132394
0.43824132799633286
0.7244083854069846
0.14201455150989872
0.013412618209369002
1.0059713260496947
0.46016731115979187
0.7624060591586658
0.8148389401036369
0.07356440494064241
0.13731075075479557
0.41942401831823
0.7284981277849198
1.0830607575587894
1.0193141548439004
0.45470222384676445
0.7087306089826007
0.3726635574187551
0.26930324573153513
0.02093494467240327
0.330134837314577
0.1436300917486384
0.25255518152319506
0.05087484813187099
0.3694103767368953
0.5265234661931752
2.0920371981810346
0.6566137464028406
1.056850208465553
0.4731975114243079
1.6095752068010807
1.2779493427138762
0.19336367993082174
0.5245468650438871
0.6014171485745697
0.8204588229571648
0.012999978779003397
0.04449180574557994
1.0092562509833065
0.31326822581932207
0.046259708507853096
0.4756168825638762
1.0320339367743514
0.23945748655179402
0.2413606504173983
0.18286104263083533
0.0747209896520732
0.1780338257077024
1.0009189588997036
0.11384615284372161
0.2580526276731798
0.02505242551196882
0.03417689632146159
1.355724684771211
0.18266878047304708
0.13941937139403526
0.339835580276089
0.02775729994804627
0.04809399842284874
0.9618654960226538
1.3193234208340605
2.120623447562353
1.5647058078814673
1.379533935965893
0.9870500120719885
0.15693669419594672
0.7285281140006802
1.335247574917885
0.15816999174566895
0.01133283257704287
0.16430770351723628
0.42217094768975394
0.07838805658688987
0.28472283089519707
1.456017972281186
0.9618167722630918
0.3962999937548117
0.588244674926375
0.12425213765976172
0.9957319974833001
0.8792720024609987
0.3808478804242589
0.5365325041295085
0.7348641551768488
0.5205380495626712
1.5303990697812333
1.6808755429795932
1.2393411631779339
0.6913973446508149
0.8099785247977324
0.14208840450090238
0.43344783790816177
0.9913324214247088
0.08517164453629349
0.10626803453721102
1.2150438684528369
0.07739795287775293
0.17255661213843898
0.7375006697279092
0.09909889786733213
0.12286932656383617
0.8124875457090533
0.047166852706707195
0.407342549475373
1.185892190049632
0.5472942202623073
0.9607371806101179
0.10389386856392858
0.598287352836118
0.0010767608080023054
0.35400885035727403
0.43189360746028127
0.10881797039214887
0.4965633262293245
0.2907407154511925
0.23333197071180165
0.3746845846995682
0.23288398652424702
0.002262214099960203
1.8707198128297187
0.1965974353259647
0.5186526451207722
0.0824414630555194
0.34455602865163476
0.4827651104675014
0.7747072570195082
0.10020433882898794
0.04392935407502769
0.8457837700155884
0.007262173811445107
0.13934967273182086
0.9628344619182807
0.528310999076336
0.021508890483598383
0.7421173267819731
0.7483281209900637
0.9302473453804183
0.8096138391293044
0.21410372640940953
0.41099181580990257
0.05468121248768837
0.31700538794729494
0.07145261287886359
1.7967185725034134
0.1902665477920043
0.04603171307412664
0.5627486304939538
0.2508699514833937
1.2053238177237933
0.93111175063277
0.7868845933905997
0.2425190913301746
0.08597914159550157
0.8428827390796926
1.0796789754196927
0.3259155951819791
0.28816660967874885
0.052608170217443816
0.30402200139192803
0.6658459093345037
0.12624849207300246
0.10400359075461334
1.2956403580772524
2.2260099794621535
0.28486185937469666
0.17707782732799324
0.26220573998792784
0.31051604535408256
1.7732599155565265
0.05919961866995814
1.7744163631158407
1.4658324530580307
0.3740369606938661
1.1311244097558184
0.12755454052797707
0.15109948651153948
0.3758224057390933
0.20708555675413526
0.06505753523795399
0.4914106895208001
0.8535836744971497
0.21877495160214924
1.1966531272396166
0.40787523861657626
0.345608189459043
0.9859649678752115
0.24771522425870773
1.1713580648691435
1.1608765690451381
0.15293691629120798
0.3792310998634578
0.4396567438520583
0.5746867225187617
0.8524915581546175
0.030875824741860337
0.08249397764146933
0.7704114397905351
2.1173010700543817
1.585510308294105
0.642328288076794
1.8419866754379748
0.10702129334267368
0.06907222933278408
1.325749152875301
0.37793501077872377
0.24451971386288635
1.3407384286835178
0.14679880479021973
0.9783550022814961
0.8109690440597151
0.04833490424971955
0.018722432704139914
0.006564306164029413
0.028447758391849327
0.6809971036264681
0.5455941878262249
0.33437250026682186
0.14009048161073842
0.5957214141634651
0.06617380442713944
0.048920415880347
1.379606160125629
1.2411693012014176
0.059163377272714764
0.7894854316171099
0.5648735403434271
0.5468681509824136
0.7091988298459371
1.8186530482551864
0.05834577227530627
0.2621630199909489
0.04458573971560526
0.6861856826412225
0.3206386517497612
0.1213054678540593
0.1648817569295776
1.197171724125207
0.528197529454077
0.4844587076649609
0.37069404571002695
0.35675742190911586
0.3753629325389187
1.192189820052983
0.07496694219726634
0.1368364694131688
0.4711270637700185
0.16778260690980884
0.17529659938419145
1.1777751216399721
0.3785687718670502
0.06725382460484501
1.2907124523839035
0.1799224617726743
0.6035624253494813
1.7579296884073619
2.9100290618165254
2.645988160217317
0.0441426435615285
0.16964329427482336
0.19287723177806454
1.729449849531325
0.22131458226308767
0.23338242066781503
1.1260193195789905
0.29545690806127045
0.5358077410946996
2.316136601084355
1.7819449707861816
0.6811341756744724
0.7117943765970197
0.2635427427649028
0.07968655214134836
0.8815255838079639
0.4909035600800725
0.4518315520614122
0.8409651296400964
0.09632276953477117
0.06837151217962635
1.2083635336602903
0.6471914864246956
0.45666630929407326
1.1495666471632846
0.6801361485066312
0.4576941370905907
0.19083943394496267
2.115434954541536
0.2821097653083348
0.599841918978173
0.32424880016733393
0.10416777265968147
0.916711121762
1.3074572301549305
0.4456084697720066
1.152385359773552
0.10750732998232373
0.06561342654291018
1.269563350476814
1.1689174670024058
0.16771371662156287
0.8459201610986608
0.2106438196236357
0.2162450086670229
1.6817785954052247
0.600493819414257
0.22584945423976682
0.6695350065716089
0.7836802350100487
0.03947392978213695
0.19893971421239512
0.50883872371018
0.3863001130037112
1.760816724498541
0.1842006595459247
0.12029587289898051
0.45759708413636474
0.06698492714576598
0.47654973947678625
0.25140654505731774
0.6599678589219844
0.3329497455849933
1.0569637429278465
0.87105563165556
0.4424921389370987
0.3191445833740037
0.14930459605234112
0.19193636116698845
0.2704554340375781
0.13748977439450416
0.36237854013553894
1.0391123773544704
0.35895385033286914
0.30333233863588094
0.08516023176153917
0.19650563086034198
0.5211540214873073
0.3345901244969251
0.16209819260728242
0.053829298456086624
0.5389293098858791
0.7003527688708413
0.8914336394190596
0.8408981963037162
0.09352561771739709
0.21080108410891807
0.12671980516807058
0.3881733629776484
0.8577815254162814
0.7852664401140557
0.08299491947270352
0.040961299348422284
0.7560087302201322
0.10394812955298942
0.055042978890423845
1.1387216425139661
0.16011497420737617
0.19296619455160435
0.8011633873258132
0.03533333181524112
0.3389393471146741
0.13527572949463884
0.07286551449334368
0.04771197605684395
1.621665602210458
0.8924998184992498
1.2825519808881969
1.7846493545707929
0.6628469709623014
0.34521554508613683
0.3075514543760695
0.1708640974401424
0.0995860470169486
1.8490604979429597
0.02128335937833239
0.15866366596073364
0.24233899371756562
2.4586828741654085
0.13748846729898911
0.23451675808315756
0.5850066860068491
0.8692818384895159
1.7334633812412485
0.6402862586608999
0.1614670064829767
0.9997993577277177
0.2028018508526706
0.06671386788590132
0.3210507507751782
1.2700548995656227
0.9411506632976582
1.766216996172709
0.0846767606429996
0.4263682263114718
2.101750442917141
0.34961132493650393
4.168542755414007
2.3998623494896707
0.5548727255622952
1.0586680276712357
0.38649963810794347
1.24540041425606
0.46319349246714103
0.7287740226719495
0.5740016145455354
0.561850611968317
0.21710084433171073
0.16914732903033866
0.8470635899371969
0.7256980869457602
0.28760021894855464
0.3669418677078572
2.1671908803330484
1.2494909955404943
0.20371370768100586
2.508189586534376
0.15826147665986603
0.13434671891823594
0.3784564403372312
0.04819631761178013
0.03885875599219649
0.38012576448888485
0.745826031651414
0.6060490120293324
0.18305212351908193
2.736407636448045
0.057486409331627394
1.259261024294203
0.4810066800175391
0.01923079900173482
0.5014665212896952
0.15599738029933544
1.2285119800800133
1.7079308924840637
0.17192021027868684
0.1003436763348619
0.19265285808676155
3.77993087125334
0.4446144631883495
1.1169871260283268
0.2850054815739038
0.040382810844888546
0.1931130601599179
0.14862745031665608
0.698535497573654
0.5937838105393419
0.05032034124068962
0.04082400084746516
0.6883901564071347
0.19854215208064907
1.328048003523255
0.26894962227186536
0.4896688836954608
0.3974120998906405
0.4517935253838472
0.47208112546440634
1.0614638103144318
0.7193179382840238
0.514861190967224
1.5586458968196062
0.21873080596475575
0.03612834206968161
0.24762687338155306
0.39640847248219696
0.07391911663954583
0.33021750093535895
0.6692929168092214
0.3516171198169231
0.194541516174071
0.015991283378159558
0.8276960405953677
0.4970979921606103
1.3901827844725825
0.3165351241796924
0.21844175934315066
0.32827308142631784
0.8053368534061701
0.43938738166574165
0.8486787330298656
1.1039576134484403
0.7778902913987168
0.32896187851110203
0.13751632188730775
0.37723542037266083
1.4643909416640295
0.20127543208217027
0.3200971851393832
0.5319183512631432
0.902827434468379
0.6784602931466737
1.4580976117374507
1.9239969656621427
1.7135081971362596
1.4003662036706999
0.9961552294460363
0.40548818940586995
0.3156815416466542
0.5387536306807185
0.8667241865125531
2.1233386091588247
0.8339792390063506
0.9405508713561636
1.985062170322652
1.0755364520491026
0.45343991584529025
0.877844524594528
0.4120609306394314
0.6012327938807335
1.7086271330948903
1.1038092928920258
0.819251974542124
0.6076346366434503
1.6369887566021326
0.08480797995553888
0.4762939943988741
1.4707884009280539
0.5648013174263383
0.661643883228496
0.09668143429560855
0.33687509043334657
2.348170719843897
0.05951049262173811
0.11483709868563526
0.3135002871637003
0.6410718350609429
0.37153292707643737
0.12554756510077053
0.06455654589149949
0.7209848971289095
0.7983271138747285
0.03461657346736366
0.1876695392299601
0.5422476224958065
0.2634374293603405
0.3066640217820517
1.2994569307482895
0.16678068910197708
0.2165489428406346
0.7735890542763733
2.7199057212898783
0.621358450940079
0.904709780443978
0.27837653617834335
0.7025302471254027
1.3027905297870452
0.0293476611793979
0.06635949739921618
1.157095933295564
0.003018994901149109
0.09802016366002533
0.500490176403391
0.08746268418101823
0.43624741671312
1.5739627775708327
0.01966176729199419
0.06441784418470858
0.6032329961246672
1.8374871961590236
0.4693595449996711
0.8058820600792903
3.3499279977443215
1.8995397637062417
0.4809294359792044
0.01584865704102364
0.02361604648547556
1.1165306249225495
0.2308647023403712
0.6245492700363492
0.5297579670898326
0.020642365157094764
0.08573094455930586
1.3347376199152625
0.052922602083813046
0.07904885687347941
1.636049279603609
0.37096934778401336
0.7344881194801839
0.28266688383194283
0.20069079876832274
0.28590867853366964
0.8306726836221773
0.08007652164985528
0.04731122021795602
1.3517606080235616
1.1679803235751394
0.09617544986884123
1.8035780763006213
0.314405894947387
0.17887601021602667
0.6536942136738988
0.003967551458782844
0.08903671570520971
0.670439817693564
0.338660429076085
0.014910043087980718
0.4646019414705155
0.8575013016022729
0.15248142276371626
1.7756952312335221
0.46498229732853663
0.28937697843093957
2.6343518648171704
0.15287027600502434
0.6288544369162251
2.398300551598641
0.3586312743332471
0.10010514994178077
0.6360639043920171
0.09540646331732515
0.26670742387182894
0.20387405896292699
0.11275033492186269
0.14939760779231004
0.08669009558825205
0.43996337049958983
0.26456759519792017
0.7656351935472359
0.6853869513402107
1.5995946482797758
2.6459197237469905
0.44863849685319895
0.3321354503754587
2.0701026998336336
0.43790913096697487
0.3917388250908164
0.5889957737112881
0.20612710253909203
2.135197592611646
0.7979810705573694
0.07766570616060028
0.3446877489187065
2.429158436961092
0.33938211715582794
0.3241351327982612
0.3190819772955561
0.04978444305121211
0.022719884298733617
0.13440249298936274
0.0017872794289143787
0.27633724368516466
1.2280581026877884
0.7995351218862032
0.07228509004961044
0.19660366962800693
0.8839458172153692
1.1635480462065904
1.8608277898436574
0.896181310758371
1.7703495984843058
2.1253671497837803
0.6171063671109114
0.16248525625019664
1.9779099160927844
0.19009255063769895
0.6694448641991341
0.16318463667717545
0.6291984673844724
0.5190141471555719
0.5219518489961457
0.5237597057525989
0.3499454073209684
0.5548269446940425
1.186019590850764
0.16417410744794764
0.7955512289141449
0.1317753250914369
0.15127313942545906
0.5147537716604015
0.12925873518052075
0.3399216678541028
1.5918938151722255
0.19793071552491223
0.3627456941208379
0.4791757827804387
0.24516040465255728
0.12851992114384442
0.2274771550636135
0.8561356190630844
0.062083820767695884
1.3158160318326884
0.018867987099744448
0.42925322187880155
0.15590007885111934
0.04868608649140475
1.013579498373964
0.4717134649646534
0.3219981130664701
0.42644355861138356
2.016289453598637
0.08694768361730594
0.16356344714781326
0.10629792371212807
0.990108668599355
0.2774526464163821
1.2603340428519767
0.9557644015508568
0.6532224337289162
0.47921689467967393
0.1507583358445474
0.14821453631036008
0.6406973011632602
0.16394450703572172
1.6758984185418047
1.2875098637281563
0.019158769935397807
0.077547575761585
0.33297119855629786
0.08392578969747942
0.09509811711685974
1.3887115056478538
0.22598434285017027
0.3606882236905213
0.48582629813556216
0.8233198400186148
0.2850897744870714
0.7418525535823547
0.2888343410770282
0.27838415499172575
0.34903261025696464
0.21820958928553041
0.06417436490096087
0.5333951541397034
0.24186864703658517
0.4478292831521133
0.7939946916867712
0.1316892210790471
0.44630510278510405
0.33117956956917
0.416822170603894
0.05150998833398155
0.3972941168527207
0.656480343516246
0.28099793694847836
0.8584800834594929
0.026352498485466464
0.359093143447675
0.22579936649113203
0.6988517686446255
0.20060477675548155
0.41964343813956634
0.1642625540773959
0.15333522779421746
0.7585427195393927
0.45024002617107883
0.049132702300838466
0.6155324218343003
0.3539243957786788
0.1951980558887216
0.6183809161851473
0.04270205705591142
0.04261265599613819
0.8394261334644704
0.004055713347647891
0.37143382589251206
0.9677245106119845
0.36956170212473544
1.0408216633687692
1.439520918451199
1.1983922108867575
0.6064984157985931
0.4566127924949527
0.26715214625986083
0.37237084489093203
0.8181194437199374
0.40808306315529036
0.2908237325597699
0.6336337288293897
0.6313783038882224
0.7825910024609037
0.4363695132649772
0.015060161253653243
0.05899459917822571
0.025174918513860042
0.5573031437275593
0.7276301660041179
0.09196222646139443
0.12319551876786036
0.4581924654071156
2.1422133690452334
0.16444856587519882
0.19263246517621813
0.9214341147603182
0.13195252631056248
0.2725819849562362
0.3687147496139013
0.05890364974826606
0.2085994145337428
1.9992249553960078
0.14640231696480546
0.32497981526580866
1.2574232232409321
0.19749269042260836
0.39902091020201885
1.0769162367811471
0.446179327762699
0.7362645830924767
1.0143966707061454
0.15152467816225562
0.8586919782770058
0.7032249263130896
1.1833336468244047
1.0025254111364894
0.8552932648528881
0.2606234538986876
0.1880682924812527
0.7600833826016921
0.4329206711831785
0.914006069015643
0.13869775875100634
0.0970307833131025
0.07548595857419288
0.22364621362231285
0.3452049520737844
0.2276569862017934
0.9903651022916724
0.9758985633122637
0.9131921010357368
0.8303822990404859
0.410349532421103
0.141987957407313
0.30981539949535386
0.6065801966029886
0.3548599822525687
1.4664917865483948
0.05407877184872858
0.0970579683738588
0.5223203313772498
0.6144282043106309
0.15140478373060504
0.25341232148826454
0.2913163342855132
0.11077113415141823
0.466746228317229
0.42441559791885447
0.43978695455422495
0.6453496962213697
0.22531886969569268
0.04064945531307257
1.6520349631778546
0.599203820367825
0.10701315863944455
0.1688555189618787
0.2463472651180371
0.013780045252436349
0.6741225582596827
0.37594589910656373
0.05947856319885715
0.4106338649367723
0.2913318965287648
0.7570050920954792
1.8798795110482747
0.5504066740919056
0.8830740035932332
0.9261378343742372
1.4649251305029451
0.4780437805736922
1.2856120863786507
0.057943863322790404
0.1675386090378815
1.049593067963301
0.6220440410971276
1.1694435803582723
0.11624341843013172
1.8830481908023489
0.6149370913220049
1.2500746343834657
0.07524056039475116
0.4463979542253024
1.355444997673475
1.0197877355545488
0.5385643327566927
0.030950239632479958
0.3355237471423556
0.3622613303179184
0.22232874108059564
0.3221765501003218
0.33296192255222007
0.7087229865216974
0.5436360674613925
0.23250144808848358
0.6613503757257828
0.3471806745398922
0.13832993369834715
0.2245389809737572
0.8562928706224788
0.2632396870649408
0.20360674758474018
1.8956584804973022
0.37204691691844877
0.4811931626976306
0.7271266865074337
0.793140291721918
0.46451206762941644
0.013218728127265293
0.2873651054313753
1.7906264596085377
0.022268960537007512
0.3392150703666956
0.4772120035839387
0.06287810549391819
0.9639006533378337
0.2545519963313897
0.2884326729493307
0.18255494477416281
0.025291405391105744
0.4125560473067391
0.5222417634769607
0.5503765320754463
0.5836642318828041
0.033042562398009394
0.58887744195488
0.7742751108399392
1.4296362840776673
0.16467635778591871
0.3128804229067916
0.9813298232166282
0.016446193116375362
0.03703167494559216
0.3473777004600742
1.283164456347669
0.36051857763697054
0.09695192370072986
0.9419570947039713
0.4812464146148914
0.8744698856086807
0.4693267971331356
1.40155557059108
1.0094248387080722
0.9030161519785906
0.022160658513096367
0.08773134181258789
0.24163465055159808
0.4314982037529897
0.5027151168263002
0.5020295678675423
0.23176112285151476
0.6388211238477954
0.45228933766401846
0.2278367964518267
0.3067222097273065
1.5202690496785534
0.5184851100647493
0.6644037773607356
2.5013097321737905
0.3326352776448348
0.3984078708221252
2.0547198226610695
0.20544996214099684
0.7703279958090345
0.5105189054160723
0.3964514216217674
2.514056538259946
0.25909702760347914
0.3395459044294814
1.0816752700102974
1.3144133741693267
0.24139319247328156
0.3884046850746479
0.5021606577222649
0.09946148988626376
0.3317407735134218
1.1689790567633533
0.3897095581957918
0.2524477900336964
0.8644675591746747
0.10547560701948298
0.2342207107301286
0.7719421326197099
0.2299605334342098
0.16603848343581346
1.6356342050441648
0.1839095796531787
0.2806774495039963
0.28766656250690475
0.23018175520985332
0.650584062512332
2.3916814927222734
2.3890542060872684
0.12616104216066631
0.04727262141974526
0.39333688702414177
1.1850413853261093
0.1629870255252292
0.8710585496240307
0.8800019692821446
0.547637533245181
0.7140729972110231
0.07940727666174804
1.2097510009151027
0.08500023609361072
0.19657950812233455
1.0944815041050058
0.8518812241149543
0.30903132379789444
0.06518678291635344
0.3089624032066434
0.9568949263622484
0.19283751418082895
0.20608687394875638
1.055905142429889
0.21846362503005004
0.7561227259049732
0.14771780177458127
0.9778639508256882
0.9690502476480473
0.24123284642583134
0.7828591481248383
0.778290454020757
0.3434535128356209
0.23434591292558973
0.22537716385133666
0.303908699854425
0.6109356675621168
0.597845703654368
0.13127316650727205
0.5137672656090687
0.6031257200229565
0.7306138939189318
0.08836930357579922
0.7381294535073017
0.05396971665886708
0.956221379755899
0.11724477534233148
0.01725728476377745
0.7591381353551334
1.2986400855850198
0.6935450861357476
0.47467771350482557
0.413613557201673
0.16883316137549517
1.6910099590027157
0.5940366855145106
0.7635319991991909
0.7462571144548912
0.9321958558458168
0.19543367582950846
0.08583418512734747
0.21713814407916834
0.7401814270350805
0.47141841084703784
0.09493871453654792
0.08396113314622962
0.23201770078681996
0.2334060483074816
0.26995574032585434
0.17235420929418943
0.14543186813346667
0.265335285145009
0.5289323526265128
0.2870058839746119
0.435836684378921
0.49844544698215737
0.2368521630307715
0.039745833708137945
0.7139630547100851
0.15656587945445657
0.403029785256906
0.7049244331487987
0.24025064154697182
0.5780706629118201
0.09206910177343311
0.14977950998750178
0.12179212368589422
0.031931085339327925
0.5336079999028325
0.7966386333125923
0.1840050722667641
0.03331426572428687
0.026689920211444347
1.7180768365690346
0.09709071872257326
0.35403773650802706
0.4586191862189057
0.21917882063858654
0.715752317255217
0.23440658066180728
0.19511917169794932
0.24396448742353302
0.16523048629568662
0.10157037238497457
0.20596123167392882
0.24943670873024337
0.16999242152457347
0.27681064784986104
0.05846295122237183
0.8109806640324259
0.10788146842673317
0.3645366550927762
0.04310820444056028
1.4843387600411477
0.7605192024401175
0.1287987446189566
0.18865444379713822
0.24999665440321342
0.10625375646356988
0.2916863193096433
0.3487743022081425
0.057945717861558076
1.3791493421852763
1.5776852784358488
1.8070770844361215
0.7921326473562335
1.8369221209826454
0.14864401378627845
0.47507640664942186
0.5024911599525009
1.1110756628353002
0.05127093978290195
1.547909914754693
0.5359809852363002
1.4237263820227022
0.6664090646475582
1.0390545840524823
1.3070762595743168
2.330807582097626
0.09348856403870605
0.33788107130812006
1.4835132885508786
0.7380274203604992
0.7431416262573102
0.7451555164347324
0.4365392572906456
0.3041738393991799
0.5778287353955659
0.47352393031747825
0.3445211058204706
0.4753882998021271
0.01677498496336359
0.24955161277829205
0.49883694869699197
1.2081392168254959
0.7373413654465704
0.20613102197471372
0.2513463779854211
0.07798166629727947
0.2694019185087098
0.8872508711411066
1.070177984661098
0.21593674895754392
1.086614496694164
0.8952400790185571
0.03115538171431223
0.03455639798897486
0.45599894641892874
1.8077161296665571
0.5811352942960442
0.27756109881788976
0.010455677994041958
1.6964500723019627
0.9077319130191539
0.6370312943383148
0.7462522406481802
0.10663010640247413
0.1947226455016307
0.535506197042051
0.36632014917068806
1.1357864785516647
0.6373506353365315
1.5516965150542517
1.7229137956756113
0.16001960067435447
0.7371029707054797
0.3054243930500767
0.5195909563639574
0.2989083777334343
1.1275099591122908
0.5499359774943908
0.37557687126956224
0.025577251273118162
0.6055670424170775
0.5536790804935541
0.9241163320782655
0.09467106661177913
0.08584285925263178
0.2556486075505317
2.158043368083192
0.39147626029469623
0.3825681126907228
0.13813732289815367
0.28906354790256994
0.5824993967254577
0.37224807851310543
0.3877679059225656
0.3688995450995747
1.6223584911985676
0.9538556709457645
0.39716405170891306
0.24824241352888105
0.19251766779628632
0.337737158740334
0.5471319020944245
0.4190328602782035
0.023500677238628045
0.46837918902257436
0.9048053705630918
1.4506102461696155
0.12201235060827197
0.23644474736659493
0.6592024733025821
0.5270184528599746
1.949978741113311
0.8714260574879192
1.843028087378299
0.1616605152829673
0.4011359012190817
0.4054350757435997
0.05013959880938202
0.25334211216202995
1.074595207245213
0.17305735096185887
0.26444129161194596
0.10209346871862666
0.11081249204896955
0.32038114033736426
0.2572231812488782
0.15961589775977586
2.0008057584834624
0.23723669766512245
0.6097282869981301
0.7777404202603039
0.31806443047756494
0.19202550918006814
0.2937304035234578
0.1840709721601358
0.7574520460082318
0.19320101254701327
0.4220471422411575
0.3961877259520431
0.7749501567075509
0.004642643261001949
1.0296776056535246
3.214856501434629
0.10791094420273543
0.20979559937868258
0.4527463869836105
0.11483352184421838
0.02953348138206294
2.0055476457904624
0.12844763222978917
0.03905612219112836
0.1340356768803749
0.20924173679005498
0.00127569217215216
0.2815644076121022
0.14764454060050658
0.19246138434538387
1.0590602475445472
0.6976124987245153
0.2337127533456501
0.5030660361844401
0.2603274307213988
0.31891590467892583
0.3392829033946187
1.1368480169162096
0.6458729242355028
0.9175917838432723
0.22945335799763622
0.410786044599814
1.3629419749746574
0.04185187719676452
0.06761403212230252
0.9596611827682912
0.16529004413039286
0.3201088248181785
0.5601786795990196
0.7387182822591862
0.9481872686108695
0.035244826347014466
2.113688733775826
0.35771322420218354
1.8083541125188745
0.10712523546449267
1.0428729910922883
0.7732383702648485
0.5457358503571581
0.38613342777255816
0.4955174847197757
0.12215018519254742
0.1322324252677073
0.9631727730346205
1.2988591713197544
0.16594507104640002
0.34211669122343535
0.1684826745019787
0.250960503349432
0.9185483088442937
0.1122075384762159
0.12972068275001852
0.6657152568344507
0.17358366826609617
0.0761811302821024
0.5746065845426503
0.11662278314310331
0.4949968223294727
1.0833561386373547
1.567407254947623
2.0380009686412315
0.6539317644144175
0.07783978399250283
0.2213979910829567
1.3428016663614077
0.18426363105766427
1.0779592610625837
0.7402184683330022
0.10927002652430208
0.25399023044377406
1.9925382753582523
0.12497433385152333
1.507788982141538
0.46423391216157317
0.2633242375284317
0.20688075863409525
1.1308194110917305
0.34077982223707515
1.0636832377692955
0.8788209641720305
0.40964999638104543
0.29931144768250395
0.43844890707183964
0.4815318492414348
0.4770223870434248
0.5419736287953153
0.16924407624965948
0.19832721590819288
0.838057678820472
0.7080198008891558
0.8202828798759666
0.7357523097215
0.02431740934918408
0.933485174902578
0.2819813628934641
0.11577493664694213
0.11636130507046948
0.4638788798060355
0.1356317644297678
0.1977186094167286
0.562924882550617
0.6544509059116589
0.21904499719864393
2.01764438628097
0.28372996153986735
0.43979837440511504
1.5090277748609724
0.6368967231983951
0.12528315240769264
0.5387039607747506
0.10763767528309347
1.746895190288412
0.4283762711279067
0.07906026600623464
0.06836160704021145
1.5497484038091096
1.699064753883663
0.697590086147813
2.8197629632099113
0.10125483855733883
0.2762306806683301
4.167567474049401
0.6223658536545115
1.712360116398023
0.7653181681073998
0.7092438379179448
0.18460786592104717
0.051592517747307526
0.4186734463645796
0.27957723319014355
1.981370690783238
0.03749199805708962
0.8043791841394992
0.8468361452809822
0.5994287196227607
0.724326294109526
2.1741688903893226
0.6431270871672262
0.2120641616641245
0.5430817450824426
1.0133647976862623
0.09158719880219056
0.05195521962944901
0.24075529511588606
1.0447229819998372
0.8319785818681245
0.20308476297555275
0.11156453799639879
0.6892639842084419
0.08158379060392278
0.2501042596203811
0.536796791121407
0.6899651051527226
0.7786438009213086
0.9252384246863752
0.15278444477544845
0.06870725097831326
0.9326789051833219
1.3305043089713424
0.2566939936156407
0.3706867007267838
0.06313842966862752
0.09366916861875788
0.7470171355323103
0.031192496973756045
0.13130976585037818
0.9597726331862745
0.07278245331636007
0.7638363530230547
0.645107462043962
0.17163121926082422
1.3335469794573696
0.7682462612481997
0.09079181250786882
0.2021817655113958
0.8097615545531955
0.776946609157444
0.2785278657680694
0.8008411732073629
0.030041721299622667
0.4492524237973623
0.4242790809668329
0.7016980192142923
0.6258615260459601
0.2142440087359746
0.336479191197402
0.6100434289292236
0.393768939771794
0.4119473717669627
0.1941205874153376
0.1343636474262999
0.4548546441858013
0.44954680451170925
0.13224921741398252
0.43763758854598367
0.26146802771232797
0.09858796983599473
0.04654127842880243
0.015081294943897823
0.428601506305237
0.08164084511327631
0.14705109889872187
0.9218612183302546
0.24279699956027107
0.8163986615358667
0.42370719232696724
0.09873656039723384
0.31132887802700127
1.835968191544345
1.8943049796334297
0.4810574815933481
0.3840241184503861
0.941958851019103
1.1843036569525125
1.2707072504501369
0.7567507517063736
0.5109246891525598
0.4138798563942198
0.05758750823437002
0.8828812630856444
1.3823921541217017
0.11695879322055291
0.3272004372678858
0.405010669624442
0.022190830820333858
0.3634954360627854
0.32767222324607137
0.22507756185814626
0.12791233226012502
0.122696913227496
0.03223470818516209
0.340397595027833
0.04771177373924086
0.03631539589257228
0.1705131233459044
0.24601393370752334
0.1942781071113184
0.07739966503520818
2.130292125867121
0.4362700009068808
0.08119887029373478
2.112248140886695
0.16289944231454184
0.11420445425419244
0.2800064398462709
0.14761593737272846
0.04781737594211089
1.228529496413019
0.17378899553286728
0.11306305434922387
0.23615124292739137
1.2186347313074062
1.7202682734505235
1.162356480959627
0.14439188958833835
0.6835329097262883
3.080508993687324
0.1578794763642493
0.05562270433194346
1.0093263702302129
0.1596864488407238
0.16634331556543078
0.4784804441911487
0.5544651365173455
0.5927332250135213
0.7427896365352551
0.7964777233225937
0.7691701133840086
0.34480926274666057
0.23805968901723432
0.27588271694901356
0.5309131128683914
0.07321090453983471
0.1509553956749115
2.662198203658948
0.6833967547540083
0.4865259050150042
0.47893370835809307
0.2822363469912837
0.05887184625399148
1.7492442249049793
0.25444380604761496
0.040482662519918174
3.115838658375188
0.1848406026033135
0.4259397630696728
0.2513070854490273
0.05335149962085186
0.035677988130518944
0.7292051919288535
0.24550672801476073
0.17697578678387008
1.4668974806537551
0.20785604008197814
0.3737594735737759
1.295328347482807
0.47944601089563793
0.23872950322410066
2.348253675708927
0.06251860964801761
0.33013000054377967
1.4871215492627865
0.266161608630663
0.0790674406040109
2.7587633834696583
0.22779356568479173
0.7756502439211457
1.2551593818868827
0.7112374486083257
0.10661704358979392
0.19639914022868626
0.15134260023702006
1.4171373658217403
0.17315117098071353
0.02492009510752396
0.3269172545313377
1.603155300876189
0.27438156028373556
0.271600189727606
1.4639556815925954
0.010664012720821264
0.30142254825170056
0.5914469673028621
0.2639201279023152
0.3017708943669262
1.0060121904038208
0.20793698489986348
0.21085843122732353
1.4438462922932216
0.1792530663130869
0.11090031333105986
0.879290444100728
0.37933942218631017
0.14590671807609149
0.9613025192693672
0.6075739874279418
0.1552674480974936
0.5296540159734346
0.9161534146146431
1.0571480026403512
0.5376026239900432
0.5471716914345061
0.5611653345950149
0.9179529975804106
1.2972082557589493
0.15826979351140005
0.2322367690413491
0.5411463081127766
0.406553093792708
0.029260642102789905
0.33136625683281556
1.1593337468309304
0.9154775712722294
0.2382476108406762
0.10665659652311042
0.09414370138107923
0.3224859901280669
0.07431730359599381
0.2745500260407683
0.46687815369586533
0.4749840704107847
1.86996766510528
0.33641088084452797
0.17710700400493354
0.9559794969805766
0.27664721568645273
0.21512775614975252
3.1019553152971047
0.3231966950346825
0.12603148790411411
1.061794823357345
0.6553449094997218
0.12251674876764623
1.5292776980315437
0.16587428309600635
0.07226376851185638
1.8601591003674762
1.1997695524211422
0.5515406543074364
0.6291185530026604
1.2364283905984501
0.04782911444092558
0.48472865816506194
0.5216956113802302
0.11446296187976188
0.7553781861695212
0.10902902718685355
0.012549156254106016
0.46986230943543206
0.5490639228828823
0.8666594667753876
0.633510749937229
0.9425782376252194
0.24534938323656452
1.272472272469932
0.5063462159444005
0.6878331088130124
0.42943304694058887
0.7676577220584614
1.3994745173194238
0.24310589435900365
0.6271547772340504
0.6269329042814978
1.696540149915849
0.04482631702231002
0.717710555350768
0.11624337684328
0.29038369469745057
0.20792079720889242
0.5250471397300879
0.025407684362302577
0.024053697179708802
0.1260762308020746
0.07324751803376761
0.7428760608481424
0.26408361588981244
0.06361675516568266
0.032091101303711456
1.8743789892817333
1.1042643839196802
1.3822676661632365
1.4371560288519034
