0.2936727585950255
1.034136071932499
0.9529673750735774
3.311485385877586
0.06495638768128557
1.1490580650916735
0.18236746869306522
0.014748468125430755
0.014415451998633453
0.5430525314292176
0.23062903246103492
1.0201823360470057
0.49093957589811693
0.043375701191679564
0.11149535529516387
0.6870253331181512
0.03546554230573468
0.05593960137254023
2.861574546308422
0.18435776503381643
0.7393088999523989
0.22868691004080596
0.46662347922829955
0.11587628054965624
0.4287750162698487
0.1553578076479358
0.06973745637796373
0.28130767492988484
0.3031301408412712
0.052860618659738574
0.6495855479379413
0.4903963879484406
0.7790650459438255
0.5542252911072807
0.9689033908792595
1.4936780670172247
0.4689774761596981
0.1414154049031198
0.11300197009576517
1.4064778901500306
0.6024114410085943
0.09472337724130696
1.2839235386758348
0.20538818848702733
0.23234027949527222
1.1382676905093738
0.057821303221306186
0.7828369135900194
0.40833156189677544
0.2677306409664385
0.10849055059113047
2.3565730291932985
0.3816957708868918
0.41170578707384153
0.9877910263964034
1.2372082436073686
2.2634351936964845
0.9595573718628351
0.25584566688263916
0.3918320199859725
0.8467526922374391
1.6235216070653202
2.1234090664067455
0.6927032300498747
0.5158836559997747
0.2312250831179718
0.43902104225764405
0.02908801173343296
0.19737050972189177
0.24224271409613923
2.0135131264189607
0.39116582085042956
0.2227774262996548
0.29277216508374665
0.15548655243464474
1.8486486890716876
1.2028777790509966
0.7366545300535959
0.41088710046254073
0.06320494042463172
0.1571877113823675
1.2259471438977934
0.40597482302555427
0.3001947478129399
0.43651192215334494
0.2762872662496892
0.0694559034552036
0.7049367376444455
0.22965774598453573
0.5005165303862169
0.32413661728622767
0.09320197957982086
0.15581275331162747
0.24941620723278923
0.10837592914653794
0.32103331521688916
0.9842267484293072
0.42067254331954645
0.31420719056920254
0.7260907716247625
1.2966992378285924
0.3415342110781597
1.406566991531335
0.10383381773984204
0.34765476725164407
0.6944610936436793
0.5734218276205536
0.8615293453915257
0.79714744669797
0.4727109117004459
0.4119182132015657
2.5740283232057792
1.6160202803714812
0.8784515089007046
0.12320208564602766
0.05081499775831934
0.14148499844254178
0.6201957164580111
0.2992140647295963
0.1697212606452657
0.8976624522732695
0.2682218881943615
0.11954278547012168
0.5658067217169758
0.11864012348677672
0.557430488572726
1.7698197818147292
0.30146987357454513
0.9013897782980905
0.1631596712791652
0.2080826306905059
0.48201472043872473
0.296522455038829
0.31830653636794415
0.8340477278068043
0.21798392527978808
0.21895221324826888
0.10419106983407604
1.5264609961321995
1.7693368314941011
0.14964115305023637
0.2993640070523899
0.3526280620452933
0.9278460870081894
0.05312510673520845
0.01961373023115418
0.2837811714794606
0.797039765216322
0.26156587081835964
0.4626946985909384
0.6299230408237266
0.1076533994064998
0.46972555305695635
0.9184781432426121
0.5975495030405408
1.350845018082025
0.30968317734726464
1.1452437294883908
0.05715281399576099
0.050439165893553274
0.35671073169650375
0.23062955103006397
1.2536842296516775
0.4388761221517995
0.4767085971199417
0.8033785994467856
0.23227985552137487
0.062102131516239834
0.416146563023197
0.6083744463837563
0.4891228792937322
0.44705462530308887
0.26515940211189615
0.326465413080507
0.7886174773275691
0.39659092138438
0.35172355004611644
0.08014470119711874
0.8575132334426036
0.6579435855090847
0.3212099796410166
0.34955738933092545
3.2396204563442814
1.6228284699298963
0.21745646927943435
0.22653337891612166
0.7248874539679285
0.2048783786407865
0.005192274883753844
0.42777563273257885
0.7228718690455813
0.8995442148743813
1.9218868477118967
0.8856078522583315
0.10611262024162471
0.6825326667913555
0.26620181919065417
0.38433128208821843
0.9536801406673828
0.16097291251110865
0.5472348570527924
0.3738055167487456
0.2969639082102538
0.0938790019253494
0.3259697736669214
0.19628153393945277
0.2949301623636084
0.7065894341539599
0.1363343319933798
0.09337619910080906
0.1267787422495979
1.2053365644622382
0.31892709482472814
0.09712755198839224
0.8949724175861838
0.5144921919302771
0.3787585401665975
0.3978739308402125
0.06821619591111877
1.43588083883511
0.6649818368232001
0.07555153183699642
1.2185088414281275
0.3005075763996849
0.1127096741076113
1.5027360839722974
0.8891715479257429
1.3000017928489858
1.8567296305688565
0.3372511508749076
0.07565470229588095
1.5550062998903122
0.38414651684673456
0.4962063570153612
0.21828331385213384
0.624257588852451
1.2931373722550124
0.21261678735526943
0.6464566169246028
0.30110945165124164
0.9439005034327184
0.6714663784330204
1.9864628934530557
0.05762718567979547
0.18111696910977487
0.15313007004010884
1.0482400743814138
2.342329107229575
1.5164505022153132
0.7670505540473889
0.11384312868347858
0.10666547976406296
1.5543694755807516
0.16171936366622885
0.7639459029438486
4.138177824056372
0.7798950007260858
0.25546328313301736
0.17153813970722973
0.3314332354585393
0.029385483565656817
0.8767332311809338
0.2347062901170983
2.2029238957762725
1.1224571931769425
0.5044955850442605
0.0684134631331913
0.9518141518505961
0.6050533302434528
0.3365904068825245
1.064441076666715
0.4539371424344128
0.40625921227391415
0.10252943376058866
0.02114832390490109
0.2683319760540968
1.322057651757678
0.4351370284415703
0.2156697252246996
0.9577243307464774
0.09012093296476177
0.2109346829641859
0.31259319209345554
0.21089442381142773
0.37832631269442474
1.162367798760474
0.5226048772416768
0.12355526326364685
0.26382305634361003
0.4891295886917846
0.07474292124848166
0.3236645012777933
0.7107119849861012
0.7288340438077008
1.9727719851852417
0.5707133955249489
1.1546297292705185
2.8299486658869664
0.5347303401977167
0.869987782753746
2.3792234766289604
0.29687381306416566
0.4078012853880861
0.1237811140055619
0.3213442717576906
0.39596145480729217
1.2414308160145442
0.10392927252600266
0.14310538429371134
0.488647301366523
0.09288827427423449
0.05686104963412111
0.2310765250487736
0.24984956583078458
0.26612733521593007
0.3533661212546508
0.48110271203550214
0.4273100235098617
0.7653087564879542
0.16867665743541266
0.3635827326801282
0.7908289825359447
1.6074735191613403
1.066138453690325
0.4730954331829361
0.7206189294518506
1.5299558483943065
0.3609545035309553
0.24045796043304102
0.3765527860780693
0.6550820599243675
1.5580170516760494
1.3800454162431204
0.18569146033680026
0.39934891241824066
1.0584543454172948
1.6829123772700838
0.13622782422595264
0.0023713840449091804
0.2575295958414958
0.2971204758562237
0.1764451589641119
1.198906298725494
0.640318932650241
0.2710229125817251
0.10039551709843306
0.02123956795650342
0.014125403233222969
0.5699196666410038
0.19078854632657175
0.1111594725456174
2.092396955542759
0.19599802790191242
0.02662889868298786
0.27042207288551146
0.20777716262432536
0.1494718834740728
0.7274711708477597
0.2948956188494308
2.432538930315566
0.5284799640842216
0.41124824179003044
0.8910902600512628
0.36558884691420795
1.9813941891872662
0.10895023353416576
0.1863270185947757
0.9749885580188441
0.65501985031805
0.10241810640416214
1.3139900903001362
0.5471675548524173
0.20033732917983027
0.15056630698339477
0.0793432395429173
1.0708112567178605
0.14769097605408155
0.3378755400442053
0.008826999129522657
0.2362205520379813
0.3505302427575313
0.28581156782576944
0.26093001598565585
0.37650199918423255
0.8003156351758105
0.2867561653254447
0.454999878222647
0.10604195424150764
0.03644107276936367
0.01109816449442631
0.2208544565829847
0.05869658832373562
0.7961700507274639
1.7446805866711594
0.3629286487598659
0.32535689662640516
0.7397665772682563
0.1078591632312052
0.841284373949443
0.5934212553723746
0.4094348888405933
0.3108953211231168
0.02615998117443881
0.4774230378766531
0.36480239335347375
0.21582149275898957
0.7827168330889254
0.2184482386441442
2.3850550248636835
0.06839154773056687
0.13841799799514354
0.16106137329797995
0.0058194144635721964
0.6146610958801394
0.21932091342450719
0.0958346696192681
1.7387204312999531
0.9615359230058715
0.4311205618839992
0.9921532941161486
1.097730020866303
0.0893972133418446
0.046245491932663675
0.1946353168413486
2.3312361780426527
2.3842855658715725
0.2890725943144277
1.2183929043678179
0.7802722282382462
0.2474471828752771
0.3191228478212087
0.33254621775410886
0.16507466300604687
1.0279748654444556
0.7304188516070934
0.584100892569156
1.9653241066842804
2.3656649509418304
0.05063083704319988
0.20871106336542122
2.581602819201473
2.686353431474125
0.6795308775214736
0.6839577135078512
0.2793119264890752
0.1221242996126336
0.11000025765925024
1.0321510011357362
0.41036280983066326
0.295666628170872
3.2009291802477695
1.5179207894559932
0.2954720493923181
0.6392900679022536
0.3892552031444018
0.23188846132359822
1.220845614793986
1.6041932843167344
0.5511355956935275
0.18870612515704077
0.7002146781351466
0.537452701126771
0.22115596133140933
0.6802300041824567
0.453328320536618
2.8067014924764377
0.492493102103767
0.17367864628765275
2.0038949294540225
0.600440894256078
1.0064547510649182
0.8248663665801761
0.5024305759215825
0.23843441632454748
1.6841792518446999
0.7399801534187486
0.48772539855363545
0.1800831532268001
0.32588699820986794
0.23157174661067284
0.23432330075376856
1.154787416146584
0.7934518455608484
0.16601712296042603
0.18826651329382194
0.21512578329600246
0.3057925596250633
0.5065760598318215
0.03407321725488485
0.15269894518198424
0.1441118609152056
0.09392929375888184
0.8767387245711296
1.3339747959248782
0.07990256358364793
1.0498164322150105
1.790326251928818
0.1731833348853435
1.503082531767037
0.5205587464284119
2.3060264645339696
0.5810511412762416
2.4124384105705197
0.5843356964534417
1.1446060777371918
0.2954269531718882
0.39248543706986505
0.3523634842569309
0.10449073510762581
0.03349693923502771
2.866109396929566
0.2886406161383477
0.9704317797413397
1.3837493304669273
0.452325801756142
0.29518541982167645
1.239292229003152
0.2822941596059564
0.29896082948129754
0.6958246574472581
1.3466499585588276
1.976111962515229
0.9152155989672642
0.2826526856716712
0.27971092277864107
0.876189787651945
0.17750898753999997
1.0327634861065336
0.8159181316592707
0.23101779978130427
0.5569125912804522
0.47556237644020105
0.45317780769055244
0.15243284305947427
0.47289424480922637
0.14026579095165434
0.17109998831515935
0.41938170374720435
0.09218271581882831
0.03969489281123826
0.4746941617999916
4.518842591871511
0.1240282152226085
2.6944831066842063
0.7617822627389969
0.6810808721577923
0.7791093032586714
0.2720202663119826
0.6401760935543652
0.2891503738265768
0.16304634164248308
0.12879194342413755
0.9444516447886587
0.029870203282484777
0.48243121780515763
0.5132848185516068
1.274795237373411
0.1128551127524877
0.2800141894409945
0.3372167503891507
0.29023927599902466
1.0492473553375126
0.10963971503752094
0.03848773771278817
2.0109244738139025
0.4905732436143571
0.18921559919954367
0.20849841950448011
0.2510652312268976
0.08296285032115754
2.138392260095593
0.08389888405293301
0.1365234034190071
0.4663531029976384
0.3435497171509967
0.03130021558202255
0.980085179513813
0.4494407014002394
0.07017796341023279
1.4397315191939088
0.17145989355441313
0.2679488769586846
0.11929091278738439
0.21515494122240805
0.3872093000918399
0.8215208479888987
0.12805729921621772
0.3232561052347787
0.2895335268335548
0.1682808583959554
0.06948774276998891
0.909883145724154
0.26645879428599284
0.223146518566343
0.5270857031141355
1.1364750424853933
0.46476198115069833
0.9030908678482931
0.3917861194343937
0.9033316418952249
1.2509132146147655
0.2599829226128833
0.11273309748097698
0.5413735369210149
0.5957516968258273
1.7694230145266727
1.123263608385057
1.949853866278425
0.041660787213753936
0.41157965758852116
3.2164261021263356
0.5210037164342262
0.9195654337988886
0.714305939663025
0.2675493964645682
0.5575008313399276
0.1517338511720662
1.0256096727443926
0.19278628087223462
0.1722428893919526
0.1934825391312628
0.46441516265431376
0.0544375510518062
0.023886089870836093
0.10277787429912527
0.21607944865821674
0.28973942438886113
0.15817130740652582
0.3459973502973971
0.57114236185542
1.6159223225127928
0.276766055201094
0.4302404729188047
0.7060563661383265
0.30721184112859734
0.17104515431596923
0.10057339434792817
0.20151127141040828
0.1360428464611563
0.11063872393998034
0.04188430260868794
0.006428573853247395
0.020019520234587772
0.08090492084348248
0.42643632153575195
0.22655769370465467
0.2612780457537311
0.4715605402944422
1.90656287795231
0.4868053453525846
0.7554218549364594
1.116699456478142
0.6194407342426167
0.4297910412767208
0.991980353441179
0.10181745774493409
0.4216427369816694
0.014646166678005513
0.09540381974914246
0.06458359740731807
0.18506599374738195
0.12833747894474176
0.3461932408208191
1.0093692020046048
0.08750735382583291
0.2977736534344366
0.45634284023783883
0.3062697888650471
0.05246574590038964
1.8245540750225284
0.9907431770348475
0.1529343854843964
0.5205993087267419
1.1555743385940913
1.7040720277369819
2.015163277394546
0.39633882020035366
0.09104858669964028
0.02414818472947528
0.3278508944159458
0.08355824801653138
2.271689404285184
0.7276353811244725
0.4056109153834613
0.6123840619715678
0.17087824379560623
0.041869679024550764
0.45947466047868635
0.9730591465471686
0.24422054192892048
0.42733600674898414
0.32180481533134714
0.2914215735486339
0.380508811328707
0.04271930936907005
0.1579900374204717
1.2212800799391945
0.8048260595760007
0.3787525728998858
0.05659016149349341
0.2971529885201681
1.3205841892573666
0.5081433267109977
0.017061640925241848
0.3175256856384218
0.43679853059069024
0.13747545396713698
0.013936113082125477
1.6991297520200461
0.815399537117169
0.2639144599133147
0.8923071703699097
0.0764130666246606
0.10032097909064497
0.442920511031303
0.9319126079893995
1.7077040803307482
0.7119602225922181
1.6928736549961132
0.34169462003248957
0.4416795758431151
0.11481591659760643
0.2424745648212456
0.2948161095722107
0.2895642687413151
0.6378659394082322
0.4507726551086417
0.4822583551538508
0.09213792353589317
0.45458664956604844
0.3465073471887625
0.7642772635063528
0.6531270757289139
0.6525950070668675
0.5171637568030095
1.5332126901903016
1.6787970835552455
0.17161416185034287
1.4197994328555976
0.2823709868780944
0.22650514763546323
0.497939614870446
0.31313264872738555
0.11029963874693773
0.22079521269658314
0.1336574880102984
0.018239327706655605
0.052181863442023545
0.08800661129244366
0.32797855631111994
0.31100612669615013
0.3169480037685965
0.13729001302757812
0.15460504301021413
1.7133929142236035
1.7194723316445055
1.9436209828599142
0.2614378704490876
0.04714771825527905
2.2662511431638226
0.44495708599868894
0.03202452405311449
1.5902619890829608
1.0624368519384446
0.649694712702919
0.2049578845900845
0.046351082732949266
0.0072519276501411024
1.0578872696459707
0.5754450932992595
0.9545853832704384
0.5335272665333103
0.07371994862955467
0.36958954908907415
0.8453569541561015
0.06624823703330726
0.18471644805746198
0.6828689716225885
0.17525731323443391
0.46122101703993496
0.31109771486540466
0.12250810490031729
0.0673549067960261
0.2573482070485118
0.2242055897317403
0.008526339979370993
2.587955127619558
1.51790771027047
0.5700656895114431
0.6705673420542373
0.053437035452218506
0.007037137688243763
0.9204334347844071
0.05022534974919445
1.170310005983793
0.9248457059851319
0.5220387234694375
0.5234102881941357
1.7620499031858368
1.9699471121000993
0.5538336180599666
0.21693840580838716
1.3714925123301747
0.37198869702014575
1.592928971376249
1.1432787106799844
1.7649214067351546
0.43432076191541097
0.5189675193225249
0.10466989333219559
0.47177245825478703
0.4215244338792532
0.06537818620564993
0.43605407840941435
0.028446363707319216
0.1694430451659381
0.21281290122891197
0.2573914495886946
0.08359012569906088
1.3011710048737086
0.09477000352865235
0.3354941530808655
5.222447828794549
0.45645318232589777
0.13173959603834692
0.1501121596624383
0.1731463706572365
0.28343213221600044
0.6177297518234305
0.8441801719614923
0.2591121728519704
0.41118198860280314
1.3927751327097262
2.076748700437075
0.7139629866941172
0.5896336927436945
0.22131390587450264
0.5489146665550516
0.11514247133057802
0.13257984361329797
1.4641591065628259
0.48351606106088496
0.8982462707669376
0.7744643211808931
0.22691494998916567
0.6366782998117196
0.29553715276086034
0.08313173856155284
0.4638320438483263
0.35214563599952925
0.35989917535488225
0.3613188829346018
0.6124322289889563
0.20305024724333168
0.8042322380492015
1.133484813759549
0.3039869335402257
0.23257151388052905
0.5046120155619049
0.3214504041908739
0.4632648110271256
1.5199464750240084
0.5353650066924995
1.074582561716255
1.676762412680093
0.407067955796093
0.39104797131206737
0.4405990684593922
2.4378777773418423
1.1658398596391124
0.6465955450888873
0.5761352830808705
1.3776613504078996
0.7180183735995501
0.5840257020899061
0.12604746781716747
2.7196035939868097
0.8811338008195595
0.24667170504099392
0.20777155196364402
0.48498384462285904
0.9412741206841599
0.4022838065599939
0.00535214513841903
0.09219156876398589
0.21176560809932185
0.016317404334548723
0.7412317098517505
0.9994462837730449
0.3125071307483624
0.5755610944711428
0.35850508641306045
0.06353659486778408
0.401058896745159
0.335313374023071
1.3291300315875645
1.464042064036181
2.0996037501276494
0.5384360346687718
0.06616538642795994
0.6914035413129056
0.16425381930703176
0.1630824283891922
0.07922890135461463
1.8003319380653193
0.41102159524484105
1.1314141136812004
0.3159177267570538
0.04585780823228386
2.1478145421062016
0.7349275761207182
0.36467621080918394
0.836765577824496
1.8033447858798266
0.08606200549151287
1.626505063006193
0.12370000161361103
0.2731443307817504
0.3722818322977764
0.8497837682734813
0.6729495374493804
0.6562152757319675
0.9466693501781176
0.6352502930140776
0.6014706612738164
0.00683018018135058
0.09657397509621614
1.2833869721334026
0.18782117820387836
0.07668907356630934
0.529941807311525
0.4262250350636403
0.5868592563730253
0.8335671868576341
0.42040607478360303
0.1591761833361013
0.5360022676735501
0.12018409961306731
0.6336478774287145
1.3551598331323256
0.3214545544300763
0.18323081494237617
1.3407971075743064
0.3111775084717066
1.4897264688488003
1.6109343383087653
0.41442981465394363
0.46384809741505634
0.7635328500435362
0.033017454377381385
0.25804794046058455
0.13813252333711287
0.8187590939860133
0.21410654208624944
1.264161416747135
0.08329232834643004
0.6530733060772111
0.18207593604204453
0.431253601628781
0.039593137153514736
1.4935199025756365
0.6053505120870849
0.7766122236198812
1.9315287588248784
0.10982172615657425
0.4135189139302975
1.5469669477344659
0.0517935939724249
0.8696643267069247
0.413805936274545
0.11636381763335095
0.15483181340909635
0.08206124652159523
0.23552654982702959
0.26759559787357673
0.7203304456517169
0.2944751916105945
0.4720340286334964
0.9518110555965804
0.2687077639429459
1.3969077722667167
0.5334414196245234
0.0499012102796383
0.01737933606175667
1.732590342688145
0.45283621390623746
0.09649788985187872
0.44857081331080817
0.08714533734668577
0.702146908220393
0.5897586858327984
0.30305414634877703
0.24281432517641008
0.02100952584658608
0.41785172762729955
0.019090358079988594
1.058719903821679
0.448911014884772
0.8759184426132907
1.2621589399800055
0.12376357517847117
0.13454461418125171
0.9840147399266237
0.21413660834794845
0.41073434666385494
0.5245360458271466
0.32005745890017695
0.4451449374822533
1.9679347576811936
0.0294175463520813
0.41880018795152635
0.715746238782158
0.4740219212443216
1.7580239519044447
1.3892464194770882
0.22973990457891005
0.666338104110067
0.42435878560550155
0.1397211762938086
0.6962170090280525
2.45048384596015
0.48809583060040274
0.0018955290809728948
0.17727017464079053
0.20716915474361994
0.1944739979038128
0.06384586031920711
0.6142416396613023
0.6045945918795534
0.8172213735434991
0.15069657764686728
0.08998208123641348
0.3223363901764221
0.46734370414523024
0.29832575583026827
0.25799609643000504
0.3659283582755757
0.242991737011859
1.9168164853471858
0.36412667813378413
0.0759790090509043
0.8976242084699342
0.27500628004691174
0.4202633546657406
0.2038403618993869
0.9246850143213454
0.21943499863377475
0.2720120775060803
0.025025894342197676
0.02541931288855431
0.41227925548608124
1.4267552707077105
1.2844234979058555
0.04012150006244076
0.8174620707630184
0.6597091353375151
0.7038498995472258
0.15636828071434422
0.4181032408043877
0.870280663526102
0.8714862923560756
1.223367609578889
0.29140746607860085
1.0866253407721145
0.35756237453964523
1.8039350728825
0.18353240965977227
0.6877508598942598
0.7245748928237309
0.07995018151238419
0.047524497039776695
0.5509413911112009
0.35907257589808034
0.1468266541027199
0.8375985492232148
0.4129055977065003
0.4766624041204079
0.8232864558493487
0.028960254976504528
0.05922832963789571
1.0821680957813127
0.5408131045091014
0.44764534164451014
0.7824146313678106
0.2956214019175798
0.12404553514034572
0.7505168278514617
0.029518078011172757
0.12239389565756109
1.8993290987253373
0.38062894250384677
0.06639094540581483
0.8028750574318161
0.09150978601898294
0.3680985026675681
1.0412599779956146
0.6014525103721906
0.9921561696953721
1.145620519764334
0.08916856882166885
0.18212973368157817
0.8965804121102281
0.019339221772632295
1.1085404762630031
0.4145169809919862
0.1842178619893512
0.13479094787785584
1.2396260133766526
0.8335977782613835
1.4065307221903605
0.23929952558658402
0.06254086427717145
0.10194894751567571
2.9260193443585987
0.2760187839577105
0.5253873205500603
1.016316085355525
0.36708579874536434
0.2844915195238563
0.9999694810916103
0.7220248300226113
0.7583163352715251
1.340599298195557
0.03911649119947295
0.06758383652026002
0.4399111475446012
0.06705097056965836
0.3330983037755622
0.1743436265317953
0.318544430929731
0.4700838445520373
0.5802619622231222
0.5808928582791699
0.8503166843934522
0.7594670185881713
0.08273873745946354
0.07997583166712265
1.0527282732654326
0.4860431581422755
0.4841178543619418
1.284565268522898
1.3555546242370053
2.194220219098013
0.2558169434684083
0.42311824160069167
0.2818863377177176
0.13580501471946266
0.9825330763114841
0.1653038618935061
0.5090718665053885
0.024905661850534135
0.039732273486540286
0.06614257104356801
0.020940366001357884
0.5372149916071185
0.10194101669973872
0.7154482877417946
0.6730670584938516
0.8889664648550508
0.08521879530416739
0.05434858800517515
0.7208287792439322
1.4421649743214933
0.6932074173870694
0.6649417256764416
0.21927943204060035
0.4282136581759333
0.6009268187187331
0.2817054928100373
0.7439743826510952
0.6038806397812079
0.15939868353065428
0.09452074464624821
0.19846004326338623
0.028733301124949543
0.16613484709587756
1.592121651421656
1.2510227427775735
0.9207107126218653
1.1404054900024936
0.11035208582035273
0.38233463383111116
0.9233196322559861
0.4460378465974744
0.2184916680037884
0.1967892630280982
0.06622670069503957
0.30475132729203946
0.4253930230914625
0.147208498478545
0.11173121663129708
1.9577185707876679
0.30052620165889404
0.47442394129029025
2.2624919940896664
0.28585409401153095
0.0027226041825709
2.884108204864293
0.16128496274348741
0.4528362759307782
0.6279168658596239
0.23745485518111048
0.1216976545424066
0.08704602423848751
0.4986526102902558
0.388954941316618
1.6938973199878076
0.1792777662987341
0.019945762610876248
0.26817217856975906
0.534771329756285
0.04208619199951748
0.8596012272943266
1.1980615380446042
0.9578512720032366
2.7055988726487175
0.23815125735895457
0.5417998075529167
1.4454100610225242
0.09971688527006747
0.09541308901322976
2.5437127992149366
0.4272117744175555
0.08292324075169571
0.716390313993684
0.047124497112581015
0.0344757134805465
1.2601105693006829
0.09117038177879953
0.17376220775015572
0.2745327013828034
0.8621151464687511
0.09124766953878824
0.23802141871470697
0.010311188045486775
0.282499648814254
0.259826370075709
0.18846079536390817
0.4482183017896574
0.9783228711493573
0.12178593139554367
0.9493735486762338
0.26424500321910854
0.3816090221667162
0.24209927335503198
0.6129195642450351
0.016109489273914947
0.37619951415387715
1.0573504917775962
0.5016278081328838
0.25128089636639556
0.3557983745292587
0.06626223800657158
0.0801337014463502
0.7107663285083948
0.383137794054082
0.16613417045673956
1.3455021856498937
0.11021607434055652
0.32177108921259645
2.747165238323649
0.3391587174207418
1.3596789486556997
0.2836676322699539
0.12642326312207722
0.09067871935800789
0.8852437551862344
0.1788601413330285
0.3406447873947538
1.877912827611807
0.04761904245524192
0.25922393116142056
0.48510125720204245
0.20273844271932281
0.5571138627372629
0.521480106330741
0.5604808647633668
0.3200479068050561
0.4663612015680675
0.385220565529229
0.05034771192068376
1.1839635122203742
0.2866311126911146
0.06704230821268765
1.5144317985336782
0.5661762932906563
0.12457076168702635
1.4725636658820922
0.05298028944347654
0.20186023028654768
1.5612209266078656
0.4478696089946673
0.40843020873451236
0.17784160373322505
0.7560556183729593
0.8569725008506547
0.19818147789710608
0.31526892376492605
0.1347838328710849
0.34567694406593935
0.4154526491572666
0.4140193510051036
1.116511852887866
0.07135501602058317
0.04625133533345431
1.4330925950064914
0.14773100045014007
0.0908958476776074
0.6411440601435953
0.07565271878399835
0.750714784788866
1.6255992819427634
0.34083367799784137
0.16614977797412764
0.13103460896790053
2.033803441386838
1.076869036614426
0.7601943521055682
0.020724937033106197
0.12220770388780275
0.9265937636109682
2.5851052866911344
0.9870506413682033
0.47861083741329524
0.7526175988498538
0.0681216739260791
0.2743054018270152
0.4077921749997923
0.13461156163297444
1.8829425843917154
1.0671774654627986
0.11330841589586746
4.366830888976108
0.4948579173670929
1.5958296747508056
0.4207338810810972
0.03674999681127098
0.6199056107921395
1.2035066245617903
0.22674177137583235
0.40204617178515095
0.6220391684444779
0.8014071975896557
0.3081555036785356
0.4735900699297607
0.5093477965314555
0.44258692106543657
0.5179885362954512
0.870896360009482
0.19022643999296096
0.47692100008274135
1.1929153518842694
1.5312565335105675
0.2996537965234392
0.7156238931989914
0.3398436766519852
0.9131364190691382
0.7964417350178249
0.3168738976430518
0.36326319469707985
0.1758120614007218
0.2730468244007096
1.5282988686572694
0.36240151832200934
0.18019282766365952
1.198513804445792
0.3776998909665135
0.49153802218358006
1.1660825999289912
0.1894962479022861
0.7828478887495313
0.46938079139988825
2.386838619071073
0.37172217049235196
0.5047163103998984
0.37373551420013734
0.2580758057356942
1.3804253756489664
0.6231489313971778
0.23422908947211324
0.5356621668719991
0.19535261069796395
0.3559944126668583
0.41033461464429094
0.6021322333520067
0.3962261797625924
0.7030230762886798
0.07326486252981165
1.2518259526288866
1.5074224145901234
0.4939237576211399
1.427525080414784
0.47376571496973163
0.2079862848757344
0.32597447150450565
0.37996039473118004
0.3486026387250293
0.060106581146188186
0.2828666030973961
0.08100793978412611
0.2085092052676612
0.5206593130795037
0.17307482320791767
0.008592049235671731
0.6954321850076415
0.27042011147438005
0.3506138966618795
1.1404168785007356
0.7102980751800207
0.1361687343606186
0.25463564442000086
0.1936576413655448
0.5980778767024472
1.6634992158550765
0.22980052844508556
0.12885587084768144
0.7349459924261184
0.07575759899454561
0.0829817304263767
0.829645763418455
0.7446792805385216
0.20112876995145523
0.9588105143827729
0.4141685267071986
2.187286154104791
0.2366727466249418
0.6581442368819208
0.570064361329589
0.934134432996311
0.25317676691157076
0.41672909281138676
0.971503508855783
0.039882304946118066
0.2239307975125739
0.21016317774824916
0.03068785024031954
0.34184408703184743
0.25344985092442207
0.6943416003462355
0.22856392185075408
0.7734541374084507
0.35507410705585724
0.1719781915982181
0.7324881884720897
0.33224321709798355
0.05226234784372359
0.6538537874414446
0.027289244137749386
0.17296590718012306
1.5353719900570264
0.051622227779143076
0.08169796249379147
0.6546242556934171
0.2837163340535306
0.156308918260518
1.7617404824037206
0.07876024998971026
0.30331401382953693
0.24466994364850048
0.2530964637019608
0.20986460508940044
0.38510732512095913
0.23502273174944063
0.4393484107316545
1.66315332836287
0.17026928994816476
0.4249180762093242
0.6198218696251977
0.22137638300422005
0.07476771553582208
0.41074116846788333
0.2511335751135283
0.34902398047100247
0.6577814388419593
2.6161155372682936
0.16892024542211212
0.3034199836322391
0.01749909185184996
0.1072160954411353
0.3656754369127508
0.08773346280637404
0.06388928009535041
0.5803873894350191
0.201220106366387
0.3806857895632366
0.8171737916370441
0.5197406220571475
0.7526720983377843
1.0983963950454478
0.5629268005144175
0.5912284363386193
0.6871677995516194
0.7965948309885912
0.39268771621610715
1.7557156331944215
0.09110852275765732
0.7887611465599008
0.2207677849221288
0.5333941330748201
0.2528384455478525
0.40518120888236925
0.020254751617006985
0.3595847008057103
0.13664094839153232
0.5898527502829745
0.37986819244490533
0.8484680565770718
0.1814302447193532
0.9269733189606969
0.06196885748860713
1.3183752212444992
0.6581901432031175
1.0992630348187848
0.09136376366781442
0.13123828323311304
1.063664309449495
0.938599554638696
0.34901400788624626
0.9870073716918082
0.4902688455612487
0.8181723101897772
1.6548181163488633
0.5003277159662218
0.08240420009513832
0.27323596715089576
0.03540941903330049
0.9317924130633344
0.8509381733689608
0.7673654093030786
0.44821569302434117
0.9870973393428958
1.2767962172828784
0.23949617277748345
0.438722895425346
0.3045919868906736
0.19230394109325857
0.08965243486791852
0.12796321983825662
0.9005901814779553
0.35171615483040525
1.4517766223112512
0.3827779835250107
1.0072206349145636
0.0786992396677861
0.037768324266765255
0.6875350772475605
0.11454493043571733
0.3260807600329148
1.3628481379890045
0.7998398595551885
0.9637422146752763
0.6599932894364282
0.6364513609541954
0.14103776430183457
0.31234798193776003
0.17501829538857658
1.2224926439218282
0.764135698107153
0.09358413990689872
0.012326304659654643
0.18811693171594737
0.10149725628203696
0.5251276091191002
0.8362266741114743
0.010967038090734292
0.17201013927209857
2.2865315195947935
0.6000109064287451
0.9881837840655696
0.15839750709477507
0.4086831023451135
0.21225442621024418
1.82884592703311
0.4705934314968287
0.378565776461817
0.22344603654463657
0.11690298257640618
0.2166891955161743
0.38571152464110653
0.23157723538219557
0.07161262461771517
0.1617253286378752
0.07433423749780181
0.04116797650730154
0.5548206221745824
0.0793070795077938
0.27789323330527854
1.1090819997235473
0.03466329707668434
0.26182046266091574
1.4211318778889384
0.20793235133917656
0.5876834270780195
0.41021269974985336
0.14428976385403178
0.16064722349701777
2.8241234663730266
0.07383220040993438
1.7434668074776558
0.12952711380465742
0.5911692599435246
0.3537111857141734
0.730928295169975
1.745268111766538
0.6841507134557225
0.4163091675113998
0.12537758281082292
0.19915667529372566
0.4743674355997563
0.3082816898527894
0.8019684164748433
0.4330824153141976
0.2286369904242039
0.3273837435341376
0.546348374294695
0.023410336374827895
0.04905393493684006
0.23299888662850318
0.04730530049948482
0.02586312255126933
1.3700106552976008
0.6375128424925504
0.4073369310239607
0.6262317447806198
0.08611535453205223
0.053801237019669906
0.5385969994030274
0.23224547815588417
0.3605566902787532
1.485472825540999
0.1241635745562341
0.6568817412447367
0.09430562337685086
1.8411904720390404
0.5490105527509774
0.7590002056784241
0.0339392728003785
0.6691856952576544
0.651654509992886
0.312134240140263
0.4062831362764186
0.9812452478148956
0.18280147747191683
0.5467101452111428
3.496505614490302
0.07567168064370314
0.22648560603975226
0.22774086585460665
0.38881396683875186
1.1486700592616286
0.2052187280496378
0.1168036173821714
0.08944134459201526
0.9488979893350967
1.9425295447998245
0.41920637305203856
0.0497028822935241
0.1618301790877146
0.6750564191763399
0.3375027206572003
0.11455530518480055
0.2720379797120956
0.18883842924955532
1.4956892105235464
0.6462755369017328
1.1217695065545839
0.13829560973898056
0.6653172005144613
0.03936934447207804
1.3176126923910458
0.540122673247963
0.13113257614470641
0.27626852010085384
0.44996395066635414
0.48166148185417385
0.08632753143348539
0.3022672846469843
1.3106101656666518
0.08731158414054443
0.6947312344660409
0.6550457114444226
0.25683421100876236
0.35440398648062466
0.213078940553101
0.6610937450213045
0.006504967907841913
3.0196288587736646
0.5117300176627034
0.038847918231402004
0.9049370755711916
1.5688685160664069
0.549761953259857
0.02045865755690458
0.5166399986611457
0.4298428620492245
2.6918974203610113
0.3739266886675771
0.2421187142513818
0.6987433914316665
1.3400116830265083
1.6594120477724381
0.12939691656776575
0.20967997106342165
0.07526164177803327
0.5279045677740097
0.006779379083567105
0.9204328529622363
0.9790386602354685
0.7261805481207917
2.5168035440554917
0.0012521956278506619
0.1482313706875594
0.2704963200697392
0.3856723812262665
0.14369330201292244
0.059566377213580095
1.343294755105029
0.5306866548739264
0.7073550007498713
0.571932895916422
0.11629411995527622
0.8360737485280861
0.2908962034392543
0.902156319616747
1.2755019111746975
0.897028199533802
0.6319826406189735
0.2961329749586481
0.7734080095858346
1.4567733051083165
1.0173693101866852
1.6212065298899383
2.5089372639867418
1.0125860729022274
0.6208520016281825
0.12522891311866707
0.24642645656061563
1.0404329224550797
0.9124666594918227
1.7571660638127977
0.7590897411145442
0.7592873696018488
0.08059432728373873
1.2936749868596604
0.026966498589659767
0.19432708693542913
0.7401261257696214
1.2007304804021561
1.1774337499838907
1.324790026033016
1.1812193007051723
0.20737189737585968
0.3322916625925269
0.216716983023399
0.034069347080429115
0.34145906826898326
0.5530884259877112
0.08005469639403441
1.6881963206632955
0.5673830494118725
0.3991114222531903
0.6995871391890782
0.4546677870211289
0.13737294690739982
1.5034720344420278
0.18037990329203368
0.538456915658945
0.21256890556596317
0.2208539452366736
0.5429798372802485
0.8136696488682568
0.5582100600655497
1.6851125752824767
1.718717385794046
0.3266779666538968
0.318791824024254
0.18262432769515063
0.04285934612735357
0.010511950501027111
1.091347457079257
0.18570886550445462
0.5275327125905718
0.17832438929021116
0.049987630383756566
0.04190600275966815
1.7499068534423372
0.26346301428825586
0.29651189232361536
2.1362077893360083
1.0745781923490194
0.39473159469416086
0.23753003993379024
0.06061209923749401
0.35039014308898275
0.3385623576316878
1.2819446292370476
0.15128794617392435
0.8524963784734624
1.034621203507757
0.5465804782704555
1.4623819478552944
0.2665123958530118
0.7583938503595484
0.35702577047292444
0.9419295170698877
0.06006270841106403
1.3396617691982533
0.6795812365657316
0.07930005848816253
1.2189205006029304
0.12998925401523723
0.10318061080459286
1.3152334019838718
0.19015701793358158
1.0804443489506124
1.109057333355121
0.508640913853483
0.11536918209437917
0.4633603756964085
0.974992274852207
0.5368571827144621
0.27045961584067113
0.05053477945806138
0.08386683387026173
0.522477679669819
0.3188217328171211
1.5710120228884659
0.2341706890727024
0.5107841037330078
1.0068880883524178
0.5309728179664959
0.1276434741985515
0.2667732385875039
0.7490506040696268
0.2214061851734097
0.1437085576854942
0.27764322915771433
0.5141142316424806
1.1500469550480883
0.327687403086372
0.17162654364001967
0.030915657223638645
0.8348877029344435
0.6351315638925642
0.7794837037036438
0.7023603427463192
0.22302542230817793
0.19888621611256851
0.6792733924563734
0.039791675895425135
0.16195916588757633
0.2876720628802935
0.07864851422476754
0.7205529564908875
2.001510732838397
0.03274102944706283
0.12705984379674368
0.32956288527047245
0.03757369683215676
0.029918486997633317
0.26389836321784915
0.6121517605392761
0.05056641931325793
0.8703979934092262
0.43232711748336294
0.014315277033776422
1.587173191473788
0.3378391760614031
0.47576121697781737
0.665782517092641
0.702227316608058
1.3351551603313119
1.3108896950477338
0.029415093743609403
0.13256929371877008
0.771290221524944
0.05357287265742616
0.033470624496226294
2.3307089442740803
0.010013666567015259
0.23340388203938883
0.020175290160872203
0.48967907884531076
0.12016549220145999
0.5077262249423187
0.1579961583336714
0.7455730843557054
0.6431944068799426
0.14035138243330728
0.30545171541426225
0.3086627783580187
0.14380785739056645
0.21296882323293773
0.3192160496752077
0.6954044600527706
0.42359135900374817
0.5041982146871343
0.043613740983930324
0.11705189190225518
0.21513536534570935
0.03087182095974965
0.2020633186789602
1.0815089631275565
0.03624875933217764
0.6373034737385996
0.29336081019194
0.3365066907316076
0.027237199801064208
0.7914792609647068
0.7678470592272206
0.20174776215816134
0.9919326699250808
0.23405657678382805
0.9993466336324454
2.483757509843116
0.2784882352219707
0.2578254644935833
2.3517433435064805
0.12973628733039155
0.6063520580927749
0.4956441616484778
1.8792970415546122
0.09806444263552276
0.49897359540602454
0.5138260579046411
0.06683560078048671
0.8576413240656314
0.13658354641935
0.20499234876364203
0.9955935786498222
0.49941762223368064
0.21165707586706137
1.271117244947685
0.4322239959011568
0.2181777615343208
1.4991758920062779
0.15917401346293347
0.08793169362498116
0.13069734389818932
0.3433707558465733
0.16348987731699066
0.9379276036455068
0.18556730718110906
0.1561067858365228
1.7822703761288277
0.11021528524536084
0.19135084229157068
1.960508037405603
0.3457130562207149
1.3263642207322683
1.147378852879143
0.29836487518706384
0.3634399293016885
0.3607348343390448
0.13305042509624807
0.37949197602237855
0.40998840543595305
0.22616301484332557
0.30943178318450043
0.09313374517140122
0.2748357782256323
0.2607577456816973
0.5134956715496574
0.85874496507901
1.698124197667327
1.6477722960868417
0.5665150460654538
1.1074562641115147
0.6725127164446396
0.10606642428586206
0.10588427468759215
0.21849067238960898
1.6267550321706987
1.8717104694268454
0.06846329045180315
0.023521431287661973
0.011332767036299802
0.18077944719562652
0.6020760264714028
0.6037535017682324
1.3689889197130405
0.21578531439982773
0.8476496342907096
0.3465933155958914
0.6913887927148885
0.6399990218851389
1.448878517886874
1.2247632258752745
0.6066458970088034
0.5485253487267794
0.07655802809045349
0.30392959295472427
0.4801287429804527
0.8367954725966635
1.2737317773543413
0.8039662803387968
0.9172320286887216
0.33353394588074137
0.16965674941156045
0.31851692141790094
0.05574996760112461
0.6355304869976678
1.3854420213020278
1.287084477682467
0.25990143599007065
0.9689593556939509
0.554677712440701
0.8673268703773642
0.08190334386464908
0.0793779031558662
1.2983244664733053
0.2059561355258867
0.25177746803122
0.21265632175483112
0.6026151750706559
0.8618209549334961
0.2755106518738142
0.12694592663791837
0.05118873073640754
0.3287120360613094
0.13902224197200938
0.13665653682276252
0.6597271335046807
0.7811974423485779
0.47760176478431404
0.16623773044840454
0.15698636488820192
0.2271674453434042
1.2858327641582206
0.2503818277540255
0.4316055067604459
0.4391158415289846
1.4316724090998607
1.9895789202154162
0.3696349984490837
0.11812596643599446
0.21979504478479137
1.5205120074813612
0.272690756688937
0.3762911872271528
0.13452840772822794
1.869251413647577
1.440039727205024
0.7130738125577821
0.8970535250012848
0.5380924796436357
0.18178448991068316
0.3716881026898929
0.33367534840087226
0.3949862994240262
1.1029383207603947
0.3924304385844448
2.4611985323764802
0.2339716161329948
0.07015146292126087
0.5891487108010433
0.5349933133783342
0.245202351877397
0.18430150748545684
0.5085345246322757
0.4570007082068708
0.9163724969703907
0.6875556309198706
0.7618098049439049
0.7082934462339914
0.11381518992824881
0.08356449887932971
0.23111351973390432
0.37575996345662005
0.44456448235383905
1.5351122698069026
0.16578693511154152
0.3149806722613623
0.20674762040403938
0.5535774099147043
0.032637437309694234
0.2597313100171219
0.28648015529799764
2.622523513808565
0.8436560804525594
0.7259267616841252
1.0182263836512397
0.3256663222755097
0.10590408914430405
0.06266627868805226
0.2563318697144233
0.19425450795969268
0.15476223467456499
0.3423146483217972
0.5865753581691935
0.13985968496449075
0.652953890006394
0.5522839968036609
0.6027771976430665
0.029408772198464907
0.8612953841343034
1.6125607171826242
0.30553404228559616
0.14329037092691005
0.34753496164791303
0.1043041631001509
1.0382297579547386
1.4621235993571682
0.5373449432086816
0.8341074002296182
1.6635856982919375
0.6145799555554657
0.6097626849542243
0.02657024192437835
0.18806025759082437
0.08507577710071455
0.006063485086747013
1.3829384878218776
2.012376468912153
1.2415394100279584
0.8528950186758941
0.17139587316848098
0.4593400156092579
1.769689628348953
0.3643436064214471
0.7639154542966025
0.6873005042306668
0.861720657430759
0.304773411372627
0.45881422329214067
0.052992849839571844
0.010759008214228956
0.3217279751857627
0.09125813493076748
0.17663472793565263
0.46204672141095654
0.32261944778955215
0.2728865922409333
1.3469121993746112
0.22360979381843646
1.2728453317551613
2.484754345879343
0.12320730230403656
0.22124156489439292
1.1249246108209747
0.21521683630959185
0.9924378104272364
0.5913929092451656
0.036203162908923975
0.2958750375071388
1.15977734465955
0.38346104716985324
0.08973396745262006
1.5752812431327796
1.7545759489226878
0.6247095167079514
0.639349327825645
0.232920242038855
0.39334228441398406
0.17928111808881664
0.7832768695989346
0.9820269103574988
0.4085270556696378
0.3976135918693376
0.11104534665955648
0.2590709612800675
0.013766677351789772
0.16578930956736376
0.49251901964011036
0.19995031789163675
0.07473707665963124
1.6218452297068378
0.4284062536415638
1.0117412017122451
0.8322120720668589
1.890333523992412
1.0435681328698152
0.028942282216639834
0.48447015278063277
0.1438586716672729
1.586039429492282
0.5801780262816542
0.7682778854148019
2.085628169826767
0.35211777080513035
0.20563012028343047
0.3219476777198369
0.8164749222666492
1.3308432144330349
1.0811962474577586
0.13742519408481269
0.6190633155787373
0.06338416023088113
0.19405712225298627
0.1471558981219461
0.7913857070933542
0.03979274831035919
0.7757458057322484
2.093767085601947
0.14108663821395395
0.21067108939456872
0.3244180911478701
0.9146556117586561
0.052363999520591675
0.2004116173594045
1.701763527585718
1.332886422823398
1.1464159362748392
0.5486630969643899
0.4136880374560079
0.5865264698755893
0.012900432537928408
0.029682652204723485
0.18724399569351552
0.04772643186383645
0.6955581952854665
0.9404932550818259
0.06588180425645869
0.24107134553727586
0.9982394066114647
0.3085909646702683
0.24920022500706443
3.13454746445172
0.405654831393893
0.2591909498497948
1.8748903372319017
0.21246374906546667
0.21680737074081466
1.499250013572592
1.708071774355676
0.0874482734035403
0.39512608097154317
0.7483513346200867
1.0739952974064857
0.4204797338856568
2.1550796903369385
0.12194270367364973
0.8737592495618349
0.7407286204063975
0.8666243315480406
0.3483646629969518
1.3642724851743897
1.1052168208404476
2.2824548679769796
0.810810903718647
0.6307421602053792
1.2365721057290506
0.343226377815271
0.5480058575810783
0.3976724639373987
0.0030787186777869735
0.39755440840187173
0.8112514476787605
0.5915196950250651
0.945674872434867
0.46438211689916126
0.3071235611134113
1.1964365699884747
0.23595058706310962
0.5783359905908836
0.23099340655937087
0.21423419331989219
0.05225613018991751
0.3037998765103885
0.007904828180957633
0.4319903683320288
3.4806674318694144
0.5863485819852814
0.7135894662006063
1.4001648789318446
1.891705197337714
0.22778253032466
1.295133479599199
0.8187964650678121
0.09622772543859814
0.5751248461808616
0.5862516864830404
1.5124466630948536
0.11455581780094462
2.4830757234296925
0.6209409267308639
0.8664165370354053
2.46076767583559
0.16854248789251192
0.21092736377573296
0.6081881199291554
1.355080689992264
0.5266319582680083
0.09078971489139337
0.8243608717088005
0.7838728247041403
1.5091793951513461
0.13737751880388374
1.5039220952904178
0.6001585906207118
1.0391122193309157
0.6168243165532309
0.38367585796925474
0.15017791559204904
0.7040137896763611
0.8430444420190403
0.10206992918195387
0.3455542313455106
1.5968867982938741
0.3536019136934602
0.9730387733134561
2.6685508403828844
0.1519580599769099
0.054975624515140396
1.5509053713962302
0.23645142050246007
0.17156368043056025
0.4116398739034516
0.2561981130124278
2.383703568175801
0.3942239752564076
0.19108311243687517
0.6682895876154011
0.5639554573333867
0.02881597619498447
0.09089390953962997
0.08427836189198346
0.04836492507262872
0.1491541401685473
0.09854174913916666
0.07171001139954973
0.20474172946833172
0.22163769143422976
0.10832384533072874
0.06285128164614708
0.21156262790128322
0.40404363755133366
1.4176712720541256
0.39513883076001055
0.015196353973431852
0.7769848217715678
0.3933335561127004
1.202814580467473
0.03804556832629999
0.7636958254529895
0.7225031863093326
0.514881794882582
1.1470483933911653
0.25241308982766514
0.10746304096976375
0.6011391957277796
0.4081609194054174
0.0588454470519789
0.32904067263532494
1.5231972871644006
0.8967427142358214
1.7782863956505086
0.3487787593797029
0.8922028054012258
0.8205829229071416
0.16663244879419736
0.21932560021709238
0.8897386921291532
0.514456313025731
0.3936340734340811
0.16469985595200634
0.16653759183839195
1.6220675244370333
0.18039267555728133
0.23652748278011096
0.8295535020559421
0.21421338301296444
0.0212667541722002
0.35664257786855535
0.5835748749527747
0.3291474052637288
0.2799404158379604
0.5855992717795334
0.07320053688463568
0.557985459423852
0.9561600291025133
0.24359462958407532
0.4377647947920646
0.2006289045181891
0.46905312949719336
0.2156910943804625
0.23317203514130522
0.30320495428898697
0.5832377188133298
0.5843281138730864
0.5160297766833961
0.5533616102526774
2.2049390427649347
0.9116711467931925
0.5528885404904262
0.5526631406351865
0.9202746212408456
0.07828397568386951
0.43728338013898743
0.28633809275181166
0.3130490809555208
0.5644145993149212
0.37838090239249145
0.0885795821011126
2.3797026904251335
1.6456126903491088
0.5404964700386027
0.8146403570630691
0.43786540189541207
0.4498745012927953
0.6597860741896711
0.36924561366817066
1.1707465307566884
0.4333556329451227
0.021621994092416153
0.30284686858366366
0.7682527626452663
0.780974274168392
1.924655565852445
0.12999721129560987
1.8321025983292936
0.32133372084268685
0.22520626562809543
0.2443353964567225
2.1297809806134644
1.1299748349547831
0.6352073585406373
0.20471675387276184
0.4692241251976607
0.03124632973292937
0.05713177778438266
0.1730990454531524
0.13727955714267026
0.07617856780039106
1.0284688350045432
0.1662271560027542
0.05829818915284889
0.24022104593211352
0.0528464384036451
0.44586756091310653
2.211318589373661
0.17712703940898822
0.2606535449807224
1.7207326748156868
0.5506812709583335
0.7030916392211372
0.5632839379166655
0.3275614085294488
0.26471941966659607
1.0658953530872173
0.7737073536418662
0.1700647988534072
0.9003174767919743
1.3048032305899406
1.1760726996846997
0.08199557470697884
0.032323485718624444
0.34011169292934723
0.07666833254349703
0.20672372198826405
0.013542056139106914
0.17985073089155046
0.9645525926323953
0.5294814913506461
0.8819406975723795
0.4766300820806041
0.3039153296161117
0.1792662818666299
0.16383850965984262
0.02572839296862402
0.03335019324641689
0.18420114335849216
0.0042913664990694355
0.9279275174124604
0.2528959966568708
0.11101607480080597
0.7621270670230106
1.0165268641693548
0.9566994570384403
0.3626101741537066
0.6509762772712759
0.2768337863576725
0.34379880139434027
0.15741287137058646
0.15076439892811858
0.6983925011192541
