1.5257417671096603
0.1388724088284647
0.3022650055838013
1.32469153912883
0.009355018701243771
0.21078623385960954
0.24255733893626355
0.7909508072062318
0.049585571107300386
0.9078589862422203
0.6096486901398125
1.1160559027666885
0.13170263006585006
0.28739205170447013
0.14637605737370438
0.17679709749557673
0.5005729908099175
0.4764114703424724
0.5124271027106492
0.011823599189957588
0.22216811524194688
0.3583262833986827
0.23377148484983556
0.5783705517753229
0.23714202802491974
3.016323940893803
0.4635986735090789
0.23925043764074383
0.18506711887781818
0.608123313414311
1.531295148051753
0.33313872633014024
0.26738594700271195
0.43541171725526123
1.100378077892568
0.06428499985495395
0.7773903455654029
0.26289897744796925
0.026925587754680992
0.5106668434740069
0.177616017375776
0.28138303749297333
0.9892100741769766
0.9923066016363765
0.2567768964315771
1.4903021165180343
0.05657367008919683
0.10794011573689977
0.6212411159929124
0.11190704606008903
0.1426296859355577
0.22145612792371627
0.3974100714167505
0.5616448510956075
0.5602994823934287
0.1150318441778857
0.6128280941730408
0.7883451025549435
0.272292989040285
0.308121636753043
0.19854697457569054
0.11825378675712035
0.23677081971173033
1.3103874606385852
0.3438273131596006
0.7062898875344035
0.5360998221269105
0.5131980340217731
0.4271687711871892
1.3485886821746493
0.49756218680181247
0.1853377502683468
1.306042433883896
0.2607513905254221
0.059987790034322364
1.4472858199388403
0.5850422408083892
0.1297311685653513
0.30975845833127946
0.2781148973767804
1.6714701144215314
0.8264529121987589
0.01773570091525966
1.0760934997115748
0.10273437223941133
0.7486015549711683
0.2579834715019949
1.990567811743539
0.029944347241477185
0.18670238644063114
0.2918959772983049
0.18860301607670588
0.28829643880772604
0.9328772379084016
1.2959209412351205
1.1434190572626155
0.5212679164906995
0.12136341238765969
0.21058963916568113
0.14213977668524
0.01628849237534121
0.00949037239658017
0.7219470820341067
0.982495554710557
0.1338922506044825
2.298416633386124
0.6718826000652958
0.034745995239957535
0.27319522680634417
0.9427045325724945
0.15406734730416421
0.46092440464801004
0.18879918630408932
0.2921194629575405
0.8046621761511865
0.35617759954738093
0.07335412407642815
0.9445417444785655
0.49598450397750843
0.8217049512117321
0.509341346129126
0.1049511210380358
0.24143333684116847
0.7955261588883642
1.1903354028391737
0.025417732563508766
2.327909418301619
0.03760542517106702
0.16106923146539862
1.4836170005630487
0.007057148020052496
1.9397883442840818
2.6901711139091207
0.6721423228897468
0.05492833144177246
1.685692776606183
1.980042305399512
1.0085434558860984
1.104708185353537
0.08965137118148853
0.16094463814633161
0.9602637737773644
1.3573765751623696
0.30646918819893143
1.864522966280177
0.03975847436026667
0.525987108052594
0.2192145888388925
0.5761003646113257
0.40606720817124875
1.2203691405337893
0.010894820472050083
0.3225068207356238
0.6737278005569179
0.697351046177563
0.5392168666035815
0.05036506294396997
0.5411893109402909
0.26501827930650873
0.3896053876362588
0.30598608753783046
0.2737509966441021
0.1844656082935642
0.26670156124540356
0.013530376448872545
0.9279151268372808
0.21104779436180218
0.24138175585164923
0.3637075599405874
0.7538279207124428
0.4414933067292254
0.20134230315892993
0.39553528640591284
0.3252234821129063
3.1165845509512646
1.020628329985065
0.3086707305447555
1.1280680597616735
0.3265510116613924
1.2031274812142247
0.37920810229528723
0.07037932762141884
1.0719048573193364
0.22933263396490539
0.6201193821731054
0.11024966711945272
0.38355726284489655
0.26896859048684907
0.14671456964570997
0.32283397913951595
0.025543048160606218
0.07936550813370279
0.3319450692962176
0.6082956453446224
0.7517497434849183
0.6344228288111151
0.17400058643843588
0.11833102996922032
0.06508927580713865
0.4595748399473528
0.17420823134883168
0.18027321317596817
0.04378307614932556
0.2131346618788554
2.601218748811142
0.53163653414787
1.6358904319913887
1.3277479007764297
0.1886563542966256
0.32527121969518097
0.5458702149420679
0.1727774234795221
0.3579737686835884
0.6041975216806924
0.4719008433646824
0.221647047070356
0.2332843904631966
0.07982472638988473
0.49264323351883166
0.2776521121533928
0.0248336148986323
0.2637435987207408
0.44448808319160743
0.38567674895459514
0.3037817594217209
0.138536483578331
0.750266742948545
0.3615050622338429
0.5385765834781571
0.49890789077535774
0.07882774690817548
1.6156875237759578
0.016424181864612957
0.2059262741528742
0.7627433299111311
0.5161391908211448
0.18853792675672068
0.7747010589601384
0.18704897838099577
0.3607921632713719
0.37730807875951744
0.13927556783999265
0.39862850256233995
0.4134296883304703
0.13175940603532937
0.4450044391893842
1.0943525503714135
0.36208268328570803
0.15247826070948503
0.6794420308357971
0.07793313678304405
0.007572186996275975
0.5337425386208133
0.037895142532403905
0.4719405221478466
0.4266975247901801
0.8092324697911529
0.7976589025640379
1.751571563768119
1.591308189335569
0.5154575400121217
0.456305171102865
0.3553336266729814
0.4076276940021649
0.43547342475730105
0.20944730081781948
0.28160647492712204
1.6525427037442106
0.18708571979576732
0.618464610646286
0.6539565843788275
0.07151537956435015
0.2338290571602935
0.43345725342090097
0.6170715240175969
1.140090964651561
1.4554485652175275
0.35581053213268304
0.2907761380675973
0.7848075145443203
0.482144623873038
1.4584060251262072
0.38246788244100155
0.5068925398656249
0.9226052874967537
3.3948952776057655
0.08356820187968332
0.13885569058700306
0.3441944182413407
0.04960938887417595
0.8132354807575379
1.7124326747814558
0.07423810344271772
0.49622980399649985
0.17311591481242433
1.6472022545101608
0.23956824409681757
0.22959512969481774
0.2648084187444322
0.3036532155394209
0.586110479126521
0.0749347599671434
0.3813049831514191
2.698310734520653
0.6962702049397074
0.5692875018107066
0.15434054968270927
0.25288565132556506
0.18478632600756173
1.058753144788596
0.060085452547054
0.35015681163678025
0.21643680337558033
1.1935683450708598
1.3407402403740534
1.3708128034268983
1.0294102946486086
0.7720310249913791
0.543504124309587
0.6491431353880122
0.2215602305084
0.3090885443880394
0.2821064809677804
0.031126348895293362
0.9215516070100028
0.35718905933696316
0.11842887502294917
1.6073877338899891
0.08670974899666631
0.642038697469721
0.44552151541894036
0.38392573214594433
0.060098768362738586
0.8092201573727745
0.9262372498728587
0.3438036998362255
0.2689840600401773
0.07642360927316443
0.3222654262950031
0.6090622925485727
0.38379307009999936
0.07653895017020526
0.7994775365622169
0.29105127946200043
0.14400840837217588
1.2875934095577184
0.3423821996529581
0.025967785778840544
0.7065127854185226
0.021140010150111403
0.5682525381970288
0.3576176518328742
0.48594824016373567
0.06345163070837252
0.3411882045552789
0.3731790859320919
1.0149152662118983
1.5671307470013431
0.2641751472793838
0.5472558422969533
1.031151671064495
0.157278768752945
0.6522148558005396
0.6123515135658709
0.8786508148163888
0.32591820121614845
2.302570491724542
0.39435755576416553
0.733114946555378
0.4957195339476964
0.7844364905299912
0.3529726192187409
0.09366511683701138
0.1498181448775529
0.10044588545313148
0.6748487381208886
0.38688890769037737
0.26987867573337054
1.4241666657225027
0.8968555043099212
1.4184797158824975
0.5297297952975153
0.4000994968478288
0.33645379638845424
1.3015757893715527
0.6164842731385815
0.5696527554017841
1.3661127566892386
0.4429974100416337
0.19525865603261935
0.2602418439747102
1.2156108052441834
1.0504161931472127
1.0370703715625826
0.1878552662466798
0.7525995977617209
1.2194629346508532
0.8348617598349524
1.0852989661469588
1.0877602180867694
0.1701582915212836
0.523111928475775
1.9858614728656687
0.592579712458651
0.24587164274120932
0.30987051605814614
0.8757289804156606
0.9194747909185587
0.9895365759103094
0.0076865523068487375
0.044842885761793884
0.6523837707830221
0.7285915218790278
0.5883967574102946
0.5199604763326918
0.3425436763388679
0.39804215945757465
1.187892289867394
0.1271677734017698
0.39014530955185567
0.3571465627673062
0.8486178113140583
1.586493581530137
0.9448644227597898
0.6774649621921197
0.18883536327687417
0.59749477341552
0.9009994266140264
0.48241439318310525
1.6276564563369607
0.4141658949549183
0.4142076486923226
0.05493560224893847
0.22986157292587892
0.12042062805831537
1.2595775409282572
0.5268879585371014
0.6227486536915935
1.0151335662754737
0.213868596262447
0.19945763027173544
0.964738001609416
0.667269233706347
1.6073518706225949
0.9790828704196647
0.06367022238956709
0.29753110271671657
0.4498879835500979
1.011215006272486
0.9147360146749711
2.133683670060575
0.7001802918252532
0.39807713828826174
0.6204259793821295
0.057940543729873235
0.3698696692939367
1.315988358213715
1.2365260763666062
0.11384663080304003
0.7305166214768183
0.49853870708831943
0.5852463911224233
0.9639788727478691
0.9777783828288041
1.1071490304276732
0.5211624878475789
0.18540877936635608
1.6383510613755543
0.8791708573685144
0.20390248555571636
0.588936088021979
1.0814536086772584
1.6526720314741616
1.617667044270938
0.006649356186265306
0.130959627141308
0.318647783648797
1.6007242033072877
1.3667347397245682
0.0578707446830896
0.13861872863727726
0.34826220840982147
0.22992859296190565
0.5667132511267007
0.0359394354013848
0.5552504850476628
0.8705756283401346
0.2785204147552295
0.29146418985881695
1.3735998764955115
0.07257575360195023
0.017411130617448114
0.5559060643356712
0.38531826848665246
0.2515025675579385
0.7591102199366302
0.38146452243346185
0.48786545473031595
0.23783057881195863
0.11547835091763146
0.4778029003027409
0.40231101191918694
0.9732684811810791
0.6826987075397117
0.3107770640982035
0.06556493996762784
0.14846421014507669
0.17668906040439708
0.9182069916360703
0.04066693117244016
1.6289596090870575
0.14289902667709292
0.5207340798748012
0.15209020081347746
0.3024686689623477
1.400090723485814
1.559410999455328
0.3759306491581127
0.27819173821147497
1.3738377821640726
0.23575677734220615
2.6235103808231752
1.5013251119735702
0.6907209282687591
0.7866553664996208
0.5262180261364241
0.06172398218416575
0.09055397123075512
1.146093005070917
0.5152280280512432
0.48650834398260395
0.33432323531188635
0.9716550226201699
1.0014272666440496
1.3646241630785387
0.16498408331106226
0.126507287323991
0.38917571552274094
0.32408552450193767
1.7835996668337677
0.26525808128429973
0.1582031682146935
0.22660682512222471
0.1397228030734121
0.15133941823657535
0.24815587888331245
0.6347220900323828
0.5095382127895154
0.19745184239329946
1.3269265923146558
1.1148014476334545
0.06015922163136422
1.7740458808835162
0.3911823995369614
0.8376757886123471
1.5051864130538646
1.1234547274216762
1.230031855482282
0.42855610414023876
0.1858189680618119
0.22393164339339833
0.048023469228880254
0.3408660278974972
0.18571272291045704
0.568199205803672
0.09822495668463069
0.008439795159359685
0.18859228271398418
0.6552053453321208
0.6446899681551957
1.6722965308092994
0.08153945552132327
0.02628729191869088
0.641990892302675
1.6180897072748843
0.43827367738884343
1.5961502757863721
0.33408277689916044
0.5941153572090551
0.40674948340953665
0.47863440576742117
1.0437672114707144
0.27540193795882956
0.1080272407999441
0.09530135275785226
1.2446753514151405
0.03192797610807407
0.7617313783081916
0.063890565625443
0.6017863782842385
0.013115522395178169
1.1111580080661272
0.0501563496234783
0.14180780415927938
1.1867209089413646
0.2743529996736206
0.22511369195156536
0.1531933482460162
0.024384954984141748
1.4319401827463036
0.19250116505148643
1.015860002501657
0.279312187229419
0.16852902555969873
0.3637121275283542
0.3959667306960877
0.9240100968190689
0.6133668635620658
0.19044705769004114
1.182522992585428
1.639608533401766
1.1548785578789316
3.8208748179408345
0.3406589843241136
0.18537316476778587
1.961434198235657
1.3503410111356773
0.44047938514089857
0.24706408888130438
0.32682246849960206
0.10094739415156588
0.34007111913905835
0.07046840276282615
0.20896682002030703
0.06774554642879373
0.6488986346277142
0.07575080373746225
0.0914590999123638
0.7712131522149459
0.9979617890114387
2.139011292380078
0.9908115632064742
0.01407823237920697
0.4580984350571645
0.009368418311056566
1.0068016923178076
0.18610629999349332
0.031234108814479522
0.7539920360920634
1.3372849903236534
0.035535573997842074
0.01757379886131599
2.545975565553534
0.20821467282439418
0.9623692593224069
0.11363310506327669
0.1624285082310673
0.20748871015596837
1.0774969970550319
0.636755077206008
0.18569421253442261
1.0573264360306185
0.260123820693199
0.2040143204108316
0.21964299357827527
0.02928719871751827
0.2054201410785817
1.8175503364338892
0.3023652911391348
0.1606940414782299
0.7410804807144143
0.862219326617089
1.3524831561436275
1.1505983554769283
0.09322838893742236
0.5028204864968939
0.1043500705620917
0.33676790335294304
0.017408417021014925
1.0573219841608914
0.10003542042089496
0.09436571279005655
0.3118234771842233
0.6794190162412843
0.6279388298718768
2.227389872392867
0.021457919153472026
0.45476606174611145
1.6461638985844607
0.8892426426892199
0.8241825764054476
1.7184433662468406
1.2081231740661758
0.342311190516404
2.483390847416159
2.4419038562914053
0.07685749238073643
0.9744967549603529
0.2366429481828278
0.31799415697885947
0.4669679367833841
0.05750726033418112
0.44070929932614616
0.6282448835920066
0.15997355032480792
0.39837490338214354
1.3758419109916968
0.09277666325190709
0.023662990519152754
0.3675399267153728
0.24698528851519946
0.031476439988999606
0.18080409949552445
0.02202228928642912
0.0477453709157551
0.3188077051301385
1.593025025403044
0.30852158492115234
1.3022641053905133
0.211454680797054
0.4405792248698518
1.298750549407344
0.7047710644707551
0.3451352937842898
0.16081414703937333
0.08043359414267065
0.0034555022244107843
1.6326890922433341
0.6884416706597418
0.5084423371312108
0.3627326699439827
0.19521736358697628
0.01303869834996297
1.1804532471614644
0.06949474089973405
0.07864743921592872
0.6279915319339103
0.13487292207335255
0.12361414154747846
1.0786668279598393
0.2326468071909916
0.8817352569555948
1.5121827391200067
1.296381709298749
0.2110056088843614
2.1356144716299323
0.18907031344588882
0.29053020058784057
1.019640740846381
0.535973492499647
0.0834277406768743
0.8971389879241675
0.18530548006105582
0.73599652375326
2.9010204783220153
0.023773704010574114
0.4225306306931805
1.1827087862648367
0.17622339752473112
0.3779912426986772
0.0701501776014523
0.34392935610331293
0.17207573247372765
1.285723338683033
0.25797198332563703
0.3157638026328884
0.7811579743302699
0.8658325244025401
0.26724380722268415
0.2821144641702626
0.20577994209314363
1.2093580222646876
0.20409159017173867
0.14308185071707813
0.007334907714193914
1.3302802236996583
0.19624995575365753
0.009471132359696984
0.21433931036432585
0.7809247609477773
0.15571932719133186
0.3041281612683275
1.918134968747878
0.6930494865510733
1.060724401006267
1.8048352829142245
0.7628979938977625
0.19905996724018338
0.5540578109947792
0.1006359669396069
1.281370055135541
1.1325264253161633
0.21473435725180964
1.2943674174968043
0.7084793416349744
0.1386460044712311
0.6933164521326833
0.034665343884764
0.08315730704910682
1.165510897295997
0.7835386163199065
0.37373129205919503
0.7142345485949896
1.2672733382458987
0.5334434500832113
1.712883272442962
0.2910397536551811
0.27816342670373784
1.30103534365892
0.2539779079565019
0.7494416224346018
1.8673958179744223
1.026832253660202
0.04817776178703195
0.08978844561513914
0.6124582907167617
0.3387553121302594
0.6621843140940608
0.03161864965000867
0.051232521929916376
0.1695242635452275
0.08901712634791346
0.1748874131498985
1.2198706582108672
0.608607150542948
1.0420139713714096
0.7683645084347605
0.7992794133536234
0.00906915667206023
0.4090617519339546
0.22992482262825284
0.17688055233004946
0.37587432756326683
0.3050494910838788
0.3528728109496594
0.7963604367271477
0.582326408055974
0.10499246522616594
0.8417692459268555
0.6848204592777761
0.492484948489567
1.7089563403018788
1.5383265737515448
0.32347075381181917
0.35825242418073105
0.46584025085327135
0.4729103355347198
2.3846862362369046
0.18901519095390654
0.8386193305624455
0.8527218562849577
0.04817501706156793
0.0602244574515009
0.07196617940831064
0.3727415175056367
0.0990714941570272
0.6169547344497722
0.245582121261428
0.12704239347536628
1.3711360157024601
0.21404188408593078
0.2503677493983653
2.3163607492921634
0.5554403448190101
0.17773379716076146
0.45452688232250604
0.27016432015789144
0.02178737680903135
0.27159779815467844
0.6995791223836593
0.12884495829902262
0.2991795137233387
0.6297083355417198
0.44571481822763465
2.3532574640065573
0.1804250759677058
0.2255911525103924
0.3751179276929815
0.3679902150980105
0.30766512105319954
0.28647050054410306
0.310314913201589
0.007756915230641639
0.23506033028292372
0.39479811968208084
0.4290570554389965
1.7597322728300084
0.06670541258683263
0.692336002870678
1.19560421909496
0.5355663493858722
0.17156938383613837
0.6968770740522875
0.15898804433670802
0.5697453272991968
1.145734768030823
0.06381628269713895
0.6491412547529676
0.48092334125148833
0.017240066517846375
0.15494378872994602
0.1130476020763699
0.3950992302699948
0.2032934460351886
1.0231599064538304
0.2733635151297287
1.1241309385882625
0.9324495622086787
0.8268918921051666
0.27691053789378284
0.5748604103868789
1.4479053184783277
1.8984638660631226
0.4197777591802714
0.7040653511058582
0.235380029658743
0.4223592128515095
0.10065976514492231
0.7324738475355992
0.6627737302986283
0.15628510165064038
0.9981719192757943
2.1160307685846154
0.3438322347966369
1.170417069031365
0.6657443133254685
0.15803900040973456
0.5777351611011202
0.21616193821841495
0.233281167309658
1.7659530394086305
0.27089082763112876
0.49365280362279096
0.11698270724643568
1.148899101369031
0.7278253157121498
0.17539632400726873
0.18863051410716156
1.414910597594487
0.575016078620378
2.1459644742805795
0.21042125606927228
0.21148412458778598
0.23899166737963504
0.16608365409941156
0.0894148286781534
0.5867008764810278
1.1747683977701238
0.25525817212409935
0.240392448412399
0.9903447433603028
0.7443108544559219
0.6947335772166239
0.1234551742574477
0.3050351003829551
0.20204424806435678
0.9628104045468648
0.6389872598273477
1.352470520748068
0.6713837516594294
0.6714480105916687
0.17589048130602694
0.6296245535596657
0.5022312199029788
0.06542828852673711
0.50690939552848
0.8999851103030081
0.6948755372190228
1.0649262689630246
0.8721777500331912
1.193236781714519
0.14739178716031648
0.3702584039396604
0.45120030074099077
0.3862335951329903
0.4853441595549408
0.46459987957914967
2.3772713987775127
0.07744914485445858
1.208739421845302
0.7243670520936788
0.7684468630144573
1.8126596115682387
0.3683309837005279
0.16450128449764725
0.18903265316637896
0.34337702294437306
0.4977206739370987
0.5688531152676111
0.03548067301915877
0.6567927925142579
0.7157008460148487
0.7079325960976445
1.0219598617555652
1.1466347213251384
0.28713199367425496
0.2967702930929278
0.4146924539711026
1.0467988215154664
1.5950789409189894
0.5397058008977831
0.3381169490603205
0.20356262809107054
0.19863222658013613
0.31888019450444494
0.16699435714821473
0.6126253197686891
0.7438009260429838
1.3037832699032674
3.530178661949244
0.012314638041773381
0.06934749057741027
0.32826111853558604
1.1983761487467057
0.17376847071825416
0.37213995585711657
0.19074737576132433
0.10989805211865569
0.5808860637776528
1.2935117659196884
2.058107583240553
0.3408997517070062
0.6217325863305244
0.5404623087741819
0.45173391447714706
0.2969271166917032
0.8759585753701513
0.8195069571402412
0.08301928272562582
0.08419697807908993
1.3505265599082845
0.9495660219391244
0.04475300976816239
0.778307662682362
0.16085251608955792
0.10903333901305028
1.7273765075605154
0.14134361494396772
0.31695764779481517
0.8624765314555011
0.03377262062312074
1.2887016307798673
1.3151959186565545
0.4532434605797985
0.43898455331236175
1.9621787610340158
0.536590849663234
2.259914466406898
0.3348210821277879
0.16946138613294714
0.34772884473236415
0.22622677021519683
0.03261925108516136
0.24225321537368033
0.09230208270238545
0.159133216023105
0.33173280351033835
0.4061299390891473
0.08553869583423646
0.023077142299896415
0.8033341944976004
0.03565354193016398
0.03540262632699724
0.32020533023069825
0.27571636421336415
0.14645310329895975
0.1571098255097744
0.5074401079215592
0.5598515083712355
0.7827203911319816
0.14253089385024906
0.2232511597555103
1.7793846139415581
0.7365334450669629
0.7762596283621763
0.7111582906826881
0.0447590739475424
0.32047192013967696
0.2568145986124517
0.8226896473484357
1.121124859627359
1.4823568355535346
1.6474684524447165
0.07327244045577667
1.9952116123915193
0.24669505118182997
0.5982239834663662
1.6809124545766447
0.08523004732317228
0.3017250377023323
0.04058069750104565
0.09318890359859645
0.13065503573970955
1.6796153774898894
0.3363729325726327
0.15315048014349428
0.25972366653271745
0.08191980401049556
0.1296742969451664
0.08460470649771722
1.2272435905075452
1.9017054176820771
0.33577885666372603
0.37631577070888794
0.2534215591715489
0.36788757451467624
0.13155423219342655
0.3488023404131968
0.4777786255922661
0.22608121924155714
0.8729383844022407
1.931125109016276
0.043170476251814124
0.19864517028354456
0.6352798575879577
0.8934888612085922
0.22329417715138314
2.0286533599758494
1.0351447028792817
0.09938594057656316
0.3009086177145027
0.5139546823201856
0.3022594268890872
1.7649410405903818
0.4253118520672599
0.7807465303017402
0.7679620131571577
0.17923868793128409
0.2572035335907611
1.3593082641050063
0.21367493205961272
0.5367694014480896
0.8037062574281362
0.2145766988005964
1.1766762737225778
3.400252020178054
0.06854809816439417
0.26237468774942213
1.466361257362413
0.4065318259482388
0.10652215987497199
1.1129127439225397
0.1463941842232719
0.4940587321582063
0.2650105902549323
0.09835431717210337
1.108002665815078
0.9950969269858729
0.018084021738702438
0.02429573181955426
0.6055606464538325
0.2085554440072665
0.30794523854393563
1.6554883603583075
0.7413468248449843
0.22352581316101683
1.1948653620339926
0.3914640123893697
0.2724971673773353
0.5520601489947443
0.29215779721271606
0.6465748360661676
2.0768772712054986
0.12535527418865586
0.8917965071780031
1.59017878665606
0.3395649103295249
0.2645627408590168
1.0091397894491811
0.5999935002459335
0.3728772110236058
0.6195132534399513
0.6004826106169396
0.5861448764832689
0.49962697395671396
0.09759500312098544
0.433757770849642
0.13244219674980023
0.7378426215453543
0.6015155314638704
0.3264879681948022
0.21328125891617375
0.637918530729153
0.7121843217888052
1.141418720843206
0.3612946369797269
0.6739480863826067
0.6282999819049332
0.04687147049336138
0.007138445660869782
0.40245770350601406
0.1122040879245089
0.5777274654174789
0.21497231065448316
0.3212296108687291
1.1355613715167876
0.10413357958342634
0.333024731984454
1.3260504008334322
0.16393259923004902
0.07932836436022966
1.3537008650511013
1.25577475703107
0.6876941861425757
0.14832379297391915
0.6529460097568689
0.7573528773705186
2.408777405797486
0.09173274654641603
0.6693519231579284
0.6308189124488444
0.007003425803179422
0.0921538896806568
0.2948622976778747
0.2965533254789293
0.6547808005596883
0.039559556353814355
1.5242902963585812
1.3544478365904262
1.2295285922138166
0.14152911540851623
0.08002611436044443
0.8157764484273422
0.5366508321156782
0.2118792350773587
1.5236670935871015
0.49661393783713076
0.2839952354626991
0.4788416502728666
0.2748925379629015
0.3904295463916891
1.1032028982882285
0.19638143610588008
0.8130418300581466
1.6758457969712066
0.12371520298047543
0.14597545635579107
0.025876327362615446
0.002393976915826761
0.022132209967428026
2.451693496294915
1.0249513360365081
0.9629878309033164
0.5544385556058515
0.39296990105982565
0.025853937429420437
0.40600599113545766
0.2534224833995577
0.3458196288336469
0.5776153733179955
0.07456058216796897
0.18564400816584117
1.0653070741146937
0.24485955791295289
0.4477944860084041
3.317533703787229
0.09489054043983751
0.7283387814547132
0.8623490908840455
0.3532828125698266
1.220320195521798
0.048289197689414164
0.12208389159509295
0.18036890264891872
0.9562733718349028
0.9870855770158882
0.5308541542871542
0.31254880460149903
2.1454993778801144
0.7454585697742314
0.23822832228746127
0.24593820592829807
0.2175784313103488
2.8384651974230595
0.3528586201597806
0.2217245898271572
0.9593517448505421
0.1368224529234906
0.20597258803947238
0.6910291800639078
0.21957069933521858
0.2554330637819836
1.3171424318493041
0.2412812109053024
0.08422462601708974
0.3430860872184452
0.08778156986787125
0.12584879383870284
0.2077850398895308
0.5835707558743879
0.5739918599104464
0.9023810881449053
0.1926298231269684
0.5670367046602842
2.7916428278320025
0.4394489284263391
0.9025265532387926
0.41292411086462416
0.27010201623356617
0.5320405630284968
1.008374011209358
0.35857834624574586
0.19035001456162204
0.10680735317879611
0.2922758266592341
0.5773971920727259
1.361988745585437
0.020277160019216516
0.07744346972391956
1.3218056998450172
0.0887918128800252
0.6988494938962916
0.6408073553056184
0.31872647336018883
0.5844384361140348
1.454784545172371
0.1300770836508652
0.689331628081153
0.8685513701408114
0.8410527455438732
0.5097787484032157
1.0018895799577165
0.3214874229595579
2.7608513024326538
0.4523961046919074
0.25939565803293557
0.4436085051245521
0.4771711651176457
0.7480876329436515
0.10958151536695415
0.9691841036612168
0.0647203085865444
0.1208255025269514
0.7160673608583559
0.5779638887591717
1.2794470318634372
1.5677515306407925
0.1589416590722972
0.25773458341078104
0.8041575983351741
0.4591695571360731
0.648161087105873
0.3349921920351133
0.12306242245995636
0.17768588075020134
0.31501398910224043
0.4118627392915968
0.9182580086119726
0.08413340193887024
0.8829883279948932
0.6409362168961373
0.09522812427167833
0.10625850901337777
1.0743751362058709
1.393488192165673
0.19115670928898784
0.29610336537365384
1.2610482809408958
0.6240259277259017
0.7029265413657608
1.2913284989246776
0.6268500478451545
0.21716117201887183
0.9316224565791899
0.6526924238976389
0.48206453776583535
0.37788208293666603
0.6561278962330758
0.05766559433611635
0.5170882717681817
0.9915178183958248
1.038158429098661
1.487604305081868
0.21416875652040882
0.014867704953207647
4.209633730917275
1.493193417123835
2.893362028272615
1.7216632902627
1.015139555797165
0.36700523050062595
1.6346813320579165
0.15725623257958932
0.0831805166740794
0.8542358236780244
0.4821585731550589
1.0412813209539642
1.1212621926787658
0.09035543648537689
0.17075721771981375
2.5200664579328698
1.6552526351990524
0.18680572104415544
0.38892002634192163
0.18487495281727884
0.39380514035076425
0.33518950236385003
0.21537225082933817
0.8709433233489701
1.2516112080365986
0.1486529224921032
0.07456185491765249
0.556057146521778
0.27858154538411506
0.14996697419922717
0.5668572718645646
0.5071543135661142
0.4125845219314458
1.0978194548363696
1.8973083205401773
0.5772053614533992
1.5660237315012524
0.3928989434311618
0.30647572934209383
0.5634800368264953
0.1287603746995466
1.3411232943855194
1.1898523004970958
0.8170548285285709
0.1073286793951135
1.313159833910351
0.1559067320086928
0.29578151606567266
0.9713465612055915
0.22652652629985726
0.1622916753322308
0.3177994452057108
0.0826402236093787
0.20014342090374368
1.7695789368397687
0.06994618811824906
0.9607033790686395
0.5769781969598722
0.13974495143166962
1.0798258369888598
0.3805934237606537
0.06593082353183487
0.14412845264476498
0.1851832023149035
1.5515778134617466
1.6910722807512322
0.10942582644613572
0.13685705506148665
0.5275558721424296
0.9322354321245837
0.09449446991364151
0.10289962532737763
0.5731503322120625
1.356728785252093
0.29409883518408514
0.247548568108913
2.049279225133383
0.2120380838286394
0.5788021562825015
0.2992504989630064
0.7536463755775316
0.4493211700699749
0.11991308348403053
0.05789847593862587
0.19195669546722632
0.0579405177825977
0.7279789133216733
0.9833825231666986
0.05254240244366898
0.512792413237234
1.7403240470210835
0.11703708395257208
0.14462294234142586
0.1322899519328207
0.15112542291142503
0.2960728001684256
0.6247634472294183
0.5841762184097188
0.11161488077865662
0.25712505091172283
0.9543275750319735
1.5595727854643462
1.0405286884144125
0.20574363059840897
0.29067937354027695
0.3996600612070338
0.03289817132357021
0.4346324467937769
0.8964777823455483
0.090255538326894
0.826817740494274
0.6362590082889296
0.21782749943409493
2.339501046034189
1.714953738363398
0.06442578079775688
0.26328615624733026
1.1602436568719627
1.1949819873524226
0.12619848229124492
0.05803370371001602
0.028760666128103362
0.7516270166004421
0.21112113536906696
0.054739045357334065
0.05024543742806135
0.1431321655193593
0.450206618803301
0.5111178438675416
0.39853585777930656
0.21104889863357335
1.579386388875796
1.125385987882266
0.6825346510191804
0.7263716889310613
0.22176657519748455
0.22844775026466504
0.21768818916877486
0.022115781120933667
0.4120149279333073
0.686971577093602
0.34023291488088936
0.23316416174023555
0.21813839789003206
1.2025061165947615
0.21955366043554497
1.2320374211634124
2.1122944663979726
1.2991411504702102
1.150698747379882
0.3801594879192561
0.29068067120668173
0.42676352330794803
0.1436448488900447
0.18940153019440434
0.03312991931158794
0.6983459704947067
0.6513766865667203
1.1488858562085387
0.6824076624316106
0.5567759343155623
0.034571897860844344
0.7905883680387361
0.1904526737990878
0.018984447917506815
1.2246140067102935
0.9831352533398175
0.8659638729451192
1.7978782501378345
0.07472804152020696
0.18764568358879008
0.3603295839695961
0.5962552555626764
0.8732388050442412
1.0328158403747603
3.5727882250559357
1.1389621220319763
0.6455411901117397
0.01620098182386994
0.0025414832475600456
0.8720308442380735
0.07781703953989205
0.19825986794521663
2.325476193182536
0.5511024366310231
0.39504833960766506
0.1886614399295467
0.449865778295131
0.19047836141061447
1.9616976268376052
0.08659704259933637
0.42484898242738356
4.426547415572578
0.13759289248455006
0.5635793810476207
0.388879586357818
0.08518836890127857
0.10147185227743417
0.2994012084018511
0.3984604228350764
0.11788883817483412
0.20953996584671714
1.8861725797880426
1.7091251622782
0.5431880058462271
0.2592549009559556
0.9578607598778421
0.3773665054540261
0.4339556637969301
0.013548300099066523
0.44358591207213227
0.6350995726176935
0.8495456904296582
0.7541075944316866
0.7445333665535311
1.903775803077566
0.5439194644726408
0.20420854527168403
0.15291562449838506
0.43709788825077306
2.1309412643243864
2.53678098684213
0.42366591830083206
1.8824999912015563
0.020682018843676094
0.7426413411284436
0.4213467517088204
0.35836124932724484
0.6780744270660423
0.0893746963461318
0.07907419177728382
0.09479071819975704
0.09998663769179725
0.055836058780403416
0.5646459118649136
0.5725176850931023
0.6203711902821671
1.9406135111700178
0.02146491706678373
0.04810158038419684
1.412181179871455
0.5153895403447316
0.3900362778488262
0.8476305632091953
0.4780452368637858
0.14890202909749228
0.14002462537207472
0.24721018968641922
0.20333774377469607
0.08502868673888314
0.005490055602644813
2.49252143219925
0.5193342828783926
0.7657259858877016
0.3701317792378619
0.4149623800267624
0.34021680246122515
0.24533728213721637
0.18198003611732658
0.3645376074419447
0.031977198698222985
0.19186961251949936
0.35119381208294853
0.21475095584065337
0.27571293769234906
1.4050508293415411
0.5449275276233495
1.5091190223667719
0.10020267728834199
0.12107882736578618
0.8213411851434037
1.9343771341947649
0.8932801239705274
0.6737759768616154
0.19460519028152706
0.698492749350911
1.0146307273852189
0.047116063862082606
0.15271798455000693
1.4607830575105687
0.36053789814149184
0.6068711344024189
0.5355097621246577
0.10363901879406522
0.11808448972641489
1.7234942465317997
0.29584889294071326
0.07973271275144567
1.2838881853873858
0.2703622223972152
0.10477710121527214
0.5327964885190696
0.19833768512657976
2.445120933264466
2.4979695269096798
0.47950739680816995
0.7405683493293403
1.2910702601655888
0.316421783554576
0.13213698382392858
1.0515724967384625
0.023954252241912426
0.3777244205664605
1.0293395529714404
0.3711767814933419
0.06371318006771755
1.537881637693066
0.41730598736789953
0.36072739976247453
0.5903563934648386
0.806196400226218
0.5293172878716862
2.5150958355545496
1.4499917050626592
0.6168305091537074
0.4663356181714386
0.4758804684079879
0.2592981583118414
0.19207731982879825
0.13837208368991297
0.7252674150574343
0.6206506473768488
0.281209771845042
0.08066488823894985
0.007564578381772785
0.05266928966233378
0.5843232329512221
1.2900754619157184
0.12008502883849147
0.2889756977836112
0.19899776267060185
0.07943075935812266
0.035471503211386264
2.6179032405119287
0.18753432116671997
0.24328559365054453
1.1539311682986937
0.8170376682434831
0.4649245014801211
1.7068910306049148
0.3702690605662859
0.313484001407633
0.2722672632445509
0.803614163620059
0.48583036359241316
0.4696571112430983
0.5066532324979371
0.33795898727485124
1.0125055953406157
0.08104997212701961
0.19920151485423945
0.020901228969144123
0.5963243643541993
1.1573738724115847
0.22146118557640776
1.0227956150196849
0.5585282222524611
0.47911500045709954
0.23633987035350124
0.05469894170909592
0.7391879855386486
2.463264268196588
0.3561598630994106
1.1259619410092023
0.678928796590985
0.18108749142358027
0.5903218715577796
0.3749052371466734
0.20209459349360515
0.8808222865995428
0.7973099139401131
0.5098258132569655
1.1357964376249303
0.12742749789716729
0.2717307141006091
0.800600747447638
0.8598046409602816
0.49162998116896295
2.335175131801897
0.11569977192080791
0.9090413325417902
0.4312598172761822
0.06813638837492893
0.06162396986478368
0.35340252561675317
0.0888377206441931
0.12443385262409332
0.21804283972644997
0.509567262919388
0.5695854408210006
0.27726151731258886
0.7795144277634437
1.2945264100317795
1.188359192162299
0.058908411046589025
1.2686027378706686
1.6329938695878106
0.41707946590439426
0.11318045505425677
1.0257433700449166
0.12224693429248323
0.6759863288887178
0.6987072256975445
0.8589490621538121
1.6561066560723061
1.5881114204932933
1.2158462397631722
0.5773041647955798
0.27468984984800643
0.08800056204268047
0.5563547180366523
2.144909818198256
0.24644915829720182
0.30359654617540516
1.4737114640659457
0.22842546356735063
1.684453058956579
0.748357717183755
0.6989573753343593
1.3753564925343702
0.8864878246332666
0.1812644421032122
0.30497566227519013
0.30328445190624864
0.9908929678251921
0.013742546816980006
2.1956662136729643
1.0056925159506782
0.40071420728845947
1.6356529419403014
0.7729366349929743
0.3478649265833168
0.716682471232159
0.4478830252732508
0.1456737474464579
0.36555880082211933
0.13030449548619394
0.07998234916917117
0.7751630094789465
0.4129820890409968
2.9784224299022224
0.11073927515665788
0.26068220671932874
0.4000453320944883
0.5343313039717268
0.22064560440894027
1.3636599227731483
0.4823354188399243
0.9329677923599144
0.17556748751799522
0.31505518018262096
0.33467404978162313
0.2698389057219699
0.6110469568125642
0.1938857820410559
0.5137604181187767
2.630078737452266
0.03394540754303319
0.6261193496474611
0.26755471131990655
0.3643491817772448
0.8018331212322317
0.8303401727862944
0.2516467255561108
1.28378431335277
1.3366218406980814
0.07151975998489235
0.20704127438016862
0.41386329330550337
0.3396251773970162
0.24323281188242837
0.38287963730621755
0.32126537776458963
0.5429013145492003
0.3802886061237199
0.2536931014859945
0.10154886399855495
0.7230987017305485
0.1770058268273916
0.20007594392468
0.6052715333845415
0.26302363221693464
0.4708816098178317
1.5418252743999008
1.1119075354166261
0.27607796347058916
1.0296801957565598
0.32838270196982183
0.0627072332161079
0.14275768627326763
0.2520039023135729
0.10773261519336855
0.5063327061071058
0.11071281806749507
0.3511102409045996
1.2236288325209819
0.12973201217747668
0.05492396416161483
0.04029439252900962
1.0176910501401724
0.2913012060741999
0.6996581932638251
0.5744564639187364
0.29079965614746334
3.538552087810745
0.16132140918974636
0.18484517395416253
0.9644407919338006
0.2087253382734927
0.007958245094778696
0.05465675854181163
0.013990300944321105
0.053923854315747644
0.2418673089675203
2.5791364044003955
0.5198288251354645
1.3006322621636828
0.37616369687832696
0.8294825550058329
0.6012076442084661
0.12835065579637112
1.0565878359959122
0.14195559130696045
0.7587916074977028
0.8399719845542779
0.0383345112575361
0.02990694233841159
0.05546976627360085
0.32539818500996487
0.02910890316440728
1.321353875106626
0.7828209906389912
0.15427858249915394
0.4777283335435101
0.6932170940516021
0.2153226937653601
0.1251333414127779
2.005934380246948
0.8570362990339258
0.19929974309879037
1.6447086602394394
0.29071515431760203
0.12558252451074303
1.1761474266008163
0.052521222553989
0.10437784715017434
0.12687518534918302
0.7593240552921122
0.12352749494236392
1.4412470439025897
0.2049941154187905
0.5470358279490488
0.4391351652920038
0.35376975901781244
0.18012201395909147
0.35937262928509595
0.36049003355735587
0.17361932477295833
0.8672422357399228
0.027892739651479894
0.03928102029914151
0.27225110574592915
0.5935016865115633
0.7206650154732775
0.3407486894349165
0.029583282960595904
0.44322569638753107
2.1965411433373334
0.5381477877827595
0.13103029167040559
0.14141586307740744
0.6307324788708343
0.6773938318031127
0.16675185561780828
1.3072315394092862
0.426904553941508
0.7392896833239501
0.24203835022567663
0.3178387226997927
0.3566545341579415
1.5888440468158809
0.08252884440243359
1.0996658316007604
1.3438569393500859
0.7067383493883492
0.7373994093472258
0.04464128279534881
0.4998227394011054
0.785284101768684
0.1369832007865205
0.6979034072206279
0.634155353489543
1.7056104112960933
0.363160439789557
2.5398119265039973
0.07005042015950598
0.34460294853106277
0.31966561235877605
0.6285139850172143
0.7114121727012751
1.2290782780490532
0.49071271784232434
0.241737362572695
0.3567293226296362
1.0032839607160633
0.6840968567270824
1.260633815007843
0.7142214834284887
0.3334873148788717
0.2177648014696193
0.894701938371645
0.16281553580774386
0.35380249751872905
0.12018171884325368
0.14169594190207707
0.22428913894809993
0.3946165557562185
0.36230081743362663
0.025938503108090958
0.21505899184054653
0.22048801636684995
0.008361045538077224
1.7879084942576942
0.9998955209929771
1.018417835534363
0.16279175461507872
0.2105385640877817
0.12896069821465334
0.17575702031511253
1.4798417058480136
0.4286161651403832
0.5294932685734808
0.07543686413345524
0.335219595249355
0.16508150865187143
0.33665968702695237
0.16730631337307506
0.06628453656798015
0.17509463089494567
0.845005047673028
0.15218904701946365
0.05396061064063109
0.8601023724897326
0.880844676937297
1.0760566534443508
0.03559248862142562
0.3353185754092895
1.3780496387399606
0.3607220500337393
0.14516763233711705
0.2882356474800651
0.7278489460097145
0.3399033505386152
0.5636848900364859
1.6464660657750978
0.3763523647270975
0.8393270581313702
1.3183073071711502
0.25877352387919533
0.37254949290703276
0.6844851674380714
0.6443859273980407
1.5686316959869002
2.2068169090842438
0.3241653674013601
0.3247729120278731
0.979803138581899
0.29781616872252137
0.4705281978786852
0.5878020388183443
0.1279549396321397
0.42021023849493067
0.4859049950822773
0.7123604648769644
0.30859600380868557
0.9514334339125302
1.5322684340852608
1.9580567048488255
1.5116455289252286
0.1099782427666201
0.0313694972650788
0.2587294000925296
0.20856926089689193
0.10261815448836192
0.33736993228872963
0.04276043043319438
0.3035026224478506
0.4569326787659991
0.17457191237532302
0.048414028176941064
0.23706922847916045
0.09310410059890725
0.11805298601304204
0.25041549927917667
0.07026274442654327
0.012094349993995088
0.2983823517935139
0.4403831126244711
0.08587676425894818
0.8341355908894335
0.3231355208717334
0.27638542546218653
0.8397291357501523
0.07054844760877393
0.32940100527241833
1.07296024366885
0.3422717773675582
0.18002462546293166
1.9956617210964296
0.6083081381363848
0.8728214079844172
0.7277194395459601
0.993576338715636
0.7646667270297016
0.6460032249974231
0.36857665650020033
1.0167856862629785
0.786740673610709
0.3628683273196013
0.4035557924312155
1.2499225537893628
0.3793799408806045
0.39839880749833767
0.20607602324545013
0.13631359362557938
0.7535883844133375
0.7440750931265545
0.3270973605789148
0.094751942584982
0.4471659560011949
0.3392611311791536
0.26394442972745336
1.285109699807322
0.5236527418950919
0.5367493093671811
3.0250453788488567
0.4585880954053451
0.2891328366888394
1.1876616299358291
0.31272213748640104
0.07420375535238115
1.6436800668693277
0.33849538037559446
0.2790280095380025
0.048494364311035244
0.06941668278039477
0.0730215296521598
0.1899826574279859
0.07836086452078188
0.16099398100056272
0.6950987427114153
0.0928876540922822
0.05138103013492626
0.8279497587632291
0.914841806157989
0.543003332519554
0.5306608368991937
0.15980971484117504
0.6655714528723202
0.7736923729406633
0.11352270549996357
0.07246781570377046
0.6146837566211681
0.636628927067359
0.9002696359242877
0.604594274444352
0.04336163137380477
0.45338760085158514
0.6039320588275292
0.44730286803631314
0.3105980104441686
0.6875332158463028
0.6769857571087128
0.3313570855565157
0.1128206299948654
0.3323385330133721
0.5696761578948821
0.3476351196558081
0.5766135715726253
0.15366821346667878
0.48827531366439386
1.0137759916233164
0.4125349185576316
0.9106883044031293
0.14072199394376725
0.13842249158144831
0.508324401115429
0.4902048214768978
0.24921572144091234
1.7434318274335177
0.17191766109279774
0.281120587070669
1.1147831859157167
0.07933662591030645
0.08341406989805333
0.5482043869207615
0.8294302455807924
2.9976133870542485
0.26895067861257016
0.6741038792927987
2.99872632502841
0.5606012748531842
1.0938868806015545
1.9509506397800955
0.08187309356334663
0.4462621996348102
0.5469848164394393
0.8440857860683224
0.7075082704364047
0.5849286221858278
1.6087272891740894
0.11238475299792637
0.11146906807792323
1.3057139935380777
0.2948641956097324
0.31480004885161755
1.0586783349816713
0.1737207710646433
1.868918008255665
1.4675515634630485
0.5064169089363841
0.24120197525040799
0.6274571633099651
0.1000269749284593
0.0063688082534287364
0.313504334268265
0.6840430731740841
0.19405577149222977
0.4344694235348815
0.20148524432048853
0.240607344046247
0.9005465264481617
0.2354768765642377
0.42466002642551803
0.5539608212033896
0.18617857230625823
0.2153965910531536
0.650981935925632
0.42310453627266215
0.5826279012359116
0.13265386044656338
0.5418310002540669
0.1633575057022353
0.5448679767599085
0.21739693416232655
0.38743614023028267
1.7841343883258396
0.6195139383267066
0.18611185219618886
0.8785337974161349
0.02495767141908676
0.15944309969530637
0.2983726286634982
0.13509076236732767
0.17575208079615093
1.9775339360463435
0.26456025378640935
0.17279004543595608
0.3836116823030862
0.3452415246861409
0.1986167946172081
0.9596573990924678
0.11865913509829795
0.08468474819214945
1.4595636862030978
0.5348758332794984
0.06725140070450186
0.4451810747012999
0.5962284162251482
0.34747281830518373
0.16091564032561573
0.026490178318800895
0.5064185323332169
0.9951063352378752
0.579467331931552
0.29451789471380224
0.7938449660763651
0.7856780377130088
0.47594886110692214
0.06656499123532608
0.5717968611600652
0.157074927695628
1.139119624699635
1.193481212503097
0.5079803889062996
0.6091408573791677
1.1075462116455626
0.24468789773285837
0.8574876257019833
0.5589071236997493
0.3498393446170702
0.28353917693774305
0.23834816160625408
0.04911931557112422
1.124927663235131
0.5856627037602321
0.2111867542281998
0.28465944765956375
0.6445734806860912
0.77409916325029
0.15561416539279843
0.27196716648112745
0.14690290731099986
0.14894919592524805
0.8548231974254726
0.6499408175464727
1.8271254771618894
0.12867996570919313
0.18067841286134098
1.86840857035353
1.1517076582599401
0.5448488672196526
1.8692711818787953
0.28196783020532773
0.27190069087241087
0.14565619850611575
0.10448673800696692
0.01290987981859658
0.5292169139700171
0.5854117319958414
0.7367175104269976
0.15752471899741677
0.10820229608792861
0.034796369108338596
0.6315279181691943
0.25518437620682927
0.5987223684278291
0.2936031358018323
0.008166907338929032
0.17952994613347262
1.0074759741306352
0.07385298849141983
0.10275495042124824
0.1681700138504213
0.7193735725972675
0.035401442442819585
0.4411467851756966
0.7297465335351724
0.9105715653069986
0.03523934229885952
0.8946418022807695
0.3809373633907295
0.28739943305235155
0.5009635318168791
0.345875387960128
0.09842911561869576
0.14916152761226414
0.11743167614302197
0.801282232756056
0.2250202463919949
0.4875489335616092
0.4815585841049311
1.6365926876887147
0.08504161066733576
0.277078108874989
0.15786019353058833
0.29931043172189176
0.17911778901278833
0.45529197508160435
0.9962193730380795
0.15280152981603592
0.8357767078261588
1.13232274135768
1.0632420967348646
0.054585877571061724
0.22684312254919473
0.8618698142552788
0.19073673969526522
0.1123406324160555
0.4748413158914991
0.030030676659930585
0.04941527319233894
0.23678379839357513
0.028910873490546742
0.09387893757068287
0.6012964615990024
0.13452860096795352
0.33305917682890673
1.8594789766688895
0.15126741846326244
0.16089815199917012
0.3837110905065274
0.7626030415863216
0.5422368860677856
0.728527019724805
0.3383267239737115
3.1013146810547916
0.16742133562310565
1.0110575409706233
0.06070390050368186
0.18827110988147727
0.23124585920952415
0.24484990653044966
0.5255099507200724
0.9823368266150326
0.8392666603785326
0.44374369901925365
0.5527036293163482
0.4567230528456394
0.7766534445119142
0.27729717685570976
0.05997795958754322
0.1427970990577842
0.637451992520126
1.3384199539746466
1.036232407549511
0.21722695819820614
0.14643893195979912
1.6823697330416147
0.11547387032108647
0.21230884793912816
1.1886563166937743
5.255701634869307
1.1780116474404394
0.6872654025853796
1.0522218410636501
0.52665061993228
0.7453909244904998
0.37780691177527953
1.467194282499729
0.4002669426989633
2.7594345824293613
0.9858865850040481
0.41276253179612293
0.14518212716341425
0.034267755870791054
0.22768344869904644
0.16344981919500728
1.3709501281737348
1.2388116623715435
0.9247661774909081
0.8046731853192873
0.6187960092896431
0.11723402761862001
0.5252839661405815
0.37931522159672404
1.090073618168696
0.055714623873038265
1.399325393467617
0.5679191717935286
0.3440961914216088
0.036833105484979825
0.27630482659280914
0.5263948560669817
0.7995984647177543
0.22374298897601086
0.6679123302450553
1.2670154486076446
0.36041201492647396
0.46632498571117453
2.2294284995700018
0.5083784985777688
0.3268522635763611
1.6587052364320507
1.2564901456672262
0.4813298222608796
1.051453247691804
1.3632746814733803
0.6149565986325596
0.9903546104763369
0.8032355742754606
0.18848978969074695
1.2563698020622973
0.05982003614193022
0.8603840354302713
0.8447898753258453
0.19025087262541063
0.07788311561528295
0.23465713318922085
0.2955977318640321
0.17436290716770364
0.5986065652514827
1.3702356487903617
0.49751183159471946
2.8807726346437943
0.23004182782255525
0.3176225927749944
0.7361728103043446
0.26658449792512173
0.046636222933032795
0.5709263207722801
0.5714825113928049
0.250378160008944
0.7693433663610397
0.46589641658679304
0.2551074667922783
1.5681922687175724
0.3057191971662297
0.030786698801160924
1.283680749086162
0.609500248010755
0.44641487359218707
1.4688334666965175
0.613289046432266
0.1591773835903431
1.2116093848302885
0.11421354783012007
0.5588092027025459
0.05540327503097715
0.2801988587484274
0.14433978852728221
1.8924134081139148
0.3159727129059765
0.10114357179031273
1.2139468040608428
0.06969410258013715
0.23365411807193548
0.18126795692572928
0.06815186500787465
0.09996209373228362
0.4039199829680495
