0.7492428929758022
0.031016390717147693
0.5634511998032261
1.6667879687261318
0.08956339728808994
0.06745526525358093
0.1751271107126928
0.01631646729874171
0.03086272319073631
0.8870031830010928
0.10360397415902828
0.13028405260916726
1.3557878321643684
1.7674727787090594
0.25627326407889345
0.821548982950153
1.4109966595975805
0.22304221468578264
0.8036805785187939
0.21611766697225876
0.17868002709703626
1.9601844848137822
0.5014687661385361
0.5219983226049795
0.1343063023704001
0.02902147954239691
0.34200274381739887
0.8049785627548952
0.08689585919936807
0.3565584206725513
0.2479143449327009
0.9470640199025621
0.0854597987921415
0.5853790270927747
0.08990335409154036
0.22321935352332758
0.11445434050030948
0.45250592504505477
0.5662024876050371
0.3689575447383483
0.5569259606595207
0.11223957933115962
0.4453092198679007
0.09666421396399762
0.268307349713344
0.5197748645384688
0.2055072069130052
0.051074791196926886
0.9434027868130884
0.41300802185311636
0.2422121793164574
1.041297207835478
0.05168233879230229
0.4834288139565803
0.4175579267019469
1.8872093476955196
0.18301787868206223
0.6973611525904881
0.27682882499628875
0.45725214479836784
0.5145475599068906
0.19327226001906334
0.17429303005468422
0.5582211985242048
1.1427090973697998
0.1080981534975886
1.1573889769304437
0.3201302380020941
1.0730616415257672
1.9067298037934954
0.35173506885616596
0.39091390850835733
0.6161613156330081
0.41357868687935934
0.05706925307952526
0.9963345989433073
0.2999758485470033
0.02722162954139996
1.1597035531682562
0.62360774654042
0.3881124255503116
2.093629923801876
0.6635900143391416
0.2663448479987471
0.15822762553920708
0.7272365764482133
2.4357301605401203
0.5249880908692333
1.0920439043715047
1.2633168541748971
0.18129255802053587
0.036548554552759065
0.12913503093959278
1.094641310387138
0.3353320069231036
0.537794426457637
0.8545835670860266
0.30621251487118706
0.9581737118387429
0.4625058032274428
2.2643383001460835
0.14398936499322815
1.2644267872057826
0.3615405634872593
0.3081025663018156
0.5102427309694142
0.10211238726189235
0.05905972870078475
0.7696610583716086
0.19474420819401334
0.5563316915341429
0.34964421044828264
1.8327570739857895
0.30423222417534634
0.2914672933885573
0.16967883591501073
0.8980332071877183
0.06987377112730994
0.05142674952029617
0.6789447390828931
2.8306165952775624
0.6792244517086505
0.5042107744185986
0.23237299454987925
0.5315376552463127
0.4858552972685589
0.5003192354288301
0.3845625158385461
0.5262051487601334
2.0461730009028547
2.311806541771781
1.481372351846683
1.103641325639558
0.16647406267609852
0.271331489855992
1.5166813458210755
0.6770357864138905
0.7310979861782919
1.709495164389624
0.4223369061077188
0.5476710831007953
0.5254401828810308
0.14010957230581514
0.2613493737077589
0.3624383359867745
0.11913208626509943
0.30484784317199026
1.94888996486323
0.12931278636040974
0.8500077058995424
2.571892080538879
0.24829487565945127
1.064324263458046
0.4265215666413032
0.0037763620191691733
0.14860167145763623
1.2413137361950743
0.13966103336322358
0.19577331983105992
0.8500088402252094
1.4573984542254939
0.9440602823216042
0.08901998119732091
0.5179150430597519
0.5106713578300581
0.8749702215648463
0.3424593634996397
0.13958673302328137
0.6822055910157202
0.610701078312402
0.9077191565181771
0.1073778487235976
0.7699300864834698
0.6371236123558095
0.13337364895484305
0.6158031347377698
0.20918316879459545
0.48828738633943586
0.47752610281094593
1.2799963548810314
0.6039240898881033
0.25324400441419676
0.26395306724221973
0.6830107152451832
0.39133238286893784
0.13727694940333737
0.38583930802823824
0.3452156058763679
0.32509896962037166
0.44674540387084405
0.39211513587464286
0.22182614942736037
0.2801577173744725
0.41258601915880133
0.6675496064537193
2.095561816203487
0.7628143369603249
0.5837548178495975
0.6836377189351732
0.09610672521269766
1.2063432508640224
0.2711590617273784
0.4006970112044948
0.530353016635184
0.8664476343016441
0.23755136677988276
0.14744470431925671
1.340849574828175
0.3791781558167786
0.06662678022811704
2.9996291605909597
0.27555173635839714
0.41415351225262625
0.30765186283334167
0.6641169633279929
1.445815760767885
1.0376923255167805
1.1067484357965027
0.17418169071410086
0.11144034938431674
0.3272297855674394
0.28977128668077046
1.18211606475797
0.2150246313356576
0.20318180314431394
0.7118682512769805
0.0787036656787431
0.06666715069750213
1.497837995803865
0.12190478917075505
1.8101916988117808
0.17928336579972518
1.419149092689615
0.07337192236577232
0.4800074894226811
0.03593385243310001
0.432045004345867
1.2189617733406144
0.5250199279998984
1.0297182651816161
1.2112271795354785
0.22633584733296663
0.07658626165703712
0.2798290814138388
0.11071031202249822
1.2428437622703241
0.18575601382370605
0.019446698710375902
0.3534038775585998
0.3609951288198079
0.07668522697145752
0.2986963177627552
1.6758115427584666
0.3475434212813483
0.2915880998634149
0.3603562654294766
0.28602812334761984
0.7914101481089643
0.6718116205306616
1.2426009614803986
0.9339228839293662
1.3095520578198607
0.5968474495298999
0.9732756466473561
2.3249702730547304
0.5653595355575107
0.22632397698847614
0.5415540711181601
0.38397628006982937
0.1602756169446079
0.34858288797874987
0.43241449360217876
0.0619044077928947
0.6119354318129482
0.6326301661472454
0.5855123209521803
1.1633387992927595
0.03209369566772016
0.48839118506533197
1.0796409148789983
2.011269739054542
0.6002176922073669
0.9080743602531045
0.20478826415818957
0.43044502951974334
0.261084344567678
0.3168462742763608
0.0676594940311313
0.7122867037755406
1.8742208131097093
0.6181341785496745
0.08348499009941054
0.5870729794696947
0.059565824555786726
0.5408216997957159
3.634630430703704
0.653156434537809
0.7739695768260917
0.13689482589739496
0.3441543825243239
0.6361744214589913
0.3363003918945235
0.3036434239530366
0.6799332170587281
0.03473532890616638
0.3340141861624004
0.5138870375718223
0.6374067301611476
0.06914064273447369
0.7102262496336924
0.35904735487224515
0.3391417181804069
0.2355393972748322
0.4028130267515526
0.547279474099492
0.1911780864888308
0.38496380123598617
0.3783301365600934
0.6853814419783373
0.28550943226035685
1.04436715265963
0.8100021040091623
1.7563543226993104
0.20737562298372184
0.36726117044253953
0.13739928452957167
0.14927800050662615
0.03309027413772438
0.026303459269539083
0.3686533909416425
1.331724999262836
0.19200950536159575
1.0051234268490346
0.3813027472533882
0.2977741320451781
0.13530474538034046
1.805616188847558
0.5655049331028841
1.537123452218737
0.1264588655069638
0.29574208315565437
0.26123458422877316
2.146986140260541
0.9254545523688438
0.1581025021302516
0.42954388740316846
0.18421856932317768
0.9939823508501737
0.3364212262521221
0.45935777913937786
0.47439598509131703
1.2920232284325304
0.7220121116115183
0.3236006046032534
1.8129667138704906
0.28090480866338646
0.5903309433428237
1.0931450977797932
0.1853176775344408
0.016727146110004823
0.4722723680468194
0.41902442143134144
0.4982192475132599
0.7396326343355639
0.2917712734216405
0.1736966156919663
0.7300158074045886
0.23304154339170458
0.7279695312967779
0.8075669990280098
0.19837130229729627
0.10044490406448123
0.4439240072826187
0.7470696690698058
0.5487858920658627
0.35915426830120223
0.019788818955376385
0.01736225946976649
0.5187528755438237
0.11137125272192022
0.33594626704644315
1.2134910424933598
0.32511155107936585
0.4592685548568511
1.1187873141396893
0.15274270050216432
0.1115674433842657
0.2505428901303401
0.2284879829132234
0.26425797387826155
1.1060870241674365
0.22358641501028045
0.26004494951416135
1.0302038670262148
0.4234224280980735
1.4376007750918773
0.1961650632373662
0.002714382426099061
0.33557428317360544
2.1329935575568086
0.8340964987885967
1.4265602558180428
0.28820631354438975
0.29034829347789376
0.08335138409303268
0.5817885407468584
1.58672952989645
0.26336116619122724
1.0828762681227255
0.14614750829030515
0.08542777753684544
0.37697309237677445
1.3969368469347907
0.08632042384366358
1.4203618234272768
0.23488947885503067
0.017553427611270076
2.0020207843806483
0.04069653195472749
0.4286266276645556
0.38602305450510227
0.5176162529759853
0.3964980022006446
0.8342893381499186
0.4874240318393042
0.50441110870839
0.22829570344216185
0.2134835427732972
0.08970894390144062
0.46986672441128385
0.12481783445372782
0.3600788407181645
0.4937029365209075
0.03386312927415986
0.22846870841784522
0.38651244755957476
0.20451030938222628
0.024926075365004026
0.4652618671063803
3.1605391418547115
2.0883713528432524
1.1263951918076915
1.019568827715216
0.12848362037478872
1.5263176246993995
0.4305877972911303
1.3409505904834615
0.31662669428353785
0.21457069577487348
0.06618927882738598
0.295519212070181
0.056116724021041134
0.11505592627877617
3.5331452549442433
0.4791542420088345
1.3030461284846326
2.395884151209535
0.2684680319317481
0.21950727008959117
0.4232087728061964
1.6406698627377672
0.8075705002463645
0.7053669380252398
0.04857916210583007
0.037862215310993
0.5652579089053359
0.6738824892952114
0.17159859251932055
0.617784437563759
0.9266092518814582
0.1938025882517406
0.8269252377684648
0.09741660506820299
0.6790489936187241
0.5857723485323216
0.33215096106677516
0.14193722671943945
0.4215971650840291
0.2311528660761653
0.246958863244814
0.49024773080872264
0.6093842272476552
0.10686243090404805
0.6966804856013705
0.529429471263397
0.08031277220667841
0.014201689393746776
0.3734179650946513
0.06084975584266104
0.7499039507652854
0.05366042516367188
0.128408639727885
0.584885588897695
0.3444132564086143
0.8317123745430921
0.16050911250166555
0.7961335763968348
0.2728006545610216
0.7492288652309231
0.19082006076735433
0.6380003283460591
1.4279604618671662
0.7759185184856627
0.10446780817601516
0.6139546481787801
0.24013806217304515
0.23435103306067484
1.079519578283641
1.0842495738766655
0.3899409934016756
1.004484171167811
0.0665472125029377
0.24435189724733652
1.082513795005868
0.15514682087562406
0.29605778039192476
0.5112804964190069
0.3149413691550845
0.7089799654032506
1.6048728274293007
1.6925782202282702
0.4534503618477201
0.11958739996201326
0.006570690394816246
1.7139780663981308
2.015492541611725
0.15279061541611613
1.151383290228358
0.8039142238800467
0.10518681698409317
0.46857531602297786
0.9478292065246059
0.27060967389070606
0.1328168434614692
0.6699875768930467
0.3582228845854136
0.6253436970062857
0.3498860430358383
0.24937918916836638
0.7765580035472416
0.2028943200920314
0.11161227462589919
0.6195992950726116
0.5623141651548362
0.07670790652879034
0.3052662293182166
0.41109417818218247
0.7612449198826681
0.4750301078753405
2.711224306998537
0.7354626136732264
0.1109549871220722
1.268507768938392
0.047259520917429305
0.009713228969382804
0.06515411429572782
0.0212554214574152
0.02771820963664129
0.4783661938634549
1.309913303477291
0.26496339073659886
0.6076553921367425
0.8625825899827646
1.4729292899613855
0.46890626797901563
0.1705244619461181
0.010707132545686065
0.7194913576991843
0.05650575489775238
0.3826226082584194
1.8662474314629256
0.24650935417911743
0.32263925101828544
0.4273119350582184
0.2730166028906149
0.901306102125333
0.8818979549363493
0.08977441461069102
0.545261659002001
1.3118865691083401
0.2844923842736476
0.5838460940162729
0.12465235518055864
0.11351432954689711
0.40654975697335655
2.305439014956065
0.16718522092447488
2.913185829624015
1.261837427269438
0.3848030824312023
0.35096764540786846
4.312564782665289
0.5837826092368392
0.3376086602146692
1.2714949555422415
0.3339078730193693
0.9666902310136403
0.702214747889856
0.5708516686754138
0.3915145662108651
1.0586313655933952
0.07642958137141952
0.37882440668781764
0.6980407230781802
0.777970351367406
0.10165328327760706
0.6765592459351829
0.4526188844558135
0.20598910642935084
0.4288974818441383
0.0208288846303392
0.14153480160511234
0.5337666643193961
0.05131405333501661
0.060029146651355
0.3913760057495574
0.5835460333481822
0.13777372998394352
0.5781229120535487
0.6679611508872584
0.24941766304909116
0.14495496530894106
1.4788943905125873
2.237271428261543
0.495817960707292
0.09807069296806618
0.07353307685710067
1.1676524822384569
0.21457120732608936
1.0954949919457524
0.057715181900446846
0.20033670564695022
0.1899605420754853
0.43191174642469576
0.6060578604317739
0.17416188227568033
0.05991577291524838
0.5499031273958088
0.4087553787725332
0.4326403014144388
0.47425581494316876
0.0687407155787893
2.5851318008368525
0.6647162074051711
1.109325578980025
1.7559626601372185
0.38946916049246727
0.18646193639588907
0.032316218276840156
0.04235820430304177
0.07943402578032747
0.7901342425440286
0.1885567905934975
0.09552124150758354
0.3229836780503232
0.811577074322602
0.6649063003899717
0.5874678321457182
0.40970468796660836
0.14319344127219413
1.4199835283007836
0.13259464342309085
0.3318468985441666
0.5712349989747428
0.9148812904371255
0.36306226731752134
1.2537646561291096
0.27746105774999313
1.2713375914811955
1.6754222333184994
0.021861736318236145
0.11401387005977952
1.3707238869972187
1.8249327597711318
0.1900554478504215
0.03785447498180741
0.1386571338712176
0.12458013910483691
0.20852713470607556
0.31147271423771705
0.008149907496344734
0.2770434480385244
0.24131993128367416
0.3354855964164991
0.008343660206532202
0.2504485721444223
0.43066657663756125
0.5667848079564609
0.11831949908102973
2.9097871783792075
1.0378187713704914
0.054861989038201255
0.03468167357533244
0.09638485771542264
0.2890879515078565
0.5657196122029187
1.1788702674863711
1.481403025897587
1.518046243767319
1.8570837121146748
0.5018631916950015
0.018846606509694067
1.321930664606655
0.1777208627883988
0.2205156716310579
0.8468310825211441
0.027283607070217257
0.1755264239766485
1.3306124111633069
0.19777339631358307
0.1278822209287851
0.8898672976116054
0.4873611806188142
0.07833889122731305
1.4856199173022988
0.02027802537971951
0.02831567455533651
0.18011236756892546
1.673694044997698
0.4915815686367607
0.32638466467263527
0.2582374607872071
0.11658828531203752
0.2722054528042879
0.7652745472022177
0.06934671605646779
0.17729386454637044
0.8268844122715904
0.8696667579942369
1.1566505506325815
0.11400031809157837
0.5503192337660695
1.0326570297648592
0.11665444224502078
0.20987314434105955
2.313202944441565
0.5979502476376948
1.2089001484673696
0.14851517321523464
0.03269938485665817
0.2649790487914696
1.4648753283787868
0.8642683969326603
1.115388909407697
2.666891886445395
1.4830398119806782
0.15731078929407077
0.340243765241371
0.2020775060438259
0.41222526597683246
1.3551614473412248
0.5380958966486433
0.3054366093743917
0.6487481025987869
1.1069966464140144
1.1925849743512642
0.676438847455685
0.10788195590349389
0.14707204405885588
0.5699821585953031
0.34035190751660954
0.3340988935309405
1.4618452357586382
0.24147149212479968
1.3799960327500174
1.065679604258737
0.24872737995948593
0.30236044202667056
0.11012512266535499
0.18929221489035794
0.17236307084055244
0.4451064914782721
0.07839551595143061
0.7341060333243989
0.8322035750536593
0.6017247498181244
1.1648073678024233
0.23862500924765384
0.4381136844184732
1.2301943618496365
1.7786280487911312
0.040756258253670866
0.20827768191220103
0.32894022707616904
0.008634956718697922
0.1771083499230173
1.8604516233983046
0.0343077437111075
0.5416510220988185
0.9220652551804635
0.1029059474344204
0.018498271686909804
1.2892222477793311
0.6647785888486976
0.8292090817505641
0.9458932411670924
0.5072359992042453
0.09780093103583219
2.970693928446402
0.9334842643540643
1.0106388845281047
0.20523740764373208
0.1713941954567209
0.3216743324981423
0.8370396287914051
0.08126277811792662
0.9388784308557342
0.650834611612309
0.28464970178000953
0.28519268468316916
0.8924115172910659
0.22959126587252604
1.62273804067637
1.0526542827936303
0.15368017356240274
0.29456496488594053
0.4498609954130206
1.0914722113907127
0.6727259416259727
0.4534813946471775
0.461676937051022
0.4050785417680858
0.4229307433010093
1.3065089165521595
0.3320548620899031
0.8811120794915888
0.10754221947200701
0.16780326431699588
0.07036948578094368
0.12468047778769369
0.3298611311169904
2.3796826716763424
0.14228052524100668
1.4575480934338498
0.14971666364713612
0.1585373719144142
0.366212753055755
0.22601059172052976
0.8188645001339249
0.9497046052657349
1.1353580871724855
2.818859968467187
0.7403714265466902
0.34089603013841985
0.5043901747445247
0.2161789160517555
1.0337354242040715
0.4355731702059661
0.6874907552313414
0.6045283758176514
0.49230051299592503
0.8726193944351516
0.6502040186086632
0.174316278307267
0.5149892478334335
0.7706878646926671
1.0840120300320286
1.0246738939870088
2.4476583052389995
0.21185405576784377
0.3928050034774884
0.8490411381403556
0.15171962282016746
0.14411637274638275
0.07671039311181455
0.3836639398361862
1.1840272401998073
0.1742910370849446
0.39968490573191884
0.16397265643131104
1.4944530919808485
0.23126597054532838
0.11423140886679425
0.04158944469010578
0.004906592559022378
1.0519667732483502
0.05178509499210639
0.002185571643593759
0.9651257034560837
2.141652056900182
0.13978428439722568
0.12048873709596705
1.4982248507169402
0.2716032533452375
0.8851146075881405
0.2873601663185834
0.16360107418252506
0.5507253762848906
1.3250252824515398
0.7092023230672703
0.20056298000772663
2.0064109967035018
0.9665964184702103
1.2355274461880126
0.8650095828873398
0.17506238171283034
0.5447361289775092
0.8934415392541781
0.2460872485535226
0.06071581939600041
0.38674955039271197
1.2734571579971834
0.41848385000350463
3.3990599288244723
0.27009595862742225
1.0495949867857157
0.7623348405657138
0.35969164779527163
0.17118404539268586
0.3198132716298071
0.5295598856463885
0.2564463744326845
0.6534677362090332
0.8591546855192176
0.24638747527119054
0.6555695561300934
0.1294223800005377
0.26462506379699946
0.5660880966540586
0.0499022479027323
0.1960091315831216
0.07566322849839055
0.05772720139269546
0.653217052135461
0.1512171304634102
0.27496884202341115
0.6910743968799804
0.4650426905809698
0.35232042845312295
0.6205745239431248
1.2112412037552074
0.2220006220249706
0.47322536886907984
0.9584754463919348
0.10247260023935384
0.8934649171553771
1.335042307221383
0.1441626434386261
0.17283287020111554
0.21145272086606876
1.2021192606848916
1.5688708655345907
1.81517646849845
0.7397159620098679
0.161572180831523
0.6381518363517716
0.14763872345045978
0.034513471308892575
0.6449175685449268
0.26051637434450464
0.21013090866912298
0.5540858602455385
0.03949275086602181
0.19573718485806443
0.78638927878837
0.5002417054064149
0.022893083119642124
2.383769995141628
0.1065375845222583
0.03661320392134907
0.18274265637643822
0.8706178076875019
0.4625192586042486
0.2591881645954515
0.2594773029892561
0.3935749855274794
0.5205519033226054
1.0433750087749967
0.19484959424560053
1.0549209793574115
0.5579503811003756
1.2633919337397392
0.24200145397683542
0.3024248199194921
0.26816112677003906
1.1887145807144863
0.37436730229271775
0.49500961801185045
0.33126202018421536
0.2787766640855248
0.12096963812287216
0.7579529378326754
0.21956896640419618
0.04068856836470024
1.7217722891563403
0.21943836146043735
0.01440349091970893
0.8023603414090932
0.09431403280080985
0.10669003331804307
0.6465885571703425
0.4877292468679127
0.07329341022226941
0.20679649873439204
0.0680155539503111
0.14067450328734174
1.6799526365898165
0.08507182871217601
0.15459650210457943
1.681406448701983
0.40573228382794185
0.19611185067630635
2.9235506618153595
0.5397414543466321
0.23775308654803431
0.11244155681510229
1.3553289219732123
1.3813647259765622
0.5035392251348957
0.2825934780555323
0.07462528456896536
0.6320318896615567
1.1554435993193237
0.20268731960932784
0.8087581207369949
1.3408544319870137
1.6748534848201386
0.2826224433486426
0.24821564466239
0.08959998660124376
1.0193555716782867
0.4066971317955214
0.6421559359861927
1.3824912659628052
0.30144564410134905
0.14615294990141225
0.32848527633375285
0.2777675115866203
0.6206271837507251
0.48375575710490837
0.0977010334187547
0.024739869454096595
0.1428002908292205
0.8543750946012633
0.2157099744341727
0.28398523700198663
0.40645032145327725
1.9797805602466532
0.4565099288130636
0.036089531555778584
0.031457724384279136
0.30102618133309333
0.05258150589544071
0.03711690304478358
1.3218628770739589
0.31366030717728516
0.30888598792647987
0.6620128960010714
1.010506065050155
0.5181697453160548
1.0574152186901884
0.08242801803638944
0.20697118629678188
1.0017414968104201
0.36902656736476597
0.06085375508502297
2.3605948940303407
0.42709200900670147
0.028191864003505592
0.46687622712976834
0.06195201360328671
0.08097246496890714
0.5725291043464728
0.212318123888099
1.039913073287881
0.32952459769480263
0.23404987344432243
0.9979195137319724
0.09323226299631483
0.6490659809001826
0.3592707852054915
2.0795357118852302
0.3415567154768599
2.356905848860118
2.578773933277742
0.18047567532594874
0.43411882382648476
0.45385381673824143
0.6587481843809759
1.0168277630409468
0.9896983633372112
0.13088944844338482
0.3000148663228255
0.1882744064606003
0.05275101740052774
0.05811558042242128
1.4853771430130969
0.04321113815745316
1.0176812407187252
1.1609156357744446
0.5322549356058456
0.20374508063054972
0.4055365298267223
0.3237046657508338
0.8410370150012004
0.5675553335224637
0.15942231523462067
0.19642601935094273
0.6824879851202177
0.5368127138356772
0.3684285384794873
0.24683483087563474
0.7484904235276755
0.9357728204287562
0.9229652341311438
1.56353988587355
0.13082926713588758
0.5548193213557339
0.04867981860016963
0.7190677582383217
0.99951484291926
0.06563321154764443
0.14430591939559168
1.6241806914208519
0.5135059259986999
0.2369400318436552
0.502037457077713
1.2578670077250844
0.40768948777041375
0.36564359716103806
1.1105772593345402
1.7573215822179207
0.45861572229983455
0.8776313648467707
0.20337272029263936
0.5575292843223326
0.3924695647899573
0.4873013253727677
0.3571994454987378
0.287060719082069
0.3003987411540585
0.6580910401916701
0.07659142936687169
0.2007514897810446
0.9487576740595686
0.6932811293391242
0.9796327775041425
0.34047311703986377
0.035338131690742666
0.647743695190174
0.5747578661791674
0.04899335109947868
0.4585666584455188
1.7038558165218922
0.13164921789580136
0.3520790038058975
0.7538406156550291
0.06587616049533818
0.07503674679188031
0.897424003702251
0.04454561946334588
1.554264562448136
0.011311334392346687
0.12811406107997272
0.591860907667792
0.2614120203902297
0.13734159442205243
0.03980379141174898
0.3668119189301775
0.44282150637413664
0.219524860709205
0.5976452146444983
0.20502545170520195
0.9317542857872672
0.7656700608020837
0.10520488745406148
0.15859161437534172
0.9329883000352093
1.03909316161585
0.8716295296891928
3.0667036639705376
0.7810297267421897
0.5321007508088081
0.4153060508793921
0.11007300303131502
0.03192574719889693
0.8617894373925237
0.006936985357997134
0.08209078357587404
0.31775543247945126
0.6611851424485118
0.14734913376971825
0.418364869621023
0.5817548455180087
0.893569144535838
0.9846164001808391
0.834787876648928
0.019487921187543982
0.5720295734656105
0.052045657163427815
0.12480095079314005
1.4657287560570884
0.26991305550808403
0.5117175447952841
0.9421619045582961
0.16867509893218838
0.28776519873869383
1.004497484306782
1.1673687659632315
0.41761697872147946
0.695871674461794
0.22607465696431628
0.03760455470578143
0.48892556399357295
0.7146398336505108
0.24155053732449594
0.9028451406417034
0.9318827870224234
0.2734479280388447
1.0118941650244488
0.06128995199793964
0.49062516370575276
2.245482347652303
0.41942575563382256
0.18225538755728005
2.6147666447219797
0.01519678099145526
1.0820071073162016
0.5589516005872016
0.51610074383048
0.2727434525220645
2.1727250639923787
0.31470352884489977
0.023280955479545715
1.0120694415723492
0.5044659330540507
0.0206406569001829
0.6994554073823886
0.4850790243102732
0.24712685858922365
1.6049163486096025
1.4909152817383073
0.08021571545321542
2.2165396032004194
0.41260565534737564
0.10139440882809092
0.8145581851038195
0.48505587300736597
0.10711927026580835
0.7507225729157625
1.2261082354167712
1.2882645801211625
1.2417544297025997
0.20011262296011254
0.3019240714374814
2.1103544273119343
0.33353377403546747
0.021329771652080175
2.1612077606451154
0.08779616388634741
0.33092690141118186
0.44796750144666064
0.5278055941660447
0.02343965173854116
0.16067654795115316
1.1585652856242319
0.6555147838223286
1.3147790856960402
0.7424713564811707
0.2048300255338011
0.8496469011355939
1.7932199482627502
0.10822650788467177
1.4253068652477308
0.6157817307083565
0.6080432464959479
1.1166297816977062
0.1555838095031145
0.13563769169791684
0.7434298757278128
0.13930610193753992
0.46669701120080137
0.87082601428951
0.48353273871035846
0.4071283378045393
3.4248537454500028
0.31995167138249697
0.28805910126348006
0.34506564322112543
0.5982749252459327
0.07828619591140842
1.509296993244709
0.6623633552762865
1.6060664396962985
0.6463858967378523
0.4428084883689162
0.29930878749071604
0.38243023687383865
0.33941507570374574
0.305322151994891
0.2941066116116563
0.09452905239057878
0.9993820788793314
1.1323933154144041
0.1301644857294562
0.08320588707043709
0.739951656134384
0.21875462928227044
0.5003635148604326
0.07320352892594276
0.120685749997729
0.13343868176115825
2.5584400909215095
0.24232348361121833
0.16417232842277968
0.4578846918850998
0.7212563141813012
0.37548815101756355
1.63239929581074
0.19914008777233907
0.8924413414958006
0.7973517995772221
0.09283263993078134
0.021347565194676097
0.4628536020866384
0.2250975614535057
0.3282948300133287
0.6330038574463518
0.39361897473813723
0.5842244781051531
0.3502569886323103
0.5192261825767734
0.652512627501528
0.5801894045530004
1.5299084245174863
2.265195899664995
0.410135154365853
0.34267056564607956
0.7721256368811974
0.7825856834238604
0.38674984232294224
0.06591795964189753
1.0974512217536438
1.2271936048632541
0.11200990018241355
1.66520791907036
0.43328922432523564
0.7872986348916436
1.029453535897573
0.10893417400183619
0.36007728117292886
0.6130753765627156
2.658417058586888
0.1850491190982021
0.9841221002730229
0.030816094556836246
0.09277323599669988
0.6146274315218663
0.8285414042147218
0.19620347835113636
0.3630880329815301
0.11705616289164923
0.35875807613839705
0.7071335649190369
0.0904798104756503
0.4719772711455812
0.2996133154918698
0.27024198346279826
0.11900714041373252
0.9497430286396559
1.1935466873923406
1.105816341814027
0.504656304228138
0.42724575593466513
0.7015093566508068
0.1553263367216375
0.042527885587683556
0.18821069717103583
0.19021767694834624
0.5890209296766976
0.7943020610661187
1.116616260614567
0.785729149791973
0.5452411835617825
1.2785927287910155
0.6025997166043523
1.6172297552857777
0.9960259826380863
0.579311039319684
1.2173244705851587
2.018260811332775
2.1343926653706577
1.7399520646423723
2.2113925322926473
0.0725410251883091
0.2955189573859429
1.015348980735014
0.26183934346463233
0.5600139734462689
1.2611908971750458
0.17413229898189997
0.4560697578347837
0.3778079511557024
0.45378658525665794
0.05116767570469309
0.4838087883874782
0.43536912419868007
0.9807393790237897
0.5331033321845371
0.35606642639031905
0.13524439684849635
0.7323936770700631
0.08014155282047176
1.8821876755950007
2.927577490397798
0.16406645284280502
1.110216398274313
1.0997151958997755
0.2551933432777019
0.33159756001674656
0.9519455105444612
0.8112351434717034
0.09755621201794826
1.0727633424166891
0.5809381731181718
1.0666906695023468
3.190133133537283
0.37887710663237995
1.6317902263464708
0.767018432506388
0.023108737549315767
0.22010024172667475
0.33507655027096594
0.23088501566817898
0.062342375382931484
1.1445564564229729
2.068532283484538
0.3658870040213235
1.733676683602049
0.0806835626155659
2.2128979614087596
0.9710353594875469
1.04598540623333
0.7988368204247134
0.41988694823783607
0.2696190123492875
0.8105543810936033
0.6780051012065128
0.43918300492904255
0.10797271472298146
0.12766968280024926
0.32551754868916444
0.20292567560440652
1.249890512403561
0.2484016529687853
0.8749087197783434
0.2666528641144167
0.06555441956187578
0.3347168120434336
0.4402477545014239
0.46868410387487425
0.3951626396649871
1.5097420489014235
0.28509813761999714
0.4544784158947188
0.6997856308329339
0.03655735880345428
0.08055871483669554
1.005277367947377
0.23022737488674572
0.14411572070405826
0.25658935129827254
0.1048860315267889
0.46436772939148285
0.7125877048326712
0.5856564227866871
0.47897535313539447
0.4997348617652407
0.021546132575883743
0.044859202626929946
0.03508232048036412
0.15923611402226054
0.2600544479817286
2.2006304925459057
0.08750181480132173
0.9609826382888642
2.304470477253687
1.3121177798497976
0.44675453631577217
0.39603007545731256
0.6208905692867749
0.5257719394895
0.9912203835136614
0.1334816135778935
0.0604241776529217
0.8896958022457103
0.086957435899427
0.36921837509353095
0.9257031304751577
0.1365873076858132
0.02782601554514974
1.372041188213944
0.4786686029183183
1.169184955987561
0.2981245846248835
0.805123420029926
1.832781703622186
0.16460906461681651
0.021449501476573537
0.4449461567757869
0.7616999625851254
1.002683478843133
0.4576129609976142
1.7832556923434673
0.2996166212574917
0.43402905796784
0.0367645688125698
0.41010795959268675
0.015406145714386981
2.1853314068536336
0.7888019466232804
0.7193952037367383
0.02483803480028826
0.3996095380251851
0.43727210521404325
0.18394163991613155
0.3979398096604845
0.08939293206045223
0.6120202968527588
1.3443779897406836
0.7911737471860448
1.189851855488297
0.16246038053255085
0.40775285667531264
0.26124815929549655
0.08143519555165543
0.10799674220729989
0.343385909427677
0.10534519761371941
0.25093974301168376
0.05113027908120235
0.20949385434845677
0.3686551899332023
0.19956811263344965
1.0874120139443926
0.04108621841179657
0.8767950313985056
0.1167857921182581
0.10566878737284936
0.4167659814577236
0.5445416415050861
0.2098219182816287
0.7651621005852697
0.09395127340050047
0.19612329342181906
0.2516731623687258
0.022568797095939865
0.3274629985595988
0.25557167396952096
0.054073021082935144
0.04496998469529782
0.029627529853925135
0.22336245606053828
0.6587536847913671
2.0895600156453575
0.33320771323833237
0.3793346406813985
0.5132061317616556
0.09337469697503148
0.14309007397416834
0.3376381774615491
0.01559289836694331
0.7598886477872284
0.9099343241498359
0.033784099187143875
0.4167053401472543
0.1707747208970283
0.2197556796322717
0.07519279664538414
0.4584562816664392
0.6342162800583423
0.06886903569694885
0.37792676519616203
0.4514972277685554
0.18725040796459894
1.255126306938718
0.0850485797695493
0.11523624578222398
0.5622126116890874
0.29619183782310776
0.22016994394120193
1.8490903610965796
0.5334109699331849
1.5244345591967414
0.5096861069597379
0.23053788292506947
0.22304837303000616
0.15708029739409932
0.40339646914681065
0.7201816611364217
0.680212590393228
0.5880782361929338
0.37344820684552615
1.1823991299988763
0.49635366371570017
0.4119065852124987
0.7419754849815798
0.02733705410378792
0.09681861069931144
1.423799119145333
0.5566084016617825
0.110990109766623
0.337688947458669
0.3703799968065975
0.2619888912722389
0.38916897347064455
0.6475704136236179
0.3377164131415593
0.5860142147387645
0.5777853754845775
1.6462764665332321
1.5884236922969426
0.5051908006827498
0.29786882704663686
1.260088192235278
0.4701544602525839
0.17127413602531577
0.052358986303094296
0.12956687953029122
0.1066592622514621
1.1097994981647328
0.5246527953748682
1.088329327844898
0.3598536753530659
0.16557671195047244
0.06461373689825904
1.8602578852001463
0.3963602116933762
0.2796844221795186
1.8361339572433457
0.07663516563658085
0.1987117118409454
0.18264610195228997
0.021948316751852336
0.1840360057687188
0.6344684058524794
0.23215766123533887
1.0140683052774793
1.6306460494423423
0.02145743173781311
0.07736079711610627
0.903051683284143
0.19636619944970715
0.09868279818829459
1.2662948845952533
0.08225282939542052
0.12132606468614157
1.7256946224828003
0.16828178224884321
0.42973718522397975
1.8069304930497618
2.542069250685195
0.3098111443787418
1.0011895478804407
0.19842251742422487
0.3728188877046468
0.005815703513894822
0.06081404323794798
0.0076059544433424095
0.46835863250638715
0.051704328799751724
0.14072560366818546
0.37654396159269543
0.7429050045492082
0.1557065593927195
0.39606251296861794
0.4892908647952286
0.8627533044952779
2.050405868295167
0.1851121836329421
0.2467398486032285
0.4350030280919585
0.10912479653730096
0.5541858895921495
1.4521558110954729
0.05987626788125391
0.27573551802201357
1.0832868066818597
1.120755094529506
0.023880349865670576
1.018594184341434
0.6505300560850049
0.15654881644027455
0.37757201714571276
0.6174496265033658
0.06043514459693782
0.6415650900676935
0.03993940029584856
0.04660756076481014
0.5989144458964465
0.11907421211882875
0.650706156754253
0.11206182449699101
0.30892076762234183
0.2299970802952698
2.8035782220520367
0.10168218449625674
0.33953459617739795
0.5015959413097996
1.1071474059519375
1.2340307274700049
0.2961389849307462
0.3643172618612826
1.4203424977641326
0.4990504036648839
1.2403213573646599
1.1235892924731357
1.1262755721654025
0.2041870916905611
0.09822722475339271
1.3144888673371318
0.10048323644037306
0.18384627607539022
0.6429727207765983
0.04334505292353796
0.07135620273985685
0.19020027319633448
0.12324196799215824
0.11679151748663683
0.7801553159864677
0.146105522561015
0.13174656829570364
0.2048524315922884
1.6360630965375227
1.4277462397261405
0.4103459272344144
0.5706153927747286
0.35811002487631843
0.9862276445680983
0.3366265774326283
0.46995188986049463
0.11879825283446035
0.2549774684016669
0.41921756277097216
0.14225768094780902
0.25593465896433687
0.32198462208538825
3.166845912915548
0.3801874407639473
0.8549785527870835
0.3942898827134656
2.018461754822647
0.285630489922656
2.010747715925565
0.19579304162094574
0.8220120635404701
0.16295799780953554
0.3819346934916104
0.06665171937272688
1.074398996792024
0.10330688948179678
0.4695659150927399
0.3816562323091703
0.18444617690467582
0.648250269736417
0.26942477363517325
0.005529362851184417
0.033693077949637225
0.8775153978578067
0.17490292716058775
0.8589896306828699
1.7507786153783114
0.35843771276086495
0.08278276725335666
0.807212094498644
0.08416364740230219
0.4163760775215663
1.1154001820995598
0.10922330819478845
0.19914079072962249
0.7076571172496074
0.9778407508870932
0.36345883320556494
0.7938218936680134
0.19567606346785146
0.057266724911723674
0.5845908010170505
0.07071007227760044
0.06538946358661714
1.3713570183756134
0.01655822214619123
0.11193993223309805
2.03761197177793
0.12920323955805899
0.1287763463917612
0.316175212908821
0.17016975260729836
1.192744273498524
0.21462718348647558
0.3032340600959061
0.13636032089106784
0.21999982043365449
1.0264691469982568
0.30530855373903276
0.9161544993068326
0.4737919821739846
0.6066654183301078
1.0184450066405248
0.34341430666520056
1.4570665789054613
1.1235304404102324
0.16173158405352894
0.29085552791981634
0.6193482977834769
1.2459790407176226
0.01019360211968246
2.866241222794224
0.23742570417425693
0.114798445798029
1.3049115305452534
0.9405095857600778
0.1938842147089291
0.8472337086145423
0.6576571494282006
0.16389389002929122
0.5335817889549037
0.060358945050046575
1.0706577541739926
0.199739413970846
0.1435741984251394
0.1414878680327872
0.5378457109381736
0.18032719618867768
1.0349602580976196
0.3929887310612116
1.026462763688613
1.0977880774843907
0.35483336396004644
0.6850818770631494
0.222823051085393
0.6963453047982704
0.7813524174597274
0.24975909025529128
3.0831439818877313
0.6531114883887679
0.1320651563897947
0.4233906356070499
0.25475614389403634
0.47336554812242554
0.4741054398611801
0.1650792702909432
0.0474524977174825
0.6701911940067803
0.08462899067493117
0.07312148224879132
0.5035675791923998
0.133792769787329
0.3922843520489224
0.45516215514534136
3.2289755180184607
1.0201289253722194
0.47849677027136317
0.08190985666903236
0.5002469003720554
0.13391582012268757
0.5700211657710702
0.36740256945304967
0.943115894326086
0.1702034790301189
0.620073073210964
1.8665449381659194
0.20912744541598155
0.10461589297265184
1.3724614225973186
0.8942092758959057
0.02259445828296462
0.8516373160250242
0.53772613707096
0.3180466725587442
0.699794957099558
0.05206242161750147
0.10778359621229225
0.04966630374040159
0.743837505223093
0.7888335787902566
0.8221909704370908
0.30269127751759467
0.5295638355646771
1.0648083159963022
0.04676017793885404
1.3955742997843725
0.8149250772558077
1.2520209357232304
1.1294887491395986
1.2793126591500614
0.8947314156729987
0.28375078724555886
1.1758060877033312
0.17005100691179145
0.030201899484006867
0.23371190993731125
0.23557112005073527
0.5385506477101882
0.773076809632373
0.04874783628788741
0.06800332202611539
1.5295632945789297
0.05920859878012405
0.4542798635623881
0.19489484211586786
0.2962418070970727
0.4318142984192539
1.1716427861968537
1.2234381652470658
0.593716595808514
0.15984745587937754
0.021175420361732047
0.0965032846394869
0.09903277354919385
0.5399647979210991
0.16100103386170211
0.7717037990476878
0.48111263756040595
0.9269887908251009
0.9237175806926259
1.2560477487094692
0.300199108652496
1.20888025972233
0.2509473149515542
0.3684472119211639
0.8443082949260278
0.4118920736777293
0.18466886739154217
0.6140614107491087
0.8653140259300613
0.2073938319590501
0.6697117191713253
0.03022098779064844
0.03944980648890298
0.9974635837851197
0.05967087380720496
0.2071982820960498
0.5278764536012245
1.2836879471207245
0.3101261021500081
0.14927224193607627
1.207631657096955
1.442599050631264
0.283781701351308
0.09952394845809791
0.1751561795128845
1.7751486454870005
1.2019387480806194
0.6706990304091056
0.6297263790664985
1.3632429031429827
0.038823460275815534
2.990284719467281
1.633466179716066
0.5513290673719866
1.337866904284604
1.3892237037495216
0.20268125698603512
1.2844052255175369
0.9292415234541266
0.44661606190888037
2.1858603854174605
1.8749414726626765
0.642866679305597
0.5348237319342155
0.27778125668232473
0.09068714432006542
0.8950813294565666
0.09724831765258607
0.2960569969128829
0.133400506074177
0.08900928575968185
0.4808088041456207
0.313452465289768
0.2888453758111113
0.32040774109046977
0.665630716710346
0.6700741008883957
0.6767069272131284
1.3831634012902985
0.10858406685328313
0.1570395911487178
0.6491893006870267
0.21887489612186126
2.2850003733122164
0.5443099323756755
0.5612916290571074
0.25358384992322164
0.14002292619489162
0.2556443073946466
0.1500507451504495
0.8591712995746557
0.5558805478088312
0.2778060474317754
0.7621307708967803
0.1801706926735189
0.05996782697824398
1.8012915841538522
0.35643065604885027
0.046164366150692186
0.4508619278634835
0.2535407007329359
1.757678961619522
0.3045317759519641
0.37444181577258273
0.7358978781240089
0.348103117144808
3.042968753454141
1.5601355091376592
0.5601303651595743
0.19771981626690543
0.4986461644617526
2.5002936586984896
0.10034710075078668
0.1285991475374412
0.5120844312737979
0.13981668343604936
0.1985688184625529
0.39783339894264863
0.10442853909876885
0.35831859293841817
0.607487498213033
0.42007206029803074
0.15900434662288743
1.97144777960262
0.5358249299168133
0.39254041904793974
1.8157167903789824
0.5555557887922353
0.1903501662408328
0.2709929888060865
0.11547874818381865
0.23593580357474628
1.2766916066431473
0.18503228571140085
0.8878737854791977
0.29809537129038477
0.07259177132662228
0.11629828859906251
1.8850664521476759
0.6149644953162811
0.16579903590013703
0.6056213488814112
0.260758884350376
0.18877672245682822
0.562709410295282
0.6320902681967274
1.0010497958197269
0.16142892006214712
0.5681107658734795
0.559080187676868
1.794795712216599
0.5142463218815774
0.41000637163972264
1.5926662633076727
0.10215725307104673
0.08162028050177775
0.48614372915576404
0.06620408820832886
0.3001376012067821
0.18583153717164216
0.8886440949590372
0.3663905659983986
0.10162231534503524
0.44949155888312103
0.2736236979797774
0.9565951329464046
0.12584918416467697
0.9060955097408392
0.3528596432583248
0.14911761604004828
0.19941942507589389
0.6986307244319634
0.07671594622274579
0.19081149247942608
0.30169473796806473
0.13288596800088864
0.6265954368982077
0.40099012586621685
0.3844457254134296
0.48603341559653335
0.14546868009719738
0.04251767098445905
0.6262503628192883
1.9072918562253984
0.3841476075490796
0.09061081654644457
0.7095511310117253
1.1386524629389987
1.6009279093959063
0.23556688817400945
0.8338073805069292
0.949769561605958
0.07045184040222535
0.19444569054966163
0.6195769592924752
0.5448993712308682
0.1904001614462193
0.3943813765292161
1.8200886328624573
0.21985604366705794
0.11823094848316335
0.7984987391609444
0.31228750686108514
0.9420568936984453
0.6253737079712424
0.5713845515209897
0.1854060451064717
0.6430796556753678
0.1963801440710463
0.18396514154113783
0.26066648358850214
1.0947147428587856
0.65244176344506
0.10487669243383749
0.1047476645185623
0.19338800722074329
3.160104086042231
0.4376800831558763
1.0295291971906637
2.371184309603003
0.33035169016995936
0.19403948724604345
0.6934954884160278
0.4928659455687922
1.2280709687428337
0.9409843511412617
0.3566439090584142
0.21696901168706786
1.112270359296514
0.24009109845575793
0.0020608784736039173
2.3110302906952285
1.6121623959180034
1.6126713335188319
2.1457939815790463
0.29981184971377156
0.8909815644011476
0.5200884307508699
1.1804655707365157
0.008779138881658816
0.3570491398317499
0.45478142587746234
0.34126813667276906
0.5800145921632299
0.640018523501684
0.3485144057549002
0.4970269952939585
0.33733878152631
0.10445194995912464
2.849673074569882
0.7415980079242113
0.6503986110525195
0.9752760347504487
0.4665051054410048
0.5246914638017259
0.6490869236526512
0.8949294043712561
0.23923589716856528
0.3211903976565697
1.015278494294308
0.394402028155087
0.5853317297484031
0.06303049917709411
1.0489701856791138
0.38319494443404345
0.2837167940581162
0.5004442926249306
1.920758375957867
0.2896462710759667
0.3435475332841465
0.398108624830548
1.3560891721735553
0.27295540677426744
1.5668959809937406
0.10466085781724675
0.2914657577752257
0.5002618888851653
0.4596263178559745
0.05891576533513509
0.5541458653415908
1.1790804060072395
0.718595727938774
0.28935428977912997
0.3946217749425783
0.5492476427349975
1.5350913698855941
0.02217042997247042
0.14400463813339945
1.5224722821800702
0.6851380276414375
0.014058536098702763
1.3679720312452626
0.11362125263026758
0.4125545201958871
0.26112759777562045
0.8779755228794499
3.2890189894159794
0.8991641926791274
0.3375904011015186
0.18599035162905453
1.8492253862474892
0.13962616049921983
0.7646791766789645
0.3637231965940745
0.006848203900220482
0.17544011967871664
0.06015210855312522
0.2646548110177944
0.35532765027260443
1.0528141929827644
0.4920813928033321
0.12325629053443235
1.110456147334519
0.11375234096017803
0.9850735474242949
0.6782492011598081
0.5871136946503127
0.22196376519200062
0.022103095622642736
0.9915382326281449
0.6115404604970858
0.2498704663934042
0.06295068365477736
0.33022088761536
0.22288411545487366
0.29323971603266147
0.38419645311671696
0.3002255052760936
0.7394198207976952
0.31837255247463725
0.6415017190126512
1.0949414294955493
0.452287297662308
0.21907772846275558
0.06424396554977994
0.1989718385219535
2.3300034077950316
0.14671588150608048
0.41512300809928476
0.5373188823432415
0.1934651498512757
0.0427966771912941
0.2010454534613753
0.36937247885185287
0.27692041896132735
0.6468037382462928
0.1354834072603291
0.22490255058090552
0.35836064212681745
0.2826040723197338
0.18795558649493882
0.5517076252198831
0.18474661486060634
0.06931147504974314
0.4259663113014273
0.017410274822161214
0.05478847779477463
0.6420410847846695
0.04385091473916452
0.05478129076261128
0.8259760653051516
0.12746663961409724
0.09148649082230213
0.5813834440491635
0.07120187218040551
0.7885786590840436
0.8449269331960745
0.1620792618111283
0.284611962849146
1.6840211943363783
0.11085401220318525
1.435197966496491
1.856289798191007
0.6119566022667576
1.4509568672748656
0.5971665308550413
1.3282412076053864
0.7743840069854938
0.4230810932093139
0.040097900964344284
0.006721475201831848
0.31659894485996687
1.058695888150813
0.5059138564902482
1.794460743864269
0.6027823722321152
0.04837201154916558
1.1438421173624962
0.45987910884177213
0.047700296450588216
0.4085011041617047
0.4342149800117491
0.14978660917843725
1.0138419175414888
0.15883293991285016
0.2884880257406767
0.103391951593052
0.7247542622103683
0.14810521977839183
0.8568034324233822
1.613544609775683
0.3543880709125053
0.3213788954646933
0.26317414669465033
0.15188527836273155
0.21369268225074659
0.1976033988119696
0.18614225582343724
1.9276292458259325
0.3511756797083577
0.17209505014751605
0.6278981765501185
0.301680488010572
0.04991694628428201
0.8504002398553066
1.6724478290950033
1.2744263594703058
1.1172060929033558
0.1858669754869455
1.1078652357421706
0.640186374573958
0.18822891807634526
0.48334417477341457
2.2495046419791813
0.37005730182562047
1.1902263327566005
0.25668784288171825
0.03842435940711758
0.4027552842280172
1.3336505356953687
0.4298457141138347
0.15471030844367842
0.32355339200454186
0.022328879887415783
0.02510652852978031
1.4401393069240704
0.6975382355262756
0.27660958642622935
0.21312808030416466
0.7782116204994599
0.5540440535570296
1.1393404384080428
0.4774768486920715
0.15771939158272408
0.24004369394641045
0.3762101499635587
0.5451511627756592
1.1010094442063763
0.372321090459946
0.6317870321071873
0.445643973871227
0.5235665197914332
0.1349001001735445
0.4073555130170387
0.29712043765186363
0.10706314878134836
0.9035279901694874
0.14301956178293748
0.3336922950088961
0.08147159643922808
0.12734547963980541
0.8828554323555461
0.3945055261326401
0.6899316430300606
0.034754775590167965
0.5575623921435435
0.21262593900885077
0.029342791813477844
1.56900520784323
0.25759424182385904
0.2911314459723599
1.0810944021722817
0.3706054095977072
0.1434908393658678
0.10530161096370276
0.19532326918167445
0.14015914170555627
0.7993563372911785
0.5530475414146494
1.5865473241129766
0.6692301339083294
0.03575739607337649
1.1316933104901161
0.14776844694351768
0.07555432898372763
0.2536773779222701
1.2762474263199655
0.026225107665288728
0.22535520953727056
0.675780047255439
0.037003882977148156
0.9804872192131975
0.35363024457849823
0.2852301650887517
0.08290622320144478
0.6737529244969142
0.8788039337537471
0.7089459571815645
0.6969341642430255
0.711124312514357
0.16787219710326273
0.3750328964900742
0.08001212774656574
1.0175478418827624
0.4500705477594116
0.3822349013227601
0.04037351529708679
3.75577578177188
0.12456557192726617
0.17327521859256126
0.9204586923931636
0.0037619699490988355
0.4806146592547008
0.1957448011264416
0.1360199671178392
0.014925599970338944
1.1076333199877106
0.31712226526901066
0.9404243060361747
0.060145099317136796
0.39688084610700874
0.36500165072494406
0.2597490795566195
0.34338046636157427
0.3671282331700137
1.7260718841950606
1.37923679974354
1.2677103537933032
1.2846715618412456
0.05350865664789038
0.4775621105768137
0.38811365436037204
1.2676466096037962
0.5892597370208477
0.3580973247692349
0.32024009983583623
1.295692339352596
2.5443476741736966
0.5227015587618286
0.629418886078494
1.5847996783457035
0.15303739131085467
0.5571204692331803
0.39879279685840013
0.20594355778428178
0.7115208003274224
0.20641415802379257
0.5274678376536379
1.6702297941720612
0.20443412849797502
0.014815668799749751
1.6362809935115348
1.765503870564261
1.161074290443861
0.9624986565423138
0.6958708492265181
1.5464510199674424
0.10816313726180006
0.09767809976900779
0.05194928842350915
0.12802116803695554
0.6596181664337082
0.3630004097690999
0.2349131195542306
1.250703756769338
0.9242702650870547
1.070146413124303
1.6216669411048963
0.17210834848523218
0.14244320364692867
0.04962793584062722
0.09950722994406871
0.07034152272155904
1.7004477416824595
0.032997953844710354
0.16862532914443357
0.3726486659517112
0.4465202822666896
0.04634032723224992
0.06518617384196584
